time,pos_x,pos_y,pos_z,distFromRoadCenter,signedDistFromRoadCenter,wheelAngle,obstacle_pos_x,obstacle_pos_y,obstacle_pos_z,distance_to_obstacle,brake_position,simplecar_4x4_R0C0,simplecar_4x4_R0C1,simplecar_4x4_R0C2,simplecar_4x4_R0C3,simplecar_4x4_R1C0,simplecar_4x4_R1C1,simplecar_4x4_R1C2,simplecar_4x4_R1C3,simplecar_4x4_R2C0,simplecar_4x4_R2C1,simplecar_4x4_R2C2,simplecar_4x4_R2C3,simplecar_4x4_R3C0,simplecar_4x4_R3C1,simplecar_4x4_R3C2,simplecar_4x4_R3C3
137.0913,409.7349,0,-843.8081,0.807217,0.807217,-0.734267,401.343,0.25,-900.426,56.95289,0,-1,0,-0.002,409.7349,0,1,0,0,0.002,0,-1,-843.8081,0,0,0,1
137.106,409.7344,0,-844.0581,0.811687,0.811687,-0.734267,401.343,0.25,-900.426,56.7054,0,-1,0,-0.0019,409.7344,0,1,0,0,0.0019,0,-1,-844.0581,0,0,0,1
137.1129,409.7339,0,-844.3081,0.816112,0.816112,-0.734267,401.343,0.25,-900.426,56.45793,0,-1,0,-0.0018,409.7339,0,1,0,0,0.0018,0,-1,-844.3081,0,0,0,1
137.1229,409.7335,0,-844.5581,0.820508,0.820508,-0.734267,401.343,0.25,-900.426,56.21049,0,-1,0,-0.0016,409.7335,0,1,0,0,0.0016,0,-1,-844.5581,0,0,0,1
137.133,409.7332,0,-844.8081,0.824811,0.824811,-0.734267,401.343,0.25,-900.426,55.96309,0,-1,0,-0.0015,409.7332,0,1,0,0,0.0015,0,-1,-844.8081,0,0,0,1
137.144,409.7328,0,-845.0581,0.829145,0.829145,-0.734267,401.343,0.25,-900.426,55.71572,0,-1,0,-0.0014,409.7328,0,1,0,0,0.0014,0,-1,-845.0581,0,0,0,1
137.1561,409.7325,0,-845.3081,0.833418,0.833418,-0.734267,401.343,0.25,-900.426,55.46836,0,-1,0,-0.0013,409.7325,0,1,0,0,0.0013,0,-1,-845.3081,0,0,0,1
137.1662,409.7322,0,-845.5581,0.837661,0.837661,-0.734267,401.343,0.25,-900.426,55.22104,0,-1,0,-0.0011,409.7322,0,1,0,0,0.0011,0,-1,-845.5581,0,0,0,1
137.1776,409.732,0,-845.8081,0.841873,0.841873,-0.734267,401.343,0.25,-900.426,54.97375,0,-1,0,-0.001,409.732,0,1,0,0,0.001,0,-1,-845.8081,0,0,0,1
137.1894,409.7318,0,-846.0581,0.846054,0.846054,-0.734267,401.343,0.25,-900.426,54.72649,0,-1,0,-0.0009,409.7318,0,1,0,0,0.0009,0,-1,-846.0581,0,0,0,1
137.1996,409.7316,0,-846.3081,0.850205,0.850205,-0.734267,401.343,0.25,-900.426,54.47925,0,-1,0,-0.0007,409.7316,0,1,0,0,0.0007,0,-1,-846.3081,0,0,0,1
137.2109,409.7313,0,-846.8081,0.858415,0.858415,-0.734267,401.343,0.25,-900.426,53.98487,0,-1,0,-0.0005,409.7313,0,1,0,0,0.0005,0,-1,-846.8081,0,0,0,1
137.2219,409.7312,0,-847.0581,0.862474,0.862474,-0.734267,401.343,0.25,-900.426,53.73773,0,-1,0,-0.0004,409.7312,0,1,0,0,0.0004,0,-1,-847.0581,0,0,0,1
137.2368,409.7312,0,-847.3081,0.866503,0.866503,-0.734267,401.343,0.25,-900.426,53.49062,0,-1,0,-0.0002,409.7312,0,1,0,0,0.0002,0,-1,-847.3081,0,0,0,1
137.2449,409.7311,0,-847.5581,0.870501,0.870501,-0.734267,401.343,0.25,-900.426,53.24353,0,-1,0,-0.0001,409.7311,0,1,0,0,0.0001,0,-1,-847.5581,0,0,0,1
137.2551,409.7311,0,-847.8081,0.874469,0.874469,-0.734267,401.343,0.25,-900.426,52.99649,0,-1,0,0,409.7311,0,1,0,0,0,0,-1,-847.8081,0,0,0,1
137.2663,409.7312,0,-848.0581,0.878406,0.878406,-0.734267,401.343,0.25,-900.426,52.74947,0,-1,0,0.0001,409.7312,0,1,0,0,-0.0001,0,-1,-848.0581,0,0,0,1
137.2775,409.7312,0,-848.3081,0.882343,0.882343,-0.734267,401.343,0.25,-900.426,52.50249,0,-1,0,0.0003,409.7312,0,1,0,0,-0.0003,0,-1,-848.3081,0,0,0,1
137.2893,409.7313,0,-848.5581,0.88622,0.88622,-0.734267,401.343,0.25,-900.426,52.25554,0,-1,0,0.0004,409.7313,0,1,0,0,-0.0004,0,-1,-848.5581,0,0,0,1
137.2996,409.7314,0,-848.8081,0.890065,0.890065,-0.734267,401.343,0.25,-900.426,52.00862,0,-1,0,0.0005,409.7314,0,1,0,0,-0.0005,0,-1,-848.8081,0,0,0,1
137.3109,409.7318,0,-849.3082,0.897696,0.897696,-0.734267,401.343,0.25,-900.426,51.51483,0,-1,0,0.0008,409.7318,0,1,0,0,-0.0008,0,-1,-849.3082,0,0,0,1
137.3221,409.732,0,-849.5581,0.901419,0.901419,-0.734267,401.343,0.25,-900.426,51.26809,0,-1,0,0.0009,409.732,0,1,0,0,-0.0009,0,-1,-849.5581,0,0,0,1
137.3328,409.7323,0,-849.8081,0.905112,0.905112,-0.734267,401.343,0.25,-900.426,51.02132,0,-1,0,0.001,409.7323,0,1,0,0,-0.001,0,-1,-849.8081,0,0,0,1
137.348,409.7326,0,-850.0581,0.908775,0.908775,-0.715957,401.343,0.25,-900.426,50.77458,0,-1,0,0.0012,409.7326,0,1,0,0,-0.0012,0,-1,-850.0581,0,0,0,1
137.3584,409.7329,0,-850.3081,0.912407,0.912407,-0.693977,401.343,0.25,-900.426,50.52789,0,-1,0,0.0013,409.7329,0,1,0,0,-0.0013,0,-1,-850.3081,0,0,0,1
137.3669,409.7333,0,-850.5581,0.916039,0.916039,-0.682991,401.343,0.25,-900.426,50.28122,0,-1,0,0.0014,409.7333,0,1,0,0,-0.0014,0,-1,-850.5581,0,0,0,1
137.3773,409.7337,0,-850.8081,0.91958,0.91958,-0.66468,401.343,0.25,-900.426,50.03461,0,-1,0,0.0015,409.7337,0,1,0,0,-0.0015,0,-1,-850.8081,0,0,0,1
137.3884,409.7341,0,-851.0581,0.923151,0.923151,-0.635383,401.343,0.25,-900.426,49.78802,0,-1,0,0.0016,409.7341,0,1,0,0,-0.0016,0,-1,-851.0581,0,0,0,1
137.3995,409.7345,0,-851.3081,0.926692,0.926692,-0.591438,401.343,0.25,-900.426,49.54147,0,-1,0,0.0017,409.7345,0,1,0,0,-0.0017,0,-1,-851.3081,0,0,0,1
137.4105,409.7355,0,-851.8081,0.933712,0.933712,-0.52552,401.343,0.25,-900.426,49.04849,0,-1,0,0.0019,409.7355,0,1,0,0,-0.0019,0,-1,-851.8081,0,0,0,1
137.4217,409.736,0,-852.0581,0.937191,0.937191,-0.47425,401.343,0.25,-900.426,48.80206,0,-1,0,0.002,409.736,0,1,0,0,-0.002,0,-1,-852.0581,0,0,0,1
137.4327,409.7365,0,-852.3081,0.94064,0.94064,-0.408332,401.343,0.25,-900.426,48.55567,0,-1,0,0.0021,409.7365,0,1,0,0,-0.0021,0,-1,-852.3081,0,0,0,1
137.4439,409.737,0,-852.5581,0.944089,0.944089,-0.305793,401.343,0.25,-900.426,48.30932,0,-1,0,0.0021,409.737,0,1,0,0,-0.0021,0,-1,-852.5581,0,0,0,1
137.4551,409.7375,0,-852.8081,0.947508,0.947508,-0.239875,401.343,0.25,-900.426,48.06301,0,-1,0,0.0022,409.7375,0,1,0,0,-0.0022,0,-1,-852.8081,0,0,0,1
137.4668,409.7381,0,-853.0581,0.950926,0.950926,-0.15564,401.343,0.25,-900.426,47.81673,0,-1,0,0.0022,409.7381,0,1,0,0,-0.0022,0,-1,-853.0581,0,0,0,1
137.4776,409.7386,0,-853.3081,0.954345,0.954345,-0.045776,401.343,0.25,-900.426,47.5705,0,-1,0,0.0022,409.7386,0,1,0,0,-0.0022,0,-1,-853.3081,0,0,0,1
137.489,409.7392,0,-853.5581,0.957794,0.957794,0.064087,401.343,0.25,-900.426,47.32431,0,-1,0,0.0022,409.7392,0,1,0,0,-0.0022,0,-1,-853.5581,0,0,0,1
137.5007,409.7403,0,-854.0581,0.96463,0.96463,0.151978,401.343,0.25,-900.426,46.83204,0,-1,0,0.0021,409.7403,0,1,0,0,-0.0021,0,-1,-854.0581,0,0,0,1
137.5118,409.7408,0,-854.3081,0.968079,0.968079,0.258179,401.343,0.25,-900.426,46.58596,0,-1,0,0.0021,409.7408,0,1,0,0,-0.0021,0,-1,-854.3081,0,0,0,1
137.5229,409.7413,0,-854.5581,0.971528,0.971528,0.305786,401.343,0.25,-900.426,46.33993,0,-1,0,0.002,409.7413,0,1,0,0,-0.002,0,-1,-854.5581,0,0,0,1
137.5345,409.7418,0,-854.8081,0.975007,0.975007,0.371704,401.343,0.25,-900.426,46.09393,0,-1,0,0.002,409.7418,0,1,0,0,-0.002,0,-1,-854.8081,0,0,0,1
137.5457,409.7423,0,-855.0581,0.978487,0.978487,0.441284,401.343,0.25,-900.426,45.84798,0,-1,0,0.0019,409.7423,0,1,0,0,-0.0019,0,-1,-855.0581,0,0,0,1
137.557,409.7428,0,-855.3081,0.981997,0.981997,0.492568,401.343,0.25,-900.426,45.60206,0,-1,0,0.0018,409.7428,0,1,0,0,-0.0018,0,-1,-855.3081,0,0,0,1
137.5684,409.7432,0,-855.5581,0.985598,0.985598,0.521865,401.343,0.25,-900.426,45.35618,0,-1,0,0.0017,409.7432,0,1,0,0,-0.0017,0,-1,-855.5581,0,0,0,1
137.5808,409.744,0,-856.0581,0.99271,0.99271,0.562148,401.343,0.25,-900.426,44.86456,0,-1,0,0.0015,409.744,0,1,0,0,-0.0015,0,-1,-856.0581,0,0,0,1
137.5906,409.7444,0,-856.3081,0.996312,0.996312,0.587783,401.343,0.25,-900.426,44.61881,0,-1,0,0.0014,409.7444,0,1,0,0,-0.0014,0,-1,-856.3081,0,0,0,1
137.6025,409.7447,0,-856.5582,0.999943,0.999943,0.591445,401.343,0.25,-900.426,44.37304,0,-1,0,0.0013,409.7447,0,1,0,0,-0.0013,0,-1,-856.5582,0,0,0,1
137.6135,409.745,0,-856.8081,1.003636,1.003636,0.595107,401.343,0.25,-900.426,44.12744,0,-1,0,0.0012,409.745,0,1,0,0,-0.0012,0,-1,-856.8081,0,0,0,1
137.625,409.7453,0,-857.0581,1.007329,1.007329,0.595107,401.343,0.25,-900.426,43.88182,0,-1,0,0.0011,409.7453,0,1,0,0,-0.0011,0,-1,-857.0581,0,0,0,1
137.6364,409.7455,0,-857.3081,1.011053,1.011053,0.595107,401.343,0.25,-900.426,43.63624,0,-1,0,0.001,409.7455,0,1,0,0,-0.001,0,-1,-857.3081,0,0,0,1
137.6473,409.7457,0,-857.5581,1.014807,1.014807,0.606093,401.343,0.25,-900.426,43.39071,0,-1,0,0.0009,409.7457,0,1,0,0,-0.0009,0,-1,-857.5581,0,0,0,1
137.6586,409.746,0,-857.8081,1.01853,1.01853,0.606093,401.343,0.25,-900.426,43.14523,0,-1,0,0.0008,409.746,0,1,0,0,-0.0008,0,-1,-857.8081,0,0,0,1
137.6736,409.7463,0,-858.3081,1.026161,1.026161,0.606093,401.343,0.25,-900.426,42.6544,0,-1,0,0.0006,409.7463,0,1,0,0,-0.0006,0,-1,-858.3081,0,0,0,1
137.6843,409.7464,0,-858.5581,1.030007,1.030007,0.606093,401.343,0.25,-900.426,42.40906,0,-1,0,0.0005,409.7464,0,1,0,0,-0.0005,0,-1,-858.5581,0,0,0,1
137.6923,409.7465,0,-858.8081,1.033913,1.033913,0.606093,401.343,0.25,-900.426,42.16377,0,-1,0,0.0004,409.7465,0,1,0,0,-0.0004,0,-1,-858.8081,0,0,0,1
137.7038,409.7465,0,-859.0581,1.037851,1.037851,0.606093,401.343,0.25,-900.426,41.91852,0,-1,0,0.0003,409.7465,0,1,0,0,-0.0003,0,-1,-859.0581,0,0,0,1
137.7137,409.7466,0,-859.3081,1.041727,1.041727,0.606093,401.343,0.25,-900.426,41.67334,0,-1,0,0.0002,409.7466,0,1,0,0,-0.0002,0,-1,-859.3081,0,0,0,1
137.7251,409.7466,0,-859.5581,1.045695,1.045695,0.606093,401.343,0.25,-900.426,41.4282,0,-1,0,0.0001,409.7466,0,1,0,0,-0.0001,0,-1,-859.5581,0,0,0,1
137.7365,409.7466,0,-859.8081,1.049662,1.049662,0.606093,401.343,0.25,-900.426,41.18312,0,-1,0,0,409.7466,0,1,0,0,0,0,-1,-859.8081,0,0,0,1
137.7481,409.7466,0,-860.0581,1.053661,1.053661,0.606093,401.343,0.25,-900.426,40.9381,0,-1,0,-0.0001,409.7466,0,1,0,0,0.0001,0,-1,-860.0581,0,0,0,1
137.7585,409.7465,0,-860.3081,1.057689,1.057689,0.606093,401.343,0.25,-900.426,40.69312,0,-1,0,-0.0003,409.7465,0,1,0,0,0.0003,0,-1,-860.3081,0,0,0,1
137.7699,409.7464,0,-860.5581,1.061749,1.061749,0.606093,401.343,0.25,-900.426,40.4482,0,-1,0,-0.0004,409.7464,0,1,0,0,0.0004,0,-1,-860.5581,0,0,0,1
137.7807,409.7462,0,-861.0581,1.069989,1.069989,0.606093,401.343,0.25,-900.426,39.95854,0,-1,0,-0.0006,409.7462,0,1,0,0,0.0006,0,-1,-861.0581,0,0,0,1
137.7916,409.746,0,-861.3081,1.07414,1.07414,0.606093,401.343,0.25,-900.426,39.71379,0,-1,0,-0.0007,409.746,0,1,0,0,0.0007,0,-1,-861.3081,0,0,0,1
137.803,409.7458,0,-861.5581,1.078291,1.078291,0.606093,401.343,0.25,-900.426,39.46911,0,-1,0,-0.0008,409.7458,0,1,0,0,0.0008,0,-1,-861.5581,0,0,0,1
137.8142,409.7456,0,-861.8081,1.082443,1.082443,0.606093,401.343,0.25,-900.426,39.2245,0,-1,0,-0.0009,409.7456,0,1,0,0,0.0009,0,-1,-861.8081,0,0,0,1
137.8252,409.7453,0,-862.0581,1.086716,1.086716,0.606093,401.343,0.25,-900.426,38.97994,0,-1,0,-0.001,409.7453,0,1,0,0,0.001,0,-1,-862.0581,0,0,0,1
137.8375,409.7451,0,-862.3081,1.090958,1.090958,0.606093,401.343,0.25,-900.426,38.73544,0,-1,0,-0.0011,409.7451,0,1,0,0,0.0011,0,-1,-862.3081,0,0,0,1
137.8481,409.7448,0,-862.5581,1.095231,1.095231,0.606093,401.343,0.25,-900.426,38.49101,0,-1,0,-0.0012,409.7448,0,1,0,0,0.0012,0,-1,-862.5581,0,0,0,1
137.8586,409.7444,0,-862.8081,1.099534,1.099534,0.606093,401.343,0.25,-900.426,38.24665,0,-1,0,-0.0013,409.7444,0,1,0,0,0.0013,0,-1,-862.8081,0,0,0,1
137.8694,409.744,0,-863.0581,1.103868,1.103868,0.606093,401.343,0.25,-900.426,38.00235,0,-1,0,-0.0014,409.744,0,1,0,0,0.0014,0,-1,-863.0581,0,0,0,1
137.8806,409.7433,0,-863.5581,1.112567,1.112567,0.606093,401.343,0.25,-900.426,37.51398,0,-1,0,-0.0016,409.7433,0,1,0,0,0.0016,0,-1,-863.5581,0,0,0,1
137.8916,409.7428,0,-863.8081,1.116992,1.116992,0.606093,401.343,0.25,-900.426,37.26989,0,-1,0,-0.0017,409.7428,0,1,0,0,0.0017,0,-1,-863.8081,0,0,0,1
137.9027,409.7424,0,-864.0581,1.121388,1.121388,0.606093,401.343,0.25,-900.426,37.02588,0,-1,0,-0.0018,409.7424,0,1,0,0,0.0018,0,-1,-864.0581,0,0,0,1
137.9137,409.7419,0,-864.3081,1.125844,1.125844,0.606093,401.343,0.25,-900.426,36.78195,0,-1,0,-0.0019,409.7419,0,1,0,0,0.0019,0,-1,-864.3081,0,0,0,1
137.925,409.7414,0,-864.5581,1.13033,1.13033,0.606093,401.343,0.25,-900.426,36.53809,0,-1,0,-0.0021,409.7414,0,1,0,0,0.0021,0,-1,-864.5581,0,0,0,1
137.9361,409.7408,0,-864.8081,1.134847,1.134847,0.606093,401.343,0.25,-900.426,36.2943,0,-1,0,-0.0022,409.7408,0,1,0,0,0.0022,0,-1,-864.8081,0,0,0,1
137.9471,409.7403,0,-865.0581,1.139395,1.139395,0.606093,401.343,0.25,-900.426,36.05059,0,-1,0,-0.0023,409.7403,0,1,0,0,0.0023,0,-1,-865.0581,0,0,0,1
137.9583,409.7397,0,-865.3081,1.143973,1.143973,0.606093,401.343,0.25,-900.426,35.80698,0,-1,0,-0.0024,409.7397,0,1,0,0,0.0024,0,-1,-865.3081,0,0,0,1
137.9695,409.7391,0,-865.5581,1.148552,1.148552,0.606093,401.343,0.25,-900.426,35.56344,0,-1,0,-0.0025,409.7391,0,1,0,0,0.0025,0,-1,-865.5581,0,0,0,1
137.9803,409.7378,0,-866.0581,1.157799,1.157799,0.606093,401.343,0.25,-900.426,35.07661,0,-1,0,-0.0027,409.7378,0,1,0,0,0.0027,0,-1,-866.0581,0,0,0,1
137.9914,409.7371,0,-866.3082,1.162469,1.162469,0.606093,401.343,0.25,-900.426,34.83327,0,-1,0,-0.0028,409.7371,0,1,0,0,0.0028,0,-1,-866.3082,0,0,0,1
138.0064,409.7363,0,-866.5581,1.167169,1.167169,0.606093,401.343,0.25,-900.426,34.59014,0.015686,-1,0,-0.0029,409.7363,0,1,0,0,0.0029,0,-1,-866.5581,0,0,0,1
138.0167,409.7355,0,-866.8081,1.171931,1.171931,0.609756,401.343,0.25,-900.426,34.34703,0.039216,-1,0,-0.003,409.7355,0,1,0,0,0.003,0,-1,-866.8081,0,0,0,1
138.0257,409.7348,0,-867.0581,1.176662,1.176662,0.61708,401.343,0.25,-900.426,34.10402,0.054902,-1,0,-0.0031,409.7348,0,1,0,0,0.0031,0,-1,-867.0581,0,0,0,1
138.0359,409.734,0,-867.308,1.181423,1.181423,0.63539,401.343,0.25,-900.426,33.86123,0.078431,-1,0,-0.0032,409.734,0,1,0,0,0.0032,0,-1,-867.308,0,0,0,1
138.047,409.7332,0,-867.5577,1.186216,1.186216,0.657363,401.343,0.25,-900.426,33.61866,0.109804,-1,0,-0.0033,409.7332,0,1,0,0,0.0033,0,-1,-867.5577,0,0,0,1
138.0582,409.7323,0,-867.8073,1.191038,1.191038,0.679336,401.343,0.25,-900.426,33.37642,0.12549,-1,0,-0.0035,409.7323,0,1,0,0,0.0035,0,-1,-867.8073,0,0,0,1
138.0693,409.7314,0,-868.0565,1.195891,1.195891,0.712295,401.343,0.25,-900.426,33.13451,0.14902,-1,0,-0.0036,409.7314,0,1,0,0,0.0036,0,-1,-868.0565,0,0,0,1
138.0804,409.7296,0,-868.5541,1.205658,1.205658,0.752578,401.343,0.25,-900.426,32.65196,0.188235,-1,0,-0.0038,409.7296,0,1,0,0,0.0038,0,-1,-868.5541,0,0,0,1
138.0913,409.7286,0,-868.8024,1.210602,1.210602,0.800185,401.343,0.25,-900.426,32.41125,0.211765,-1,0,-0.004,409.7286,0,1,0,0,0.004,0,-1,-868.8024,0,0,0,1
138.1025,409.7275,0,-869.0503,1.215578,1.215578,0.855117,401.343,0.25,-900.426,32.17112,0.219608,-1,0,-0.0041,409.7275,0,1,0,0,0.0041,0,-1,-869.0503,0,0,0,1
138.1136,409.7265,0,-869.2977,1.220552,1.220552,0.899062,401.343,0.25,-900.426,31.93152,0.227451,-1,0,-0.0043,409.7265,0,1,0,0,0.0043,0,-1,-869.2977,0,0,0,1
138.1248,409.7254,0,-869.5447,1.225557,1.225557,0.957656,401.343,0.25,-900.426,31.6925,0.243137,-1,0,-0.0045,409.7254,0,1,0,0,0.0045,0,-1,-869.5447,0,0,0,1
138.1359,409.7242,0,-869.7911,1.230625,1.230625,1.027236,401.343,0.25,-900.426,31.45406,0.25098,-1,0,-0.0046,409.7242,0,1,0,0,0.0046,0,-1,-869.7911,0,0,0,1
138.1469,409.723,0,-870.0371,1.235752,1.235752,1.093154,401.343,0.25,-900.426,31.21619,0.258824,-1,0,-0.0048,409.723,0,1,0,0,0.0048,0,-1,-870.0371,0,0,0,1
138.1582,409.7218,0,-870.2826,1.240879,1.240879,1.159072,401.343,0.25,-900.426,30.97893,0.258824,-1,0,-0.005,409.7218,0,1,0,0,0.005,0,-1,-870.2826,0,0,0,1
138.1699,409.7206,0,-870.5275,1.246008,1.246008,1.232314,401.343,0.25,-900.426,30.74231,0.266667,-1,0,-0.0052,409.7206,0,1,0,0,0.0052,0,-1,-870.5275,0,0,0,1
138.1801,409.7178,0,-871.0158,1.256537,1.256537,1.309218,401.343,0.25,-900.426,30.27094,0.266667,-1,0,-0.0057,409.7178,0,1,0,0,0.0057,0,-1,-871.0158,0,0,0,1
138.1913,409.7164,0,-871.2592,1.261817,1.261817,1.378798,401.343,0.25,-900.426,30.03621,0.266667,-1,0,-0.0059,409.7164,0,1,0,0,0.0059,0,-1,-871.2592,0,0,0,1
138.2033,409.7149,0,-871.502,1.267128,1.267128,1.452055,401.343,0.25,-900.426,29.80213,0.266667,-1,0,-0.0062,409.7149,0,1,0,0,0.0062,0,-1,-871.502,0,0,0,1
138.2136,409.7133,0,-871.7441,1.27256,1.27256,1.528959,401.343,0.25,-900.426,29.56875,0.266667,-1,0,-0.0065,409.7133,0,1,0,0,0.0065,0,-1,-871.7441,0,0,0,1
138.2249,409.7117,0,-871.986,1.277994,1.277994,1.598539,401.343,0.25,-900.426,29.33586,0.266667,-1,0,-0.0067,409.7117,0,1,0,0,0.0067,0,-1,-871.986,0,0,0,1
138.2363,409.71,0,-872.2272,1.283609,1.283609,1.693754,401.343,0.25,-900.426,29.10365,0.266667,-1,0,-0.007,409.71,0,1,0,0,0.007,0,-1,-872.2272,0,0,0,1
138.2472,409.7082,0,-872.4678,1.289165,1.289165,1.766996,401.343,0.25,-900.426,28.87213,0.266667,-1,0,-0.0073,409.7082,0,1,0,0,0.0073,0,-1,-872.4678,0,0,0,1
138.2585,409.7064,0,-872.7079,1.294811,1.294811,1.862211,401.343,0.25,-900.426,28.64132,0.266667,-1,0,-0.0077,409.7064,0,1,0,0,0.0077,0,-1,-872.7079,0,0,0,1
138.2696,409.7045,0,-872.9476,1.300549,1.300549,2.023344,401.343,0.25,-900.426,28.41098,0.266667,-1,0,-0.008,409.7045,0,1,0,0,0.008,0,-1,-872.9476,0,0,0,1
138.2813,409.7004,0,-873.4252,1.308842,1.308842,2.100248,401.343,0.25,-900.426,27.95241,0.266667,-1,0,-0.0088,409.7004,0,1,0,0,0.0088,0,-1,-873.4252,0,0,0,1
138.2916,409.6982,0,-873.6631,1.312807,1.312807,2.239408,401.343,0.25,-900.426,27.72416,0.266667,-1,0,-0.0091,409.6982,0,1,0,0,0.0091,0,-1,-873.6631,0,0,0,1
138.3037,409.696,0,-873.9006,1.316751,1.316751,2.345624,401.343,0.25,-900.426,27.49642,0.266667,-1,0,-0.0096,409.696,0,1,0,0,0.0096,0,-1,-873.9006,0,0,0,1
138.314,409.6936,0,-874.1376,1.318731,1.318731,2.503095,401.343,0.25,-900.426,27.26934,0.266667,-1,0,-0.01,409.6936,0,1,0,0,0.01,0,-1,-874.1376,0,0,0,1
138.3286,409.6911,0,-874.374,1.318997,1.318997,2.682538,401.343,0.25,-900.426,27.04302,0.266667,-0.9999,0,-0.0105,409.6911,0,1,0,0,0.0105,0,-0.9999,-874.374,0,0,0,1
138.3398,409.6885,0,-874.6098,1.319333,1.319333,2.82536,401.343,0.25,-900.426,26.81731,0.266667,-0.9999,0,-0.011,409.6885,0,1,0,0,0.011,0,-0.9999,-874.6098,0,0,0,1
138.3471,409.6858,0,-874.8452,1.319771,1.319771,3.012128,401.343,0.25,-900.426,26.59221,0.266667,-0.9999,0,-0.0115,409.6858,0,1,0,0,0.0115,0,-0.9999,-874.8452,0,0,0,1
138.3586,409.683,0,-875.08,1.318796,1.318796,3.13664,401.343,0.25,-900.426,26.36777,0.266667,-0.9999,0,-0.012,409.683,0,1,0,0,0.012,0,-0.9999,-875.08,0,0,0,1
138.3695,409.68,0,-875.3142,1.315584,1.315584,3.305111,401.343,0.25,-900.426,26.144,0.266667,-0.9999,0,-0.0126,409.68,0,1,0,0,0.0126,0,-0.9999,-875.3142,0,0,0,1
138.3812,409.6736,0,-875.7811,1.309496,1.309496,3.524837,401.343,0.25,-900.426,25.69839,0.266667,-0.9999,0,-0.0138,409.6736,0,1,0,0,0.0138,0,-0.9999,-875.7811,0,0,0,1
138.3916,409.6703,0,-876.0138,1.305827,1.305827,3.759212,401.343,0.25,-900.426,25.47658,0.266667,-0.9999,0,-0.0145,409.6703,0,1,0,0,0.0145,0,-0.9999,-876.0138,0,0,0,1
138.4029,409.6668,0,-876.246,1.299289,1.299289,3.967953,401.343,0.25,-900.426,25.25535,0.266667,-0.9999,0,-0.0152,409.6668,0,1,0,0,0.0152,0,-0.9999,-876.246,0,0,0,1
138.4139,409.6631,0,-876.4775,1.292912,1.292912,4.191341,401.343,0.25,-900.426,25.03491,0.266667,-0.9999,0,-0.0159,409.6631,0,1,0,0,0.0159,0,-0.9999,-876.4775,0,0,0,1
138.425,409.6592,0,-876.7086,1.28667,1.28667,4.491649,401.343,0.25,-900.426,24.81503,0.266667,-0.9999,0,-0.0167,409.6592,0,1,0,0,0.0167,0,-0.9999,-876.7086,0,0,0,1
138.4371,409.6552,0,-876.9391,1.280653,1.280653,4.861522,401.343,0.25,-900.426,24.5958,0.266667,-0.9998,0,-0.0175,409.6552,0,1,0,0,0.0175,0,-0.9998,-876.9391,0,0,0,1
138.4472,409.6509,0,-877.1691,1.271114,1.271114,5.081248,401.343,0.25,-900.426,24.37724,0.266667,-0.9998,0,-0.0184,409.6509,0,1,0,0,0.0184,0,-0.9998,-877.1691,0,0,0,1
138.4585,409.6465,0,-877.3984,1.261712,1.261712,5.418177,401.343,0.25,-900.426,24.1594,0.266667,-0.9998,0,-0.0194,409.6465,0,1,0,0,0.0194,0,-0.9998,-877.3984,0,0,0,1
138.4697,409.6418,0,-877.6274,1.252503,1.252503,5.71847,401.343,0.25,-900.426,23.9421,0.266667,-0.9998,0,-0.0204,409.6418,0,1,0,0,0.0204,0,-0.9998,-877.6274,0,0,0,1
138.4804,409.6318,0,-878.0836,1.232199,1.232199,6.059046,401.343,0.25,-900.426,23.50949,0.266667,-0.9997,0,-0.0225,409.6318,0,1,0,0,0.0225,0,-0.9997,-878.0836,0,0,0,1
138.4922,409.6264,0,-878.3109,1.219971,1.219971,6.344705,401.343,0.25,-900.426,23.29423,0.266667,-0.9997,0,-0.0236,409.6264,0,1,0,0,0.0236,0,-0.9997,-878.3109,0,0,0,1
138.5028,409.6208,0,-878.5376,1.208033,1.208033,6.677957,401.343,0.25,-900.426,23.07956,0.266667,-0.9997,0,-0.0248,409.6208,0,1,0,0,0.0248,0,-0.9997,-878.5376,0,0,0,1
138.5138,409.6149,0,-878.7638,1.196321,1.196321,6.92698,401.343,0.25,-900.426,22.86557,0.266667,-0.9997,0,-0.026,409.6149,0,1,0,0,0.026,0,-0.9997,-878.7638,0,0,0,1
138.5249,409.6088,0,-878.9895,1.183538,1.183538,7.216301,401.343,0.25,-900.426,22.65217,0.266667,-0.9996,0,-0.0272,409.6088,0,1,0,0,0.0272,0,-0.9996,-878.9895,0,0,0,1
138.5361,409.6024,0,-879.2146,1.168723,1.168723,7.476311,401.343,0.25,-900.426,22.43948,0.266667,-0.9996,0,-0.0285,409.6024,0,1,0,0,0.0285,0,-0.9996,-879.2146,0,0,0,1
138.5473,409.5956,0,-879.4392,1.154231,1.154231,7.66674,401.343,0.25,-900.426,22.22739,0.266667,-0.9996,0,-0.0299,409.5956,0,1,0,0,0.0299,0,-0.9996,-879.4392,0,0,0,1
138.5584,409.5887,0,-879.6632,1.140027,1.140027,7.85717,401.343,0.25,-900.426,22.01603,0.266667,-0.9995,0,-0.0312,409.5887,0,1,0,0,0.0312,0,-0.9995,-879.6632,0,0,0,1
138.5694,409.5814,0,-879.8868,1.126171,1.126171,8.047614,401.343,0.25,-900.426,21.8052,0.266667,-0.9995,0,-0.0326,409.5814,0,1,0,0,0.0326,0,-0.9995,-879.8868,0,0,0,1
138.5805,409.5659,0,-880.3322,1.092048,1.092048,8.216071,401.343,0.25,-900.426,21.38562,0.27451,-0.9994,0,-0.0355,409.5659,0,1,0,0,0.0355,0,-0.9994,-880.3322,0,0,0,1
138.5916,409.5576,0,-880.554,1.075523,1.075523,8.340583,401.343,0.25,-900.426,21.17683,0.27451,-0.9993,0,-0.037,409.5576,0,1,0,0,0.037,0,-0.9993,-880.554,0,0,0,1
138.6028,409.5491,0,-880.7753,1.059348,1.059348,8.483405,401.343,0.25,-900.426,20.9687,0.27451,-0.9993,0,-0.0384,409.5491,0,1,0,0,0.0384,0,-0.9993,-880.7753,0,0,0,1
138.6136,409.5403,0,-880.996,1.041429,1.041429,8.556647,401.343,0.25,-900.426,20.76135,0.282353,-0.9992,0,-0.0399,409.5403,0,1,0,0,0.0399,0,-0.9992,-880.996,0,0,0,1
138.625,409.5312,0,-881.2162,1.022278,1.022278,8.655524,401.343,0.25,-900.426,20.55455,0.282353,-0.9991,0,-0.0415,409.5312,0,1,0,0,0.0415,0,-0.9991,-881.2162,0,0,0,1
138.6363,409.5218,0,-881.4357,1.003483,1.003483,8.743415,401.343,0.25,-900.426,20.34855,0.282353,-0.9991,0,-0.043,409.5218,0,1,0,0,0.043,0,-0.9991,-881.4357,0,0,0,1
138.647,409.512,0,-881.6548,0.985128,0.985128,8.823981,401.343,0.25,-900.426,20.14314,0.282353,-0.999,0,-0.0445,409.512,0,1,0,0,0.0445,0,-0.999,-881.6548,0,0,0,1
138.6582,409.502,0,-881.8731,0.966783,0.966783,8.944845,401.343,0.25,-900.426,19.93859,0.290196,-0.9989,0,-0.0461,409.502,0,1,0,0,0.0461,0,-0.9989,-881.8731,0,0,0,1
138.6728,409.4808,0,-882.3081,0.924713,0.924713,9.201193,401.343,0.25,-900.426,19.53149,0.290196,-0.9988,0,-0.0493,409.4808,0,1,0,0,0.0493,0,-0.9988,-882.3081,0,0,0,1
138.6833,409.4697,0,-882.5248,0.904265,0.904265,9.36965,401.343,0.25,-900.426,19.32895,0.298039,-0.9987,0,-0.0509,409.4697,0,1,0,0,0.0509,0,-0.9987,-882.5248,0,0,0,1
138.6917,409.4584,0,-882.7407,0.884198,0.884198,9.589376,401.343,0.25,-900.426,19.12729,0.298039,-0.9986,0,-0.0526,409.4584,0,1,0,0,0.0526,0,-0.9986,-882.7407,0,0,0,1
138.7025,409.4467,0,-882.9562,0.862628,0.862628,9.754171,401.343,0.25,-900.426,18.92625,0.298039,-0.9985,0,-0.0543,409.4467,0,1,0,0,0.0543,0,-0.9985,-882.9562,0,0,0,1
138.7136,409.4346,0,-883.171,0.839795,0.839795,9.95194,401.343,0.25,-900.426,18.72593,0.298039,-0.9984,0,-0.056,409.4346,0,1,0,0,0.056,0,-0.9984,-883.171,0,0,0,1
138.7248,409.4222,0,-883.3851,0.817462,0.817462,10.21561,401.343,0.25,-900.426,18.52645,0.298039,-0.9983,0,-0.0578,409.4222,0,1,0,0,0.0578,0,-0.9983,-883.3851,0,0,0,1
138.7361,409.4095,0,-883.5988,0.79547,0.79547,10.44999,401.343,0.25,-900.426,18.32763,0.298039,-0.9982,0,-0.0596,409.4095,0,1,0,0,0.0596,0,-0.9982,-883.5988,0,0,0,1
138.7472,409.3963,0,-883.8116,0.77399,0.77399,10.72098,401.343,0.25,-900.426,18.12963,0.298039,-0.9981,0,-0.0615,409.3963,0,1,0,0,0.0615,0,-0.9981,-883.8116,0,0,0,1
138.7581,409.3828,0,-884.0239,0.749766,0.749766,10.95171,401.343,0.25,-900.426,17.93239,0.298039,-0.998,0,-0.0634,409.3828,0,1,0,0,0.0634,0,-0.998,-884.0239,0,0,0,1
138.7694,409.369,0,-884.2356,0.72558,0.72558,11.31426,401.343,0.25,-900.426,17.73591,0.298039,-0.9979,0,-0.0654,409.369,0,1,0,0,0.0654,0,-0.9979,-884.2356,0,0,0,1
138.7812,409.3401,0,-884.6571,0.678797,0.678797,11.50835,401.343,0.25,-900.426,17.34513,0.298039,-0.9976,0,-0.0694,409.3401,0,1,0,0,0.0694,0,-0.9976,-884.6571,0,0,0,1
138.7914,409.3251,0,-884.8669,0.655409,0.655409,11.81964,401.343,0.25,-900.426,17.15092,0.298039,-0.9974,0,-0.0714,409.3251,0,1,0,0,0.0714,0,-0.9974,-884.8669,0,0,0,1
138.8027,409.3097,0,-885.076,0.629693,0.629693,12.07965,401.343,0.25,-900.426,16.95747,0.305882,-0.9973,0,-0.0735,409.3097,0,1,0,0,0.0735,0,-0.9973,-885.076,0,0,0,1
138.8137,409.2938,0,-885.2845,0.60461,0.60461,12.34699,401.343,0.25,-900.426,16.76477,0.305882,-0.9971,0,-0.0757,409.2938,0,1,0,0,0.0757,0,-0.9971,-885.2845,0,0,0,1
138.825,409.2776,0,-885.4925,0.579931,0.579931,12.68392,401.343,0.25,-900.426,16.57282,0.305882,-0.997,0,-0.0779,409.2776,0,1,0,0,0.0779,0,-0.997,-885.4925,0,0,0,1
138.8364,409.2609,0,-885.6997,0.555809,0.555809,13.09773,401.343,0.25,-900.426,16.3817,0.305882,-0.9968,0,-0.0802,409.2609,0,1,0,0,0.0802,0,-0.9968,-885.6997,0,0,0,1
138.8473,409.2438,0,-885.9063,0.530786,0.530786,13.33577,401.343,0.25,-900.426,16.19139,0.305882,-0.9966,0,-0.0825,409.2438,0,1,0,0,0.0825,0,-0.9966,-885.9063,0,0,0,1
138.8584,409.2263,0,-886.1122,0.504357,0.504357,13.62509,401.343,0.25,-900.426,16.00181,0.305882,-0.9964,0,-0.0849,409.2263,0,1,0,0,0.0849,0,-0.9964,-886.1122,0,0,0,1
138.8695,409.2083,0,-886.3175,0.478441,0.478441,14.00961,401.343,0.25,-900.426,15.813,0.305882,-0.9962,0,-0.0873,409.2083,0,1,0,0,0.0873,0,-0.9962,-886.3175,0,0,0,1
138.8807,409.171,0,-886.7261,0.428402,0.428402,14.38315,401.343,0.25,-900.426,15.43776,0.305882,-0.9957,0,-0.0923,409.171,0,1,0,0,0.0923,0,-0.9957,-886.7261,0,0,0,1
138.8923,409.1516,0,-886.9294,0.402371,0.402371,14.67979,401.343,0.25,-900.426,15.25132,0.305882,-0.9955,0,-0.0948,409.1516,0,1,0,0,0.0948,0,-0.9955,-886.9294,0,0,0,1
138.9028,409.1317,0,-887.1321,0.375418,0.375418,15.06065,401.343,0.25,-900.426,15.06572,0.305882,-0.9952,0,-0.0975,409.1317,0,1,0,0,0.0975,0,-0.9952,-887.1321,0,0,0,1
138.9139,409.1114,0,-887.3341,0.349067,0.349067,15.37193,401.343,0.25,-900.426,14.88087,0.305882,-0.995,0,-0.1001,409.1114,0,1,0,0,0.1001,0,-0.995,-887.3341,0,0,0,1
138.9258,409.0906,0,-887.5355,0.323364,0.323364,15.7345,401.343,0.25,-900.426,14.69683,0.305882,-0.9947,0,-0.1029,409.0906,0,1,0,0,0.1029,0,-0.9947,-887.5355,0,0,0,1
138.9363,409.0693,0,-887.7361,0.298279,0.298279,16.14099,401.343,0.25,-900.426,14.5136,0.305882,-0.9944,0,-0.1057,409.0693,0,1,0,0,0.1057,0,-0.9944,-887.7361,0,0,0,1
138.9471,409.0474,0,-887.9362,0.271767,0.271767,16.3717,401.343,0.25,-900.426,14.33116,0.305882,-0.9941,0,-0.1085,409.0474,0,1,0,0,0.1085,0,-0.9941,-887.9362,0,0,0,1
138.9583,409.0251,0,-888.1355,0.244637,0.244637,16.65004,401.343,0.25,-900.426,14.14954,0.305882,-0.9938,0,-0.1114,409.0251,0,1,0,0,0.1114,0,-0.9938,-888.1355,0,0,0,1
138.9697,409.0022,0,-888.3342,0.21817,0.21817,16.9723,401.343,0.25,-900.426,13.96873,0.305882,-0.9934,0,-0.1143,409.0022,0,1,0,0,0.1143,0,-0.9934,-888.3342,0,0,0,1
138.9804,408.9549,0,-888.7295,0.167199,0.167199,17.26161,401.343,0.25,-900.426,13.60957,0.305882,-0.9927,0,-0.1203,408.9549,0,1,0,0,0.1203,0,-0.9927,-888.7295,0,0,0,1
138.9915,408.9305,0,-888.926,0.140817,0.140817,17.50698,401.343,0.25,-900.426,13.43132,0.305882,-0.9924,0,-0.1234,408.9305,0,1,0,0,0.1234,0,-0.9924,-888.926,0,0,0,1
139.0064,408.9055,0,-889.1219,0.113724,0.113724,17.81094,401.343,0.25,-900.426,13.25386,0.305882,-0.992,0,-0.1264,408.9055,0,1,0,0,0.1264,0,-0.992,-889.1219,0,0,0,1
139.0165,408.88,0,-889.3172,0.087355,0.087355,18.12588,401.343,0.25,-900.426,13.07723,0.305882,-0.9916,0,-0.1296,408.88,0,1,0,0,0.1296,0,-0.9916,-889.3172,0,0,0,1
139.0249,408.8539,0,-889.5118,0.061652,0.061652,18.32365,401.343,0.25,-900.426,12.90142,0.305882,-0.9911,0,-0.1327,408.8539,0,1,0,0,0.1327,0,-0.9911,-889.5118,0,0,0,1
139.0363,408.8273,0,-889.7056,0.036703,0.036703,18.48845,401.343,0.25,-900.426,12.72656,0.305882,-0.9907,0,-0.1359,408.8273,0,1,0,0,0.1359,0,-0.9907,-889.7056,0,0,0,1
139.047,408.8002,0,-889.8988,0.010916,0.010916,18.72282,401.343,0.25,-900.426,12.55245,0.305882,-0.9903,0,-0.1392,408.8002,0,1,0,0,0.1392,0,-0.9903,-889.8988,0,0,0,1
139.0582,408.7725,0,-890.0912,0.015879,-0.015879,18.8986,401.343,0.25,-900.426,12.37929,0.305882,-0.9898,0,-0.1424,408.7725,0,1,0,0,0.1424,0,-0.9898,-890.0912,0,0,0,1
139.0694,408.7442,0,-890.283,0.041965,-0.041965,19.08903,401.343,0.25,-900.426,12.20704,0.305882,-0.9893,0,-0.1457,408.7442,0,1,0,0,0.1457,0,-0.9893,-890.283,0,0,0,1
139.0804,408.686,0,-890.6645,0.092003,-0.092003,19.27581,401.343,0.25,-900.426,11.86507,0.305882,-0.9883,0,-0.1524,408.686,0,1,0,0,0.1524,0,-0.9883,-890.6645,0,0,0,1
139.0916,408.6561,0,-890.8541,0.116723,-0.116723,19.40765,401.343,0.25,-900.426,11.69551,0.305882,-0.9878,0,-0.1557,408.6561,0,1,0,0,0.1557,0,-0.9878,-890.8541,0,0,0,1
139.1027,408.6257,0,-891.0431,0.143156,-0.143156,19.57244,401.343,0.25,-900.426,11.52685,0.305882,-0.9873,0,-0.1591,408.6257,0,1,0,0,0.1591,0,-0.9873,-891.0431,0,0,0,1
139.1137,408.5947,0,-891.2313,0.168834,-0.168834,19.67132,401.343,0.25,-900.426,11.35915,0.305882,-0.9867,0,-0.1625,408.5947,0,1,0,0,0.1625,0,-0.9867,-891.2313,0,0,0,1
139.1248,408.5631,0,-891.4188,0.193768,-0.193768,19.83612,401.343,0.25,-900.426,11.19242,0.305882,-0.9861,0,-0.1659,408.5631,0,1,0,0,0.1659,0,-0.9861,-891.4188,0,0,0,1
139.136,408.531,0,-891.6057,0.218004,-0.218004,19.95697,401.343,0.25,-900.426,11.02658,0.305882,-0.9856,0,-0.1694,408.531,0,1,0,0,0.1694,0,-0.9856,-891.6057,0,0,0,1
139.1471,408.4984,0,-891.7918,0.241494,-0.241494,20.1181,401.343,0.25,-900.426,10.86178,0.305882,-0.985,0,-0.1728,408.4984,0,1,0,0,0.1728,0,-0.985,-891.7918,0,0,0,1
139.1581,408.4651,0,-891.9772,0.267204,-0.267204,20.24629,401.343,0.25,-900.426,10.69799,0.305882,-0.9843,0,-0.1763,408.4651,0,1,0,0,0.1763,0,-0.9843,-891.9772,0,0,0,1
139.1692,408.4314,0,-892.1619,0.292358,-0.292358,20.40376,401.343,0.25,-900.426,10.53517,0.305882,-0.9837,0,-0.1798,408.4314,0,1,0,0,0.1798,0,-0.9837,-892.1619,0,0,0,1
139.1804,408.3622,0,-892.5291,0.340484,-0.340484,20.55024,401.343,0.25,-900.426,10.21265,0.305882,-0.9824,0,-0.1869,408.3622,0,1,0,0,0.1869,0,-0.9824,-892.5291,0,0,0,1
139.1917,408.3268,0,-892.7115,0.363417,-0.363417,20.7187,401.343,0.25,-900.426,10.05298,0.305882,-0.9817,0,-0.1904,408.3268,0,1,0,0,0.1904,0,-0.9817,-892.7115,0,0,0,1
139.2027,408.2909,0,-892.8933,0.38719,-0.38719,20.91645,401.343,0.25,-900.426,9.894396,0.305882,-0.981,0,-0.194,408.2909,0,1,0,0,0.194,0,-0.981,-892.8933,0,0,0,1
139.2138,408.2544,0,-893.0743,0.411729,-0.411729,21.12887,401.343,0.25,-900.426,9.736912,0.305882,-0.9803,0,-0.1976,408.2544,0,1,0,0,0.1976,0,-0.9803,-893.0743,0,0,0,1
139.2248,408.2173,0,-893.2546,0.435522,-0.435522,21.39986,401.343,0.25,-900.426,9.580549,0.305882,-0.9795,0,-0.2013,408.2173,0,1,0,0,0.2013,0,-0.9795,-893.2546,0,0,0,1
139.236,408.1797,0,-893.4342,0.458559,-0.458559,21.6379,401.343,0.25,-900.426,9.425326,0.305882,-0.9788,0,-0.205,408.1797,0,1,0,0,0.205,0,-0.9788,-893.4342,0,0,0,1
139.2471,408.1416,0,-893.613,0.480827,-0.480827,21.92721,401.343,0.25,-900.426,9.271266,0.305882,-0.978,0,-0.2087,408.1416,0,1,0,0,0.2087,0,-0.978,-893.613,0,0,0,1
139.2582,408.1029,0,-893.7911,0.50229,-0.50229,22.19456,401.343,0.25,-900.426,9.118368,0.305882,-0.9772,0,-0.2125,408.1029,0,1,0,0,0.2125,0,-0.9772,-893.7911,0,0,0,1
139.27,408.0636,0,-893.9684,0.525979,-0.525979,22.62669,401.343,0.25,-900.426,8.966763,0.305882,-0.9763,0,-0.2163,408.0636,0,1,0,0,0.2163,0,-0.9763,-893.9684,0,0,0,1
139.2802,407.9833,0,-894.3207,0.571073,-0.571073,22.83909,401.343,0.25,-900.426,8.667144,0.305882,-0.9746,0,-0.2241,407.9833,0,1,0,0,0.2241,0,-0.9746,-894.3207,0,0,0,1
139.2915,407.9423,0,-894.4958,0.592501,-0.592501,23.09911,401.343,0.25,-900.426,8.519294,0.305882,-0.9736,0,-0.2281,407.9423,0,1,0,0,0.2281,0,-0.9736,-894.4958,0,0,0,1
139.3027,407.9008,0,-894.67,0.613045,-0.613045,23.40673,401.343,0.25,-900.426,8.372755,0.305882,-0.9727,0,-0.232,407.9008,0,1,0,0,0.232,0,-0.9727,-894.67,0,0,0,1
139.3137,407.8586,0,-894.8436,0.633818,-0.633818,23.64477,401.343,0.25,-900.426,8.227516,0.305882,-0.9717,0,-0.236,407.8586,0,1,0,0,0.236,0,-0.9717,-894.8436,0,0,0,1
139.3247,407.8159,0,-895.0163,0.655796,-0.655796,23.91212,401.343,0.25,-900.426,8.08372,0.305882,-0.9707,0,-0.2401,407.8159,0,1,0,0,0.2401,0,-0.9707,-895.0163,0,0,0,1
139.3394,407.7726,0,-895.1882,0.676948,-0.676948,24.15748,401.343,0.25,-900.426,7.94133,0.305882,-0.9697,0,-0.2442,407.7726,0,1,0,0,0.2442,0,-0.9697,-895.1882,0,0,0,1
139.3498,407.7287,0,-895.3594,0.697272,-0.697272,24.31495,401.343,0.25,-900.426,7.800368,0.305882,-0.9687,0,-0.2483,407.7287,0,1,0,0,0.2483,0,-0.9687,-895.3594,0,0,0,1
139.3582,407.6842,0,-895.5298,0.71674,-0.71674,24.39918,401.343,0.25,-900.426,7.660922,0.305882,-0.9676,0,-0.2524,407.6842,0,1,0,0,0.2524,0,-0.9676,-895.5298,0,0,0,1
139.3693,407.6392,0,-895.6995,0.735509,-0.735509,24.44312,401.343,0.25,-900.426,7.523019,0.305882,-0.9665,0,-0.2565,407.6392,0,1,0,0,0.2565,0,-0.9665,-895.6995,0,0,0,1
139.3803,407.5475,0,-896.0363,0.77508,-0.77508,24.47242,401.343,0.25,-900.426,7.25207,0.305882,-0.9643,0,-0.2648,407.5475,0,1,0,0,0.2648,0,-0.9643,-896.0363,0,0,0,1
139.3914,407.5008,0,-896.2036,0.794336,-0.794336,24.47242,401.343,0.25,-900.426,7.119095,0.305882,-0.9632,0,-0.2689,407.5008,0,1,0,0,0.2689,0,-0.9632,-896.2036,0,0,0,1
139.4028,407.4536,0,-896.37,0.812736,-0.812736,24.47242,401.343,0.25,-900.426,6.987945,0.305882,-0.962,0,-0.273,407.4536,0,1,0,0,0.273,0,-0.962,-896.37,0,0,0,1
139.4137,407.4058,0,-896.5356,0.830335,-0.830335,24.47242,401.343,0.25,-900.426,6.858572,0.305882,-0.9608,0,-0.2771,407.4058,0,1,0,0,0.2771,0,-0.9608,-896.5356,0,0,0,1
139.4248,407.3575,0,-896.7006,0.84719,-0.84719,24.47242,401.343,0.25,-900.426,6.731063,0.305882,-0.9596,0,-0.2812,407.3575,0,1,0,0,0.2812,0,-0.9596,-896.7006,0,0,0,1
139.4365,407.3086,0,-896.8646,0.865172,-0.865172,24.47242,401.343,0.25,-900.426,6.605516,0.305882,-0.9584,0,-0.2853,407.3086,0,1,0,0,0.2853,0,-0.9584,-896.8646,0,0,0,1
139.4475,407.2592,0,-897.0278,0.883289,-0.883289,24.47242,401.343,0.25,-900.426,6.48202,0.290196,-0.9572,0,-0.2894,407.2592,0,1,0,0,0.2894,0,-0.9572,-897.0278,0,0,0,1
139.4582,407.2093,0,-897.1904,0.90069,-0.90069,24.44678,401.343,0.25,-900.426,6.360555,0.290196,-0.956,0,-0.2935,407.2093,0,1,0,0,0.2935,0,-0.956,-897.1904,0,0,0,1
139.4693,407.1589,0,-897.3521,0.917262,-0.917262,24.43946,401.343,0.25,-900.426,6.241254,0.290196,-0.9547,0,-0.2976,407.1589,0,1,0,0,0.2976,0,-0.9547,-897.3521,0,0,0,1
139.4803,407.0565,0,-897.6733,0.948115,-0.948115,24.40284,401.343,0.25,-900.426,6.009432,0.290196,-0.9521,0,-0.3057,407.0565,0,1,0,0,0.3057,0,-0.9521,-897.6733,0,0,0,1
139.4913,407.0046,0,-897.8328,0.96426,-0.96426,24.36988,401.343,0.25,-900.426,5.897078,0.282353,-0.9508,0,-0.3097,407.0046,0,1,0,0,0.3097,0,-0.9508,-897.8328,0,0,0,1
139.5034,406.9521,0,-897.9915,0.980641,-0.980641,24.32227,401.343,0.25,-900.426,5.787253,0.282353,-0.9495,0,-0.3138,406.9521,0,1,0,0,0.3138,0,-0.9495,-897.9915,0,0,0,1
139.5136,406.8992,0,-898.1495,0.996305,-0.996305,24.3003,401.343,0.25,-900.426,5.680007,0.282353,-0.9482,0,-0.3178,406.8992,0,1,0,0,0.3178,0,-0.9482,-898.1495,0,0,0,1
139.5249,406.8458,0,-898.3066,1.01106,-1.01106,24.3003,401.343,0.25,-900.426,5.575469,0.27451,-0.9468,0,-0.3218,406.8458,0,1,0,0,0.3218,0,-0.9468,-898.3066,0,0,0,1
139.5358,406.7919,0,-898.463,1.025153,-1.025153,24.3003,401.343,0.25,-900.426,5.473771,0.266667,-0.9454,0,-0.3258,406.7919,0,1,0,0,0.3258,0,-0.9454,-898.463,0,0,0,1
139.547,406.7375,0,-898.6187,1.038524,-1.038524,24.3003,401.343,0.25,-900.426,5.374987,0.266667,-0.944,0,-0.3298,406.7375,0,1,0,0,0.3298,0,-0.944,-898.6187,0,0,0,1
139.5581,406.6826,0,-898.7737,1.052546,-1.052546,24.3003,401.343,0.25,-900.426,5.279231,0.25098,-0.9426,0,-0.3338,406.6826,0,1,0,0,0.3338,0,-0.9426,-898.7737,0,0,0,1
139.5692,406.6273,0,-898.9279,1.067227,-1.067227,24.3003,401.343,0.25,-900.426,5.186622,0.227451,-0.9412,0,-0.3378,406.6273,0,1,0,0,0.3378,0,-0.9412,-898.9279,0,0,0,1
139.5802,406.515,0,-899.2343,1.09427,-1.09427,24.3003,401.343,0.25,-900.426,5.011215,0.211765,-0.9383,0,-0.3458,406.515,0,1,0,0,0.3458,0,-0.9383,-899.2343,0,0,0,1
139.592,406.4581,0,-899.3866,1.106742,-1.106742,24.3003,401.343,0.25,-900.426,4.928714,0.141177,-0.9368,0,-0.3498,406.4581,0,1,0,0,0.3498,0,-0.9368,-899.3866,0,0,0,1
139.6027,406.4007,0,-899.5385,1.118523,-1.118523,24.3003,401.343,0.25,-900.426,4.84977,0.141177,-0.9353,0,-0.3538,406.4007,0,1,0,0,0.3538,0,-0.9353,-899.5385,0,0,0,1
139.6134,406.3428,0,-899.6897,1.13026,-1.13026,24.3003,401.343,0.25,-900.426,4.774619,0.062745,-0.9338,0,-0.3577,406.3428,0,1,0,0,0.3577,0,-0.9338,-899.6897,0,0,0,1
139.6249,406.2843,0,-899.8406,1.143411,-1.143411,24.3003,401.343,0.25,-900.426,4.703231,0.023529,-0.9323,0,-0.3617,406.2843,0,1,0,0,0.3617,0,-0.9323,-899.8406,0,0,0,1
139.6359,406.2249,0,-899.9916,1.155843,-1.155843,24.3003,401.343,0.25,-900.426,4.635568,0,-0.9308,0,-0.3656,406.2249,0,1,0,0,0.3656,0,-0.9308,-899.9916,0,0,0,1
139.6475,406.1648,0,-900.1427,1.167612,-1.167612,24.3003,401.343,0.25,-900.426,4.571868,0,-0.9292,0,-0.3696,406.1648,0,1,0,0,0.3696,0,-0.9292,-900.1427,0,0,0,1
139.6579,406.1039,0,-900.2939,1.178745,-1.178745,24.3003,401.343,0.25,-900.426,4.510864,0,-0.9276,0,-0.3735,406.1039,0,1,0,0,0.3735,0,-0.9276,-900.2939,0,0,0,1
139.6722,405.9797,0,-900.5968,1.199027,-1.199027,24.3003,401.343,0.25,-900.426,4.386688,0,-0.9244,0,-0.3814,405.9797,0,1,0,0,0.3814,0,-0.9244,-900.5968,0,0,0,1
139.6832,405.9164,0,-900.7484,1.210775,-1.210775,24.31495,401.343,0.25,-900.426,4.323969,0,-0.9228,0,-0.3853,405.9164,0,1,0,0,0.3853,0,-0.9228,-900.7484,0,0,0,1
139.6915,405.8523,0,-900.9001,1.222064,-1.222064,24.31861,401.343,0.25,-900.426,4.265167,0,-0.9212,0,-0.3892,405.8523,0,1,0,0,0.3892,0,-0.9212,-900.9001,0,0,0,1
139.7025,405.7875,0,-901.0518,1.232661,-1.232661,24.3296,401.343,0.25,-900.426,4.211228,0,-0.9195,0,-0.3931,405.7875,0,1,0,0,0.3931,0,-0.9195,-901.0518,0,0,0,1
139.7137,405.7218,0,-901.2037,1.242593,-1.242593,24.36988,401.343,0.25,-900.426,4.162341,0,-0.9178,0,-0.397,405.7218,0,1,0,0,0.397,0,-0.9178,-901.2037,0,0,0,1
139.7248,405.6553,0,-901.3556,1.251724,-1.251724,24.44312,401.343,0.25,-900.426,4.118675,0,-0.9161,0,-0.4009,405.6553,0,1,0,0,0.4009,0,-0.9161,-901.3556,0,0,0,1
139.7366,405.588,0,-901.5076,1.260217,-1.260217,24.53467,401.343,0.25,-900.426,4.080529,0,-0.9144,0,-0.4048,405.588,0,1,0,0,0.4048,0,-0.9144,-901.5076,0,0,0,1
139.747,405.5198,0,-901.6598,1.27031,-1.27031,24.66285,401.343,0.25,-900.426,4.048143,0,-0.9126,0,-0.4088,405.5198,0,1,0,0,0.4088,0,-0.9126,-901.6598,0,0,0,1
139.7581,405.4509,0,-901.8119,1.280293,-1.280293,24.82764,401.343,0.25,-900.426,4.021619,0,-0.9109,0,-0.4127,405.4509,0,1,0,0,0.4127,0,-0.9109,-901.8119,0,0,0,1
139.7691,405.3811,0,-901.9641,1.28953,-1.28953,24.92287,401.343,0.25,-900.426,4.001095,0,-0.9091,0,-0.4167,405.3811,0,1,0,0,0.4167,0,-0.9091,-901.9641,0,0,0,1
139.78,405.2391,0,-902.2687,1.305895,-1.305895,25.04372,401.343,0.25,-900.426,3.978699,0,-0.9054,0,-0.4246,405.2391,0,1,0,0,0.4246,0,-0.9054,-902.2687,0,0,0,1
139.7915,405.1668,0,-902.4211,1.312997,-1.312997,25.18654,401.343,0.25,-900.426,3.977057,0,-0.9035,0,-0.4286,405.1668,0,1,0,0,0.4286,0,-0.9035,-902.4211,0,0,0,1
139.8029,405.0937,0,-902.5735,1.321351,-1.321351,25.34768,401.343,0.25,-900.426,3.981843,0,-0.9016,0,-0.4326,405.0937,0,1,0,0,0.4326,0,-0.9016,-902.5735,0,0,0,1
139.8135,405.0197,0,-902.726,1.329893,-1.329893,25.46852,401.343,0.25,-900.426,3.993055,0,-0.8997,0,-0.4366,405.0197,0,1,0,0,0.4366,0,-0.8997,-902.726,0,0,0,1
139.8247,404.9449,0,-902.8785,1.337743,-1.337743,25.61501,401.343,0.25,-900.426,4.010721,0,-0.8977,0,-0.4406,404.9449,0,1,0,0,0.4406,0,-0.8977,-902.8785,0,0,0,1
139.836,404.8691,0,-903.031,1.344707,-1.344707,25.76882,401.343,0.25,-900.426,4.034689,0,-0.8957,0,-0.4446,404.8691,0,1,0,0,0.4446,0,-0.8957,-903.031,0,0,0,1
139.8467,404.7926,0,-903.1835,1.351031,-1.351031,25.90433,401.343,0.25,-900.426,4.065063,0,-0.8937,0,-0.4487,404.7926,0,1,0,0,0.4487,0,-0.8937,-903.1835,0,0,0,1
