time,pos_x,pos_y,pos_z,distFromRoadCenter,signedDistFromRoadCenter,wheelAngle,obstacle_pos_x,obstacle_pos_y,obstacle_pos_z,distance_to_obstacle,brake_position,simplecar_4x4_R0C0,simplecar_4x4_R0C1,simplecar_4x4_R0C2,simplecar_4x4_R0C3,simplecar_4x4_R1C0,simplecar_4x4_R1C1,simplecar_4x4_R1C2,simplecar_4x4_R1C3,simplecar_4x4_R2C0,simplecar_4x4_R2C1,simplecar_4x4_R2C2,simplecar_4x4_R2C3,simplecar_4x4_R3C0,simplecar_4x4_R3C1,simplecar_4x4_R3C2,simplecar_4x4_R3C3
287.0143,149.6264,0,-1535.701,2.076197,2.076197,1.338515,205.4615,0.25,-1557.281,59.5373,0,-0.4642,0,0.8858,149.6264,0,1,0,0,-0.8858,0,-0.4642,-1535.701,0,0,0,1
287.0252,149.8478,0,-1535.817,2.070393,2.070393,1.323867,205.4615,0.25,-1557.281,59.28906,0,-0.4644,0,0.8856,149.8478,0,1,0,0,-0.8856,0,-0.4644,-1535.817,0,0,0,1
287.0369,150.0692,0,-1535.933,2.064731,2.064731,1.309218,205.4615,0.25,-1557.281,59.0408,0,-0.4646,0,0.8855,150.0692,0,1,0,0,-0.8855,0,-0.4646,-1535.933,0,0,0,1
287.0511,150.5119,0,-1536.165,2.053579,2.053579,1.305556,205.4615,0.25,-1557.281,58.54431,0,-0.465,0,0.8853,150.5119,0,1,0,0,-0.8853,0,-0.465,-1536.165,0,0,0,1
287.0583,150.5119,0,-1536.165,2.053579,2.053579,1.305556,205.4615,0.25,-1557.281,58.54431,0,-0.465,0,0.8853,150.5119,0,1,0,0,-0.8853,0,-0.465,-1536.165,0,0,0,1
287.0694,150.7332,0,-1536.282,2.048135,2.048135,1.301894,205.4615,0.25,-1557.281,58.29608,0,-0.4652,0,0.8852,150.7332,0,1,0,0,-0.8852,0,-0.4652,-1536.282,0,0,0,1
287.0805,151.1758,0,-1536.514,2.037255,2.037255,1.301894,205.4615,0.25,-1557.281,57.79974,0,-0.4656,0,0.885,151.1758,0,1,0,0,-0.885,0,-0.4656,-1536.514,0,0,0,1
287.0927,151.397,0,-1536.631,2.031955,2.031955,1.301894,205.4615,0.25,-1557.281,57.5516,0,-0.4658,0,0.8849,151.397,0,1,0,0,-0.8849,0,-0.4658,-1536.631,0,0,0,1
287.1028,151.6182,0,-1536.747,2.026656,2.026656,1.301894,205.4615,0.25,-1557.281,57.30348,0,-0.466,0,0.8848,151.6182,0,1,0,0,-0.8848,0,-0.466,-1536.747,0,0,0,1
287.115,151.8394,0,-1536.864,2.021492,2.021492,1.301894,205.4615,0.25,-1557.281,57.05537,0,-0.4662,0,0.8847,151.8394,0,1,0,0,-0.8847,0,-0.4662,-1536.864,0,0,0,1
287.125,152.0605,0,-1536.98,2.016336,2.016336,1.301894,205.4615,0.25,-1557.281,56.8073,0,-0.4664,0,0.8846,152.0605,0,1,0,0,-0.8846,0,-0.4664,-1536.98,0,0,0,1
287.1364,152.2816,0,-1537.097,2.011309,2.011309,1.301894,205.4615,0.25,-1557.281,56.55923,0,-0.4666,0,0.8845,152.2816,0,1,0,0,-0.8845,0,-0.4666,-1537.097,0,0,0,1
287.1474,152.5027,0,-1537.214,2.006289,2.006289,1.301894,205.4615,0.25,-1557.281,56.3112,0,-0.4668,0,0.8844,152.5027,0,1,0,0,-0.8844,0,-0.4668,-1537.214,0,0,0,1
287.1582,152.7238,0,-1537.331,2.001269,2.001269,1.301894,205.4615,0.25,-1557.281,56.06321,0,-0.467,0,0.8843,152.7238,0,1,0,0,-0.8843,0,-0.467,-1537.331,0,0,0,1
287.1702,153.1658,0,-1537.564,1.991502,1.991502,1.301894,205.4615,0.25,-1557.281,55.56728,0,-0.4674,0,0.8841,153.1658,0,1,0,0,-0.8841,0,-0.4674,-1537.564,0,0,0,1
287.1805,153.3868,0,-1537.681,1.986755,1.986755,1.301894,205.4615,0.25,-1557.281,55.31934,0,-0.4676,0,0.884,153.3868,0,1,0,0,-0.884,0,-0.4676,-1537.681,0,0,0,1
287.1916,153.6078,0,-1537.798,1.982008,1.982008,1.301894,205.4615,0.25,-1557.281,55.07144,0,-0.4678,0,0.8838,153.6078,0,1,0,0,-0.8838,0,-0.4678,-1537.798,0,0,0,1
287.2028,153.8287,0,-1537.915,1.977269,1.977269,1.301894,205.4615,0.25,-1557.281,54.82357,0,-0.468,0,0.8837,153.8287,0,1,0,0,-0.8837,0,-0.468,-1537.915,0,0,0,1
287.2139,154.0496,0,-1538.032,1.972794,1.972794,1.301894,205.4615,0.25,-1557.281,54.5757,0,-0.4682,0,0.8836,154.0496,0,1,0,0,-0.8836,0,-0.4682,-1538.032,0,0,0,1
287.2247,154.2705,0,-1538.149,1.968169,1.968169,1.301894,205.4615,0.25,-1557.281,54.32793,0,-0.4684,0,0.8835,154.2705,0,1,0,0,-0.8835,0,-0.4684,-1538.149,0,0,0,1
287.2369,154.4914,0,-1538.266,1.963702,1.963702,1.301894,205.4615,0.25,-1557.281,54.08012,0,-0.4686,0,0.8834,154.4914,0,1,0,0,-0.8834,0,-0.4686,-1538.266,0,0,0,1
287.2476,154.7122,0,-1538.384,1.959235,1.959235,1.301894,205.4615,0.25,-1557.281,53.83237,0,-0.4688,0,0.8833,154.7122,0,1,0,0,-0.8833,0,-0.4688,-1538.384,0,0,0,1
287.2586,154.933,0,-1538.501,1.954775,1.954775,1.301894,205.4615,0.25,-1557.281,53.58466,0,-0.469,0,0.8832,154.933,0,1,0,0,-0.8832,0,-0.469,-1538.501,0,0,0,1
287.2699,155.1538,0,-1538.618,1.950338,1.950338,1.301894,205.4615,0.25,-1557.281,53.33694,0,-0.4692,0,0.8831,155.1538,0,1,0,0,-0.8831,0,-0.4692,-1538.618,0,0,0,1
287.2811,155.5952,0,-1538.853,1.941957,1.941957,1.301894,205.4615,0.25,-1557.281,52.84158,0,-0.4696,0,0.8829,155.5952,0,1,0,0,-0.8829,0,-0.4696,-1538.853,0,0,0,1
287.293,155.8159,0,-1538.97,1.937748,1.937748,1.301894,205.4615,0.25,-1557.281,52.59402,0,-0.4698,0,0.8828,155.8159,0,1,0,0,-0.8828,0,-0.4698,-1538.97,0,0,0,1
287.3082,156.0366,0,-1539.088,1.933697,1.933697,1.287246,205.4615,0.25,-1557.281,52.34641,0,-0.47,0,0.8827,156.0366,0,1,0,0,-0.8827,0,-0.47,-1539.088,0,0,0,1
287.3189,156.2572,0,-1539.205,1.929654,1.929654,1.261611,205.4615,0.25,-1557.281,52.09885,0,-0.4702,0,0.8826,156.2572,0,1,0,0,-0.8826,0,-0.4702,-1539.205,0,0,0,1
287.3274,156.4778,0,-1539.323,1.925611,1.925611,1.232314,205.4615,0.25,-1557.281,51.85134,0,-0.4704,0,0.8825,156.4778,0,1,0,0,-0.8825,0,-0.4704,-1539.323,0,0,0,1
287.3373,156.6984,0,-1539.441,1.921697,1.921697,1.192031,205.4615,0.25,-1557.281,51.60383,0,-0.4705,0,0.8824,156.6984,0,1,0,0,-0.8824,0,-0.4705,-1539.441,0,0,0,1
287.3493,156.919,0,-1539.558,1.917798,1.917798,1.144423,205.4615,0.25,-1557.281,51.35638,0,-0.4707,0,0.8823,156.919,0,1,0,0,-0.8823,0,-0.4707,-1539.558,0,0,0,1
287.3596,157.1396,0,-1539.676,1.913784,1.913784,1.071181,205.4615,0.25,-1557.281,51.10896,0,-0.4709,0,0.8822,157.1396,0,1,0,0,-0.8822,0,-0.4709,-1539.676,0,0,0,1
287.3708,157.5806,0,-1539.911,1.906243,1.906243,0.990615,205.4615,0.25,-1557.281,50.61419,0,-0.4712,0,0.882,157.5806,0,1,0,0,-0.882,0,-0.4712,-1539.911,0,0,0,1
287.3818,157.8011,0,-1540.029,1.902481,1.902481,0.902724,205.4615,0.25,-1557.281,50.36687,0,-0.4713,0,0.882,157.8011,0,1,0,0,-0.882,0,-0.4713,-1540.029,0,0,0,1
287.3934,158.0215,0,-1540.147,1.898839,1.898839,0.803847,205.4615,0.25,-1557.281,50.11954,0,-0.4715,0,0.8819,158.0215,0,1,0,0,-0.8819,0,-0.4715,-1540.147,0,0,0,1
287.4044,158.242,0,-1540.265,1.895213,1.895213,0.657363,205.4615,0.25,-1557.281,49.87225,0,-0.4716,0,0.8818,158.242,0,1,0,0,-0.8818,0,-0.4716,-1540.265,0,0,0,1
287.415,158.4624,0,-1540.383,1.891578,1.891578,0.558486,205.4615,0.25,-1557.281,49.62501,0,-0.4716,0,0.8818,158.4624,0,1,0,0,-0.8818,0,-0.4716,-1540.383,0,0,0,1
287.4261,158.6829,0,-1540.501,1.887952,1.887952,0.426636,205.4615,0.25,-1557.281,49.3778,0,-0.4717,0,0.8818,158.6829,0,1,0,0,-0.8818,0,-0.4717,-1540.501,0,0,0,1
287.4376,158.9033,0,-1540.619,1.884325,1.884325,0.272827,205.4615,0.25,-1557.281,49.13062,0,-0.4718,0,0.8817,158.9033,0,1,0,0,-0.8817,0,-0.4718,-1540.619,0,0,0,1
287.4484,159.1237,0,-1540.737,1.880691,1.880691,0.137329,205.4615,0.25,-1557.281,48.88348,0,-0.4718,0,0.8817,159.1237,0,1,0,0,-0.8817,0,-0.4718,-1540.737,0,0,0,1
287.4594,159.3442,0,-1540.855,1.877065,1.877065,-0.016479,205.4615,0.25,-1557.281,48.63637,0,-0.4718,0,0.8817,159.3442,0,1,0,0,-0.8817,0,-0.4718,-1540.855,0,0,0,1
287.4707,159.785,0,-1541.091,1.869812,1.869812,-0.137329,205.4615,0.25,-1557.281,48.14223,0,-0.4717,0,0.8817,159.785,0,1,0,0,-0.8817,0,-0.4717,-1541.091,0,0,0,1
287.4818,160.0055,0,-1541.208,1.866177,1.866177,-0.184937,205.4615,0.25,-1557.281,47.89519,0,-0.4717,0,0.8818,160.0055,0,1,0,0,-0.8818,0,-0.4717,-1541.208,0,0,0,1
287.4927,160.2259,0,-1541.326,1.862551,1.862551,-0.228882,205.4615,0.25,-1557.281,47.64818,0,-0.4717,0,0.8818,160.2259,0,1,0,0,-0.8818,0,-0.4717,-1541.326,0,0,0,1
287.5042,160.4464,0,-1541.444,1.85881,1.85881,-0.258186,205.4615,0.25,-1557.281,47.4012,0,-0.4716,0,0.8818,160.4464,0,1,0,0,-0.8818,0,-0.4716,-1541.444,0,0,0,1
287.5153,160.6668,0,-1541.562,1.855183,1.855183,-0.280159,205.4615,0.25,-1557.281,47.15425,0,-0.4716,0,0.8818,160.6668,0,1,0,0,-0.8818,0,-0.4716,-1541.562,0,0,0,1
287.526,160.8873,0,-1541.68,1.851549,1.851549,-0.287483,205.4615,0.25,-1557.281,46.90732,0,-0.4715,0,0.8818,160.8873,0,1,0,0,-0.8818,0,-0.4715,-1541.68,0,0,0,1
287.5373,161.1078,0,-1541.798,1.847915,1.847915,-0.287483,205.4615,0.25,-1557.281,46.66041,0,-0.4715,0,0.8819,161.1078,0,1,0,0,-0.8819,0,-0.4715,-1541.798,0,0,0,1
287.5486,161.3282,0,-1541.916,1.844281,1.844281,-0.287483,205.4615,0.25,-1557.281,46.41354,0,-0.4715,0,0.8819,161.3282,0,1,0,0,-0.8819,0,-0.4715,-1541.916,0,0,0,1
287.5592,161.5487,0,-1542.034,1.840518,1.840518,-0.287483,205.4615,0.25,-1557.281,46.16674,0,-0.4714,0,0.8819,161.5487,0,1,0,0,-0.8819,0,-0.4714,-1542.034,0,0,0,1
287.5706,161.9897,0,-1542.269,1.832985,1.832985,-0.287483,205.4615,0.25,-1557.281,45.67321,0,-0.4713,0,0.882,161.9897,0,1,0,0,-0.882,0,-0.4713,-1542.269,0,0,0,1
287.5816,162.2102,0,-1542.387,1.829215,1.829215,-0.287483,205.4615,0.25,-1557.281,45.42648,0,-0.4713,0,0.882,162.2102,0,1,0,0,-0.882,0,-0.4713,-1542.387,0,0,0,1
287.5927,162.4307,0,-1542.505,1.825581,1.825581,-0.287483,205.4615,0.25,-1557.281,45.17977,0,-0.4712,0,0.882,162.4307,0,1,0,0,-0.882,0,-0.4712,-1542.505,0,0,0,1
287.6039,162.6512,0,-1542.623,1.821681,1.821681,-0.287483,205.4615,0.25,-1557.281,44.93316,0,-0.4712,0,0.882,162.6512,0,1,0,0,-0.882,0,-0.4712,-1542.623,0,0,0,1
287.615,162.8717,0,-1542.741,1.817911,1.817911,-0.287483,205.4615,0.25,-1557.281,44.68652,0,-0.4711,0,0.8821,162.8717,0,1,0,0,-0.8821,0,-0.4711,-1542.741,0,0,0,1
287.6261,163.0922,0,-1542.858,1.814247,1.814247,-0.287483,205.4615,0.25,-1557.281,44.43993,0,-0.4711,0,0.8821,163.0922,0,1,0,0,-0.8821,0,-0.4711,-1542.858,0,0,0,1
287.6403,163.5333,0,-1543.094,1.806592,1.806592,-0.287483,205.4615,0.25,-1557.281,43.94685,0,-0.471,0,0.8821,163.5333,0,1,0,0,-0.8821,0,-0.471,-1543.094,0,0,0,1
287.6512,163.7538,0,-1543.212,1.802822,1.802822,-0.287483,205.4615,0.25,-1557.281,43.70036,0,-0.471,0,0.8822,163.7538,0,1,0,0,-0.8822,0,-0.471,-1543.212,0,0,0,1
287.6594,163.7538,0,-1543.212,1.802822,1.802822,-0.287483,205.4615,0.25,-1557.281,43.70036,0,-0.471,0,0.8822,163.7538,0,1,0,0,-0.8822,0,-0.471,-1543.212,0,0,0,1
287.6705,164.1949,0,-1543.447,1.795009,1.795009,-0.287483,205.4615,0.25,-1557.281,43.20755,0,-0.4709,0,0.8822,164.1949,0,1,0,0,-0.8822,0,-0.4709,-1543.447,0,0,0,1
287.6823,164.4155,0,-1543.565,1.790973,1.790973,-0.287483,205.4615,0.25,-1557.281,42.96125,0,-0.4708,0,0.8822,164.4155,0,1,0,0,-0.8822,0,-0.4708,-1543.565,0,0,0,1
287.6928,164.636,0,-1543.682,1.787195,1.787195,-0.302131,205.4615,0.25,-1557.281,42.71489,0,-0.4708,0,0.8822,164.636,0,1,0,0,-0.8822,0,-0.4708,-1543.682,0,0,0,1
287.7044,164.8566,0,-1543.8,1.783288,1.783288,-0.327766,205.4615,0.25,-1557.281,42.46862,0,-0.4707,0,0.8823,164.8566,0,1,0,0,-0.8823,0,-0.4707,-1543.8,0,0,0,1
287.7153,165.0772,0,-1543.918,1.779382,1.779382,-0.40467,205.4615,0.25,-1557.281,42.22238,0,-0.4707,0,0.8823,165.0772,0,1,0,0,-0.8823,0,-0.4707,-1543.918,0,0,0,1
287.7265,165.2978,0,-1544.036,1.775475,1.775475,-0.514534,205.4615,0.25,-1557.281,41.97618,0,-0.4706,0,0.8824,165.2978,0,1,0,0,-0.8824,0,-0.4706,-1544.036,0,0,0,1
287.7379,165.5184,0,-1544.153,1.771432,1.771432,-0.708633,205.4615,0.25,-1557.281,41.73005,0,-0.4705,0,0.8824,165.5184,0,1,0,0,-0.8824,0,-0.4705,-1544.153,0,0,0,1
287.7491,165.739,0,-1544.271,1.767518,1.767518,-0.87709,205.4615,0.25,-1557.281,41.4839,0,-0.4703,0,0.8825,165.739,0,1,0,0,-0.8825,0,-0.4703,-1544.271,0,0,0,1
287.7612,166.1803,0,-1544.506,1.759417,1.759417,-1.078506,205.4615,0.25,-1557.281,40.99176,0,-0.47,0,0.8827,166.1803,0,1,0,0,-0.8827,0,-0.47,-1544.506,0,0,0,1
287.7725,166.401,0,-1544.623,1.75523,1.75523,-1.360495,205.4615,0.25,-1557.281,40.74578,0,-0.4698,0,0.8828,166.401,0,1,0,0,-0.8828,0,-0.4698,-1544.623,0,0,0,1
287.7828,166.6217,0,-1544.741,1.750936,1.750936,-1.668119,205.4615,0.25,-1557.281,40.49979,0,-0.4695,0,0.8829,166.6217,0,1,0,0,-0.8829,0,-0.4695,-1544.741,0,0,0,1
287.7936,166.8425,0,-1544.858,1.746606,1.746606,-1.935453,205.4615,0.25,-1557.281,40.25386,0,-0.4693,0,0.8831,166.8425,0,1,0,0,-0.8831,0,-0.4693,-1544.858,0,0,0,1
287.8047,167.0633,0,-1544.975,1.742275,1.742275,-2.224767,205.4615,0.25,-1557.281,40.00794,0,-0.4689,0,0.8832,167.0633,0,1,0,0,-0.8832,0,-0.4689,-1544.975,0,0,0,1
287.8159,167.2841,0,-1545.092,1.737679,1.737679,-2.583661,205.4615,0.25,-1557.281,39.76209,0,-0.4685,0,0.8835,167.2841,0,1,0,0,-0.8835,0,-0.4685,-1545.092,0,0,0,1
287.8268,167.5051,0,-1545.209,1.733069,1.733069,-2.949872,205.4615,0.25,-1557.281,39.51622,0.015686,-0.4681,0,0.8837,167.5051,0,1,0,0,-0.8837,0,-0.4681,-1545.209,0,0,0,1
287.838,167.7261,0,-1545.326,1.728322,1.728322,-3.279469,205.4615,0.25,-1557.281,39.27039,0.047059,-0.4675,0,0.884,167.7261,0,1,0,0,-0.884,0,-0.4675,-1545.326,0,0,0,1
287.8492,167.9471,0,-1545.443,1.723302,1.723302,-3.663998,205.4615,0.25,-1557.281,39.02462,0.070588,-0.467,0,0.8843,167.9471,0,1,0,0,-0.8843,0,-0.467,-1545.443,0,0,0,1
287.8603,168.3891,0,-1545.676,1.71296,1.71296,-3.975277,205.4615,0.25,-1557.281,38.5335,0.101961,-0.4658,0,0.8849,168.3891,0,1,0,0,-0.8849,0,-0.4658,-1545.676,0,0,0,1
287.8714,168.61,0,-1545.792,1.707516,1.707516,-4.356143,205.4615,0.25,-1557.281,38.28824,0.117647,-0.4651,0,0.8853,168.61,0,1,0,0,-0.8853,0,-0.4651,-1545.792,0,0,0,1
287.8824,168.8308,0,-1545.908,1.701664,1.701664,-4.671092,205.4615,0.25,-1557.281,38.04328,0.14902,-0.4644,0,0.8856,168.8308,0,1,0,0,-0.8856,0,-0.4644,-1545.908,0,0,0,1
287.8934,169.0514,0,-1546.023,1.69594,1.69594,-5.008013,205.4615,0.25,-1557.281,37.79853,0.196078,-0.4636,0,0.8861,169.0514,0,1,0,0,-0.8861,0,-0.4636,-1546.023,0,0,0,1
287.9048,169.2718,0,-1546.138,1.689822,1.689822,-5.370562,205.4615,0.25,-1557.281,37.55422,0.211765,-0.4628,0,0.8865,169.2718,0,1,0,0,-0.8865,0,-0.4628,-1546.138,0,0,0,1
287.9156,169.4919,0,-1546.253,1.683394,1.683394,-5.560999,205.4615,0.25,-1557.281,37.31039,0.219608,-0.4619,0,0.8869,169.4919,0,1,0,0,-0.8869,0,-0.4619,-1546.253,0,0,0,1
287.9268,169.7117,0,-1546.367,1.676838,1.676838,-5.777063,205.4615,0.25,-1557.281,37.06695,0.243137,-0.461,0,0.8874,169.7117,0,1,0,0,-0.8874,0,-0.461,-1546.367,0,0,0,1
287.9384,169.9312,0,-1546.481,1.670008,1.670008,-6.040742,205.4615,0.25,-1557.281,36.82402,0.25098,-0.4601,0,0.8879,169.9312,0,1,0,0,-0.8879,0,-0.4601,-1546.481,0,0,0,1
287.9491,170.1504,0,-1546.594,1.662899,1.662899,-6.27878,205.4615,0.25,-1557.281,36.58159,0.258824,-0.4591,0,0.8884,170.1504,0,1,0,0,-0.8884,0,-0.4591,-1546.594,0,0,0,1
287.96,170.3693,0,-1546.707,1.655616,1.655616,-6.472878,205.4615,0.25,-1557.281,36.33966,0.266667,-0.4581,0,0.8889,170.3693,0,1,0,0,-0.8889,0,-0.4581,-1546.707,0,0,0,1
287.9745,170.806,0,-1546.931,1.640125,1.640125,-6.707253,205.4615,0.25,-1557.281,35.85739,0.27451,-0.456,0,0.89,170.806,0,1,0,0,-0.89,0,-0.456,-1546.931,0,0,0,1
287.9852,171.0238,0,-1547.042,1.632024,1.632024,-6.978257,205.4615,0.25,-1557.281,35.61705,0.27451,-0.4549,0,0.8905,171.0238,0,1,0,0,-0.8905,0,-0.4549,-1547.042,0,0,0,1
287.9934,171.2413,0,-1547.153,1.623514,1.623514,-7.190659,205.4615,0.25,-1557.281,35.37727,0.282353,-0.4538,0,0.8911,171.2413,0,1,0,0,-0.8911,0,-0.4538,-1547.153,0,0,0,1
288.0045,171.4585,0,-1547.263,1.614732,1.614732,-7.340813,205.4615,0.25,-1557.281,35.13802,0.282353,-0.4527,0,0.8917,171.4585,0,1,0,0,-0.8917,0,-0.4527,-1547.263,0,0,0,1
288.0156,171.6752,0,-1547.373,1.605654,1.605654,-7.549553,205.4615,0.25,-1557.281,34.89938,0.282353,-0.4515,0,0.8923,171.6752,0,1,0,0,-0.8923,0,-0.4515,-1547.373,0,0,0,1
288.0268,171.8916,0,-1547.482,1.596189,1.596189,-7.699699,205.4615,0.25,-1557.281,34.66126,0.290196,-0.4503,0,0.8929,171.8916,0,1,0,0,-0.8929,0,-0.4503,-1547.482,0,0,0,1
288.038,172.1076,0,-1547.591,1.586544,1.586544,-7.882812,205.4615,0.25,-1557.281,34.42372,0.290196,-0.4491,0,0.8935,172.1076,0,1,0,0,-0.8935,0,-0.4491,-1547.591,0,0,0,1
288.0491,172.3233,0,-1547.699,1.576512,1.576512,-8.076904,205.4615,0.25,-1557.281,34.18673,0.298039,-0.4478,0,0.8941,172.3233,0,1,0,0,-0.8941,0,-0.4478,-1547.699,0,0,0,1
288.0603,172.7535,0,-1547.913,1.55557,1.55557,-8.296638,205.4615,0.25,-1557.281,33.7145,0.298039,-0.4452,0,0.8954,172.7535,0,1,0,0,-0.8954,0,-0.4452,-1547.913,0,0,0,1
288.0712,172.968,0,-1548.019,1.544676,1.544676,-8.681166,205.4615,0.25,-1557.281,33.47924,0.305882,-0.4438,0,0.8961,172.968,0,1,0,0,-0.8961,0,-0.4438,-1548.019,0,0,0,1
288.0823,173.1822,0,-1548.125,1.53338,1.53338,-8.9485,205.4615,0.25,-1557.281,33.24456,0.313726,-0.4424,0,0.8968,173.1822,0,1,0,0,-0.8968,0,-0.4424,-1548.125,0,0,0,1
288.0934,173.396,0,-1548.23,1.521659,1.521659,-9.395285,205.4615,0.25,-1557.281,33.01051,0.313726,-0.441,0,0.8975,173.396,0,1,0,0,-0.8975,0,-0.441,-1548.23,0,0,0,1
288.1047,173.6093,0,-1548.334,1.509644,1.509644,-9.805449,205.4615,0.25,-1557.281,32.77706,0.321569,-0.4394,0,0.8983,173.6093,0,1,0,0,-0.8983,0,-0.4394,-1548.334,0,0,0,1
288.1155,173.8223,0,-1548.438,1.497121,1.497121,-10.35477,205.4615,0.25,-1557.281,32.5442,0.329412,-0.4378,0,0.8991,173.8223,0,1,0,0,-0.8991,0,-0.4378,-1548.438,0,0,0,1
288.1267,174.0349,0,-1548.541,1.48428,1.48428,-10.8455,205.4615,0.25,-1557.281,32.31198,0.345098,-0.4361,0,0.8999,174.0349,0,1,0,0,-0.8999,0,-0.4361,-1548.541,0,0,0,1
288.138,174.2471,0,-1548.644,1.471145,1.471145,-11.6585,205.4615,0.25,-1557.281,32.08036,0.345098,-0.4343,0,0.9008,174.2471,0,1,0,0,-0.9008,0,-0.4343,-1548.644,0,0,0,1
288.1491,174.4589,0,-1548.745,1.457213,1.457213,-12.08698,205.4615,0.25,-1557.281,31.84947,0.352941,-0.4324,0,0.9017,174.4589,0,1,0,0,-0.9017,0,-0.4324,-1548.745,0,0,0,1
288.1604,174.8812,0,-1548.946,1.428322,1.428322,-12.61433,205.4615,0.25,-1557.281,31.38958,0.352941,-0.4284,0,0.9036,174.8812,0,1,0,0,-0.9036,0,-0.4284,-1548.946,0,0,0,1
288.1717,175.0917,0,-1549.045,1.413248,1.413248,-13.26253,205.4615,0.25,-1557.281,31.16058,0.360784,-0.4263,0,0.9046,175.0917,0,1,0,0,-0.9046,0,-0.4263,-1549.045,0,0,0,1
288.1827,175.3018,0,-1549.143,1.39747,1.39747,-13.81552,205.4615,0.25,-1557.281,30.93233,0.360784,-0.4241,0,0.9056,175.3018,0,1,0,0,-0.9056,0,-0.4241,-1549.143,0,0,0,1
288.1939,175.5115,0,-1549.241,1.381154,1.381154,-14.46372,205.4615,0.25,-1557.281,30.7047,0.368627,-0.4218,0,0.9067,175.5115,0,1,0,0,-0.9067,0,-0.4218,-1549.241,0,0,0,1
288.2057,175.7208,0,-1549.338,1.365219,1.365219,-15.08995,205.4615,0.25,-1557.281,30.47774,0.368627,-0.4195,0,0.9078,175.7208,0,1,0,0,-0.9078,0,-0.4195,-1549.338,0,0,0,1
288.2161,175.9297,0,-1549.433,1.350126,1.350126,-15.59533,205.4615,0.25,-1557.281,30.25145,0.368627,-0.417,0,0.9089,175.9297,0,1,0,0,-0.9089,0,-0.417,-1549.433,0,0,0,1
288.2276,176.1382,0,-1549.528,1.334324,1.334324,-16.28382,205.4615,0.25,-1557.281,30.02584,0.368627,-0.4144,0,0.9101,176.1382,0,1,0,0,-0.9101,0,-0.4144,-1549.528,0,0,0,1
288.2381,176.3463,0,-1549.622,1.318063,1.318063,-16.6537,205.4615,0.25,-1557.281,29.80086,0.368627,-0.4118,0,0.9113,176.3463,0,1,0,0,-0.9113,0,-0.4118,-1549.622,0,0,0,1
288.2493,176.554,0,-1549.716,1.301095,1.301095,-17.19936,205.4615,0.25,-1557.281,29.57654,0.368627,-0.409,0,0.9125,176.554,0,1,0,0,-0.9125,0,-0.409,-1549.716,0,0,0,1
288.2601,176.9683,0,-1549.899,1.273836,1.273836,-17.61319,205.4615,0.25,-1557.281,29.12991,0.376471,-0.4034,0,0.915,176.9683,0,1,0,0,-0.915,0,-0.4034,-1549.899,0,0,0,1
288.2713,177.1748,0,-1549.989,1.259153,1.259153,-18.10758,205.4615,0.25,-1557.281,28.90763,0.376471,-0.4005,0,0.9163,177.1748,0,1,0,0,-0.9163,0,-0.4005,-1549.989,0,0,0,1
288.2825,177.3809,0,-1550.079,1.244282,1.244282,-18.51407,205.4615,0.25,-1557.281,28.68591,0.376471,-0.3975,0,0.9176,177.3809,0,1,0,0,-0.9176,0,-0.3975,-1550.079,0,0,0,1
288.2933,177.5866,0,-1550.167,1.23011,1.23011,-18.97551,205.4615,0.25,-1557.281,28.46494,0.384314,-0.3945,0,0.9189,177.5866,0,1,0,0,-0.9189,0,-0.3945,-1550.167,0,0,0,1
288.3078,177.792,0,-1550.254,1.217786,1.217786,-19.55413,205.4615,0.25,-1557.281,28.24468,0.384314,-0.3914,0,0.9202,177.792,0,1,0,0,-0.9202,0,-0.3914,-1550.254,0,0,0,1
288.3187,177.9969,0,-1550.34,1.204987,1.204987,-19.98627,205.4615,0.25,-1557.281,28.02507,0.384314,-0.3881,0,0.9216,177.9969,0,1,0,0,-0.9216,0,-0.3881,-1550.34,0,0,0,1
288.327,178.2014,0,-1550.426,1.191381,1.191381,-20.51728,205.4615,0.25,-1557.281,27.80612,0.384314,-0.3848,0,0.923,178.2014,0,1,0,0,-0.923,0,-0.3848,-1550.426,0,0,0,1
288.3377,178.4055,0,-1550.51,1.176934,1.176934,-20.89083,205.4615,0.25,-1557.281,27.58785,0.384314,-0.3815,0,0.9244,178.4055,0,1,0,0,-0.9244,0,-0.3815,-1550.51,0,0,0,1
288.3491,178.6092,0,-1550.593,1.164864,1.164864,-21.34859,205.4615,0.25,-1557.281,27.37029,0.384314,-0.378,0,0.9258,178.6092,0,1,0,0,-0.9258,0,-0.378,-1550.593,0,0,0,1
288.36,178.8125,0,-1550.675,1.153303,1.153303,-21.89792,205.4615,0.25,-1557.281,27.15338,0.384314,-0.3745,0,0.9272,178.8125,0,1,0,0,-0.9272,0,-0.3745,-1550.675,0,0,0,1
288.3712,179.218,0,-1550.836,1.127551,1.127551,-22.45823,205.4615,0.25,-1557.281,26.72156,0.384314,-0.3672,0,0.9301,179.218,0,1,0,0,-0.9301,0,-0.3672,-1550.836,0,0,0,1
288.3823,179.4201,0,-1550.915,1.113729,1.113729,-22.90868,205.4615,0.25,-1557.281,26.50669,0.384314,-0.3635,0,0.9316,179.4201,0,1,0,0,-0.9316,0,-0.3635,-1550.915,0,0,0,1
288.3935,179.6218,0,-1550.993,1.103082,1.103082,-23.43603,205.4615,0.25,-1557.281,26.29249,0.384314,-0.3597,0,0.9331,179.6218,0,1,0,0,-0.9331,0,-0.3597,-1550.993,0,0,0,1
288.4052,179.8232,0,-1551.07,1.091608,1.091608,-24.02929,205.4615,0.25,-1557.281,26.07894,0.384314,-0.3558,0,0.9346,179.8232,0,1,0,0,-0.9346,0,-0.3558,-1551.07,0,0,0,1
288.4157,180.0241,0,-1551.145,1.079192,1.079192,-24.35157,205.4615,0.25,-1557.281,25.86606,0.384314,-0.3518,0,0.9361,180.0241,0,1,0,0,-0.9361,0,-0.3518,-1551.145,0,0,0,1
288.4274,180.2246,0,-1551.219,1.065821,1.065821,-24.76173,205.4615,0.25,-1557.281,25.65387,0.384314,-0.3477,0,0.9376,180.2246,0,1,0,0,-0.9376,0,-0.3477,-1551.219,0,0,0,1
288.4379,180.4248,0,-1551.293,1.052946,1.052946,-25.35866,205.4615,0.25,-1557.281,25.44235,0.384314,-0.3436,0,0.9391,180.4248,0,1,0,0,-0.9391,0,-0.3436,-1551.293,0,0,0,1
288.4491,180.6245,0,-1551.365,1.041992,1.041992,-25.81277,205.4615,0.25,-1557.281,25.23151,0.384314,-0.3393,0,0.9407,180.6245,0,1,0,0,-0.9407,0,-0.3393,-1551.365,0,0,0,1
288.4601,181.0229,0,-1551.505,1.017376,1.017376,-26.24857,205.4615,0.25,-1557.281,24.81183,0.384314,-0.3307,0,0.9437,181.0229,0,1,0,0,-0.9437,0,-0.3307,-1551.505,0,0,0,1
288.4713,181.2214,0,-1551.574,1.003597,1.003597,-26.88945,205.4615,0.25,-1557.281,24.603,0.384314,-0.3263,0,0.9453,181.2214,0,1,0,0,-0.9453,0,-0.3263,-1551.574,0,0,0,1
288.4822,181.4196,0,-1551.641,0.990716,0.990716,-27.24834,205.4615,0.25,-1557.281,24.39488,0.384314,-0.3218,0,0.9468,181.4196,0,1,0,0,-0.9468,0,-0.3218,-1551.641,0,0,0,1
288.4935,181.6173,0,-1551.707,0.979304,0.979304,-27.77935,205.4615,0.25,-1557.281,24.18742,0.384314,-0.3172,0,0.9484,181.6173,0,1,0,0,-0.9484,0,-0.3172,-1551.707,0,0,0,1
288.5049,181.8146,0,-1551.772,0.966834,0.966834,-28.23712,205.4615,0.25,-1557.281,23.98063,0.384314,-0.3125,0,0.9499,181.8146,0,1,0,0,-0.9499,0,-0.3125,-1551.772,0,0,0,1
288.5157,182.0116,0,-1551.836,0.953418,0.953418,-28.76814,205.4615,0.25,-1557.281,23.77453,0.384314,-0.3077,0,0.9515,182.0116,0,1,0,0,-0.9515,0,-0.3077,-1551.836,0,0,0,1
288.5267,182.2081,0,-1551.899,0.938944,0.938944,-29.20027,205.4615,0.25,-1557.281,23.56911,0.384314,-0.3029,0,0.953,182.2081,0,1,0,0,-0.953,0,-0.3029,-1551.899,0,0,0,1
288.5379,182.4042,0,-1551.96,0.925478,0.925478,-29.69466,205.4615,0.25,-1557.281,23.36441,0.384314,-0.2979,0,0.9546,182.4042,0,1,0,0,-0.9546,0,-0.2979,-1551.96,0,0,0,1
288.549,182.5999,0,-1552.02,0.912984,0.912984,-30.13412,205.4615,0.25,-1557.281,23.16036,0.384314,-0.2929,0,0.9561,182.5999,0,1,0,0,-0.9561,0,-0.2929,-1552.02,0,0,0,1
288.56,182.7952,0,-1552.078,0.899443,0.899443,-30.49668,205.4615,0.25,-1557.281,22.95702,0.384314,-0.2878,0,0.9577,182.7952,0,1,0,0,-0.9577,0,-0.2878,-1552.078,0,0,0,1
288.5713,183.1844,0,-1552.192,0.869174,0.869174,-30.9691,205.4615,0.25,-1557.281,22.55245,0.384314,-0.2775,0,0.9607,183.1844,0,1,0,0,-0.9607,0,-0.2775,-1552.192,0,0,0,1
288.5823,183.3784,0,-1552.247,0.854582,0.854582,-31.23278,205.4615,0.25,-1557.281,22.35121,0.384314,-0.2722,0,0.9622,183.3784,0,1,0,0,-0.9622,0,-0.2722,-1552.247,0,0,0,1
288.5933,183.5719,0,-1552.3,0.840877,0.840877,-31.59533,205.4615,0.25,-1557.281,22.15067,0.384314,-0.2669,0,0.9637,183.5719,0,1,0,0,-0.9637,0,-0.2669,-1552.3,0,0,0,1
288.6047,183.765,0,-1552.353,0.826131,0.826131,-31.86267,205.4615,0.25,-1557.281,21.95087,0.384314,-0.2615,0,0.9652,183.765,0,1,0,0,-0.9652,0,-0.2615,-1552.353,0,0,0,1
288.6157,183.9577,0,-1552.404,0.810204,0.810204,-32.17762,205.4615,0.25,-1557.281,21.75177,0.384314,-0.2561,0,0.9666,183.9577,0,1,0,0,-0.9666,0,-0.2561,-1552.404,0,0,0,1
288.6266,184.1499,0,-1552.454,0.793353,0.793353,-32.41565,205.4615,0.25,-1557.281,21.55339,0.384314,-0.2506,0,0.9681,184.1499,0,1,0,0,-0.9681,0,-0.2506,-1552.454,0,0,0,1
288.6409,184.5328,0,-1552.549,0.761835,0.761835,-32.77455,205.4615,0.25,-1557.281,21.15885,0.384314,-0.2395,0,0.9709,184.5328,0,1,0,0,-0.9709,0,-0.2395,-1552.549,0,0,0,1
288.6522,184.7236,0,-1552.595,0.745649,0.745649,-32.96132,205.4615,0.25,-1557.281,20.96267,0.384314,-0.234,0,0.9722,184.7236,0,1,0,0,-0.9722,0,-0.234,-1552.595,0,0,0,1
288.6602,184.9139,0,-1552.64,0.728419,0.728419,-33.18105,205.4615,0.25,-1557.281,20.76723,0.384314,-0.2283,0,0.9736,184.9139,0,1,0,0,-0.9736,0,-0.2283,-1552.64,0,0,0,1
288.6711,185.1036,0,-1552.683,0.709891,0.709891,-33.32021,205.4615,0.25,-1557.281,20.57261,0.384314,-0.2227,0,0.9749,185.1036,0,1,0,0,-0.9749,0,-0.2227,-1552.683,0,0,0,1
288.6823,185.2929,0,-1552.725,0.691259,0.691259,-33.48867,205.4615,0.25,-1557.281,20.3787,0.384314,-0.217,0,0.9762,185.2929,0,1,0,0,-0.9762,0,-0.217,-1552.725,0,0,0,1
288.6934,185.4817,0,-1552.766,0.674545,0.674545,-33.66446,205.4615,0.25,-1557.281,20.18557,0.384314,-0.2112,0,0.9774,185.4817,0,1,0,0,-0.9774,0,-0.2112,-1552.766,0,0,0,1
288.7046,185.67,0,-1552.806,0.656792,0.656792,-33.82559,205.4615,0.25,-1557.281,19.99319,0.384314,-0.2054,0,0.9787,185.67,0,1,0,0,-0.9787,0,-0.2054,-1552.806,0,0,0,1
288.7157,185.8577,0,-1552.844,0.637891,0.637891,-33.99771,205.4615,0.25,-1557.281,19.80162,0.384314,-0.1996,0,0.9799,185.8577,0,1,0,0,-0.9799,0,-0.1996,-1552.844,0,0,0,1
288.7267,186.0449,0,-1552.881,0.618074,0.618074,-34.14054,205.4615,0.25,-1557.281,19.61082,0.384314,-0.1938,0,0.981,186.0449,0,1,0,0,-0.981,0,-0.1938,-1552.881,0,0,0,1
288.7378,186.2316,0,-1552.917,0.59711,0.59711,-34.37857,205.4615,0.25,-1557.281,19.42081,0.384314,-0.1879,0,0.9822,186.2316,0,1,0,0,-0.9822,0,-0.1879,-1552.917,0,0,0,1
288.749,186.4177,0,-1552.951,0.578514,0.578514,-34.48112,205.4615,0.25,-1557.281,19.23161,0.384314,-0.182,0,0.9833,186.4177,0,1,0,0,-0.9833,0,-0.182,-1552.951,0,0,0,1
288.76,186.7883,0,-1553.016,0.538774,0.538774,-34.61296,205.4615,0.25,-1557.281,18.85562,0.384314,-0.1701,0,0.9854,186.7883,0,1,0,0,-0.9854,0,-0.1701,-1553.016,0,0,0,1
288.7715,186.9728,0,-1553.047,0.517185,0.517185,-34.74113,205.4615,0.25,-1557.281,18.66888,0.384314,-0.1641,0,0.9864,186.9728,0,1,0,0,-0.9864,0,-0.1641,-1553.047,0,0,0,1
288.7821,187.1567,0,-1553.076,0.494693,0.494693,-34.81071,205.4615,0.25,-1557.281,18.48296,0.384314,-0.1581,0,0.9874,187.1567,0,1,0,0,-0.9874,0,-0.1581,-1553.076,0,0,0,1
288.7932,187.34,0,-1553.104,0.472931,0.472931,-34.83635,205.4615,0.25,-1557.281,18.29789,0.384314,-0.1521,0,0.9884,187.34,0,1,0,0,-0.9884,0,-0.1521,-1553.104,0,0,0,1
288.8047,187.5226,0,-1553.132,0.452104,0.452104,-34.83635,205.4615,0.25,-1557.281,18.11364,0.384314,-0.1461,0,0.9893,187.5226,0,1,0,0,-0.9893,0,-0.1461,-1553.132,0,0,0,1
288.8157,187.7047,0,-1553.157,0.430005,0.430005,-34.83635,205.4615,0.25,-1557.281,17.9303,0.384314,-0.1401,0,0.9901,187.7047,0,1,0,0,-0.9901,0,-0.1401,-1553.157,0,0,0,1
288.8271,187.8862,0,-1553.182,0.407012,0.407012,-34.83635,205.4615,0.25,-1557.281,17.7478,0.384314,-0.1341,0,0.991,187.8862,0,1,0,0,-0.991,0,-0.1341,-1553.182,0,0,0,1
288.8382,188.0671,0,-1553.205,0.383007,0.383007,-34.83635,205.4615,0.25,-1557.281,17.56618,0.384314,-0.128,0,0.9918,188.0671,0,1,0,0,-0.9918,0,-0.128,-1553.205,0,0,0,1
288.8497,188.2474,0,-1553.227,0.358111,0.358111,-34.83635,205.4615,0.25,-1557.281,17.38543,0.384314,-0.122,0,0.9925,188.2474,0,1,0,0,-0.9925,0,-0.122,-1553.227,0,0,0,1
288.8604,188.606,0,-1553.268,0.312086,0.312086,-34.83635,205.4615,0.25,-1557.281,17.02663,0.384314,-0.1099,0,0.9939,188.606,0,1,0,0,-0.9939,0,-0.1099,-1553.268,0,0,0,1
288.8713,188.7843,0,-1553.287,0.287825,0.287825,-34.83635,205.4615,0.25,-1557.281,16.84859,0.384314,-0.1039,0,0.9946,188.7843,0,1,0,0,-0.9946,0,-0.1039,-1553.287,0,0,0,1
288.8825,188.962,0,-1553.304,0.262436,0.262436,-34.83635,205.4615,0.25,-1557.281,16.6715,0.384314,-0.0978,0,0.9952,188.962,0,1,0,0,-0.9952,0,-0.0978,-1553.304,0,0,0,1
288.8934,189.139,0,-1553.321,0.236163,0.236163,-34.83635,205.4615,0.25,-1557.281,16.49532,0.384314,-0.0918,0,0.9958,189.139,0,1,0,0,-0.9958,0,-0.0918,-1553.321,0,0,0,1
288.9049,189.3153,0,-1553.336,0.209677,0.209677,-34.81437,205.4615,0.25,-1557.281,16.32011,0.384314,-0.0857,0,0.9963,189.3153,0,1,0,0,-0.9963,0,-0.0857,-1553.336,0,0,0,1
288.9158,189.491,0,-1553.35,0.18491,0.18491,-34.81071,205.4615,0.25,-1557.281,16.14584,0.368627,-0.0797,0,0.9968,189.491,0,1,0,0,-0.9968,0,-0.0797,-1553.35,0,0,0,1
288.9267,189.666,0,-1553.363,0.159262,0.159262,-34.7631,205.4615,0.25,-1557.281,15.97251,0.368627,-0.0736,0,0.9973,189.666,0,1,0,0,-0.9973,0,-0.0736,-1553.363,0,0,0,1
288.9381,189.8404,0,-1553.375,0.132497,0.132497,-34.66423,205.4615,0.25,-1557.281,15.80011,0.368627,-0.0676,0,0.9977,189.8404,0,1,0,0,-0.9977,0,-0.0676,-1553.375,0,0,0,1
288.9505,190.1871,0,-1553.395,0.076448,0.076448,-34.5214,205.4615,0.25,-1557.281,15.45825,0.368627,-0.0556,0,0.9985,190.1871,0,1,0,0,-0.9985,0,-0.0556,-1553.395,0,0,0,1
288.9601,190.3594,0,-1553.403,0.048591,0.048591,-34.30899,205.4615,0.25,-1557.281,15.28877,0.368627,-0.0496,0,0.9988,190.3594,0,1,0,0,-0.9988,0,-0.0496,-1553.403,0,0,0,1
288.9742,190.5311,0,-1553.411,0.021555,0.021555,-34.11124,205.4615,0.25,-1557.281,15.12029,0.368627,-0.0436,0,0.999,190.5311,0,1,0,0,-0.999,0,-0.0436,-1553.411,0,0,0,1
288.9848,190.702,0,-1553.417,0.006227,-0.006227,-33.77798,205.4615,0.25,-1557.281,14.95282,0.360784,-0.0377,0,0.9993,190.702,0,1,0,0,-0.9993,0,-0.0377,-1553.417,0,0,0,1
288.9929,190.8723,0,-1553.423,0.034881,-0.034881,-33.5143,205.4615,0.25,-1557.281,14.78633,0.360784,-0.0319,0,0.9995,190.8723,0,1,0,0,-0.9995,0,-0.0319,-1553.423,0,0,0,1
289.0036,191.0418,0,-1553.427,0.06453,-0.06453,-33.27626,205.4615,0.25,-1557.281,14.62086,0.360784,-0.0261,0,0.9997,191.0418,0,1,0,0,-0.9997,0,-0.0261,-1553.427,0,0,0,1
289.0149,191.2107,0,-1553.431,0.094926,-0.094926,-32.96132,205.4615,0.25,-1557.281,14.45641,0.360784,-0.0203,0,0.9998,191.2107,0,1,0,0,-0.9998,0,-0.0203,-1553.431,0,0,0,1
289.0259,191.3789,0,-1553.433,0.124478,-0.124478,-32.57312,205.4615,0.25,-1557.281,14.29299,0.360784,-0.0146,0,0.9999,191.3789,0,1,0,0,-0.9999,0,-0.0146,-1553.433,0,0,0,1
289.037,191.5463,0,-1553.435,0.153275,-0.153275,-32.17395,205.4615,0.25,-1557.281,14.13062,0.360784,-0.009,0,1,191.5463,0,1,0,0,-1,0,-0.009,-1553.435,0,0,0,1
289.0481,191.713,0,-1553.435,0.182813,-0.182813,-31.83703,205.4615,0.25,-1557.281,13.96929,0.360784,-0.0035,0,1,191.713,0,1,0,0,-1,0,-0.0035,-1553.435,0,0,0,1
289.0593,191.8791,0,-1553.435,0.213098,-0.213098,-31.47448,205.4615,0.25,-1557.281,13.80903,0.352941,0.002,0,1,191.8791,0,1,0,0,-1,0,0.002,-1553.435,0,0,0,1
289.0704,192.209,0,-1553.431,0.276012,-0.276012,-31.07164,205.4615,0.25,-1557.281,13.49171,0.352941,0.0129,0,0.9999,192.209,0,1,0,0,-0.9999,0,0.0129,-1553.431,0,0,0,1
289.0822,192.3728,0,-1553.429,0.307228,-0.307228,-30.85558,205.4615,0.25,-1557.281,13.33461,0.352941,0.0182,0,0.9998,192.3728,0,1,0,0,-0.9998,0,0.0182,-1553.429,0,0,0,1
289.0926,192.536,0,-1553.425,0.337168,-0.337168,-30.5626,205.4615,0.25,-1557.281,13.17863,0.352941,0.0236,0,0.9997,192.536,0,1,0,0,-0.9997,0,0.0236,-1553.425,0,0,0,1
289.1043,192.6984,0,-1553.42,0.368093,-0.368093,-30.33189,205.4615,0.25,-1557.281,13.02381,0.352941,0.0289,0,0.9996,192.6984,0,1,0,0,-0.9996,0,0.0289,-1553.42,0,0,0,1
289.1147,192.8601,0,-1553.415,0.399633,-0.399633,-30.08652,205.4615,0.25,-1557.281,12.8701,0.352941,0.0341,0,0.9994,192.8601,0,1,0,0,-0.9994,0,0.0341,-1553.415,0,0,0,1
289.1259,193.021,0,-1553.408,0.43179,-0.43179,-29.89243,205.4615,0.25,-1557.281,12.71753,0.352941,0.0393,0,0.9992,193.021,0,1,0,0,-0.9992,0,0.0393,-1553.408,0,0,0,1
289.137,193.1812,0,-1553.401,0.464681,-0.464681,-29.62875,205.4615,0.25,-1557.281,12.56608,0.345098,0.0445,0,0.999,193.1812,0,1,0,0,-0.999,0,0.0445,-1553.401,0,0,0,1
289.1483,193.3407,0,-1553.393,0.497681,-0.497681,-29.48592,205.4615,0.25,-1557.281,12.41577,0.345098,0.0496,0,0.9988,193.3407,0,1,0,0,-0.9988,0,0.0496,-1553.393,0,0,0,1
289.1591,193.4995,0,-1553.385,0.528891,-0.528891,-29.26985,205.4615,0.25,-1557.281,12.26668,0.345098,0.0547,0,0.9985,193.4995,0,1,0,0,-0.9985,0,0.0547,-1553.385,0,0,0,1
289.1711,193.8148,0,-1553.365,0.593275,-0.593275,-29.09407,205.4615,0.25,-1557.281,11.97209,0.345098,0.0649,0,0.9979,193.8148,0,1,0,0,-0.9979,0,0.0649,-1553.365,0,0,0,1
289.1817,193.9713,0,-1553.354,0.626198,-0.626198,-28.85603,205.4615,0.25,-1557.281,11.82653,0.345098,0.0699,0,0.9976,193.9713,0,1,0,0,-0.9976,0,0.0699,-1553.354,0,0,0,1
289.1925,194.1271,0,-1553.342,0.659855,-0.659855,-28.62531,205.4615,0.25,-1557.281,11.68228,0.345098,0.0749,0,0.9972,194.1271,0,1,0,0,-0.9972,0,0.0749,-1553.342,0,0,0,1
289.2039,194.2821,0,-1553.33,0.694122,-0.694122,-28.32868,205.4615,0.25,-1557.281,11.53926,0.345098,0.0798,0,0.9968,194.2821,0,1,0,0,-0.9968,0,0.0798,-1553.33,0,0,0,1
289.2151,194.4364,0,-1553.317,0.726875,-0.726875,-27.99542,205.4615,0.25,-1557.281,11.39748,0.345098,0.0847,0,0.9964,194.4364,0,1,0,0,-0.9964,0,0.0847,-1553.317,0,0,0,1
289.2258,194.59,0,-1553.303,0.759358,-0.759358,-27.68414,205.4615,0.25,-1557.281,11.257,0.337255,0.0895,0,0.996,194.59,0,1,0,0,-0.996,0,0.0895,-1553.303,0,0,0,1
289.2371,194.7428,0,-1553.288,0.792327,-0.792327,-27.18242,205.4615,0.25,-1557.281,11.11778,0.337255,0.0942,0,0.9956,194.7428,0,1,0,0,-0.9956,0,0.0942,-1553.288,0,0,0,1
289.2487,194.8948,0,-1553.273,0.826027,-0.826027,-26.8748,205.4615,0.25,-1557.281,10.9799,0.329412,0.0989,0,0.9951,194.8948,0,1,0,0,-0.9951,0,0.0989,-1553.273,0,0,0,1
289.2593,195.0462,0,-1553.257,0.860089,-0.860089,-26.36942,205.4615,0.25,-1557.281,10.84328,0.321569,0.1035,0,0.9946,195.0462,0,1,0,0,-0.9946,0,0.1035,-1553.257,0,0,0,1
289.2705,195.3467,0,-1553.224,0.929811,-0.929811,-25.92996,205.4615,0.25,-1557.281,10.57408,0.305882,0.1125,0,0.9937,195.3467,0,1,0,0,-0.9937,0,0.1125,-1553.224,0,0,0,1
289.2815,195.4959,0,-1553.207,0.962354,-0.962354,-25.36232,205.4615,0.25,-1557.281,10.44135,0.298039,0.1169,0,0.9931,195.4959,0,1,0,0,-0.9931,0,0.1169,-1553.207,0,0,0,1
289.2925,195.6445,0,-1553.188,0.995748,-0.995748,-24.89357,205.4615,0.25,-1557.281,10.31002,0.282353,0.1212,0,0.9926,195.6445,0,1,0,0,-0.9926,0,0.1212,-1553.188,0,0,0,1
289.3067,195.7924,0,-1553.17,1.029746,-1.029746,-24.32227,205.4615,0.25,-1557.281,10.18002,0.243137,0.1254,0,0.9921,195.7924,0,1,0,0,-0.9921,0,0.1254,-1553.17,0,0,0,1
289.3184,195.9397,0,-1553.15,1.064105,-1.064105,-23.65942,205.4615,0.25,-1557.281,10.05128,0.211765,0.1295,0,0.9916,195.9397,0,1,0,0,-0.9916,0,0.1295,-1553.15,0,0,0,1
289.3262,196.0866,0,-1553.131,1.098826,-1.098826,-23.10643,205.4615,0.25,-1557.281,9.923736,0.188235,0.1335,0,0.9911,196.0866,0,1,0,0,-0.9911,0,0.1335,-1553.131,0,0,0,1
289.3381,196.233,0,-1553.11,1.134026,-1.134026,-22.74754,205.4615,0.25,-1557.281,9.797375,0.156863,0.1374,0,0.9905,196.233,0,1,0,0,-0.9905,0,0.1374,-1553.11,0,0,0,1
289.3487,196.379,0,-1553.089,1.168807,-1.168807,-22.22018,205.4615,0.25,-1557.281,9.672233,0.117647,0.1413,0,0.99,196.379,0,1,0,0,-0.99,0,0.1413,-1553.089,0,0,0,1
289.3595,196.5247,0,-1553.068,1.202271,-1.202271,-21.81003,205.4615,0.25,-1557.281,9.548223,0.086275,0.145,0,0.9894,196.5247,0,1,0,0,-0.9894,0,0.145,-1553.068,0,0,0,1
289.3708,196.8153,0,-1553.024,1.270523,-1.270523,-21.4255,205.4615,0.25,-1557.281,9.303543,0.054902,0.1524,0,0.9883,196.8153,0,1,0,0,-0.9883,0,0.1524,-1553.024,0,0,0,1
289.3821,196.9603,0,-1553.001,1.305429,-1.305429,-20.96773,205.4615,0.25,-1557.281,9.182943,0.015686,0.156,0,0.9878,196.9603,0,1,0,0,-0.9878,0,0.156,-1553.001,0,0,0,1
289.3935,197.1057,0,-1552.978,1.340815,-1.340815,-20.55757,205.4615,0.25,-1557.281,9.063049,0,0.1596,0,0.9872,197.1057,0,1,0,0,-0.9872,0,0.1596,-1552.978,0,0,0,1
289.4046,197.2513,0,-1552.953,1.376924,-1.376924,-20.08515,205.4615,0.25,-1557.281,8.943991,0,0.163,0,0.9866,197.2513,0,1,0,0,-0.9866,0,0.163,-1552.953,0,0,0,1
289.4164,197.3972,0,-1552.929,1.412119,-1.412119,-19.83612,205.4615,0.25,-1557.281,8.825794,0,0.1665,0,0.986,197.3972,0,1,0,0,-0.986,0,0.1665,-1552.929,0,0,0,1
289.4263,197.5434,0,-1552.904,1.446517,-1.446517,-19.45892,205.4615,0.25,-1557.281,8.708471,0,0.1698,0,0.9855,197.5434,0,1,0,0,-0.9855,0,0.1698,-1552.904,0,0,0,1
289.4371,197.69,0,-1552.878,1.481638,-1.481638,-19.16594,205.4615,0.25,-1557.281,8.592124,0,0.1731,0,0.9849,197.69,0,1,0,0,-0.9849,0,0.1731,-1552.878,0,0,0,1
289.4486,197.8369,0,-1552.852,1.517358,-1.517358,-18.87663,205.4615,0.25,-1557.281,8.476828,0,0.1763,0,0.9843,197.8369,0,1,0,0,-0.9843,0,0.1763,-1552.852,0,0,0,1
289.4592,197.984,0,-1552.825,1.553434,-1.553434,-18.51407,205.4615,0.25,-1557.281,8.362585,0,0.1795,0,0.9838,197.984,0,1,0,0,-0.9838,0,0.1795,-1552.825,0,0,0,1
289.4704,198.2793,0,-1552.769,1.627502,-1.627502,-18.20646,205.4615,0.25,-1557.281,8.137656,0,0.1858,0,0.9826,198.2793,0,1,0,0,-0.9826,0,0.1858,-1552.769,0,0,0,1
289.4821,198.4274,0,-1552.741,1.662703,-1.662703,-17.82559,205.4615,0.25,-1557.281,8.026906,0,0.1888,0,0.982,198.4274,0,1,0,0,-0.982,0,0.1888,-1552.741,0,0,0,1
289.4926,198.5758,0,-1552.712,1.698409,-1.698409,-17.41176,205.4615,0.25,-1557.281,7.91778,0,0.1918,0,0.9814,198.5758,0,1,0,0,-0.9814,0,0.1918,-1552.712,0,0,0,1
289.5037,198.7245,0,-1552.682,1.734469,-1.734469,-17.05653,205.4615,0.25,-1557.281,7.809995,0,0.1947,0,0.9809,198.7245,0,1,0,0,-0.9809,0,0.1947,-1552.682,0,0,0,1
289.5148,198.8735,0,-1552.652,1.771002,-1.771002,-16.67567,205.4615,0.25,-1557.281,7.703712,0,0.1976,0,0.9803,198.8735,0,1,0,0,-0.9803,0,0.1976,-1552.652,0,0,0,1
289.526,199.0228,0,-1552.622,1.808132,-1.808132,-16.20691,205.4615,0.25,-1557.281,7.599017,0,0.2004,0,0.9797,199.0228,0,1,0,0,-0.9797,0,0.2004,-1552.622,0,0,0,1
289.5371,199.1724,0,-1552.591,1.845611,-1.845611,-15.7052,205.4615,0.25,-1557.281,7.496002,0,0.203,0,0.9792,199.1724,0,1,0,0,-0.9792,0,0.203,-1552.591,0,0,0,1
289.5482,199.3223,0,-1552.559,1.882814,-1.882814,-15.25475,205.4615,0.25,-1557.281,7.394749,0,0.2056,0,0.9786,199.3223,0,1,0,0,-0.9786,0,0.2056,-1552.559,0,0,0,1
289.5592,199.4726,0,-1552.527,1.918508,-1.918508,-14.67612,205.4615,0.25,-1557.281,7.29537,0,0.2082,0,0.9781,199.4726,0,1,0,0,-0.9781,0,0.2082,-1552.527,0,0,0,1
289.5706,199.774,0,-1552.462,1.991315,-1.991315,-13.95834,205.4615,0.25,-1557.281,7.10265,0,0.2129,0,0.9771,199.774,0,1,0,0,-0.9771,0,0.2129,-1552.462,0,0,0,1
289.5813,199.9251,0,-1552.429,2.028181,-2.028181,-13.52621,205.4615,0.25,-1557.281,7.009345,0,0.2152,0,0.9766,199.9251,0,1,0,0,-0.9766,0,0.2152,-1552.429,0,0,0,1
289.5924,200.0766,0,-1552.395,2.065518,-2.065518,-12.97688,205.4615,0.25,-1557.281,6.918345,0,0.2174,0,0.9761,200.0766,0,1,0,0,-0.9761,0,0.2174,-1552.395,0,0,0,1
289.6037,200.2284,0,-1552.361,2.103323,-2.103323,-12.32502,205.4615,0.25,-1557.281,6.82976,0,0.2195,0,0.9756,200.2284,0,1,0,0,-0.9756,0,0.2195,-1552.361,0,0,0,1
289.6147,200.3806,0,-1552.326,2.138891,-2.138891,-11.7464,205.4615,0.25,-1557.281,6.743532,0,0.2215,0,0.9752,200.3806,0,1,0,0,-0.9752,0,0.2215,-1552.326,0,0,0,1
289.6256,200.533,0,-1552.291,2.174691,-2.174691,-11.02861,205.4615,0.25,-1557.281,6.660073,0,0.2234,0,0.9747,200.533,0,1,0,0,-0.9747,0,0.2234,-1552.291,0,0,0,1
289.6402,200.8389,0,-1552.22,2.24709,-2.24709,-10.18998,205.4615,0.25,-1557.281,6.501189,0,0.2269,0,0.9739,200.8389,0,1,0,0,-0.9739,0,0.2269,-1552.22,0,0,0,1
289.6512,200.9923,0,-1552.184,2.283808,-2.283808,-9.516134,205.4615,0.25,-1557.281,6.426123,0,0.2285,0,0.9735,200.9923,0,1,0,0,-0.9735,0,0.2285,-1552.184,0,0,0,1
289.6591,200.9923,0,-1552.184,2.283808,-2.283808,-9.516134,205.4615,0.25,-1557.281,6.426123,0,0.2285,0,0.9735,200.9923,0,1,0,0,-0.9735,0,0.2285,-1552.184,0,0,0,1
