time,pos_x,pos_y,pos_z,distFromRoadCenter,signedDistFromRoadCenter,wheelAngle,obstacle_pos_x,obstacle_pos_y,obstacle_pos_z,distance_to_obstacle,brake_position,simplecar_4x4_R0C0,simplecar_4x4_R0C1,simplecar_4x4_R0C2,simplecar_4x4_R0C3,simplecar_4x4_R1C0,simplecar_4x4_R1C1,simplecar_4x4_R1C2,simplecar_4x4_R1C3,simplecar_4x4_R2C0,simplecar_4x4_R2C1,simplecar_4x4_R2C2,simplecar_4x4_R2C3,simplecar_4x4_R3C0,simplecar_4x4_R3C1,simplecar_4x4_R3C2,simplecar_4x4_R3C3
126.2495,512.4623,0,-614.759,1.389441,1.389441,1.931791,510.2096,0.25,-537.0947,77.44027,0,-0.9937,0,0.1124,512.4623,0,1,0,0,-0.1124,0,-0.9937,-614.759,0,0,0,1
126.2608,512.5183,0,-615.2559,1.384328,1.384328,1.979399,510.2096,0.25,-537.0947,77.93839,0,-0.9937,0,0.1118,512.5183,0,1,0,0,-0.1118,0,-0.9937,-615.2559,0,0,0,1
126.2722,512.5461,0,-615.5043,1.381936,1.381936,2.023344,510.2096,0.25,-537.0947,78.18752,0,-0.9938,0,0.1114,512.5461,0,1,0,0,-0.1114,0,-0.9938,-615.5043,0,0,0,1
126.2828,512.5739,0,-615.7528,1.379604,1.379604,2.048979,510.2096,0.25,-537.0947,78.43665,0,-0.9938,0,0.1111,512.5739,0,1,0,0,-0.1111,0,-0.9938,-615.7528,0,0,0,1
126.2939,512.6016,0,-616.0013,1.377399,1.377399,2.092924,510.2096,0.25,-537.0947,78.68578,0,-0.9939,0,0.1107,512.6016,0,1,0,0,-0.1107,0,-0.9939,-616.0013,0,0,0,1
126.3061,512.6292,0,-616.2498,1.375249,1.375249,2.147856,510.2096,0.25,-537.0947,78.93491,0,-0.9939,0,0.1103,512.6292,0,1,0,0,-0.1103,0,-0.9939,-616.2498,0,0,0,1
126.3161,512.6566,0,-616.4982,1.373227,1.373227,2.221098,510.2096,0.25,-537.0947,79.18405,0,-0.9939,0,0.1099,512.6566,0,1,0,0,-0.1099,0,-0.9939,-616.4982,0,0,0,1
126.3273,512.684,0,-616.7467,1.371259,1.371259,2.287016,510.2096,0.25,-537.0947,79.43319,0,-0.994,0,0.1095,512.684,0,1,0,0,-0.1095,0,-0.994,-616.7467,0,0,0,1
126.344,512.7385,0,-617.2438,1.3677,1.3677,2.389569,510.2096,0.25,-537.0947,79.9316,0,-0.9941,0,0.1087,512.7385,0,1,0,0,-0.1087,0,-0.9941,-617.2438,0,0,0,1
126.3583,512.7655,0,-617.4923,1.366109,1.366109,2.47746,510.2096,0.25,-537.0947,80.18081,0,-0.9941,0,0.1083,512.7655,0,1,0,0,-0.1083,0,-0.9941,-617.4923,0,0,0,1
126.3669,512.7925,0,-617.7408,1.364572,1.364572,2.59831,510.2096,0.25,-537.0947,80.43002,0,-0.9942,0,0.1078,512.7925,0,1,0,0,-0.1078,0,-0.9942,-617.7408,0,0,0,1
126.3742,512.8193,0,-617.9894,1.363163,1.363163,2.671552,510.2096,0.25,-537.0947,80.67923,0,-0.9942,0,0.1074,512.8193,0,1,0,0,-0.1074,0,-0.9942,-617.9894,0,0,0,1
126.3824,512.8461,0,-618.238,1.361876,1.361876,2.744794,510.2096,0.25,-537.0947,80.9285,0,-0.9943,0,0.1069,512.8461,0,1,0,0,-0.1069,0,-0.9943,-618.238,0,0,0,1
126.394,512.8727,0,-618.4866,1.36077,1.36077,2.814374,510.2096,0.25,-537.0947,81.17778,0,-0.9943,0,0.1064,512.8727,0,1,0,0,-0.1064,0,-0.9943,-618.4866,0,0,0,1
126.4042,512.8992,0,-618.7352,1.359726,1.359726,2.938886,510.2096,0.25,-537.0947,81.42706,0,-0.9944,0,0.1059,512.8992,0,1,0,0,-0.1059,0,-0.9944,-618.7352,0,0,0,1
126.4156,512.9255,0,-618.9838,1.358809,1.358809,3.041425,510.2096,0.25,-537.0947,81.67633,0,-0.9944,0,0.1054,512.9255,0,1,0,0,-0.1054,0,-0.9944,-618.9838,0,0,0,1
126.4267,512.9517,0,-619.2324,1.358074,1.358074,3.180585,510.2096,0.25,-537.0947,81.92561,0,-0.9945,0,0.1048,512.9517,0,1,0,0,-0.1048,0,-0.9945,-619.2324,0,0,0,1
126.4383,512.9778,0,-619.481,1.357461,1.357461,3.323421,510.2096,0.25,-537.0947,82.17495,0,-0.9946,0,0.1042,512.9778,0,1,0,0,-0.1042,0,-0.9946,-619.481,0,0,0,1
126.4486,513.0037,0,-619.7297,1.357029,1.357029,3.400326,510.2096,0.25,-537.0947,82.42428,0,-0.9946,0,0.1036,513.0037,0,1,0,0,-0.1036,0,-0.9946,-619.7297,0,0,0,1
126.4598,513.0294,0,-619.9783,1.35672,1.35672,3.495541,510.2096,0.25,-537.0947,82.67361,0,-0.9947,0,0.103,513.0294,0,1,0,0,-0.103,0,-0.9947,-619.9783,0,0,0,1
126.4711,513.0804,0,-620.4758,1.356598,1.356598,3.605404,510.2096,0.25,-537.0947,83.17241,0,-0.9948,0,0.1018,513.0804,0,1,0,0,-0.1018,0,-0.9948,-620.4758,0,0,0,1
126.4821,513.1057,0,-620.7244,1.35678,1.35678,3.682308,510.2096,0.25,-537.0947,83.42174,0,-0.9949,0,0.1011,513.1057,0,1,0,0,-0.1011,0,-0.9949,-620.7244,0,0,0,1
126.4933,513.1309,0,-620.9731,1.35709,1.35709,3.759212,510.2096,0.25,-537.0947,83.67113,0,-0.9949,0,0.1005,513.1309,0,1,0,0,-0.1005,0,-0.9949,-620.9731,0,0,0,1
126.5044,513.1558,0,-621.2219,1.357582,1.357582,3.832455,510.2096,0.25,-537.0947,83.92059,0,-0.995,0,0.0998,513.1558,0,1,0,0,-0.0998,0,-0.995,-621.2219,0,0,0,1
126.5154,513.1806,0,-621.4707,1.358256,1.358256,3.8764,510.2096,0.25,-537.0947,84.17003,0,-0.9951,0,0.0991,513.1806,0,1,0,0,-0.0991,0,-0.9951,-621.4707,0,0,0,1
126.5265,513.2052,0,-621.7195,1.359113,1.359113,3.902035,510.2096,0.25,-537.0947,84.41948,0,-0.9951,0,0.0985,513.2052,0,1,0,0,-0.0985,0,-0.9951,-621.7195,0,0,0,1
126.5376,513.2297,0,-621.9683,1.360096,1.360096,3.920345,510.2096,0.25,-537.0947,84.66892,0,-0.9952,0,0.0978,513.2297,0,1,0,0,-0.0978,0,-0.9952,-621.9683,0,0,0,1
126.5485,513.254,0,-622.2171,1.361262,1.361262,3.924007,510.2096,0.25,-537.0947,84.91843,0,-0.9953,0,0.0971,513.254,0,1,0,0,-0.0971,0,-0.9953,-622.2171,0,0,0,1
126.5597,513.2781,0,-622.4659,1.362611,1.362611,3.924007,510.2096,0.25,-537.0947,85.16793,0,-0.9953,0,0.0964,513.2781,0,1,0,0,-0.0964,0,-0.9953,-622.4659,0,0,0,1
126.5708,513.3257,0,-622.9636,1.36586,1.36586,3.924007,510.2096,0.25,-537.0947,85.66692,0,-0.9955,0,0.0951,513.3257,0,1,0,0,-0.0951,0,-0.9955,-622.9636,0,0,0,1
126.5818,513.3494,0,-623.2125,1.3677,1.3677,3.924007,510.2096,0.25,-537.0947,85.91647,0,-0.9955,0,0.0944,513.3494,0,1,0,0,-0.0944,0,-0.9955,-623.2125,0,0,0,1
126.5931,513.3728,0,-623.4614,1.369729,1.369729,3.924007,510.2096,0.25,-537.0947,86.16602,0,-0.9956,0,0.0937,513.3728,0,1,0,0,-0.0937,0,-0.9956,-623.4614,0,0,0,1
126.6043,513.3961,0,-623.7103,1.371933,1.371933,3.924007,510.2096,0.25,-537.0947,86.41557,0,-0.9957,0,0.093,513.3961,0,1,0,0,-0.093,0,-0.9957,-623.7103,0,0,0,1
126.6152,513.4191,0,-623.9593,1.374326,1.374326,3.924007,510.2096,0.25,-537.0947,86.66517,0,-0.9957,0,0.0923,513.4191,0,1,0,0,-0.0923,0,-0.9957,-623.9593,0,0,0,1
126.6262,513.442,0,-624.2083,1.376907,1.376907,3.924007,510.2096,0.25,-537.0947,86.91477,0,-0.9958,0,0.0917,513.442,0,1,0,0,-0.0917,0,-0.9958,-624.2083,0,0,0,1
126.6376,513.4648,0,-624.4572,1.379604,1.379604,3.924007,510.2096,0.25,-537.0947,87.16437,0,-0.9959,0,0.091,513.4648,0,1,0,0,-0.091,0,-0.9959,-624.4572,0,0,0,1
126.6494,513.4874,0,-624.7062,1.382488,1.382488,3.924007,510.2096,0.25,-537.0947,87.41396,0,-0.9959,0,0.0903,513.4874,0,1,0,0,-0.0903,0,-0.9959,-624.7062,0,0,0,1
126.6596,513.5098,0,-624.9552,1.385555,1.385555,3.942318,510.2096,0.25,-537.0947,87.66361,0,-0.996,0,0.0896,513.5098,0,1,0,0,-0.0896,0,-0.996,-624.9552,0,0,0,1
126.6745,513.554,0,-625.4532,1.392242,1.392242,3.967953,510.2096,0.25,-537.0947,88.1629,0,-0.9961,0,0.0882,513.554,0,1,0,0,-0.0882,0,-0.9961,-625.4532,0,0,0,1
126.6847,513.5759,0,-625.7023,1.395868,1.395868,4.000912,510.2096,0.25,-537.0947,88.41254,0,-0.9962,0,0.0875,513.5759,0,1,0,0,-0.0875,0,-0.9962,-625.7023,0,0,0,1
126.6928,513.5977,0,-625.9513,1.399609,1.399609,4.048519,510.2096,0.25,-537.0947,88.66218,0,-0.9962,0,0.0868,513.5977,0,1,0,0,-0.0868,0,-0.9962,-625.9513,0,0,0,1
126.704,513.6192,0,-626.2004,1.403538,1.403538,4.099789,510.2096,0.25,-537.0947,88.91193,0,-0.9963,0,0.0861,513.6192,0,1,0,0,-0.0861,0,-0.9963,-626.2004,0,0,0,1
126.7156,513.6406,0,-626.4495,1.407644,1.407644,4.209652,510.2096,0.25,-537.0947,89.16162,0,-0.9963,0,0.0854,513.6406,0,1,0,0,-0.0854,0,-0.9963,-626.4495,0,0,0,1
126.7264,513.6617,0,-626.6986,1.411944,1.411944,4.330516,510.2096,0.25,-537.0947,89.4113,0,-0.9964,0,0.0846,513.6617,0,1,0,0,-0.0846,0,-0.9964,-626.6986,0,0,0,1
126.7382,513.6827,0,-626.9478,1.41648,1.41648,4.425731,510.2096,0.25,-537.0947,89.66104,0,-0.9965,0,0.0839,513.6827,0,1,0,0,-0.0839,0,-0.9965,-626.9478,0,0,0,1
126.7488,513.7034,0,-627.1969,1.421205,1.421205,4.553905,510.2096,0.25,-537.0947,89.91077,0,-0.9965,0,0.0831,513.7034,0,1,0,0,-0.0831,0,-0.9965,-627.1969,0,0,0,1
126.7595,513.724,0,-627.446,1.426113,1.426113,4.68574,510.2096,0.25,-537.0947,90.1605,0,-0.9966,0,0.0822,513.724,0,1,0,0,-0.0822,0,-0.9966,-627.446,0,0,0,1
126.7706,513.7645,0,-627.9444,1.436546,1.436546,4.85786,510.2096,0.25,-537.0947,90.65999,0,-0.9968,0,0.0806,513.7645,0,1,0,0,-0.0806,0,-0.9968,-627.9444,0,0,0,1
126.7818,513.7844,0,-628.1936,1.442128,1.442128,4.956737,510.2096,0.25,-537.0947,90.90976,0,-0.9968,0,0.0797,513.7844,0,1,0,0,-0.0797,0,-0.9968,-628.1936,0,0,0,1
126.7937,513.8041,0,-628.4429,1.447891,1.447891,5.099559,510.2096,0.25,-537.0947,91.15958,0,-0.9969,0,0.0788,513.8041,0,1,0,0,-0.0788,0,-0.9969,-628.4429,0,0,0,1
126.8048,513.8235,0,-628.6921,1.453904,1.453904,5.224085,510.2096,0.25,-537.0947,91.40933,0,-0.997,0,0.0779,513.8235,0,1,0,0,-0.0779,0,-0.997,-628.6921,0,0,0,1
126.8161,513.8428,0,-628.9413,1.460165,1.460165,5.3193,510.2096,0.25,-537.0947,91.65914,0,-0.997,0,0.077,513.8428,0,1,0,0,-0.077,0,-0.997,-628.9413,0,0,0,1
126.8275,513.8618,0,-629.1906,1.46667,1.46667,5.432825,510.2096,0.25,-537.0947,91.90894,0,-0.9971,0,0.076,513.8618,0,1,0,0,-0.076,0,-0.9971,-629.1906,0,0,0,1
126.8391,513.8805,0,-629.4399,1.473417,1.473417,5.52804,510.2096,0.25,-537.0947,92.15873,0,-0.9972,0,0.0751,513.8805,0,1,0,0,-0.0751,0,-0.9972,-629.4399,0,0,0,1
126.85,513.9174,0,-629.9385,1.487464,1.487464,5.560999,510.2096,0.25,-537.0947,92.65841,0,-0.9973,0,0.0731,513.9174,0,1,0,0,-0.0731,0,-0.9973,-629.9385,0,0,0,1
126.8624,513.9354,0,-630.1879,1.494892,1.494892,5.582972,510.2096,0.25,-537.0947,92.90824,0,-0.9974,0,0.0722,513.9354,0,1,0,0,-0.0722,0,-0.9974,-630.1879,0,0,0,1
126.8731,513.9532,0,-630.4373,1.502556,1.502556,5.582972,510.2096,0.25,-537.0947,93.15813,0,-0.9975,0,0.0712,513.9532,0,1,0,0,-0.0712,0,-0.9975,-630.4373,0,0,0,1
126.8842,513.9708,0,-630.6866,1.51047,1.51047,5.582972,510.2096,0.25,-537.0947,93.408,0,-0.9975,0,0.0702,513.9708,0,1,0,0,-0.0702,0,-0.9975,-630.6866,0,0,0,1
126.8957,513.9882,0,-630.936,1.518571,1.518571,5.582972,510.2096,0.25,-537.0947,93.65787,0,-0.9976,0,0.0692,513.9882,0,1,0,0,-0.0692,0,-0.9976,-630.936,0,0,0,1
126.9069,514.0052,0,-631.1854,1.526977,1.526977,5.582972,510.2096,0.25,-537.0947,93.90772,0,-0.9977,0,0.0683,514.0052,0,1,0,0,-0.0683,0,-0.9977,-631.1854,0,0,0,1
126.9193,514.0221,0,-631.4349,1.535625,1.535625,5.579309,510.2096,0.25,-537.0947,94.15763,0,-0.9977,0,0.0673,514.0221,0,1,0,0,-0.0673,0,-0.9977,-631.4349,0,0,0,1
126.9295,514.0387,0,-631.6843,1.544522,1.544522,5.560999,510.2096,0.25,-537.0947,94.40753,0,-0.9978,0,0.0663,514.0387,0,1,0,0,-0.0663,0,-0.9978,-631.6843,0,0,0,1
126.9411,514.0712,0,-632.1832,1.562991,1.562991,5.550013,510.2096,0.25,-537.0947,94.9073,0,-0.9979,0,0.0644,514.0712,0,1,0,0,-0.0644,0,-0.9979,-632.1832,0,0,0,1
126.952,514.087,0,-632.4327,1.572623,1.572623,5.531702,510.2096,0.25,-537.0947,95.15724,0,-0.998,0,0.0634,514.087,0,1,0,0,-0.0634,0,-0.998,-632.4327,0,0,0,1
126.9631,514.1027,0,-632.6823,1.582498,1.582498,5.509729,510.2096,0.25,-537.0947,95.40717,0,-0.998,0,0.0625,514.1027,0,1,0,0,-0.0625,0,-0.998,-632.6823,0,0,0,1
126.9744,514.118,0,-632.9318,1.592622,1.592622,5.487757,510.2096,0.25,-537.0947,95.65708,0,-0.9981,0,0.0615,514.118,0,1,0,0,-0.0615,0,-0.9981,-632.9318,0,0,0,1
126.9855,514.1332,0,-633.1813,1.602996,1.602996,5.45846,510.2096,0.25,-537.0947,95.90699,0,-0.9982,0,0.0606,514.1332,0,1,0,0,-0.0606,0,-0.9982,-633.1813,0,0,0,1
126.9965,514.1481,0,-633.4308,1.613545,1.613545,5.418177,510.2096,0.25,-537.0947,96.15695,0,-0.9982,0,0.0596,514.1481,0,1,0,0,-0.0596,0,-0.9982,-633.4308,0,0,0,1
127.011,514.1772,0,-633.93,1.635451,1.635451,5.38888,510.2096,0.25,-537.0947,96.65685,0,-0.9983,0,0.0577,514.1772,0,1,0,0,-0.0577,0,-0.9983,-633.93,0,0,0,1
127.0218,514.1914,0,-634.1796,1.64668,1.64668,5.363245,510.2096,0.25,-537.0947,96.90678,0,-0.9984,0,0.0568,514.1914,0,1,0,0,-0.0568,0,-0.9984,-634.1796,0,0,0,1
127.0311,514.2054,0,-634.4292,1.658213,1.658213,5.344934,510.2096,0.25,-537.0947,97.15677,0,-0.9984,0,0.0559,514.2054,0,1,0,0,-0.0559,0,-0.9984,-634.4292,0,0,0,1
127.0407,514.2191,0,-634.6788,1.669935,1.669935,5.341272,510.2096,0.25,-537.0947,97.40675,0,-0.9985,0,0.055,514.2191,0,1,0,0,-0.055,0,-0.9985,-634.6788,0,0,0,1
127.0517,514.2326,0,-634.9285,1.68196,1.68196,5.341272,510.2096,0.25,-537.0947,97.65678,0,-0.9985,0,0.054,514.2326,0,1,0,0,-0.054,0,-0.9985,-634.9285,0,0,0,1
127.0629,514.2458,0,-635.1781,1.694167,1.694167,5.341272,510.2096,0.25,-537.0947,97.90668,0,-0.9986,0,0.0531,514.2458,0,1,0,0,-0.0531,0,-0.9986,-635.1781,0,0,0,1
127.0743,514.2589,0,-635.4277,1.706623,1.706623,5.341272,510.2096,0.25,-537.0947,98.15662,0,-0.9986,0,0.0522,514.2589,0,1,0,0,-0.0522,0,-0.9986,-635.4277,0,0,0,1
127.0859,514.2717,0,-635.6774,1.719262,1.719262,5.341272,510.2096,0.25,-537.0947,98.40663,0,-0.9987,0,0.0512,514.2717,0,1,0,0,-0.0512,0,-0.9987,-635.6774,0,0,0,1
127.0962,514.2843,0,-635.9271,1.73221,1.73221,5.359583,510.2096,0.25,-537.0947,98.65662,0,-0.9987,0,0.0503,514.2843,0,1,0,0,-0.0503,0,-0.9987,-635.9271,0,0,0,1
127.1077,514.2966,0,-636.1768,1.745334,1.745334,5.385218,510.2096,0.25,-537.0947,98.90661,0,-0.9988,0,0.0494,514.2966,0,1,0,0,-0.0494,0,-0.9988,-636.1768,0,0,0,1
127.1193,514.3087,0,-636.4265,1.758714,1.758714,5.410852,510.2096,0.25,-537.0947,99.15659,0,-0.9988,0,0.0484,514.3087,0,1,0,0,-0.0484,0,-0.9988,-636.4265,0,0,0,1
127.1298,514.3206,0,-636.6762,1.77239,1.77239,5.454798,510.2096,0.25,-537.0947,99.40656,0,-0.9989,0,0.0475,514.3206,0,1,0,0,-0.0475,0,-0.9989,-636.6762,0,0,0,1
127.1408,514.3436,0,-637.1757,1.80037,1.80037,5.487757,510.2096,0.25,-537.0947,99.90658,0,-0.999,0,0.0455,514.3436,0,1,0,0,-0.0455,0,-0.999,-637.1757,0,0,0,1
127.1517,514.3547,0,-637.4255,1.814666,1.814666,5.531702,510.2096,0.25,-537.0947,100.1566,0,-0.999,0,0.0446,514.3547,0,1,0,0,-0.0446,0,-0.999,-637.4255,0,0,0,1
127.1629,514.3657,0,-637.6752,1.829206,1.829206,5.59762,510.2096,0.25,-537.0947,100.4066,0,-0.999,0,0.0436,514.3657,0,1,0,0,-0.0436,0,-0.999,-637.6752,0,0,0,1
127.1739,514.3763,0,-637.925,1.843994,1.843994,5.656214,510.2096,0.25,-537.0947,100.6566,0,-0.9991,0,0.0426,514.3763,0,1,0,0,-0.0426,0,-0.9991,-637.925,0,0,0,1
127.1851,514.3868,0,-638.1747,1.859086,1.859086,5.696497,510.2096,0.25,-537.0947,100.9065,0,-0.9991,0,0.0416,514.3868,0,1,0,0,-0.0416,0,-0.9991,-638.1747,0,0,0,1
127.1961,514.3969,0,-638.4246,1.874421,1.874421,5.751429,510.2096,0.25,-537.0947,101.1565,0,-0.9992,0,0.0406,514.3969,0,1,0,0,-0.0406,0,-0.9992,-638.4246,0,0,0,1
127.2074,514.4068,0,-638.6744,1.890005,1.890005,5.839319,510.2096,0.25,-537.0947,101.4066,0,-0.9992,0,0.0396,514.4068,0,1,0,0,-0.0396,0,-0.9992,-638.6744,0,0,0,1
127.2183,514.4164,0,-638.9242,1.905838,1.905838,5.916224,510.2096,0.25,-537.0947,101.6566,0,-0.9993,0,0.0386,514.4164,0,1,0,0,-0.0386,0,-0.9993,-638.9242,0,0,0,1
127.2302,514.4349,0,-639.4238,1.938354,1.938354,5.989466,510.2096,0.25,-537.0947,102.1565,0,-0.9993,0,0.0365,514.4349,0,1,0,0,-0.0365,0,-0.9993,-639.4238,0,0,0,1
127.2406,514.4438,0,-639.6736,1.954983,1.954983,6.088343,510.2096,0.25,-537.0947,102.4065,0,-0.9994,0,0.0354,514.4438,0,1,0,0,-0.0354,0,-0.9994,-639.6736,0,0,0,1
127.2516,514.4524,0,-639.9235,1.971854,1.971854,6.176248,510.2096,0.25,-537.0947,102.6565,0,-0.9994,0,0.0343,514.4524,0,1,0,0,-0.0343,0,-0.9994,-639.9235,0,0,0,1
127.2631,514.4607,0,-640.1734,1.989096,1.989096,6.271462,510.2096,0.25,-537.0947,102.9065,0,-0.9994,0,0.0333,514.4607,0,1,0,0,-0.0333,0,-0.9994,-640.1734,0,0,0,1
127.2742,514.4688,0,-640.4233,2.00652,2.00652,6.366677,510.2096,0.25,-537.0947,103.1565,0,-0.9995,0,0.0321,514.4688,0,1,0,0,-0.0321,0,-0.9995,-640.4233,0,0,0,1
127.2853,514.4765,0,-640.6732,2.024254,2.024254,6.399636,510.2096,0.25,-537.0947,103.4065,0,-0.9995,0,0.031,514.4765,0,1,0,0,-0.031,0,-0.9995,-640.6732,0,0,0,1
127.296,514.4839,0,-640.923,2.042231,2.042231,6.469216,510.2096,0.25,-537.0947,103.6565,0,-0.9996,0,0.0299,514.4839,0,1,0,0,-0.0299,0,-0.9996,-640.923,0,0,0,1
127.3072,514.4911,0,-641.1729,2.060517,2.060517,6.535134,510.2096,0.25,-537.0947,103.9065,0,-0.9996,0,0.0288,514.4911,0,1,0,0,-0.0288,0,-0.9996,-641.1729,0,0,0,1
127.3182,514.498,0,-641.4227,2.079101,2.079101,6.593728,510.2096,0.25,-537.0947,104.1564,0,-0.9996,0,0.0276,514.498,0,1,0,0,-0.0276,0,-0.9996,-641.4227,0,0,0,1
127.3294,514.5046,0,-641.6727,2.098001,2.098001,6.659646,510.2096,0.25,-537.0947,104.4065,0,-0.9997,0,0.0264,514.5046,0,1,0,0,-0.0264,0,-0.9997,-641.6727,0,0,0,1
127.3443,514.517,0,-642.1726,2.136591,2.136591,6.729226,510.2096,0.25,-537.0947,104.9064,0,-0.9997,0,0.0241,514.517,0,1,0,0,-0.0241,0,-0.9997,-642.1726,0,0,0,1
127.355,514.5228,0,-642.4225,2.156286,2.156286,6.751199,510.2096,0.25,-537.0947,105.1564,0,-0.9997,0,0.0229,514.5228,0,1,0,0,-0.0229,0,-0.9997,-642.4225,0,0,0,1
127.3628,514.5282,0,-642.6725,2.176352,2.176352,6.754861,510.2096,0.25,-537.0947,105.4064,0,-0.9998,0,0.0217,514.5282,0,1,0,0,-0.0217,0,-0.9998,-642.6725,0,0,0,1
127.3739,514.5333,0,-642.9224,2.196655,2.196655,6.754861,510.2096,0.25,-537.0947,105.6563,0,-0.9998,0,0.0206,514.5333,0,1,0,0,-0.0206,0,-0.9998,-642.9224,0,0,0,1
127.3847,514.5381,0,-643.1724,2.217335,2.217335,6.754861,510.2096,0.25,-537.0947,105.9063,0,-0.9998,0,0.0194,514.5381,0,1,0,0,-0.0194,0,-0.9998,-643.1724,0,0,0,1
127.3959,514.5427,0,-643.4223,2.238257,2.238257,6.754861,510.2096,0.25,-537.0947,106.1562,0,-0.9998,0,0.0182,514.5427,0,1,0,0,-0.0182,0,-0.9998,-643.4223,0,0,0,1
127.4073,514.547,0,-643.6722,2.259422,2.259422,6.754861,510.2096,0.25,-537.0947,106.4061,0,-0.9999,0,0.017,514.547,0,1,0,0,-0.017,0,-0.9999,-643.6722,0,0,0,1
127.4184,514.551,0,-643.9222,2.280897,2.280897,6.758523,510.2096,0.25,-537.0947,106.656,0,-0.9999,0,0.0158,514.551,0,1,0,0,-0.0158,0,-0.9999,-643.9222,0,0,0,1
127.4296,514.5546,0,-644.1722,2.300979,2.300979,6.758523,510.2096,0.25,-537.0947,106.906,0,-0.9999,0,0.0147,514.5546,0,1,0,0,-0.0147,0,-0.9999,-644.1722,0,0,0,1
127.4411,514.561,0,-644.6722,2.341325,2.341325,6.780496,510.2096,0.25,-537.0947,107.4059,0,-0.9999,0,0.0123,514.561,0,1,0,0,-0.0123,0,-0.9999,-644.6722,0,0,0,1
127.4519,514.5638,0,-644.9222,2.361808,2.361808,6.798806,510.2096,0.25,-537.0947,107.6558,0,-0.9999,0,0.0111,514.5638,0,1,0,0,-0.0111,0,-0.9999,-644.9222,0,0,0,1
127.463,514.5663,0,-645.1722,2.378824,2.378824,6.828103,510.2096,0.25,-537.0947,107.9057,0,-1,0,0.0099,514.5663,0,1,0,0,-0.0099,0,-1,-645.1722,0,0,0,1
127.475,514.5685,0,-645.4222,2.395745,2.395745,6.901345,510.2096,0.25,-537.0947,108.1556,0,-1,0,0.0087,514.5685,0,1,0,0,-0.0087,0,-1,-645.4222,0,0,0,1
127.4853,514.5704,0,-645.6722,2.412922,2.412922,6.99656,510.2096,0.25,-537.0947,108.4055,0,-1,0,0.0075,514.5704,0,1,0,0,-0.0075,0,-1,-645.6722,0,0,0,1
127.4964,514.572,0,-645.9222,2.430073,2.430073,7.113762,510.2096,0.25,-537.0947,108.6554,0,-1,0,0.0063,514.572,0,1,0,0,-0.0063,0,-1,-645.9222,0,0,0,1
127.5082,514.5732,0,-646.1722,2.443827,2.443827,7.373772,510.2096,0.25,-537.0947,108.9052,0,-1,0,0.005,514.5732,0,1,0,0,-0.005,0,-1,-646.1722,0,0,0,1
127.5187,514.5742,0,-646.4222,2.457784,2.457784,7.520256,510.2096,0.25,-537.0947,109.1551,0,-1,0,0.0037,514.5742,0,1,0,0,-0.0037,0,-1,-646.4222,0,0,0,1
127.5298,514.5747,0,-646.6722,2.472063,2.472063,7.732658,510.2096,0.25,-537.0947,109.4049,0,-1,0,0.0023,514.5747,0,1,0,0,-0.0023,0,-1,-646.6722,0,0,0,1
127.5413,514.5748,0,-647.1722,2.496512,2.496512,8.025641,510.2096,0.25,-537.0947,109.9046,0,-1,0,-0.0005,514.5748,0,1,0,0,0.0005,0,-1,-647.1722,0,0,0,1
127.5519,514.5743,0,-647.4222,2.507637,2.507637,8.344245,510.2096,0.25,-537.0947,110.1544,0,-1,0,-0.002,514.5743,0,1,0,0,0.002,0,-1,-647.4222,0,0,0,1
127.563,514.5735,0,-647.6722,2.519085,2.519085,8.633552,510.2096,0.25,-537.0947,110.4042,0,-1,0,-0.0035,514.5735,0,1,0,0,0.0035,0,-1,-647.6722,0,0,0,1
127.5742,514.5722,0,-647.9222,2.529277,2.529277,9.014425,510.2096,0.25,-537.0947,110.654,0,-1,0,-0.005,514.5722,0,1,0,0,0.005,0,-1,-647.9222,0,0,0,1
127.5854,514.5706,0,-648.1722,2.537382,2.537382,9.351339,510.2096,0.25,-537.0947,110.9037,0,-1,0,-0.0067,514.5706,0,1,0,0,0.0067,0,-1,-648.1722,0,0,0,1
127.5966,514.5685,0,-648.4222,2.545809,2.545809,9.776144,510.2096,0.25,-537.0947,111.1535,0,-1,0,-0.0084,514.5685,0,1,0,0,0.0084,0,-1,-648.4222,0,0,0,1
127.6078,514.5659,0,-648.6722,2.554739,2.554739,10.23758,510.2096,0.25,-537.0947,111.4032,0,-0.9999,0,-0.0102,514.5659,0,1,0,0,0.0102,0,-0.9999,-648.6722,0,0,0,1
127.6188,514.5629,0,-648.9222,2.561698,2.561698,10.50126,510.2096,0.25,-537.0947,111.6529,0,-0.9999,0,-0.012,514.5629,0,1,0,0,0.012,0,-0.9999,-648.9222,0,0,0,1
127.63,514.5555,0,-649.4221,2.57351,2.57351,10.81255,510.2096,0.25,-537.0947,112.1523,0,-0.9999,0,-0.0158,514.5555,0,1,0,0,0.0158,0,-0.9999,-649.4221,0,0,0,1
127.6415,514.551,0,-649.6721,2.580048,2.580048,11.16411,510.2096,0.25,-537.0947,112.4019,0,-0.9998,0,-0.0177,514.551,0,1,0,0,0.0177,0,-0.9998,-649.6721,0,0,0,1
127.652,514.5461,0,-649.922,2.583982,2.583982,11.48272,510.2096,0.25,-537.0947,112.6515,0,-0.9998,0,-0.0197,514.5461,0,1,0,0,0.0197,0,-0.9998,-649.922,0,0,0,1
127.6664,514.5406,0,-650.1719,2.587371,2.587371,11.87458,510.2096,0.25,-537.0947,112.9011,0,-0.9998,0,-0.0218,514.5406,0,1,0,0,0.0218,0,-0.9998,-650.1719,0,0,0,1
127.6771,514.5347,0,-650.4219,2.591201,2.591201,12.1529,510.2096,0.25,-537.0947,113.1506,0,-0.9997,0,-0.0239,514.5347,0,1,0,0,0.0239,0,-0.9997,-650.4219,0,0,0,1
127.6852,514.5281,0,-650.6718,2.595594,2.595594,12.42023,510.2096,0.25,-537.0947,113.4002,0,-0.9997,0,-0.0261,514.5281,0,1,0,0,0.0261,0,-0.9997,-650.6718,0,0,0,1
127.6965,514.5211,0,-650.9217,2.5967,2.5967,12.70589,510.2096,0.25,-537.0947,113.6496,0,-0.9996,0,-0.0283,514.5211,0,1,0,0,0.0283,0,-0.9996,-650.9217,0,0,0,1
127.7077,514.5134,0,-651.1716,2.598006,2.598006,12.98787,510.2096,0.25,-537.0947,113.8991,0,-0.9995,0,-0.0306,514.5134,0,1,0,0,0.0306,0,-0.9995,-651.1716,0,0,0,1
127.7193,514.5052,0,-651.4214,2.599873,2.599873,13.31014,510.2096,0.25,-537.0947,114.1485,0,-0.9995,0,-0.0329,514.5052,0,1,0,0,0.0329,0,-0.9995,-651.4214,0,0,0,1
127.7299,514.4964,0,-651.6713,2.601866,2.601866,13.6434,510.2096,0.25,-537.0947,114.3979,0,-0.9994,0,-0.0353,514.4964,0,1,0,0,0.0353,0,-0.9994,-651.6713,0,0,0,1
127.7425,514.477,0,-652.1709,2.600171,2.600171,13.92905,510.2096,0.25,-537.0947,114.8965,0,-0.9992,0,-0.0401,514.477,0,1,0,0,0.0401,0,-0.9992,-652.1709,0,0,0,1
127.7527,514.4663,0,-652.4207,2.600199,2.600199,14.26962,510.2096,0.25,-537.0947,115.1457,0,-0.9991,0,-0.0426,514.4663,0,1,0,0,0.0426,0,-0.9991,-652.4207,0,0,0,1
127.7635,514.455,0,-652.6704,2.599731,2.599731,14.65782,510.2096,0.25,-537.0947,115.3949,0,-0.999,0,-0.0452,514.455,0,1,0,0,0.0452,0,-0.999,-652.6704,0,0,0,1
127.7736,514.4431,0,-652.9201,2.59691,2.59691,14.89586,510.2096,0.25,-537.0947,115.6441,0,-0.9989,0,-0.0478,514.4431,0,1,0,0,0.0478,0,-0.9989,-652.9201,0,0,0,1
127.7847,514.4305,0,-653.1698,2.594655,2.594655,15.18517,510.2096,0.25,-537.0947,115.8932,0,-0.9987,0,-0.0504,514.4305,0,1,0,0,0.0504,0,-0.9987,-653.1698,0,0,0,1
127.7959,514.4172,0,-653.4194,2.593145,2.593145,15.48913,510.2096,0.25,-537.0947,116.1422,0,-0.9986,0,-0.0531,514.4172,0,1,0,0,0.0531,0,-0.9986,-653.4194,0,0,0,1
127.8071,514.4032,0,-653.6691,2.590377,2.590377,15.84802,510.2096,0.25,-537.0947,116.3912,0,-0.9984,0,-0.0559,514.4032,0,1,0,0,0.0559,0,-0.9984,-653.6691,0,0,0,1
127.8183,514.3885,0,-653.9186,2.585951,2.585951,16.14465,510.2096,0.25,-537.0947,116.6402,0,-0.9983,0,-0.0587,514.3885,0,1,0,0,0.0587,0,-0.9983,-653.9186,0,0,0,1
127.8291,514.3732,0,-654.1682,2.582279,2.582279,16.52553,510.2096,0.25,-537.0947,116.889,0,-0.9981,0,-0.0616,514.3732,0,1,0,0,0.0616,0,-0.9981,-654.1682,0,0,0,1
127.8405,514.3402,0,-654.6671,2.574393,2.574393,16.99794,510.2096,0.25,-537.0947,117.3866,0,-0.9977,0,-0.0675,514.3402,0,1,0,0,0.0675,0,-0.9977,-654.6671,0,0,0,1
127.8514,514.3226,0,-654.9164,2.568732,2.568732,17.26893,510.2096,0.25,-537.0947,117.6352,0,-0.9975,0,-0.0705,514.3226,0,1,0,0,0.0705,0,-0.9975,-654.9164,0,0,0,1
127.8624,514.3042,0,-655.1658,2.563816,2.563816,17.72671,510.2096,0.25,-537.0947,117.8838,0,-0.9973,0,-0.0736,514.3042,0,1,0,0,0.0736,0,-0.9973,-655.1658,0,0,0,1
127.8736,514.285,0,-655.415,2.559654,2.559654,18.13687,510.2096,0.25,-537.0947,118.1323,0,-0.9971,0,-0.0767,514.285,0,1,0,0,0.0767,0,-0.9971,-655.415,0,0,0,1
127.8848,514.265,0,-655.6642,2.552959,2.552959,18.6569,510.2096,0.25,-537.0947,118.3808,0,-0.9968,0,-0.08,514.265,0,1,0,0,0.08,0,-0.9968,-655.6642,0,0,0,1
127.8967,514.2442,0,-655.9134,2.546234,2.546234,19.111,510.2096,0.25,-537.0947,118.6291,0,-0.9965,0,-0.0833,514.2442,0,1,0,0,0.0833,0,-0.9965,-655.9134,0,0,0,1
127.9069,514.2225,0,-656.1625,2.540318,2.540318,19.64569,510.2096,0.25,-537.0947,118.8774,0,-0.9962,0,-0.0867,514.2225,0,1,0,0,0.0867,0,-0.9962,-656.1625,0,0,0,1
127.9181,514.2,0,-656.4114,2.535342,2.535342,20.12542,510.2096,0.25,-537.0947,119.1255,0,-0.9959,0,-0.0902,514.2,0,1,0,0,0.0902,0,-0.9959,-656.4114,0,0,0,1
127.9292,514.1765,0,-656.6603,2.527138,2.527138,20.70405,510.2096,0.25,-537.0947,119.3736,0,-0.9956,0,-0.0938,514.1765,0,1,0,0,0.0938,0,-0.9956,-656.6603,0,0,0,1
127.9411,514.1268,0,-657.1578,2.513286,2.513286,21.39254,510.2096,0.25,-537.0947,119.8693,0,-0.9949,0,-0.1012,514.1268,0,1,0,0,0.1012,0,-0.9949,-657.1578,0,0,0,1
127.9514,514.1006,0,-657.4065,2.507049,2.507049,21.75875,510.2096,0.25,-537.0947,120.117,0,-0.9945,0,-0.105,514.1006,0,1,0,0,0.105,0,-0.9945,-657.4065,0,0,0,1
127.9633,514.0734,0,-657.6549,2.498354,2.498354,22.30442,510.2096,0.25,-537.0947,120.3645,0,-0.9941,0,-0.1089,514.0734,0,1,0,0,0.1089,0,-0.9941,-657.6549,0,0,0,1
127.9736,514.0452,0,-657.9034,2.490589,2.490589,22.80979,510.2096,0.25,-537.0947,120.612,0,-0.9936,0,-0.1129,514.0452,0,1,0,0,0.1129,0,-0.9936,-657.9034,0,0,0,1
127.9846,514.0159,0,-658.1516,2.483781,2.483781,23.23827,510.2096,0.25,-537.0947,120.8593,0,-0.9931,0,-0.1169,514.0159,0,1,0,0,0.1169,0,-0.9931,-658.1516,0,0,0,1
127.9958,513.9857,0,-658.3998,2.476712,2.476712,23.63378,510.2096,0.25,-537.0947,121.1065,0,-0.9927,0,-0.121,513.9857,0,1,0,0,0.121,0,-0.9927,-658.3998,0,0,0,1
128.0103,513.922,0,-658.8958,2.46001,2.46001,24.27466,510.2096,0.25,-537.0947,121.6004,0,-0.9916,0,-0.1294,513.922,0,1,0,0,0.1294,0,-0.9916,-658.8958,0,0,0,1
128.0212,513.8886,0,-659.1436,2.453167,2.453167,24.65552,510.2096,0.25,-537.0947,121.8472,0,-0.991,0,-0.1337,513.8886,0,1,0,0,0.1337,0,-0.991,-659.1436,0,0,0,1
128.0293,513.8886,0,-659.1436,2.453167,2.453167,24.65552,510.2096,0.25,-537.0947,121.8472,0,-0.991,0,-0.1337,513.8886,0,1,0,0,0.1337,0,-0.991,-659.1436,0,0,0,1
128.0403,513.8185,0,-659.6386,2.436609,2.436609,25.31105,510.2096,0.25,-537.0947,122.3401,0,-0.9898,0,-0.1424,513.8185,0,1,0,0,0.1424,0,-0.9898,-659.6386,0,0,0,1
128.0514,513.7819,0,-659.8859,2.428849,2.428849,25.71755,510.2096,0.25,-537.0947,122.5863,0,-0.9892,0,-0.1468,513.7819,0,1,0,0,0.1468,0,-0.9892,-659.8859,0,0,0,1
128.0624,513.744,0,-660.1331,2.42223,2.42223,26.09842,510.2096,0.25,-537.0947,122.8323,0,-0.9885,0,-0.1513,513.744,0,1,0,0,0.1513,0,-0.9885,-660.1331,0,0,0,1
128.0735,513.705,0,-660.38,2.414171,2.414171,26.38407,510.2096,0.25,-537.0947,123.0781,0,-0.9878,0,-0.1559,513.705,0,1,0,0,0.1559,0,-0.9878,-660.38,0,0,0,1
128.0847,513.6649,0,-660.6267,2.405682,2.405682,26.69901,510.2096,0.25,-537.0947,123.3237,0,-0.987,0,-0.1605,513.6649,0,1,0,0,0.1605,0,-0.987,-660.6267,0,0,0,1
128.0957,513.6237,0,-660.8734,2.398264,2.398264,26.96636,510.2096,0.25,-537.0947,123.5692,0,-0.9863,0,-0.1651,513.6237,0,1,0,0,0.1651,0,-0.9863,-660.8734,0,0,0,1
128.1069,513.5812,0,-661.1197,2.392119,2.392119,27.32158,510.2096,0.25,-537.0947,123.8144,0,-0.9855,0,-0.1698,513.5812,0,1,0,0,0.1698,0,-0.9855,-661.1197,0,0,0,1
128.1183,513.5375,0,-661.3658,2.383828,2.383828,27.49004,510.2096,0.25,-537.0947,124.0594,0,-0.9846,0,-0.1746,513.5375,0,1,0,0,0.1746,0,-0.9846,-661.3658,0,0,0,1
128.1294,513.4927,0,-661.6118,2.375858,2.375858,27.75739,510.2096,0.25,-537.0947,124.3042,0,-0.9838,0,-0.1793,513.4927,0,1,0,0,0.1793,0,-0.9838,-661.6118,0,0,0,1
128.1407,513.3994,0,-662.103,2.363548,2.363548,27.99176,510.2096,0.25,-537.0947,124.793,0,-0.982,0,-0.1889,513.3994,0,1,0,0,0.1889,0,-0.982,-662.103,0,0,0,1
128.1518,513.351,0,-662.3483,2.355197,2.355197,28.20416,510.2096,0.25,-537.0947,125.037,0,-0.981,0,-0.1938,513.351,0,1,0,0,0.1938,0,-0.981,-662.3483,0,0,0,1
128.163,513.3013,0,-662.5933,2.347961,2.347961,28.44586,510.2096,0.25,-537.0947,125.2808,0,-0.9801,0,-0.1986,513.3013,0,1,0,0,0.1986,0,-0.9801,-662.5933,0,0,0,1
128.1741,513.2504,0,-662.838,2.341914,2.341914,28.72054,510.2096,0.25,-537.0947,125.5244,0,-0.9791,0,-0.2036,513.2504,0,1,0,0,0.2036,0,-0.9791,-662.838,0,0,0,1
128.1852,513.1982,0,-663.0825,2.336618,2.336618,28.88533,510.2096,0.25,-537.0947,125.7677,0,-0.978,0,-0.2085,513.1982,0,1,0,0,0.2085,0,-0.978,-663.0825,0,0,0,1
128.1965,513.1449,0,-663.3268,2.328857,2.328857,29.07576,510.2096,0.25,-537.0947,126.0107,0,-0.977,0,-0.2134,513.1449,0,1,0,0,0.2134,0,-0.977,-663.3268,0,0,0,1
128.2075,513.0903,0,-663.5707,2.322401,2.322401,29.33943,510.2096,0.25,-537.0947,126.2535,0,-0.9758,0,-0.2184,513.0903,0,1,0,0,0.2184,0,-0.9758,-663.5707,0,0,0,1
128.2184,513.0344,0,-663.8144,2.317205,2.317205,29.60678,510.2096,0.25,-537.0947,126.4959,0,-0.9747,0,-0.2235,513.0344,0,1,0,0,0.2235,0,-0.9747,-663.8144,0,0,0,1
128.2301,512.9189,0,-664.3009,2.305304,2.305304,29.84482,510.2096,0.25,-537.0947,126.9801,0,-0.9723,0,-0.2336,512.9189,0,1,0,0,0.2336,0,-0.9723,-664.3009,0,0,0,1
128.2411,512.8592,0,-664.5437,2.299759,2.299759,30.13046,510.2096,0.25,-537.0947,127.2217,0,-0.9711,0,-0.2387,512.8592,0,1,0,0,0.2387,0,-0.9711,-664.5437,0,0,0,1
128.2516,512.7982,0,-664.7861,2.295548,2.295548,30.37216,510.2096,0.25,-537.0947,127.4629,0,-0.9698,0,-0.2439,512.7982,0,1,0,0,0.2439,0,-0.9698,-664.7861,0,0,0,1
128.2627,512.736,0,-665.0283,2.290863,2.290863,30.66148,510.2096,0.25,-537.0947,127.7039,0,-0.9685,0,-0.2491,512.736,0,1,0,0,0.2491,0,-0.9685,-665.0283,0,0,0,1
128.274,512.6724,0,-665.27,2.285186,2.285186,30.99107,510.2096,0.25,-537.0947,127.9445,0,-0.9671,0,-0.2543,512.6724,0,1,0,0,0.2543,0,-0.9671,-665.27,0,0,0,1
128.2849,512.6075,0,-665.5115,2.280742,2.280742,31.16319,510.2096,0.25,-537.0947,128.1848,0,-0.9657,0,-0.2596,512.6075,0,1,0,0,0.2596,0,-0.9657,-665.5115,0,0,0,1
128.296,512.5413,0,-665.7526,2.277708,2.277708,31.38292,510.2096,0.25,-537.0947,128.4248,0,-0.9643,0,-0.2648,512.5413,0,1,0,0,0.2648,0,-0.9643,-665.7526,0,0,0,1
128.3073,512.4737,0,-665.9933,2.273598,2.273598,31.6466,510.2096,0.25,-537.0947,128.6644,0,-0.9628,0,-0.2702,512.4737,0,1,0,0,0.2702,0,-0.9628,-665.9933,0,0,0,1
128.3185,512.4048,0,-666.2336,2.269172,2.269172,31.85901,510.2096,0.25,-537.0947,128.9036,0,-0.9613,0,-0.2755,512.4048,0,1,0,0,0.2755,0,-0.9613,-666.2336,0,0,0,1
128.3301,512.2629,0,-666.7131,2.264388,2.264388,32.11902,510.2096,0.25,-537.0947,129.381,0,-0.9581,0,-0.2863,512.2629,0,1,0,0,0.2863,0,-0.9581,-666.7131,0,0,0,1
128.345,512.19,0,-666.9522,2.260996,2.260996,32.41566,510.2096,0.25,-537.0947,129.6191,0,-0.9565,0,-0.2917,512.19,0,1,0,0,0.2917,0,-0.9565,-666.9522,0,0,0,1
128.3551,512.1157,0,-667.1909,2.257936,2.257936,32.58046,510.2096,0.25,-537.0947,129.8568,0,-0.9548,0,-0.2971,512.1157,0,1,0,0,0.2971,0,-0.9548,-667.1909,0,0,0,1
128.3628,512.0401,0,-667.4292,2.256244,2.256244,32.77089,510.2096,0.25,-537.0947,130.0941,0,-0.9531,0,-0.3026,512.0401,0,1,0,0,0.3026,0,-0.9531,-667.4292,0,0,0,1
128.3741,511.9631,0,-667.6671,2.255911,2.255911,32.86244,510.2096,0.25,-537.0947,130.3311,0,-0.9514,0,-0.308,511.9631,0,1,0,0,0.308,0,-0.9514,-667.6671,0,0,0,1
128.3846,511.8847,0,-667.9044,2.253392,2.253392,33.05287,510.2096,0.25,-537.0947,130.5675,0,-0.9496,0,-0.3135,511.8847,0,1,0,0,0.3135,0,-0.9496,-667.9044,0,0,0,1
128.3957,511.805,0,-668.1414,2.251754,2.251754,33.17372,510.2096,0.25,-537.0947,130.8036,0,-0.9477,0,-0.319,511.805,0,1,0,0,0.319,0,-0.9477,-668.1414,0,0,0,1
128.4068,511.7238,0,-668.3778,2.251657,2.251657,33.32754,510.2096,0.25,-537.0947,131.0392,0,-0.9459,0,-0.3245,511.7238,0,1,0,0,0.3245,0,-0.9459,-668.3778,0,0,0,1
128.4187,511.6413,0,-668.6138,2.252721,2.252721,33.44473,510.2096,0.25,-537.0947,131.2744,0,-0.944,0,-0.33,511.6413,0,1,0,0,0.33,0,-0.944,-668.6138,0,0,0,1
128.4291,511.5574,0,-668.8492,2.251319,2.251319,33.56192,510.2096,0.25,-537.0947,131.5092,0,-0.942,0,-0.3356,511.5574,0,1,0,0,0.3356,0,-0.942,-668.8492,0,0,0,1
128.4403,511.3855,0,-669.3187,2.252796,2.252796,33.68277,510.2096,0.25,-537.0947,131.9773,0,-0.938,0,-0.3466,511.3855,0,1,0,0,0.3466,0,-0.938,-669.3187,0,0,0,1
128.4513,511.2975,0,-669.5527,2.254876,2.254876,33.73037,510.2096,0.25,-537.0947,132.2107,0,-0.9359,0,-0.3521,511.2975,0,1,0,0,0.3521,0,-0.9359,-669.5527,0,0,0,1
128.4627,511.208,0,-669.7861,2.255147,2.255147,33.75967,510.2096,0.25,-537.0947,132.4436,0,-0.9339,0,-0.3576,511.208,0,1,0,0,0.3576,0,-0.9339,-669.7861,0,0,0,1
128.4737,511.1173,0,-670.0192,2.256714,2.256714,33.77432,510.2096,0.25,-537.0947,132.6761,0,-0.9317,0,-0.3631,511.1173,0,1,0,0,0.3631,0,-0.9317,-670.0192,0,0,0,1
128.4845,511.0251,0,-670.2515,2.25984,2.25984,33.77432,510.2096,0.25,-537.0947,132.9081,0,-0.9296,0,-0.3686,511.0251,0,1,0,0,0.3686,0,-0.9296,-670.2515,0,0,0,1
128.4957,510.9315,0,-670.4834,2.262927,2.262927,33.77432,510.2096,0.25,-537.0947,133.1396,0,-0.9274,0,-0.3741,510.9315,0,1,0,0,0.3741,0,-0.9274,-670.4834,0,0,0,1
128.507,510.8367,0,-670.7147,2.264835,2.264835,33.77066,510.2096,0.25,-537.0947,133.3705,0,-0.9252,0,-0.3796,510.8367,0,1,0,0,0.3796,0,-0.9252,-670.7147,0,0,0,1
128.518,510.7404,0,-670.9454,2.268069,2.268069,33.75601,510.2096,0.25,-537.0947,133.6011,0,-0.9229,0,-0.385,510.7404,0,1,0,0,0.385,0,-0.9229,-670.9454,0,0,0,1
128.5297,510.6428,0,-671.1755,2.272825,2.272825,33.74868,510.2096,0.25,-537.0947,133.831,0,-0.9206,0,-0.3904,510.6428,0,1,0,0,0.3904,0,-0.9206,-671.1755,0,0,0,1
128.5402,510.4435,0,-671.6341,2.280459,2.280459,33.72305,510.2096,0.25,-537.0947,134.2894,0,-0.916,0,-0.4012,510.4435,0,1,0,0,0.4012,0,-0.916,-671.6341,0,0,0,1
128.5513,510.3419,0,-671.8624,2.285405,2.285405,33.70108,510.2096,0.25,-537.0947,134.5178,0,-0.9136,0,-0.4066,510.3419,0,1,0,0,0.4066,0,-0.9136,-671.8624,0,0,0,1
128.5622,510.2389,0,-672.0903,2.291735,2.291735,33.65713,510.2096,0.25,-537.0947,134.7456,0,-0.9112,0,-0.412,510.2389,0,1,0,0,0.412,0,-0.9112,-672.0903,0,0,0,1
128.5734,510.1346,0,-672.3175,2.296809,2.296809,33.62783,510.2096,0.25,-537.0947,134.9728,0,-0.9088,0,-0.4173,510.1346,0,1,0,0,0.4173,0,-0.9088,-672.3175,0,0,0,1
128.5847,510.0289,0,-672.544,2.301978,2.301978,33.58755,510.2096,0.25,-537.0947,135.1993,0,-0.9063,0,-0.4226,510.0289,0,1,0,0,0.4226,0,-0.9063,-672.544,0,0,0,1
128.5956,509.9219,0,-672.77,2.308528,2.308528,33.58023,510.2096,0.25,-537.0947,135.4253,0,-0.9038,0,-0.428,509.9219,0,1,0,0,0.428,0,-0.9038,-672.77,0,0,0,1
128.6068,509.8136,0,-672.9953,2.316508,2.316508,33.56192,510.2096,0.25,-537.0947,135.6507,0,-0.9013,0,-0.4332,509.8136,0,1,0,0,0.4332,0,-0.9013,-672.9953,0,0,0,1
128.6179,509.704,0,-673.22,2.322569,2.322569,33.55459,510.2096,0.25,-537.0947,135.8755,0,-0.8987,0,-0.4385,509.704,0,1,0,0,0.4385,0,-0.8987,-673.22,0,0,0,1
128.6289,509.593,0,-673.444,2.329285,2.329285,33.53994,510.2096,0.25,-537.0947,136.0999,0,-0.8961,0,-0.4438,509.593,0,1,0,0,0.4438,0,-0.8961,-673.444,0,0,0,1
128.6402,509.3672,0,-673.8901,2.347015,2.347015,33.53994,510.2096,0.25,-537.0947,136.5468,0,-0.8909,0,-0.4542,509.3672,0,1,0,0,0.4542,0,-0.8909,-673.8901,0,0,0,1
128.6512,509.2524,0,-674.1122,2.354023,2.354023,33.53262,510.2096,0.25,-537.0947,136.7693,0,-0.8882,0,-0.4594,509.2524,0,1,0,0,0.4594,0,-0.8882,-674.1122,0,0,0,1
128.6627,509.1362,0,-674.3336,2.362341,2.362341,33.51431,510.2096,0.25,-537.0947,136.9914,0,-0.8855,0,-0.4646,509.1362,0,1,0,0,0.4646,0,-0.8855,-674.3336,0,0,0,1
128.6766,509.0188,0,-674.5543,2.372062,2.372062,33.48867,510.2096,0.25,-537.0947,137.2128,0,-0.8828,0,-0.4698,509.0188,0,1,0,0,0.4698,0,-0.8828,-674.5543,0,0,0,1
128.6874,508.9001,0,-674.7743,2.382672,2.382672,33.4374,510.2096,0.25,-537.0947,137.4337,0,-0.88,0,-0.4749,508.9001,0,1,0,0,0.4749,0,-0.88,-674.7743,0,0,0,1
128.6959,508.78,0,-674.9936,2.391217,2.391217,33.36782,510.2096,0.25,-537.0947,137.654,0,-0.8772,0,-0.48,508.78,0,1,0,0,0.48,0,-0.8772,-674.9936,0,0,0,1
128.7065,508.6588,0,-675.2122,2.401083,2.401083,33.32388,510.2096,0.25,-537.0947,137.8737,0,-0.8744,0,-0.4851,508.6588,0,1,0,0,0.4851,0,-0.8744,-675.2122,0,0,0,1
128.7179,508.5362,0,-675.4301,2.412407,2.412407,33.25062,510.2096,0.25,-537.0947,138.0928,0,-0.8716,0,-0.4902,508.5362,0,1,0,0,0.4902,0,-0.8716,-675.4301,0,0,0,1
128.7291,508.4124,0,-675.6473,2.423949,2.423949,33.13343,510.2096,0.25,-537.0947,138.3113,0,-0.8688,0,-0.4952,508.4124,0,1,0,0,0.4952,0,-0.8688,-675.6473,0,0,0,1
128.7406,508.161,0,-676.0795,2.445381,2.445381,33.02723,510.2096,0.25,-537.0947,138.7465,0,-0.863,0,-0.5052,508.161,0,1,0,0,0.5052,0,-0.863,-676.0795,0,0,0,1
128.752,508.0335,0,-676.2946,2.458174,2.458174,32.91371,510.2096,0.25,-537.0947,138.9632,0,-0.8601,0,-0.5102,508.0335,0,1,0,0,0.5102,0,-0.8601,-676.2946,0,0,0,1
128.7627,507.9047,0,-676.5089,2.470568,2.470568,32.77089,510.2096,0.25,-537.0947,139.1794,0,-0.8571,0,-0.5151,507.9047,0,1,0,0,0.5151,0,-0.8571,-676.5089,0,0,0,1
128.7739,507.7747,0,-676.7224,2.482056,2.482056,32.59877,510.2096,0.25,-537.0947,139.3949,0,-0.8542,0,-0.5199,507.7747,0,1,0,0,0.5199,0,-0.8542,-676.7224,0,0,0,1
128.7848,507.6435,0,-676.9352,2.495002,2.495002,32.48158,510.2096,0.25,-537.0947,139.6097,0,-0.8512,0,-0.5248,507.6435,0,1,0,0,0.5248,0,-0.8512,-676.9352,0,0,0,1
128.7961,507.5112,0,-677.1473,2.50916,2.50916,32.33508,510.2096,0.25,-537.0947,139.8241,0,-0.8483,0,-0.5296,507.5112,0,1,0,0,0.5296,0,-0.8483,-677.1473,0,0,0,1
128.8074,507.3776,0,-677.3586,2.52225,2.52225,32.14832,510.2096,0.25,-537.0947,140.0377,0,-0.8453,0,-0.5343,507.3776,0,1,0,0,0.5343,0,-0.8453,-677.3586,0,0,0,1
128.8185,507.2428,0,-677.5692,2.535191,2.535191,31.95056,510.2096,0.25,-537.0947,140.2508,0,-0.8423,0,-0.539,507.2428,0,1,0,0,0.539,0,-0.8423,-677.5692,0,0,0,1
128.8295,507.1069,0,-677.779,2.549395,2.549395,31.76379,510.2096,0.25,-537.0947,140.4633,0,-0.8393,0,-0.5437,507.1069,0,1,0,0,0.5437,0,-0.8393,-677.779,0,0,0,1
128.8405,506.8316,0,-678.1964,2.578617,2.578617,31.54407,510.2096,0.25,-537.0947,140.8864,0,-0.8332,0,-0.5529,506.8316,0,1,0,0,0.5529,0,-0.8332,-678.1964,0,0,0,1
128.8518,506.6922,0,-678.4039,2.592767,2.592767,31.33531,510.2096,0.25,-537.0947,141.0971,0,-0.8302,0,-0.5575,506.6922,0,1,0,0,0.5575,0,-0.8302,-678.4039,0,0,0,1
128.8627,506.5517,0,-678.6107,2.608211,2.608211,31.08995,510.2096,0.25,-537.0947,141.3071,0,-0.8272,0,-0.5619,506.5517,0,1,0,0,0.5619,0,-0.8272,-678.6107,0,0,0,1
128.8739,506.4101,0,-678.8168,2.624921,2.624921,30.8922,510.2096,0.25,-537.0947,141.5166,0,-0.8241,0,-0.5664,506.4101,0,1,0,0,0.5664,0,-0.8241,-678.8168,0,0,0,1
128.8851,506.2674,0,-679.022,2.639092,2.639092,30.61754,510.2096,0.25,-537.0947,141.7255,0,-0.8211,0,-0.5708,506.2674,0,1,0,0,0.5708,0,-0.8211,-679.022,0,0,0,1
128.897,506.1237,0,-679.2266,2.654299,2.654299,30.39413,510.2096,0.25,-537.0947,141.9337,0,-0.8181,0,-0.5751,506.1237,0,1,0,0,0.5751,0,-0.8181,-679.2266,0,0,0,1
128.9073,505.9788,0,-679.4303,2.670849,2.670849,30.08286,510.2096,0.25,-537.0947,142.1414,0,-0.815,0,-0.5794,505.9788,0,1,0,0,0.5794,0,-0.815,-679.4303,0,0,0,1
128.9182,505.8328,0,-679.6333,2.688133,2.688133,29.84848,510.2096,0.25,-537.0947,142.3485,0,-0.812,0,-0.5837,505.8328,0,1,0,0,0.5837,0,-0.812,-679.6333,0,0,0,1
128.9294,505.6859,0,-679.8356,2.703044,2.703044,29.61044,510.2096,0.25,-537.0947,142.555,0,-0.809,0,-0.5879,505.6859,0,1,0,0,0.5879,0,-0.809,-679.8356,0,0,0,1
128.9406,505.3889,0,-680.2378,2.736564,2.736564,29.26619,510.2096,0.25,-537.0947,142.9662,0,-0.8029,0,-0.5961,505.3889,0,1,0,0,0.5961,0,-0.8029,-680.2378,0,0,0,1
128.9515,505.2388,0,-680.4378,2.753951,2.753951,29.05013,510.2096,0.25,-537.0947,143.171,0,-0.7999,0,-0.6002,505.2388,0,1,0,0,0.6002,0,-0.7999,-680.4378,0,0,0,1
128.9628,505.0878,0,-680.637,2.769732,2.769732,28.71321,510.2096,0.25,-537.0947,143.3751,0,-0.7969,0,-0.6042,505.0878,0,1,0,0,0.6042,0,-0.7969,-680.637,0,0,0,1
128.974,504.9358,0,-680.8354,2.786674,2.786674,28.40192,510.2096,0.25,-537.0947,143.5787,0,-0.7939,0,-0.6081,504.9358,0,1,0,0,0.6081,0,-0.7939,-680.8354,0,0,0,1
128.9856,504.7828,0,-681.0331,2.80481,2.80481,28.02472,510.2096,0.25,-537.0947,143.7817,0,-0.7909,0,-0.612,504.7828,0,1,0,0,0.612,0,-0.7909,-681.0331,0,0,0,1
