time,pos_x,pos_y,pos_z,distFromRoadCenter,signedDistFromRoadCenter,wheelAngle,obstacle_pos_x,obstacle_pos_y,obstacle_pos_z,distance_to_obstacle,brake_position,simplecar_4x4_R0C0,simplecar_4x4_R0C1,simplecar_4x4_R0C2,simplecar_4x4_R0C3,simplecar_4x4_R1C0,simplecar_4x4_R1C1,simplecar_4x4_R1C2,simplecar_4x4_R1C3,simplecar_4x4_R2C0,simplecar_4x4_R2C1,simplecar_4x4_R2C2,simplecar_4x4_R2C3,simplecar_4x4_R3C0,simplecar_4x4_R3C1,simplecar_4x4_R3C2,simplecar_4x4_R3C3
270.9119,-15.32837,0,-1786.518,0.211824,0.211824,1.166396,-68.62318,0.25,-1842.867,77.20689,0,0.7553,0,0.6554,-15.3284,0,1,0,0,-0.6554,0,0.7553,-1786.518,0,0,0,1
270.9237,-15.16448,0,-1786.329,0.215609,0.215609,1.166396,-68.62318,0.25,-1842.867,77.4567,0,0.7551,0,0.6556,-15.1645,0,1,0,0,-0.6556,0,0.7551,-1786.329,0,0,0,1
270.9349,-15.00055,0,-1786.14,0.219555,0.219555,1.166396,-68.62318,0.25,-1842.867,77.70638,0,0.755,0,0.6557,-15.0006,0,1,0,0,-0.6557,0,0.755,-1786.14,0,0,0,1
270.9452,-14.83658,0,-1785.951,0.223377,0.223377,1.166396,-68.62318,0.25,-1842.867,77.95625,0,0.7549,0,0.6559,-14.8366,0,1,0,0,-0.6559,0,0.7549,-1785.951,0,0,0,1
270.9563,-14.67258,0,-1785.763,0.22734,0.22734,1.166396,-68.62318,0.25,-1842.867,78.20606,0,0.7547,0,0.656,-14.6726,0,1,0,0,-0.656,0,0.7547,-1785.763,0,0,0,1
270.9673,-14.50853,0,-1785.574,0.231367,0.231367,1.166396,-68.62318,0.25,-1842.867,78.45581,0,0.7546,0,0.6562,-14.5085,0,1,0,0,-0.6562,0,0.7546,-1785.574,0,0,0,1
270.9785,-14.34445,0,-1785.385,0.235491,0.235491,1.166396,-68.62318,0.25,-1842.867,78.70559,0,0.7545,0,0.6563,-14.3445,0,1,0,0,-0.6563,0,0.7545,-1785.385,0,0,0,1
270.99,-14.18033,0,-1785.197,0.239631,0.239631,1.166396,-68.62318,0.25,-1842.867,78.95539,0,0.7543,0,0.6565,-14.1803,0,1,0,0,-0.6565,0,0.7543,-1785.197,0,0,0,1
271.0053,-13.85197,0,-1784.82,0.248009,0.248009,1.162734,-68.62318,0.25,-1842.867,79.455,0,0.7541,0,0.6568,-13.852,0,1,0,0,-0.6568,0,0.7541,-1784.82,0,0,0,1
271.0167,-13.68773,0,-1784.631,0.252324,0.252324,1.137099,-68.62318,0.25,-1842.867,79.7048,0,0.7539,0,0.6569,-13.6877,0,1,0,0,-0.6569,0,0.7539,-1784.631,0,0,0,1
271.0249,-13.52346,0,-1784.443,0.256703,0.256703,1.118789,-68.62318,0.25,-1842.867,79.95454,0,0.7538,0,0.6571,-13.5235,0,1,0,0,-0.6571,0,0.7538,-1784.443,0,0,0,1
271.032,-13.35915,0,-1784.254,0.26088,0.26088,1.096816,-68.62318,0.25,-1842.867,80.20457,0,0.7537,0,0.6572,-13.3592,0,1,0,0,-0.6572,0,0.7537,-1784.254,0,0,0,1
271.0414,-13.19481,0,-1784.066,0.265415,0.265415,1.074843,-68.62318,0.25,-1842.867,80.45427,0,0.7536,0,0.6574,-13.1948,0,1,0,0,-0.6574,0,0.7536,-1784.066,0,0,0,1
271.0525,-13.03043,0,-1783.878,0.26984,0.26984,1.049209,-68.62318,0.25,-1842.867,80.70408,0,0.7534,0,0.6575,-13.0304,0,1,0,0,-0.6575,0,0.7534,-1783.878,0,0,0,1
271.0645,-12.86602,0,-1783.689,0.274359,0.274359,1.001601,-68.62318,0.25,-1842.867,80.95392,0,0.7533,0,0.6576,-12.866,0,1,0,0,-0.6576,0,0.7533,-1783.689,0,0,0,1
271.0747,-12.70158,0,-1783.501,0.279017,0.279017,0.950332,-68.62318,0.25,-1842.867,81.20369,0,0.7532,0,0.6578,-12.7016,0,1,0,0,-0.6578,0,0.7532,-1783.501,0,0,0,1
271.0858,-12.5371,0,-1783.313,0.283609,0.283609,0.8954,-68.62318,0.25,-1842.867,81.45348,0,0.7531,0,0.6579,-12.5371,0,1,0,0,-0.6579,0,0.7531,-1783.313,0,0,0,1
271.097,-12.37261,0,-1783.124,0.288167,0.288167,0.822158,-68.62318,0.25,-1842.867,81.70338,0,0.753,0,0.658,-12.3726,0,1,0,0,-0.658,0,0.753,-1783.124,0,0,0,1
271.1081,-12.20808,0,-1782.936,0.292907,0.292907,0.726943,-68.62318,0.25,-1842.867,81.95312,0,0.7529,0,0.6581,-12.2081,0,1,0,0,-0.6581,0,0.7529,-1782.936,0,0,0,1
271.1192,-12.04354,0,-1782.748,0.297485,0.297485,0.657363,-68.62318,0.25,-1842.867,82.20306,0,0.7529,0,0.6582,-12.0435,0,1,0,0,-0.6582,0,0.7529,-1782.748,0,0,0,1
271.1305,-11.71439,0,-1782.371,0.306917,0.306917,0.56581,-68.62318,0.25,-1842.867,82.70278,0,0.7527,0,0.6583,-11.7144,0,1,0,0,-0.6583,0,0.7527,-1782.371,0,0,0,1
271.1418,-11.5498,0,-1782.183,0.311814,0.311814,0.448608,-68.62318,0.25,-1842.867,82.95249,0,0.7527,0,0.6584,-11.5498,0,1,0,0,-0.6584,0,0.7527,-1782.183,0,0,0,1
271.1525,-11.38519,0,-1781.995,0.316546,0.316546,0.346069,-68.62318,0.25,-1842.867,83.20238,0,0.7526,0,0.6584,-11.3852,0,1,0,0,-0.6584,0,0.7526,-1781.995,0,0,0,1
271.1637,-11.22057,0,-1781.807,0.321452,0.321452,0.206909,-68.62318,0.25,-1842.867,83.4521,0,0.7526,0,0.6585,-11.2206,0,1,0,0,-0.6585,0,0.7526,-1781.807,0,0,0,1
271.1786,-11.05596,0,-1781.619,0.326107,0.326107,0.012817,-68.62318,0.25,-1842.867,83.702,0,0.7526,0,0.6585,-11.056,0,1,0,0,-0.6585,0,0.7526,-1781.619,0,0,0,1
271.1891,-10.89135,0,-1781.431,0.330965,0.330965,-0.111694,-68.62318,0.25,-1842.867,83.95181,0,0.7526,0,0.6584,-10.8914,0,1,0,0,-0.6584,0,0.7526,-1781.431,0,0,0,1
271.1982,-10.72674,0,-1781.243,0.335741,0.335741,-0.214233,-68.62318,0.25,-1842.867,84.20161,0,0.7527,0,0.6584,-10.7267,0,1,0,0,-0.6584,0,0.7527,-1781.243,0,0,0,1
271.2079,-10.56215,0,-1781.055,0.340466,0.340466,-0.331428,-68.62318,0.25,-1842.867,84.4515,0,0.7527,0,0.6584,-10.5622,0,1,0,0,-0.6584,0,0.7527,-1781.055,0,0,0,1
271.2191,-10.39757,0,-1780.866,0.345184,0.345184,-0.444953,-68.62318,0.25,-1842.867,84.70138,0,0.7527,0,0.6583,-10.3976,0,1,0,0,-0.6583,0,0.7527,-1780.866,0,0,0,1
271.2305,-10.06847,0,-1780.49,0.354519,0.354519,-0.547493,-68.62318,0.25,-1842.867,85.2011,0,0.7529,0,0.6582,-10.0685,0,1,0,0,-0.6582,0,0.7529,-1780.49,0,0,0,1
271.2413,-9.903948,0,-1780.302,0.359088,0.359088,-0.668342,-68.62318,0.25,-1842.867,85.45103,0,0.7529,0,0.6581,-9.9039,0,1,0,0,-0.6581,0,0.7529,-1780.302,0,0,0,1
271.2522,-9.739452,0,-1780.114,0.363939,0.363939,-0.778213,-68.62318,0.25,-1842.867,85.70068,0,0.753,0,0.658,-9.7395,0,1,0,0,-0.658,0,0.753,-1780.114,0,0,0,1
271.2635,-9.574986,0,-1779.925,0.368483,0.368483,-0.884414,-68.62318,0.25,-1842.867,85.95057,0,0.7531,0,0.6579,-9.575,0,1,0,0,-0.6579,0,0.7531,-1779.925,0,0,0,1
271.2751,-9.410554,0,-1779.737,0.372933,0.372933,-1.023574,-68.62318,0.25,-1842.867,86.20045,0,0.7533,0,0.6577,-9.4106,0,1,0,0,-0.6577,0,0.7533,-1779.737,0,0,0,1
271.2856,-9.246158,0,-1779.548,0.377446,0.377446,-1.093154,-68.62318,0.25,-1842.867,86.45029,0,0.7534,0,0.6576,-9.2462,0,1,0,0,-0.6576,0,0.7534,-1779.548,0,0,0,1
271.297,-9.0818,0,-1779.36,0.381861,0.381861,-1.170058,-68.62318,0.25,-1842.867,86.70012,0,0.7535,0,0.6574,-9.0818,0,1,0,0,-0.6574,0,0.7535,-1779.36,0,0,0,1
271.308,-8.917483,0,-1779.172,0.386338,0.386338,-1.261618,-68.62318,0.25,-1842.867,86.94991,0,0.7537,0,0.6573,-8.9175,0,1,0,0,-0.6573,0,0.7537,-1779.172,0,0,0,1
271.319,-8.753211,0,-1778.983,0.39067,0.39067,-1.338522,-68.62318,0.25,-1842.867,87.19977,0,0.7538,0,0.6571,-8.7532,0,1,0,0,-0.6571,0,0.7538,-1778.983,0,0,0,1
271.33,-8.424802,0,-1778.606,0.399195,0.399195,-1.38613,-68.62318,0.25,-1842.867,87.69939,0,0.7541,0,0.6567,-8.4248,0,1,0,0,-0.6567,0,0.7541,-1778.606,0,0,0,1
271.3413,-8.260668,0,-1778.418,0.403387,0.403387,-1.452048,-68.62318,0.25,-1842.867,87.94915,0,0.7543,0,0.6565,-8.2607,0,1,0,0,-0.6565,0,0.7543,-1778.418,0,0,0,1
271.3524,-8.096582,0,-1778.229,0.407261,0.407261,-1.477683,-68.62318,0.25,-1842.867,88.19915,0,0.7545,0,0.6563,-8.0966,0,1,0,0,-0.6563,0,0.7545,-1778.229,0,0,0,1
271.3633,-7.932548,0,-1778.041,0.411409,0.411409,-1.503317,-68.62318,0.25,-1842.867,88.44884,0,0.7546,0,0.6561,-7.9325,0,1,0,0,-0.6561,0,0.7546,-1778.041,0,0,0,1
271.3744,-7.768562,0,-1777.852,0.415363,0.415363,-1.528952,-68.62318,0.25,-1842.867,88.69869,0,0.7548,0,0.6559,-7.7686,0,1,0,0,-0.6559,0,0.7548,-1777.852,0,0,0,1
271.3857,-7.604628,0,-1777.663,0.419295,0.419295,-1.532614,-68.62318,0.25,-1842.867,88.9485,0,0.755,0,0.6557,-7.6046,0,1,0,0,-0.6557,0,0.755,-1777.663,0,0,0,1
271.3973,-7.440743,0,-1777.474,0.423079,0.423079,-1.547263,-68.62318,0.25,-1842.867,89.19836,0,0.7552,0,0.6555,-7.4407,0,1,0,0,-0.6555,0,0.7552,-1777.474,0,0,0,1
271.4084,-7.276911,0,-1777.285,0.42684,0.42684,-1.547263,-68.62318,0.25,-1842.867,89.4482,0,0.7553,0,0.6553,-7.2769,0,1,0,0,-0.6553,0,0.7553,-1777.285,0,0,0,1
271.4197,-7.113129,0,-1777.097,0.430501,0.430501,-1.547263,-68.62318,0.25,-1842.867,89.698,0,0.7555,0,0.6551,-7.1131,0,1,0,0,-0.6551,0,0.7555,-1777.097,0,0,0,1
271.4312,-6.785719,0,-1776.719,0.437535,0.437535,-1.547263,-68.62318,0.25,-1842.867,90.19775,0,0.7559,0,0.6547,-6.7857,0,1,0,0,-0.6547,0,0.7559,-1776.719,0,0,0,1
271.4424,-6.62209,0,-1776.53,0.441172,0.441172,-1.547263,-68.62318,0.25,-1842.867,90.44736,0,0.756,0,0.6545,-6.6221,0,1,0,0,-0.6545,0,0.756,-1776.53,0,0,0,1
271.4538,-6.458512,0,-1776.34,0.4444,0.4444,-1.547263,-68.62318,0.25,-1842.867,90.69738,0,0.7562,0,0.6543,-6.4585,0,1,0,0,-0.6543,0,0.7562,-1776.34,0,0,0,1
271.4651,-6.294986,0,-1776.151,0.447821,0.447821,-1.547263,-68.62318,0.25,-1842.867,90.9471,0,0.7564,0,0.6541,-6.295,0,1,0,0,-0.6541,0,0.7564,-1776.151,0,0,0,1
271.4766,-6.131511,0,-1775.962,0.451173,0.451173,-1.547263,-68.62318,0.25,-1842.867,91.19687,0,0.7566,0,0.6539,-6.1315,0,1,0,0,-0.6539,0,0.7566,-1775.962,0,0,0,1
271.4879,-5.968086,0,-1775.773,0.454377,0.454377,-1.550925,-68.62318,0.25,-1842.867,91.4467,0,0.7568,0,0.6537,-5.9681,0,1,0,0,-0.6537,0,0.7568,-1775.773,0,0,0,1
271.4992,-5.804714,0,-1775.584,0.457559,0.457559,-1.572897,-68.62318,0.25,-1842.867,91.69649,0,0.7569,0,0.6535,-5.8047,0,1,0,0,-0.6535,0,0.7569,-1775.584,0,0,0,1
271.5142,-5.47813,0,-1775.205,0.463522,0.463522,-1.624167,-68.62318,0.25,-1842.867,92.19615,0,0.7573,0,0.6531,-5.4781,0,1,0,0,-0.6531,0,0.7573,-1775.205,0,0,0,1
271.5255,-5.314921,0,-1775.016,0.466506,0.466506,-1.697416,-68.62318,0.25,-1842.867,92.44592,0,0.7575,0,0.6528,-5.3149,0,1,0,0,-0.6528,0,0.7575,-1775.016,0,0,0,1
271.5334,-5.151772,0,-1774.826,0.469213,0.469213,-1.788969,-68.62318,0.25,-1842.867,92.69584,0,0.7577,0,0.6526,-5.1518,0,1,0,0,-0.6526,0,0.7577,-1774.826,0,0,0,1
271.5445,-4.988683,0,-1774.637,0.472065,0.472065,-1.836576,-68.62318,0.25,-1842.867,92.94553,0,0.7579,0,0.6524,-4.9887,0,1,0,0,-0.6524,0,0.7579,-1774.637,0,0,0,1
271.5557,-4.825658,0,-1774.448,0.474717,0.474717,-1.957426,-68.62318,0.25,-1842.867,93.19537,0,0.7581,0,0.6521,-4.8257,0,1,0,0,-0.6521,0,0.7581,-1774.448,0,0,0,1
271.5669,-4.662704,0,-1774.258,0.477291,0.477291,-2.10391,-68.62318,0.25,-1842.867,93.44524,0,0.7584,0,0.6518,-4.6627,0,1,0,0,-0.6518,0,0.7584,-1774.258,0,0,0,1
271.5779,-4.499823,0,-1774.068,0.4798,0.4798,-2.24674,-68.62318,0.25,-1842.867,93.69497,0,0.7586,0,0.6515,-4.4998,0,1,0,0,-0.6515,0,0.7586,-1774.068,0,0,0,1
271.5892,-4.337023,0,-1773.879,0.482226,0.482226,-2.433507,-68.62318,0.25,-1842.867,93.94474,0,0.7589,0,0.6512,-4.337,0,1,0,0,-0.6512,0,0.7589,-1773.879,0,0,0,1
271.6004,-4.011681,0,-1773.499,0.486637,0.486637,-2.583661,-68.62318,0.25,-1842.867,94.44428,0,0.7595,0,0.6505,-4.0117,0,1,0,0,-0.6505,0,0.7595,-1773.499,0,0,0,1
271.6119,-3.849147,0,-1773.309,0.488571,0.488571,-2.850995,-68.62318,0.25,-1842.867,94.69415,0,0.7598,0,0.6501,-3.8491,0,1,0,0,-0.6501,0,0.7598,-1773.309,0,0,0,1
271.623,-3.686712,0,-1773.119,0.490584,0.490584,-2.990155,-68.62318,0.25,-1842.867,94.94385,0,0.7602,0,0.6497,-3.6867,0,1,0,0,-0.6497,0,0.7602,-1773.119,0,0,0,1
271.6342,-3.524382,0,-1772.929,0.492302,0.492302,-3.154957,-68.62318,0.25,-1842.867,95.19366,0,0.7605,0,0.6493,-3.5244,0,1,0,0,-0.6493,0,0.7605,-1772.929,0,0,0,1
271.6453,-3.362163,0,-1772.739,0.49397,0.49397,-3.349049,-68.62318,0.25,-1842.867,95.4434,0,0.7609,0,0.6489,-3.3622,0,1,0,0,-0.6489,0,0.7609,-1772.739,0,0,0,1
271.6567,-3.200059,0,-1772.548,0.495461,0.495461,-3.499196,-68.62318,0.25,-1842.867,95.69315,0,0.7613,0,0.6484,-3.2001,0,1,0,0,-0.6484,0,0.7613,-1772.548,0,0,0,1
271.6676,-3.038079,0,-1772.358,0.496694,0.496694,-3.68597,-68.62318,0.25,-1842.867,95.94291,0,0.7617,0,0.6479,-3.0381,0,1,0,0,-0.6479,0,0.7617,-1772.358,0,0,0,1
271.6786,-2.876228,0,-1772.167,0.497824,0.497824,-3.880062,-68.62318,0.25,-1842.867,96.19267,0,0.7621,0,0.6474,-2.8762,0,1,0,0,-0.6474,0,0.7621,-1772.167,0,0,0,1
271.6896,-2.714509,0,-1771.977,0.498769,0.498769,-3.975277,-68.62318,0.25,-1842.867,96.44243,0,0.7626,0,0.6469,-2.7145,0,1,0,0,-0.6469,0,0.7626,-1771.977,0,0,0,1
271.7011,-2.391482,0,-1771.595,0.500102,0.500102,-4.121768,-68.62318,0.25,-1842.867,96.94194,0,0.7635,0,0.6458,-2.3915,0,1,0,0,-0.6458,0,0.7635,-1771.595,0,0,0,1
271.7119,-2.230178,0,-1771.404,0.500488,0.500488,-4.220645,-68.62318,0.25,-1842.867,97.19169,0,0.764,0,0.6452,-2.2302,0,1,0,0,-0.6452,0,0.764,-1771.404,0,0,0,1
271.7228,-2.069018,0,-1771.213,0.500764,0.500764,-4.319522,-68.62318,0.25,-1842.867,97.44143,0,0.7645,0,0.6446,-2.069,0,1,0,0,-0.6446,0,0.7645,-1771.213,0,0,0,1
271.7341,-1.908004,0,-1771.021,0.500646,0.500646,-4.38544,-68.62318,0.25,-1842.867,97.69125,0,0.765,0,0.6441,-1.908,0,1,0,0,-0.6441,0,0.765,-1771.021,0,0,0,1
271.7452,-1.74714,0,-1770.83,0.500586,0.500586,-4.45869,-68.62318,0.25,-1842.867,97.94089,0,0.7655,0,0.6435,-1.7471,0,1,0,0,-0.6435,0,0.7655,-1770.83,0,0,0,1
271.7563,-1.586425,0,-1770.638,0.500131,0.500131,-4.498973,-68.62318,0.25,-1842.867,98.19061,0,0.766,0,0.6429,-1.5864,0,1,0,0,-0.6429,0,0.766,-1770.638,0,0,0,1
271.7674,-1.425862,0,-1770.447,0.499562,0.499562,-4.531932,-68.62318,0.25,-1842.867,98.4403,0,0.7665,0,0.6423,-1.4259,0,1,0,0,-0.6423,0,0.7665,-1770.447,0,0,0,1
271.7785,-1.265452,0,-1770.255,0.498754,0.498754,-4.572215,-68.62318,0.25,-1842.867,98.69009,0,0.767,0,0.6416,-1.2655,0,1,0,0,-0.6416,0,0.767,-1770.255,0,0,0,1
271.7893,-1.105195,0,-1770.063,0.497844,0.497844,-4.579539,-68.62318,0.25,-1842.867,98.93967,0,0.7675,0,0.641,-1.1052,0,1,0,0,-0.641,0,0.7675,-1770.063,0,0,0,1
271.8008,-0.785146,0,-1769.679,0.495351,0.495351,-4.619823,-68.62318,0.25,-1842.867,99.43897,0,0.7686,0,0.6398,-0.7851,0,1,0,0,-0.6398,0,0.7686,-1769.679,0,0,0,1
271.812,-0.625356,0,-1769.487,0.493813,0.493813,-4.674754,-68.62318,0.25,-1842.867,99.68861,0,0.7691,0,0.6392,-0.6254,0,1,0,0,-0.6392,0,0.7691,-1769.487,0,0,0,1
271.8228,-0.465726,0,-1769.294,0.492078,0.492078,-4.784617,-68.62318,0.25,-1842.867,99.93822,0,0.7696,0,0.6385,-0.4657,0,1,0,0,-0.6385,0,0.7696,-1769.294,0,0,0,1
271.834,-0.306262,0,-1769.102,0.490066,0.490066,-4.931109,-68.62318,0.25,-1842.867,100.1878,0,0.7702,0,0.6379,-0.3063,0,1,0,0,-0.6379,0,0.7702,-1769.102,0,0,0,1
271.8487,-0.146976,0,-1768.909,0.487928,0.487928,-5.271685,-68.62318,0.25,-1842.867,100.4374,0,0.7707,0,0.6371,-0.147,0,1,0,0,-0.6371,0,0.7707,-1768.909,0,0,0,1
271.859,0.012123,0,-1768.716,0.485458,0.485458,-5.582972,-68.62318,0.25,-1842.867,100.687,0,0.7714,0,0.6364,0.0121,0,1,0,0,-0.6364,0,0.7714,-1768.716,0,0,0,1
271.8674,0.171022,0,-1768.523,0.482772,0.482772,-5.9675,-68.62318,0.25,-1842.867,100.9366,0,0.772,0,0.6356,0.171,0,1,0,0,-0.6356,0,0.772,-1768.523,0,0,0,1
271.8783,0.329707,0,-1768.33,0.479743,0.479743,-6.308076,-68.62318,0.25,-1842.867,101.1862,0,0.7727,0,0.6347,0.3297,0,1,0,0,-0.6347,0,0.7727,-1768.33,0,0,0,1
271.8903,0.646377,0,-1767.943,0.472747,0.472747,-6.923325,-68.62318,0.25,-1842.867,101.6854,0,0.7743,0,0.6329,0.6464,0,1,0,0,-0.6329,0,0.7743,-1767.943,0,0,0,1
271.9008,0.804338,0,-1767.749,0.468939,0.468939,-7.604485,-68.62318,0.25,-1842.867,101.9348,0,0.7751,0,0.6318,0.8043,0,1,0,0,-0.6318,0,0.7751,-1767.749,0,0,0,1
271.9124,0.96202,0,-1767.555,0.464633,0.464633,-8.241706,-68.62318,0.25,-1842.867,102.1842,0,0.776,0,0.6307,0.962,0,1,0,0,-0.6307,0,0.776,-1767.555,0,0,0,1
271.9228,1.119397,0,-1767.361,0.459895,0.459895,-9.01808,-68.62318,0.25,-1842.867,102.4338,0,0.777,0,0.6295,1.1194,0,1,0,0,-0.6295,0,0.777,-1767.361,0,0,0,1
271.9341,1.276436,0,-1767.167,0.454804,0.454804,-9.955595,-68.62318,0.25,-1842.867,102.6832,0,0.7781,0,0.6282,1.2764,0,1,0,0,-0.6282,0,0.7781,-1767.167,0,0,0,1
271.9448,1.433118,0,-1766.972,0.449256,0.449256,-10.50492,-68.62318,0.25,-1842.867,102.9326,0,0.7792,0,0.6267,1.4331,0,1,0,0,-0.6267,0,0.7792,-1766.972,0,0,0,1
271.9559,1.58942,0,-1766.777,0.443212,0.443212,-11.15679,-68.62318,0.25,-1842.867,103.182,0,0.7805,0,0.6252,1.5894,0,1,0,0,-0.6252,0,0.7805,-1766.777,0,0,0,1
271.9676,1.745316,0,-1766.581,0.436689,0.436689,-11.91851,-68.62318,0.25,-1842.867,103.4313,0,0.7818,0,0.6236,1.7453,0,1,0,0,-0.6236,0,0.7818,-1766.581,0,0,0,1
271.9781,1.90078,0,-1766.385,0.429522,0.429522,-12.65827,-68.62318,0.25,-1842.867,103.6807,0,0.7831,0,0.6219,1.9008,0,1,0,0,-0.6219,0,0.7831,-1766.385,0,0,0,1
271.9893,2.05579,0,-1766.189,0.421776,0.421776,-13.26253,-68.62318,0.25,-1842.867,103.93,0,0.7846,0,0.62,2.0558,0,1,0,0,-0.62,0,0.7846,-1766.189,0,0,0,1
272.0005,2.364384,0,-1765.796,0.404526,0.404526,-13.87778,-68.62318,0.25,-1842.867,104.4284,0,0.7876,0,0.6162,2.3644,0,1,0,0,-0.6162,0,0.7876,-1765.796,0,0,0,1
272.0124,2.517936,0,-1765.599,0.395006,0.395006,-14.70176,-68.62318,0.25,-1842.867,104.6775,0,0.7891,0,0.6142,2.5179,0,1,0,0,-0.6142,0,0.7891,-1765.599,0,0,0,1
272.0227,2.670962,0,-1765.401,0.384673,0.384673,-15.28039,-68.62318,0.25,-1842.867,104.9267,0,0.7908,0,0.6121,2.671,0,1,0,0,-0.6121,0,0.7908,-1765.401,0,0,0,1
272.0338,2.823441,0,-1765.203,0.373755,0.373755,-15.83337,-68.62318,0.25,-1842.867,105.1758,0,0.7925,0,0.6099,2.8234,0,1,0,0,-0.6099,0,0.7925,-1765.203,0,0,0,1
272.045,2.975349,0,-1765.004,0.362174,0.362174,-16.49988,-68.62318,0.25,-1842.867,105.4247,0,0.7942,0,0.6076,2.9753,0,1,0,0,-0.6076,0,0.7942,-1765.004,0,0,0,1
272.0558,3.126667,0,-1764.805,0.349751,0.349751,-17.00526,-68.62318,0.25,-1842.867,105.6736,0,0.796,0,0.6053,3.1267,0,1,0,0,-0.6053,0,0.796,-1764.805,0,0,0,1
272.0671,3.277374,0,-1764.606,0.336637,0.336637,-17.58023,-68.62318,0.25,-1842.867,105.9225,0,0.7979,0,0.6028,3.2774,0,1,0,0,-0.6028,0,0.7979,-1764.606,0,0,0,1
272.0782,3.427452,0,-1764.406,0.322662,0.322662,-18.01236,-68.62318,0.25,-1842.867,106.1713,0,0.7998,0,0.6003,3.4275,0,1,0,0,-0.6003,0,0.7998,-1764.406,0,0,0,1
272.0891,3.576885,0,-1764.205,0.307901,0.307901,-18.4921,-68.62318,0.25,-1842.867,106.42,0,0.8017,0,0.5977,3.5769,0,1,0,0,-0.5977,0,0.8017,-1764.205,0,0,0,1
272.1004,3.873767,0,-1763.803,0.279367,0.279367,-18.85832,-68.62318,0.25,-1842.867,106.9172,0,0.8056,0,0.5924,3.8738,0,1,0,0,-0.5924,0,0.8056,-1763.803,0,0,0,1
272.1116,4.021197,0,-1763.601,0.264194,0.264194,-19.33806,-68.62318,0.25,-1842.867,107.1657,0,0.8076,0,0.5897,4.0212,0,1,0,0,-0.5897,0,0.8076,-1763.601,0,0,0,1
272.1225,4.167935,0,-1763.399,0.248298,0.248298,-19.59808,-68.62318,0.25,-1842.867,107.414,0,0.8096,0,0.587,4.1679,0,1,0,0,-0.587,0,0.8096,-1763.399,0,0,0,1
272.1336,4.313967,0,-1763.196,0.233945,0.233945,-19.95697,-68.62318,0.25,-1842.867,107.6622,0,0.8117,0,0.5841,4.314,0,1,0,0,-0.5841,0,0.8117,-1763.196,0,0,0,1
272.1448,4.45928,0,-1762.992,0.220333,0.220333,-20.29755,-68.62318,0.25,-1842.867,107.9105,0,0.8137,0,0.5812,4.4593,0,1,0,0,-0.5812,0,0.8137,-1762.992,0,0,0,1
272.1559,4.603861,0,-1762.788,0.205878,0.205878,-20.56123,-68.62318,0.25,-1842.867,108.1586,0,0.8158,0,0.5783,4.6039,0,1,0,0,-0.5783,0,0.8158,-1762.788,0,0,0,1
272.1669,4.747698,0,-1762.584,0.190618,0.190618,-20.86885,-68.62318,0.25,-1842.867,108.4064,0,0.8179,0,0.5754,4.7477,0,1,0,0,-0.5754,0,0.8179,-1762.584,0,0,0,1
272.1813,5.033101,0,-1762.173,0.16373,0.16373,-21.18379,-68.62318,0.25,-1842.867,108.9021,0,0.8221,0,0.5693,5.0331,0,1,0,0,-0.5693,0,0.8221,-1762.173,0,0,0,1
272.1922,5.174654,0,-1761.967,0.149667,0.149667,-21.39986,-68.62318,0.25,-1842.867,109.1498,0,0.8243,0,0.5662,5.1747,0,1,0,0,-0.5662,0,0.8243,-1761.967,0,0,0,1
272.2013,5.315427,0,-1761.761,0.134899,0.134899,-21.64156,-68.62318,0.25,-1842.867,109.3972,0,0.8264,0,0.5631,5.3154,0,1,0,0,-0.5631,0,0.8264,-1761.761,0,0,0,1
272.2123,5.455414,0,-1761.554,0.121386,0.121386,-21.8027,-68.62318,0.25,-1842.867,109.6446,0,0.8285,0,0.5599,5.4554,0,1,0,0,-0.5599,0,0.8285,-1761.554,0,0,0,1
272.2239,5.594603,0,-1761.346,0.108864,0.108864,-22.04074,-68.62318,0.25,-1842.867,109.8919,0,0.8307,0,0.5568,5.5946,0,1,0,0,-0.5568,0,0.8307,-1761.346,0,0,0,1
272.2341,5.732984,0,-1761.138,0.095321,0.095321,-22.25681,-68.62318,0.25,-1842.867,110.1391,0,0.8328,0,0.5535,5.733,0,1,0,0,-0.5535,0,0.8328,-1761.138,0,0,0,1
272.2441,5.870548,0,-1760.929,0.080807,0.080807,-22.43259,-68.62318,0.25,-1842.867,110.386,0,0.835,0,0.5503,5.8705,0,1,0,0,-0.5503,0,0.835,-1760.929,0,0,0,1
272.2553,6.007288,0,-1760.72,0.06749,0.06749,-22.60105,-68.62318,0.25,-1842.867,110.6329,0,0.8372,0,0.547,6.0073,0,1,0,0,-0.547,0,0.8372,-1760.72,0,0,0,1
272.2665,6.143194,0,-1760.51,0.055171,0.055171,-22.83177,-68.62318,0.25,-1842.867,110.8797,0,0.8393,0,0.5436,6.1432,0,1,0,0,-0.5436,0,0.8393,-1760.51,0,0,0,1
272.2783,6.278257,0,-1760.299,0.041857,0.041857,-22.93431,-68.62318,0.25,-1842.867,111.1262,0,0.8415,0,0.5403,6.2783,0,1,0,0,-0.5403,0,0.8415,-1760.299,0,0,0,1
272.2885,6.412474,0,-1760.089,0.027614,0.027614,-23.07347,-68.62318,0.25,-1842.867,111.3725,0,0.8437,0,0.5369,6.4125,0,1,0,0,-0.5369,0,0.8437,-1760.089,0,0,0,1
272.2998,6.545836,0,-1759.877,0.014504,0.014504,-23.15404,-68.62318,0.25,-1842.867,111.6188,0,0.8458,0,0.5334,6.5458,0,1,0,0,-0.5334,0,0.8458,-1759.877,0,0,0,1
272.311,6.809983,0,-1759.453,0.010789,-0.010789,-23.22363,-68.62318,0.25,-1842.867,112.1109,0,0.8501,0,0.5266,6.81,0,1,0,0,-0.5266,0,0.8501,-1759.453,0,0,0,1
272.3226,6.940764,0,-1759.24,0.024876,-0.024876,-23.24194,-68.62318,0.25,-1842.867,112.3565,0,0.8523,0,0.5231,6.9408,0,1,0,0,-0.5231,0,0.8523,-1759.24,0,0,0,1
272.3329,7.07068,0,-1759.026,0.038001,-0.038001,-23.24194,-68.62318,0.25,-1842.867,112.6023,0,0.8544,0,0.5197,7.0707,0,1,0,0,-0.5197,0,0.8544,-1759.026,0,0,0,1
272.3441,7.199728,0,-1758.812,0.0499,-0.0499,-23.24194,-68.62318,0.25,-1842.867,112.8476,0,0.8565,0,0.5162,7.1997,0,1,0,0,-0.5162,0,0.8565,-1758.812,0,0,0,1
272.3553,7.327906,0,-1758.597,0.06294,-0.06294,-23.24194,-68.62318,0.25,-1842.867,113.0929,0,0.8586,0,0.5127,7.3279,0,1,0,0,-0.5127,0,0.8586,-1758.597,0,0,0,1
272.3663,7.455212,0,-1758.382,0.077031,-0.077031,-23.24194,-68.62318,0.25,-1842.867,113.3381,0,0.8606,0,0.5092,7.4552,0,1,0,0,-0.5092,0,0.8606,-1758.382,0,0,0,1
272.3776,7.581645,0,-1758.166,0.089815,-0.089815,-23.24194,-68.62318,0.25,-1842.867,113.5829,0,0.8627,0,0.5057,7.5816,0,1,0,0,-0.5057,0,0.8627,-1758.166,0,0,0,1
272.3887,7.707201,0,-1757.95,0.101693,-0.101693,-23.24194,-68.62318,0.25,-1842.867,113.8276,0,0.8647,0,0.5022,7.7072,0,1,0,0,-0.5022,0,0.8647,-1757.95,0,0,0,1
272.3995,7.83188,0,-1757.733,0.11454,-0.11454,-23.24194,-68.62318,0.25,-1842.867,114.0721,0,0.8668,0,0.4987,7.8319,0,1,0,0,-0.4987,0,0.8668,-1757.733,0,0,0,1
272.4109,8.078594,0,-1757.299,0.141027,-0.141027,-23.24194,-68.62318,0.25,-1842.867,114.5605,0,0.8708,0,0.4917,8.0786,0,1,0,0,-0.4917,0,0.8708,-1757.299,0,0,0,1
272.4227,8.200626,0,-1757.08,0.152739,-0.152739,-23.24194,-68.62318,0.25,-1842.867,114.8045,0,0.8728,0,0.4881,8.2006,0,1,0,0,-0.4881,0,0.8728,-1757.08,0,0,0,1
272.4331,8.321773,0,-1756.862,0.165434,-0.165434,-23.24194,-68.62318,0.25,-1842.867,115.0482,0,0.8747,0,0.4846,8.3218,0,1,0,0,-0.4846,0,0.8747,-1756.862,0,0,0,1
272.4442,8.442031,0,-1756.643,0.179178,-0.179178,-23.24194,-68.62318,0.25,-1842.867,115.2917,0,0.8767,0,0.481,8.442,0,1,0,0,-0.481,0,0.8767,-1756.643,0,0,0,1
272.4559,8.561399,0,-1756.423,0.19163,-0.19163,-23.24194,-68.62318,0.25,-1842.867,115.535,0,0.8786,0,0.4775,8.5614,0,1,0,0,-0.4775,0,0.8786,-1756.423,0,0,0,1
272.4663,8.679875,0,-1756.203,0.203196,-0.203196,-23.24194,-68.62318,0.25,-1842.867,115.7781,0,0.8806,0,0.4739,8.6799,0,1,0,0,-0.4739,0,0.8806,-1756.203,0,0,0,1
272.4774,8.797459,0,-1755.982,0.215759,-0.215759,-23.22363,-68.62318,0.25,-1842.867,116.021,0,0.8825,0,0.4703,8.7975,0,1,0,0,-0.4703,0,0.8825,-1755.982,0,0,0,1
272.4886,8.914146,0,-1755.761,0.22927,-0.22927,-23.2163,-68.62318,0.25,-1842.867,116.2636,0,0.8844,0,0.4668,8.9141,0,1,0,0,-0.4668,0,0.8844,-1755.761,0,0,0,1
272.4997,9.029939,0,-1755.54,0.241632,-0.241632,-23.19432,-68.62318,0.25,-1842.867,116.5062,0,0.8863,0,0.4632,9.0299,0,1,0,0,-0.4632,0,0.8863,-1755.54,0,0,0,1
272.514,9.258833,0,-1755.095,0.265513,-0.265513,-23.14671,-68.62318,0.25,-1842.867,116.9906,0,0.89,0,0.456,9.2588,0,1,0,0,-0.456,0,0.89,-1755.095,0,0,0,1
272.5249,9.371935,0,-1754.872,0.278916,-0.278916,-23.0515,-68.62318,0.25,-1842.867,117.2324,0,0.8918,0,0.4524,9.3719,0,1,0,0,-0.4524,0,0.8918,-1754.872,0,0,0,1
272.5331,9.484142,0,-1754.649,0.291035,-0.291035,-22.95628,-68.62318,0.25,-1842.867,117.4741,0,0.8936,0,0.4488,9.4841,0,1,0,0,-0.4488,0,0.8936,-1754.649,0,0,0,1
272.5442,9.595457,0,-1754.425,0.302241,-0.302241,-22.88304,-68.62318,0.25,-1842.867,117.7155,0,0.8954,0,0.4453,9.5955,0,1,0,0,-0.4453,0,0.8954,-1754.425,0,0,0,1
272.5552,9.705882,0,-1754.201,0.314468,-0.314468,-22.74754,-68.62318,0.25,-1842.867,117.9567,0,0.8972,0,0.4417,9.7059,0,1,0,0,-0.4417,0,0.8972,-1754.201,0,0,0,1
272.5665,9.81542,0,-1753.976,0.327641,-0.327641,-22.64133,-68.62318,0.25,-1842.867,118.1976,0,0.8989,0,0.4382,9.8154,0,1,0,0,-0.4382,0,0.8989,-1753.976,0,0,0,1
272.5773,9.924074,0,-1753.751,0.339432,-0.339432,-22.52048,-68.62318,0.25,-1842.867,118.4383,0,0.9006,0,0.4346,9.9241,0,1,0,0,-0.4346,0,0.9006,-1753.751,0,0,0,1
272.5885,10.03185,0,-1753.525,0.350391,-0.350391,-22.40696,-68.62318,0.25,-1842.867,118.6789,0,0.9023,0,0.4311,10.0319,0,1,0,0,-0.4311,0,0.9023,-1753.525,0,0,0,1
272.6004,10.24475,0,-1753.073,0.375186,-0.375186,-22.28977,-68.62318,0.25,-1842.867,119.1592,0,0.9056,0,0.4241,10.2448,0,1,0,0,-0.4241,0,0.9056,-1753.073,0,0,0,1
272.6119,10.34989,0,-1752.846,0.386609,-0.386609,-22.18723,-68.62318,0.25,-1842.867,119.399,0,0.9073,0,0.4205,10.3499,0,1,0,0,-0.4205,0,0.9073,-1752.846,0,0,0,1
272.6222,10.45415,0,-1752.619,0.397301,-0.397301,-22.14328,-68.62318,0.25,-1842.867,119.6387,0,0.9089,0,0.417,10.4542,0,1,0,0,-0.417,0,0.9089,-1752.619,0,0,0,1
272.6334,10.55753,0,-1752.391,0.408862,-0.408862,-22.13962,-68.62318,0.25,-1842.867,119.878,0,0.9105,0,0.4135,10.5575,0,1,0,0,-0.4135,0,0.9105,-1752.391,0,0,0,1
272.6445,10.66003,0,-1752.163,0.421437,-0.421437,-22.13962,-68.62318,0.25,-1842.867,120.1171,0,0.9121,0,0.41,10.66,0,1,0,0,-0.41,0,0.9121,-1752.163,0,0,0,1
272.6557,10.76165,0,-1751.935,0.432421,-0.432421,-22.13962,-68.62318,0.25,-1842.867,120.356,0,0.9137,0,0.4065,10.7617,0,1,0,0,-0.4065,0,0.9137,-1751.935,0,0,0,1
272.6668,10.86238,0,-1751.706,0.442709,-0.442709,-22.13962,-68.62318,0.25,-1842.867,120.5946,0,0.9152,0,0.4029,10.8624,0,1,0,0,-0.4029,0,0.9152,-1751.706,0,0,0,1
272.6779,10.96223,0,-1751.477,0.454019,-0.454019,-22.13962,-68.62318,0.25,-1842.867,120.8331,0,0.9168,0,0.3994,10.9622,0,1,0,0,-0.3994,0,0.9168,-1751.477,0,0,0,1
272.689,11.0612,0,-1751.247,0.466254,-0.466254,-22.13962,-68.62318,0.25,-1842.867,121.0713,0,0.9183,0,0.3959,11.0612,0,1,0,0,-0.3959,0,0.9183,-1751.247,0,0,0,1
272.7004,11.25646,0,-1750.787,0.486748,-0.486748,-22.13962,-68.62318,0.25,-1842.867,121.5469,0,0.9213,0,0.3887,11.2565,0,1,0,0,-0.3887,0,0.9213,-1750.787,0,0,0,1
272.7113,11.35275,0,-1750.556,0.497776,-0.497776,-22.13962,-68.62318,0.25,-1842.867,121.7844,0,0.9228,0,0.3852,11.3528,0,1,0,0,-0.3852,0,0.9228,-1750.556,0,0,0,1
272.7224,11.44816,0,-1750.325,0.5096,-0.5096,-22.13962,-68.62318,0.25,-1842.867,122.0215,0,0.9243,0,0.3816,11.4482,0,1,0,0,-0.3816,0,0.9243,-1750.325,0,0,0,1
272.7335,11.54267,0,-1750.094,0.519669,-0.519669,-22.13962,-68.62318,0.25,-1842.867,122.2584,0,0.9258,0,0.378,11.5427,0,1,0,0,-0.378,0,0.9258,-1750.094,0,0,0,1
272.7446,11.63628,0,-1749.862,0.529293,-0.529293,-22.13962,-68.62318,0.25,-1842.867,122.495,0,0.9272,0,0.3745,11.6363,0,1,0,0,-0.3745,0,0.9272,-1749.862,0,0,0,1
272.7555,11.729,0,-1749.63,0.539914,-0.539914,-22.13962,-68.62318,0.25,-1842.867,122.7314,0,0.9287,0,0.3709,11.729,0,1,0,0,-0.3709,0,0.9287,-1749.63,0,0,0,1
272.7667,11.82082,0,-1749.397,0.551481,-0.551481,-22.13962,-68.62318,0.25,-1842.867,122.9675,0,0.9301,0,0.3673,11.8208,0,1,0,0,-0.3673,0,0.9301,-1749.397,0,0,0,1
272.7781,11.91174,0,-1749.164,0.561065,-0.561065,-22.13962,-68.62318,0.25,-1842.867,123.2034,0,0.9315,0,0.3637,11.9117,0,1,0,0,-0.3637,0,0.9315,-1749.164,0,0,0,1
272.7888,12.00176,0,-1748.931,0.570385,-0.570385,-22.13962,-68.62318,0.25,-1842.867,123.4391,0,0.9329,0,0.3601,12.0018,0,1,0,0,-0.3601,0,0.9329,-1748.931,0,0,0,1
272.8001,12.1791,0,-1748.464,0.591858,-0.591858,-22.13962,-68.62318,0.25,-1842.867,123.9094,0,0.9357,0,0.3529,12.1791,0,1,0,0,-0.3529,0,0.9357,-1748.464,0,0,0,1
272.8116,12.26641,0,-1748.229,0.600927,-0.600927,-22.13962,-68.62318,0.25,-1842.867,124.1441,0,0.937,0,0.3492,12.2664,0,1,0,0,-0.3492,0,0.937,-1748.229,0,0,0,1
272.8223,12.35281,0,-1747.995,0.609952,-0.609952,-22.13962,-68.62318,0.25,-1842.867,124.3787,0,0.9384,0,0.3456,12.3528,0,1,0,0,-0.3456,0,0.9384,-1747.995,0,0,0,1
272.8333,12.43831,0,-1747.76,0.619903,-0.619903,-22.13962,-68.62318,0.25,-1842.867,124.613,0,0.9397,0,0.342,12.4383,0,1,0,0,-0.342,0,0.9397,-1747.76,0,0,0,1
272.8475,12.5229,0,-1747.525,0.630735,-0.630735,-22.13962,-68.62318,0.25,-1842.867,124.847,0,0.941,0,0.3384,12.5229,0,1,0,0,-0.3384,0,0.941,-1747.525,0,0,0,1
272.8585,12.60658,0,-1747.289,0.639321,-0.639321,-22.13962,-68.62318,0.25,-1842.867,125.0806,0,0.9423,0,0.3347,12.6066,0,1,0,0,-0.3347,0,0.9423,-1747.289,0,0,0,1
272.8667,12.68935,0,-1747.053,0.648025,-0.648025,-22.13962,-68.62318,0.25,-1842.867,125.3141,0,0.9436,0,0.3311,12.6894,0,1,0,0,-0.3311,0,0.9436,-1747.053,0,0,0,1
272.8776,12.77121,0,-1746.817,0.657628,-0.657628,-22.13962,-68.62318,0.25,-1842.867,125.5472,0,0.9449,0,0.3274,12.7712,0,1,0,0,-0.3274,0,0.9449,-1746.817,0,0,0,1
272.8887,12.85215,0,-1746.58,0.668205,-0.668205,-22.13962,-68.62318,0.25,-1842.867,125.7801,0,0.9461,0,0.3238,12.8522,0,1,0,0,-0.3238,0,0.9461,-1746.58,0,0,0,1
272.8999,12.93218,0,-1746.343,0.6763,-0.6763,-22.13962,-68.62318,0.25,-1842.867,126.0126,0,0.9474,0,0.3201,12.9322,0,1,0,0,-0.3201,0,0.9474,-1746.343,0,0,0,1
272.9109,13.08949,0,-1745.869,0.693848,-0.693848,-22.13962,-68.62318,0.25,-1842.867,126.4769,0,0.9498,0,0.3128,13.0895,0,1,0,0,-0.3128,0,0.9498,-1745.869,0,0,0,1
272.9221,13.16677,0,-1745.631,0.704058,-0.704058,-22.13962,-68.62318,0.25,-1842.867,126.7086,0,0.951,0,0.3091,13.1668,0,1,0,0,-0.3091,0,0.951,-1745.631,0,0,0,1
272.9332,13.24313,0,-1745.393,0.711591,-0.711591,-22.13962,-68.62318,0.25,-1842.867,126.9399,0,0.9522,0,0.3054,13.2431,0,1,0,0,-0.3054,0,0.9522,-1745.393,0,0,0,1
272.9444,13.31856,0,-1745.155,0.719617,-0.719617,-22.13962,-68.62318,0.25,-1842.867,127.1711,0,0.9534,0,0.3018,13.3186,0,1,0,0,-0.3018,0,0.9534,-1745.155,0,0,0,1
272.9555,13.39308,0,-1744.916,0.728519,-0.728519,-22.13962,-68.62318,0.25,-1842.867,127.4019,0,0.9545,0,0.2981,13.3931,0,1,0,0,-0.2981,0,0.9545,-1744.916,0,0,0,1
272.9666,13.46667,0,-1744.677,0.738339,-0.738339,-22.13962,-68.62318,0.25,-1842.867,127.6324,0,0.9557,0,0.2944,13.4667,0,1,0,0,-0.2944,0,0.9557,-1744.677,0,0,0,1
272.9776,13.53934,0,-1744.438,0.74545,-0.74545,-22.13962,-68.62318,0.25,-1842.867,127.8626,0,0.9568,0,0.2907,13.5393,0,1,0,0,-0.2907,0,0.9568,-1744.438,0,0,0,1
272.9889,13.61109,0,-1744.198,0.753049,-0.753049,-22.13962,-68.62318,0.25,-1842.867,128.0925,0,0.9579,0,0.287,13.6111,0,1,0,0,-0.287,0,0.9579,-1744.198,0,0,0,1
273.0001,13.7518,0,-1743.718,0.77117,-0.77117,-22.13962,-68.62318,0.25,-1842.867,128.5514,0,0.9601,0,0.2796,13.7518,0,1,0,0,-0.2796,0,0.9601,-1743.718,0,0,0,1
273.0117,13.82077,0,-1743.478,0.777676,-0.777676,-22.13962,-68.62318,0.25,-1842.867,128.7803,0,0.9612,0,0.2759,13.8208,0,1,0,0,-0.2759,0,0.9612,-1743.478,0,0,0,1
273.0226,13.8888,0,-1743.238,0.784941,-0.784941,-22.13962,-68.62318,0.25,-1842.867,129.0089,0,0.9623,0,0.2721,13.8888,0,1,0,0,-0.2721,0,0.9623,-1743.238,0,0,0,1
273.0337,13.95591,0,-1742.997,0.793274,-0.793274,-22.13962,-68.62318,0.25,-1842.867,129.2375,0,0.9633,0,0.2684,13.9559,0,1,0,0,-0.2684,0,0.9633,-1742.997,0,0,0,1
273.0449,14.02208,0,-1742.756,0.802415,-0.802415,-22.13962,-68.62318,0.25,-1842.867,129.4654,0,0.9643,0,0.2647,14.0221,0,1,0,0,-0.2647,0,0.9643,-1742.756,0,0,0,1
273.0561,14.08733,0,-1742.514,0.808442,-0.808442,-22.13962,-68.62318,0.25,-1842.867,129.6932,0,0.9653,0,0.261,14.0873,0,1,0,0,-0.261,0,0.9653,-1742.514,0,0,0,1
273.067,14.15164,0,-1742.273,0.815347,-0.815347,-22.13962,-68.62318,0.25,-1842.867,129.9205,0,0.9663,0,0.2572,14.1516,0,1,0,0,-0.2572,0,0.9663,-1742.273,0,0,0,1
273.0782,14.21501,0,-1742.031,0.823228,-0.823228,-22.13962,-68.62318,0.25,-1842.867,130.1476,0,0.9673,0,0.2535,14.215,0,1,0,0,-0.2535,0,0.9673,-1742.031,0,0,0,1
273.0896,14.27745,0,-1741.789,0.83183,-0.83183,-22.13962,-68.62318,0.25,-1842.867,130.3743,0,0.9683,0,0.2498,14.2775,0,1,0,0,-0.2498,0,0.9683,-1741.789,0,0,0,1
273.1003,14.39952,0,-1741.304,0.844101,-0.844101,-22.13962,-68.62318,0.25,-1842.867,130.8269,0,0.9702,0,0.2423,14.3995,0,1,0,0,-0.2423,0,0.9702,-1741.304,0,0,0,1
273.1116,14.45915,0,-1741.061,0.851646,-0.851646,-22.13962,-68.62318,0.25,-1842.867,131.0526,0,0.9711,0,0.2385,14.4592,0,1,0,0,-0.2385,0,0.9711,-1741.061,0,0,0,1
273.1227,14.51784,0,-1740.818,0.85968,-0.85968,-22.13962,-68.62318,0.25,-1842.867,131.2781,0,0.9721,0,0.2348,14.5178,0,1,0,0,-0.2348,0,0.9721,-1740.818,0,0,0,1
273.1336,14.5756,0,-1740.575,0.865077,-0.865077,-22.13962,-68.62318,0.25,-1842.867,131.5034,0,0.973,0,0.231,14.5756,0,1,0,0,-0.231,0,0.973,-1740.575,0,0,0,1
273.1448,14.63241,0,-1740.331,0.87131,-0.87131,-22.13962,-68.62318,0.25,-1842.867,131.7281,0,0.9738,0,0.2272,14.6324,0,1,0,0,-0.2272,0,0.9738,-1740.331,0,0,0,1
273.156,14.68828,0,-1740.088,0.87856,-0.87856,-22.13962,-68.62318,0.25,-1842.867,131.9526,0,0.9747,0,0.2235,14.6883,0,1,0,0,-0.2235,0,0.9747,-1740.088,0,0,0,1
273.1672,14.74321,0,-1739.844,0.885991,-0.885991,-22.13962,-68.62318,0.25,-1842.867,132.1766,0,0.9756,0,0.2197,14.7432,0,1,0,0,-0.2197,0,0.9756,-1739.844,0,0,0,1
273.1814,14.85023,0,-1739.355,0.896906,-0.896906,-22.13962,-68.62318,0.25,-1842.867,132.6239,0,0.9772,0,0.2122,14.8502,0,1,0,0,-0.2122,0,0.9772,-1739.355,0,0,0,1
273.1921,14.90233,0,-1739.111,0.903808,-0.903808,-22.13962,-68.62318,0.25,-1842.867,132.8471,0,0.978,0,0.2084,14.9023,0,1,0,0,-0.2084,0,0.978,-1739.111,0,0,0,1
273.2011,14.95348,0,-1738.866,0.910664,-0.910664,-22.13962,-68.62318,0.25,-1842.867,133.0698,0,0.9788,0,0.2046,14.9535,0,1,0,0,-0.2046,0,0.9788,-1738.866,0,0,0,1
273.2114,15.00369,0,-1738.621,0.91535,-0.91535,-22.13962,-68.62318,0.25,-1842.867,133.2923,0,0.9796,0,0.2008,15.0037,0,1,0,0,-0.2008,0,0.9796,-1738.621,0,0,0,1
273.2231,15.05295,0,-1738.376,0.920921,-0.920921,-22.13962,-68.62318,0.25,-1842.867,133.5143,0,0.9804,0,0.197,15.053,0,1,0,0,-0.197,0,0.9804,-1738.376,0,0,0,1
273.2341,15.10126,0,-1738.131,0.92746,-0.92746,-22.13962,-68.62318,0.25,-1842.867,133.7361,0,0.9811,0,0.1932,15.1013,0,1,0,0,-0.1932,0,0.9811,-1738.131,0,0,0,1
273.2443,15.14863,0,-1737.885,0.933738,-0.933738,-22.13962,-68.62318,0.25,-1842.867,133.9574,0,0.9819,0,0.1895,15.1486,0,1,0,0,-0.1895,0,0.9819,-1737.885,0,0,0,1
273.2553,15.19504,0,-1737.64,0.938034,-0.938034,-22.13962,-68.62318,0.25,-1842.867,134.1784,0,0.9826,0,0.1857,15.195,0,1,0,0,-0.1857,0,0.9826,-1737.64,0,0,0,1
273.2665,15.24051,0,-1737.394,0.943302,-0.943302,-22.13962,-68.62318,0.25,-1842.867,134.3992,0,0.9833,0,0.1819,15.2405,0,1,0,0,-0.1819,0,0.9833,-1737.394,0,0,0,1
273.2774,15.28502,0,-1737.148,0.94947,-0.94947,-22.13962,-68.62318,0.25,-1842.867,134.6194,0,0.984,0,0.1781,15.285,0,1,0,0,-0.1781,0,0.984,-1737.148,0,0,0,1
273.2886,15.32859,0,-1736.902,0.955211,-0.955211,-22.13962,-68.62318,0.25,-1842.867,134.8395,0,0.9847,0,0.1743,15.3286,0,1,0,0,-0.1743,0,0.9847,-1736.902,0,0,0,1
273.2998,15.3712,0,-1736.656,0.95918,-0.95918,-22.13962,-68.62318,0.25,-1842.867,135.0591,0,0.9854,0,0.1705,15.3712,0,1,0,0,-0.1705,0,0.9854,-1736.656,0,0,0,1
273.3111,15.45357,0,-1736.162,0.969959,-0.969959,-22.13962,-68.62318,0.25,-1842.867,135.4973,0,0.9867,0,0.1628,15.4536,0,1,0,0,-0.1628,0,0.9867,-1736.162,0,0,0,1
273.3221,15.49332,0,-1735.916,0.975061,-0.975061,-22.13962,-68.62318,0.25,-1842.867,135.7159,0,0.9873,0,0.159,15.4933,0,1,0,0,-0.159,0,0.9873,-1735.916,0,0,0,1
273.3332,15.53212,0,-1735.669,0.978691,-0.978691,-22.12497,-68.62318,0.25,-1842.867,135.9341,0,0.9879,0,0.1552,15.5321,0,1,0,0,-0.1552,0,0.9879,-1735.669,0,0,0,1
273.3443,15.56997,0,-1735.422,0.983233,-0.983233,-22.11765,-68.62318,0.25,-1842.867,136.1518,0,0.9885,0,0.1514,15.57,0,1,0,0,-0.1514,0,0.9885,-1735.422,0,0,0,1
273.3553,15.60687,0,-1735.174,0.988794,-0.988794,-22.09201,-68.62318,0.25,-1842.867,136.3694,0,0.9891,0,0.1476,15.6069,0,1,0,0,-0.1476,0,0.9891,-1735.174,0,0,0,1
273.3663,15.64281,0,-1734.927,0.993272,-0.993272,-22.04807,-68.62318,0.25,-1842.867,136.5866,0,0.9896,0,0.1438,15.6428,0,1,0,0,-0.1438,0,0.9896,-1734.927,0,0,0,1
273.3776,15.6778,0,-1734.679,0.996554,-0.996554,-21.9968,-68.62318,0.25,-1842.867,136.8033,0,0.9902,0,0.14,15.6778,0,1,0,0,-0.14,0,0.9902,-1734.679,0,0,0,1
273.3891,15.71184,0,-1734.432,1.000772,-1.000772,-21.93088,-68.62318,0.25,-1842.867,137.0197,0,0.9907,0,0.1362,15.7118,0,1,0,0,-0.1362,0,0.9907,-1734.432,0,0,0,1
273.3998,15.74495,0,-1734.184,1.005935,-1.005935,-21.82834,-68.62318,0.25,-1842.867,137.2357,0,0.9912,0,0.1324,15.745,0,1,0,0,-0.1324,0,0.9912,-1734.184,0,0,0,1
273.4109,15.80833,0,-1733.688,1.012626,-1.012626,-21.71114,-68.62318,0.25,-1842.867,137.6667,0,0.9922,0,0.1249,15.8083,0,1,0,0,-0.1249,0,0.9922,-1733.688,0,0,0,1
273.4221,15.83862,0,-1733.44,1.016429,-1.016429,-21.61227,-68.62318,0.25,-1842.867,137.8817,0,0.9926,0,0.1211,15.8386,0,1,0,0,-0.1211,0,0.9926,-1733.44,0,0,0,1
273.4331,15.86797,0,-1733.191,1.021169,-1.021169,-21.46578,-68.62318,0.25,-1842.867,138.0963,0,0.9931,0,0.1174,15.868,0,1,0,0,-0.1174,0,0.9931,-1733.191,0,0,0,1
273.4442,15.8964,0,-1732.943,1.024249,-1.024249,-21.29732,-68.62318,0.25,-1842.867,138.3105,0,0.9935,0,0.1137,15.8964,0,1,0,0,-0.1137,0,0.9935,-1732.943,0,0,0,1
273.4553,15.92392,0,-1732.694,1.026682,-1.026682,-21.2021,-68.62318,0.25,-1842.867,138.5244,0,0.9939,0,0.1101,15.9239,0,1,0,0,-0.1101,0,0.9939,-1732.694,0,0,0,1
273.4665,15.95052,0,-1732.446,1.029988,-1.029988,-21.08492,-68.62318,0.25,-1842.867,138.7379,0,0.9943,0,0.1064,15.9505,0,1,0,0,-0.1064,0,0.9943,-1732.446,0,0,0,1
273.4776,15.97621,0,-1732.197,1.034183,-1.034183,-20.96407,-68.62318,0.25,-1842.867,138.9509,0,0.9947,0,0.1028,15.9762,0,1,0,0,-0.1028,0,0.9947,-1732.197,0,0,0,1
273.4886,16.00099,0,-1731.948,1.036478,-1.036478,-20.89815,-68.62318,0.25,-1842.867,139.1638,0,0.9951,0,0.0991,16.001,0,1,0,0,-0.0991,0,0.9951,-1731.948,0,0,0,1
273.5005,16.04783,0,-1731.451,1.041114,-1.041114,-20.86885,-68.62318,0.25,-1842.867,139.5883,0,0.9958,0,0.0919,16.0478,0,1,0,0,-0.0919,0,0.9958,-1731.451,0,0,0,1
273.5147,16.0699,0,-1731.202,1.044768,-1.044768,-20.86519,-68.62318,0.25,-1842.867,139.8,0,0.9961,0,0.0883,16.0699,0,1,0,0,-0.0883,0,0.9961,-1731.202,0,0,0,1
273.5249,16.09105,0,-1730.952,1.046196,-1.046196,-20.86519,-68.62318,0.25,-1842.867,140.0114,0,0.9964,0,0.0846,16.0911,0,1,0,0,-0.0846,0,0.9964,-1730.952,0,0,0,1
273.5331,16.1113,0,-1730.703,1.047493,-1.047493,-20.86519,-68.62318,0.25,-1842.867,140.2224,0,0.9967,0,0.081,16.1113,0,1,0,0,-0.081,0,0.9967,-1730.703,0,0,0,1
273.544,16.13064,0,-1730.454,1.049702,-1.049702,-20.86519,-68.62318,0.25,-1842.867,140.4331,0,0.997,0,0.0774,16.1306,0,1,0,0,-0.0774,0,0.997,-1730.454,0,0,0,1
273.5553,16.14907,0,-1730.205,1.052791,-1.052791,-20.86519,-68.62318,0.25,-1842.867,140.6433,0,0.9973,0,0.0737,16.1491,0,1,0,0,-0.0737,0,0.9973,-1730.205,0,0,0,1
273.5664,16.1666,0,-1729.955,1.053365,-1.053365,-20.86519,-68.62318,0.25,-1842.867,140.8533,0,0.9975,0,0.0701,16.1666,0,1,0,0,-0.0701,0,0.9975,-1729.955,0,0,0,1
273.5777,16.18322,0,-1729.706,1.054106,-1.054106,-20.86519,-68.62318,0.25,-1842.867,141.0628,0,0.9978,0,0.0665,16.1832,0,1,0,0,-0.0665,0,0.9978,-1729.706,0,0,0,1
273.5887,16.19893,0,-1729.456,1.055754,-1.055754,-20.86519,-68.62318,0.25,-1842.867,141.2721,0,0.998,0,0.0628,16.1989,0,1,0,0,-0.0628,0,0.998,-1729.456,0,0,0,1
273.6005,16.22762,0,-1728.957,1.057996,-1.057996,-20.86519,-68.62318,0.25,-1842.867,141.6892,0,0.9985,0,0.0556,16.2276,0,1,0,0,-0.0556,0,0.9985,-1728.957,0,0,0,1
273.611,16.2406,0,-1728.708,1.058188,-1.058188,-20.86519,-68.62318,0.25,-1842.867,141.8974,0,0.9987,0,0.0519,16.2406,0,1,0,0,-0.0519,0,0.9987,-1728.708,0,0,0,1
273.6223,16.25267,0,-1728.458,1.059266,-1.059266,-20.87251,-68.62318,0.25,-1842.867,142.1051,0,0.9988,0,0.0483,16.2527,0,1,0,0,-0.0483,0,0.9988,-1728.458,0,0,0,1
273.6331,16.26383,0,-1728.208,1.061247,-1.061247,-20.87251,-68.62318,0.25,-1842.867,142.3125,0,0.999,0,0.0446,16.2638,0,1,0,0,-0.0446,0,0.999,-1728.208,0,0,0,1
