time,pos_x,pos_y,pos_z,distFromRoadCenter,signedDistFromRoadCenter,wheelAngle,obstacle_pos_x,obstacle_pos_y,obstacle_pos_z,distance_to_obstacle,brake_position,simplecar_4x4_R0C0,simplecar_4x4_R0C1,simplecar_4x4_R0C2,simplecar_4x4_R0C3,simplecar_4x4_R1C0,simplecar_4x4_R1C1,simplecar_4x4_R1C2,simplecar_4x4_R1C3,simplecar_4x4_R2C0,simplecar_4x4_R2C1,simplecar_4x4_R2C2,simplecar_4x4_R2C3,simplecar_4x4_R3C0,simplecar_4x4_R3C1,simplecar_4x4_R3C2,simplecar_4x4_R3C3
212.9361,65.9774,0,-1344.544,1.962457,1.962457,1.041884,135.7747,0.25,-1316.935,74.73534,0,-0.2983,0,-0.9545,65.9774,0,1,0,0,0.9545,0,-0.2983,-1344.544,0,0,0,1
212.9483,65.73877,0,-1344.619,1.955272,1.955272,1.041884,135.7747,0.25,-1316.935,74.98472,0,-0.2981,0,-0.9545,65.7388,0,1,0,0,0.9545,0,-0.2981,-1344.619,0,0,0,1
212.9583,65.50012,0,-1344.693,1.948262,1.948262,1.041884,135.7747,0.25,-1316.935,75.23406,0,-0.298,0,-0.9546,65.5001,0,1,0,0,0.9546,0,-0.298,-1344.693,0,0,0,1
212.9699,65.26147,0,-1344.768,1.941165,1.941165,1.041884,135.7747,0.25,-1316.935,75.48342,0,-0.2978,0,-0.9546,65.2615,0,1,0,0,0.9546,0,-0.2978,-1344.768,0,0,0,1
212.9843,64.78411,0,-1344.917,1.927095,1.927095,1.041884,135.7747,0.25,-1316.935,75.98215,0,-0.2974,0,-0.9547,64.7841,0,1,0,0,0.9547,0,-0.2974,-1344.917,0,0,0,1
212.9923,64.54541,0,-1344.991,1.920367,1.920367,1.041884,135.7747,0.25,-1316.935,76.23148,0,-0.2973,0,-0.9548,64.5454,0,1,0,0,0.9548,0,-0.2973,-1344.991,0,0,0,1
213.0039,64.3067,0,-1345.065,1.913395,1.913395,1.041884,135.7747,0.25,-1316.935,76.48086,0,-0.2971,0,-0.9548,64.3067,0,1,0,0,0.9548,0,-0.2971,-1345.065,0,0,0,1
213.0149,64.06798,0,-1345.14,1.906552,1.906552,1.041884,135.7747,0.25,-1316.935,76.73021,0,-0.2969,0,-0.9549,64.068,0,1,0,0,0.9549,0,-0.2969,-1345.14,0,0,0,1
213.0253,63.82924,0,-1345.214,1.899826,1.899826,1.041884,135.7747,0.25,-1316.935,76.97958,0,-0.2968,0,-0.955,63.8292,0,1,0,0,0.955,0,-0.2968,-1345.214,0,0,0,1
213.0362,63.59049,0,-1345.288,1.893108,1.893108,1.041884,135.7747,0.25,-1316.935,77.22892,0,-0.2966,0,-0.955,63.5905,0,1,0,0,0.955,0,-0.2966,-1345.288,0,0,0,1
213.0475,63.35172,0,-1345.362,1.88639,1.88639,1.041884,135.7747,0.25,-1316.935,77.47829,0,-0.2964,0,-0.9551,63.3517,0,1,0,0,0.9551,0,-0.2964,-1345.362,0,0,0,1
213.0587,63.11294,0,-1345.436,1.879672,1.879672,1.041884,135.7747,0.25,-1316.935,77.72766,0,-0.2962,0,-0.9551,63.1129,0,1,0,0,0.9551,0,-0.2962,-1345.436,0,0,0,1
213.0705,62.63534,0,-1345.584,1.866608,1.866608,1.041884,135.7747,0.25,-1316.935,78.22638,0,-0.2959,0,-0.9552,62.6353,0,1,0,0,0.9552,0,-0.2959,-1345.584,0,0,0,1
213.0809,62.39652,0,-1345.658,1.860135,1.860135,1.041884,135.7747,0.25,-1316.935,78.47577,0,-0.2957,0,-0.9553,62.3965,0,1,0,0,0.9553,0,-0.2957,-1345.658,0,0,0,1
213.0921,62.15769,0,-1345.732,1.853671,1.853671,1.041884,135.7747,0.25,-1316.935,78.72513,0,-0.2955,0,-0.9553,62.1577,0,1,0,0,0.9553,0,-0.2955,-1345.732,0,0,0,1
213.1035,61.91884,0,-1345.806,1.847324,1.847324,1.041884,135.7747,0.25,-1316.935,78.9745,0,-0.2954,0,-0.9554,61.9188,0,1,0,0,0.9554,0,-0.2954,-1345.806,0,0,0,1
213.1147,61.67998,0,-1345.88,1.84086,1.84086,1.041884,135.7747,0.25,-1316.935,79.22389,0,-0.2952,0,-0.9554,61.68,0,1,0,0,0.9554,0,-0.2952,-1345.88,0,0,0,1
213.1256,61.44111,0,-1345.953,1.83464,1.83464,1.019912,135.7747,0.25,-1316.935,79.47324,0,-0.295,0,-0.9555,61.4411,0,1,0,0,0.9555,0,-0.295,-1345.953,0,0,0,1
213.137,61.20222,0,-1346.027,1.828304,1.828304,0.950332,135.7747,0.25,-1316.935,79.72263,0,-0.2949,0,-0.9555,61.2022,0,1,0,0,0.9555,0,-0.2949,-1346.027,0,0,0,1
213.1481,60.96333,0,-1346.101,1.821967,1.821967,0.902724,135.7747,0.25,-1316.935,79.97201,0,-0.2947,0,-0.9556,60.9633,0,1,0,0,0.9556,0,-0.2947,-1346.101,0,0,0,1
213.1592,60.72442,0,-1346.174,1.815874,1.815874,0.82582,135.7747,0.25,-1316.935,80.22137,0,-0.2946,0,-0.9556,60.7244,0,1,0,0,0.9556,0,-0.2946,-1346.174,0,0,0,1
213.17,60.24657,0,-1346.322,1.803454,1.803454,0.752578,135.7747,0.25,-1316.935,80.72014,0,-0.2943,0,-0.9557,60.2466,0,1,0,0,0.9557,0,-0.2943,-1346.322,0,0,0,1
213.1812,60.00764,0,-1346.395,1.797488,1.797488,0.63539,135.7747,0.25,-1316.935,80.96948,0,-0.2942,0,-0.9557,60.0076,0,1,0,0,0.9557,0,-0.2942,-1346.395,0,0,0,1
213.1922,59.76871,0,-1346.469,1.791278,1.791278,0.49623,135.7747,0.25,-1316.935,81.21889,0,-0.2941,0,-0.9558,59.7687,0,1,0,0,0.9558,0,-0.2941,-1346.469,0,0,0,1
213.2076,59.52976,0,-1346.542,1.785195,1.785195,0.232544,135.7747,0.25,-1316.935,81.46827,0,-0.2941,0,-0.9558,59.5298,0,1,0,0,0.9558,0,-0.2941,-1346.542,0,0,0,1
213.2174,59.29082,0,-1346.616,1.779229,1.779229,-0.001831,135.7747,0.25,-1316.935,81.71764,0,-0.2941,0,-0.9558,59.2908,0,1,0,0,0.9558,0,-0.2941,-1346.616,0,0,0,1
213.2261,59.05187,0,-1346.689,1.773145,1.773145,-0.184937,135.7747,0.25,-1316.935,81.96701,0,-0.2941,0,-0.9558,59.0519,0,1,0,0,0.9558,0,-0.2941,-1346.689,0,0,0,1
213.2366,58.81293,0,-1346.763,1.767062,1.767062,-0.305793,135.7747,0.25,-1316.935,82.21638,0,-0.2942,0,-0.9558,58.8129,0,1,0,0,0.9558,0,-0.2942,-1346.763,0,0,0,1
213.2487,58.574,0,-1346.836,1.760969,1.760969,-0.45594,135.7747,0.25,-1316.935,82.46581,0,-0.2943,0,-0.9557,58.574,0,1,0,0,0.9557,0,-0.2943,-1346.836,0,0,0,1
213.2588,58.33508,0,-1346.91,1.754758,1.754758,-0.642707,135.7747,0.25,-1316.935,82.71522,0,-0.2944,0,-0.9557,58.3351,0,1,0,0,0.9557,0,-0.2944,-1346.91,0,0,0,1
213.2702,57.85726,0,-1347.057,1.742582,1.742582,-0.781875,135.7747,0.25,-1316.935,83.21398,0,-0.2946,0,-0.9556,57.8573,0,1,0,0,0.9556,0,-0.2946,-1347.057,0,0,0,1
213.2812,57.61837,0,-1347.131,1.736119,1.736119,-0.953994,135.7747,0.25,-1316.935,83.46346,0,-0.2948,0,-0.9556,57.6184,0,1,0,0,0.9556,0,-0.2948,-1347.131,0,0,0,1
213.2922,57.37949,0,-1347.204,1.729908,1.729908,-1.074843,135.7747,0.25,-1316.935,83.71285,0,-0.295,0,-0.9555,57.3795,0,1,0,0,0.9555,0,-0.295,-1347.204,0,0,0,1
213.3046,57.14063,0,-1347.278,1.723562,1.723562,-1.235983,135.7747,0.25,-1316.935,83.96231,0,-0.2952,0,-0.9554,57.1406,0,1,0,0,0.9554,0,-0.2952,-1347.278,0,0,0,1
213.3144,56.90179,0,-1347.352,1.717098,1.717098,-1.312888,135.7747,0.25,-1316.935,84.21176,0,-0.2954,0,-0.9554,56.9018,0,1,0,0,0.9554,0,-0.2954,-1347.352,0,0,0,1
213.3255,56.66296,0,-1347.426,1.710634,1.710634,-1.38613,135.7747,0.25,-1316.935,84.46119,0,-0.2956,0,-0.9553,56.663,0,1,0,0,0.9553,0,-0.2956,-1347.426,0,0,0,1
213.3366,56.42415,0,-1347.5,1.704043,1.704043,-1.437399,135.7747,0.25,-1316.935,84.71066,0,-0.2959,0,-0.9552,56.4242,0,1,0,0,0.9552,0,-0.2959,-1347.5,0,0,0,1
213.3486,56.18536,0,-1347.574,1.697569,1.697569,-1.485007,135.7747,0.25,-1316.935,84.96011,0,-0.2961,0,-0.9552,56.1854,0,1,0,0,0.9552,0,-0.2961,-1347.574,0,0,0,1
213.3588,55.94659,0,-1347.648,1.690852,1.690852,-1.521628,135.7747,0.25,-1316.935,85.20959,0,-0.2964,0,-0.9551,55.9466,0,1,0,0,0.9551,0,-0.2964,-1347.648,0,0,0,1
213.3708,55.46911,0,-1347.796,1.677408,1.677408,-1.528952,135.7747,0.25,-1316.935,85.70853,0,-0.2969,0,-0.9549,55.4691,0,1,0,0,0.9549,0,-0.2969,-1347.796,0,0,0,1
213.3813,55.2304,0,-1347.87,1.670562,1.670562,-1.528952,135.7747,0.25,-1316.935,85.95801,0,-0.2971,0,-0.9548,55.2304,0,1,0,0,0.9548,0,-0.2971,-1347.87,0,0,0,1
213.3921,54.99171,0,-1347.945,1.663591,1.663591,-1.528952,135.7747,0.25,-1316.935,86.20751,0,-0.2974,0,-0.9548,54.9917,0,1,0,0,0.9548,0,-0.2974,-1347.945,0,0,0,1
213.4043,54.75304,0,-1348.019,1.65661,1.65661,-1.528952,135.7747,0.25,-1316.935,86.45705,0,-0.2976,0,-0.9547,54.753,0,1,0,0,0.9547,0,-0.2976,-1348.019,0,0,0,1
213.4152,54.51439,0,-1348.094,1.649511,1.649511,-1.528952,135.7747,0.25,-1316.935,86.70657,0,-0.2979,0,-0.9546,54.5144,0,1,0,0,0.9546,0,-0.2979,-1348.094,0,0,0,1
213.4255,54.27576,0,-1348.168,1.642404,1.642404,-1.528952,135.7747,0.25,-1316.935,86.95611,0,-0.2981,0,-0.9545,54.2758,0,1,0,0,0.9545,0,-0.2981,-1348.168,0,0,0,1
213.4366,54.03716,0,-1348.243,1.635179,1.635179,-1.528952,135.7747,0.25,-1316.935,87.20563,0,-0.2984,0,-0.9544,54.0372,0,1,0,0,0.9544,0,-0.2984,-1348.243,0,0,0,1
213.4478,53.79856,0,-1348.318,1.627945,1.627945,-1.528952,135.7747,0.25,-1316.935,87.45518,0,-0.2986,0,-0.9544,53.7986,0,1,0,0,0.9544,0,-0.2986,-1348.318,0,0,0,1
213.4586,53.55999,0,-1348.392,1.620593,1.620593,-1.528952,135.7747,0.25,-1316.935,87.70473,0,-0.2989,0,-0.9543,53.56,0,1,0,0,0.9543,0,-0.2989,-1348.392,0,0,0,1
213.47,53.08291,0,-1348.542,1.605635,1.605635,-1.528952,135.7747,0.25,-1316.935,88.20383,0,-0.2994,0,-0.9541,53.0829,0,1,0,0,0.9541,0,-0.2994,-1348.542,0,0,0,1
213.481,52.8444,0,-1348.617,1.598146,1.598146,-1.528952,135.7747,0.25,-1316.935,88.45341,0,-0.2997,0,-0.954,52.8444,0,1,0,0,0.954,0,-0.2997,-1348.617,0,0,0,1
213.4919,52.60591,0,-1348.692,1.59054,1.59054,-1.528952,135.7747,0.25,-1316.935,88.70297,0,-0.2999,0,-0.954,52.6059,0,1,0,0,0.954,0,-0.2999,-1348.692,0,0,0,1
213.5034,52.36744,0,-1348.767,1.582808,1.582808,-1.528952,135.7747,0.25,-1316.935,88.95257,0,-0.3002,0,-0.9539,52.3674,0,1,0,0,0.9539,0,-0.3002,-1348.767,0,0,0,1
213.5144,52.12898,0,-1348.842,1.575075,1.575075,-1.528952,135.7747,0.25,-1316.935,89.20213,0,-0.3004,0,-0.9538,52.129,0,1,0,0,0.9538,0,-0.3004,-1348.842,0,0,0,1
213.5259,51.89055,0,-1348.917,1.567333,1.567333,-1.528952,135.7747,0.25,-1316.935,89.45174,0,-0.3007,0,-0.9537,51.8906,0,1,0,0,0.9537,0,-0.3007,-1348.917,0,0,0,1
213.5415,51.41375,0,-1349.068,1.551487,1.551487,-1.528952,135.7747,0.25,-1316.935,89.95093,0,-0.3012,0,-0.9536,51.4138,0,1,0,0,0.9536,0,-0.3012,-1349.068,0,0,0,1
213.5515,51.17538,0,-1349.143,1.543626,1.543626,-1.528952,135.7747,0.25,-1316.935,90.20048,0,-0.3014,0,-0.9535,51.1754,0,1,0,0,0.9535,0,-0.3014,-1349.143,0,0,0,1
213.5592,51.17538,0,-1349.143,1.5435,1.5435,-1.528952,135.7747,0.25,-1316.935,90.20051,0,-0.3014,0,-0.9535,51.1754,0,1,0,0,0.9535,0,-0.3014,-1349.143,0,0,0,1
213.569,50.93703,0,-1349.219,1.535387,1.535387,-1.528952,135.7747,0.25,-1316.935,90.45013,0,-0.3017,0,-0.9534,50.937,0,1,0,0,0.9534,0,-0.3017,-1349.219,0,0,0,1
213.5801,50.46039,0,-1349.37,1.51915,1.51915,-1.528952,135.7747,0.25,-1316.935,90.94936,0,-0.3022,0,-0.9532,50.4604,0,1,0,0,0.9532,0,-0.3022,-1349.37,0,0,0,1
213.5913,50.2221,0,-1349.445,1.51091,1.51091,-1.528952,135.7747,0.25,-1316.935,91.19897,0,-0.3025,0,-0.9532,50.2221,0,1,0,0,0.9532,0,-0.3025,-1349.445,0,0,0,1
213.6034,49.98383,0,-1349.521,1.502542,1.502542,-1.528952,135.7747,0.25,-1316.935,91.44862,0,-0.3027,0,-0.9531,49.9838,0,1,0,0,0.9531,0,-0.3027,-1349.521,0,0,0,1
213.6134,49.74558,0,-1349.596,1.494175,1.494175,-1.528952,135.7747,0.25,-1316.935,91.69823,0,-0.303,0,-0.953,49.7456,0,1,0,0,0.953,0,-0.303,-1349.596,0,0,0,1
213.6245,49.50735,0,-1349.672,1.485672,1.485672,-1.528952,135.7747,0.25,-1316.935,91.94792,0,-0.3032,0,-0.9529,49.5074,0,1,0,0,0.9529,0,-0.3032,-1349.672,0,0,0,1
213.6375,49.26914,0,-1349.748,1.477178,1.477178,-1.528952,135.7747,0.25,-1316.935,92.19756,0,-0.3035,0,-0.9528,49.2691,0,1,0,0,0.9528,0,-0.3035,-1349.748,0,0,0,1
213.6466,49.03095,0,-1349.824,1.468557,1.468557,-1.528952,135.7747,0.25,-1316.935,92.44721,0,-0.3037,0,-0.9528,49.031,0,1,0,0,0.9528,0,-0.3037,-1349.824,0,0,0,1
213.6579,48.79278,0,-1349.9,1.45981,1.45981,-1.528952,135.7747,0.25,-1316.935,92.69689,0,-0.304,0,-0.9527,48.7928,0,1,0,0,0.9527,0,-0.304,-1349.9,0,0,0,1
213.67,48.31651,0,-1350.052,1.442304,1.442304,-1.528952,135.7747,0.25,-1316.935,93.19624,0,-0.3045,0,-0.9525,48.3165,0,1,0,0,0.9525,0,-0.3045,-1350.052,0,0,0,1
213.6802,48.0784,0,-1350.129,1.43343,1.43343,-1.528952,135.7747,0.25,-1316.935,93.44592,0,-0.3048,0,-0.9524,48.0784,0,1,0,0,0.9524,0,-0.3048,-1350.129,0,0,0,1
213.6911,47.84031,0,-1350.205,1.424428,1.424428,-1.528952,135.7747,0.25,-1316.935,93.69562,0,-0.305,0,-0.9524,47.8403,0,1,0,0,0.9524,0,-0.305,-1350.205,0,0,0,1
213.7025,47.60224,0,-1350.281,1.415544,1.415544,-1.528952,135.7747,0.25,-1316.935,93.9453,0,-0.3053,0,-0.9523,47.6022,0,1,0,0,0.9523,0,-0.3053,-1350.281,0,0,0,1
213.7135,47.3642,0,-1350.358,1.406415,1.406415,-1.528952,135.7747,0.25,-1316.935,94.19501,0,-0.3055,0,-0.9522,47.3642,0,1,0,0,0.9522,0,-0.3055,-1350.358,0,0,0,1
213.7243,47.12617,0,-1350.434,1.39716,1.39716,-1.528952,135.7747,0.25,-1316.935,94.44474,0,-0.3058,0,-0.9521,47.1262,0,1,0,0,0.9521,0,-0.3058,-1350.434,0,0,0,1
213.7355,46.88816,0,-1350.51,1.388031,1.388031,-1.528952,135.7747,0.25,-1316.935,94.69442,0,-0.306,0,-0.952,46.8882,0,1,0,0,0.952,0,-0.306,-1350.51,0,0,0,1
213.7472,46.65018,0,-1350.587,1.378775,1.378775,-1.528952,135.7747,0.25,-1316.935,94.94411,0,-0.3063,0,-0.9519,46.6502,0,1,0,0,0.9519,0,-0.3063,-1350.587,0,0,0,1
213.7578,46.41222,0,-1350.664,1.369393,1.369393,-1.528952,135.7747,0.25,-1316.935,95.19383,0,-0.3065,0,-0.9519,46.4122,0,1,0,0,0.9519,0,-0.3065,-1350.664,0,0,0,1
213.7689,46.17427,0,-1350.74,1.360129,1.360129,-1.528952,135.7747,0.25,-1316.935,95.44353,0,-0.3068,0,-0.9518,46.1743,0,1,0,0,0.9518,0,-0.3068,-1350.74,0,0,0,1
213.7799,45.93634,0,-1350.817,1.350619,1.350619,-1.528952,135.7747,0.25,-1316.935,95.69328,0,-0.307,0,-0.9517,45.9363,0,1,0,0,0.9517,0,-0.307,-1350.817,0,0,0,1
213.791,45.46056,0,-1350.971,1.331474,1.331474,-1.528952,135.7747,0.25,-1316.935,96.19272,0,-0.3075,0,-0.9515,45.4606,0,1,0,0,0.9515,0,-0.3075,-1350.971,0,0,0,1
213.8032,45.22269,0,-1351.048,1.321837,1.321837,-1.528952,135.7747,0.25,-1316.935,96.44244,0,-0.3078,0,-0.9515,45.2227,0,1,0,0,0.9515,0,-0.3078,-1351.048,0,0,0,1
213.8132,44.98485,0,-1351.125,1.312074,1.312074,-1.528952,135.7747,0.25,-1316.935,96.69219,0,-0.3081,0,-0.9514,44.9849,0,1,0,0,0.9514,0,-0.3081,-1351.125,0,0,0,1
213.8243,44.74703,0,-1351.202,1.302311,1.302311,-1.550925,135.7747,0.25,-1316.935,96.94191,0,-0.3083,0,-0.9513,44.747,0,1,0,0,0.9513,0,-0.3083,-1351.202,0,0,0,1
213.8357,44.50923,0,-1351.279,1.292421,1.292421,-1.59487,135.7747,0.25,-1316.935,97.19167,0,-0.3086,0,-0.9512,44.5092,0,1,0,0,0.9512,0,-0.3086,-1351.279,0,0,0,1
213.8464,44.27145,0,-1351.356,1.282405,1.282405,-1.649809,135.7747,0.25,-1316.935,97.44144,0,-0.3089,0,-0.9511,44.2715,0,1,0,0,0.9511,0,-0.3089,-1351.356,0,0,0,1
213.8577,44.0337,0,-1351.433,1.272387,1.272387,-1.719389,135.7747,0.25,-1316.935,97.69119,0,-0.3091,0,-0.951,44.0337,0,1,0,0,0.951,0,-0.3091,-1351.433,0,0,0,1
213.8729,43.55827,0,-1351.588,1.251972,1.251972,-1.840239,135.7747,0.25,-1316.935,98.19076,0,-0.3097,0,-0.9508,43.5583,0,1,0,0,0.9508,0,-0.3097,-1351.588,0,0,0,1
213.8835,43.32059,0,-1351.666,1.241829,1.241829,-1.939116,135.7747,0.25,-1316.935,98.44049,0,-0.3101,0,-0.9507,43.3206,0,1,0,0,0.9507,0,-0.3101,-1351.666,0,0,0,1
213.8911,43.08294,0,-1351.743,1.231431,1.231431,-2.081938,135.7747,0.25,-1316.935,98.69028,0,-0.3104,0,-0.9506,43.0829,0,1,0,0,0.9506,0,-0.3104,-1351.743,0,0,0,1
213.9023,42.84531,0,-1351.821,1.221032,1.221032,-2.169836,135.7747,0.25,-1316.935,98.94004,0,-0.3108,0,-0.9505,42.8453,0,1,0,0,0.9505,0,-0.3108,-1351.821,0,0,0,1
213.9133,42.60772,0,-1351.899,1.210508,1.210508,-2.345617,135.7747,0.25,-1316.935,99.18982,0,-0.3112,0,-0.9504,42.6077,0,1,0,0,0.9504,0,-0.3112,-1351.899,0,0,0,1
213.9246,42.37017,0,-1351.977,1.19973,1.19973,-2.514074,135.7747,0.25,-1316.935,99.43965,0,-0.3116,0,-0.9502,42.3702,0,1,0,0,0.9502,0,-0.3116,-1351.977,0,0,0,1
213.9358,42.13265,0,-1352.055,1.189078,1.189078,-2.733808,135.7747,0.25,-1316.935,99.68941,0,-0.312,0,-0.9501,42.1327,0,1,0,0,0.9501,0,-0.312,-1352.055,0,0,0,1
213.947,41.89517,0,-1352.133,1.178173,1.178173,-2.986493,135.7747,0.25,-1316.935,99.93921,0,-0.3125,0,-0.9499,41.8952,0,1,0,0,0.9499,0,-0.3125,-1352.133,0,0,0,1
213.9578,41.65774,0,-1352.211,1.167141,1.167141,-3.202565,135.7747,0.25,-1316.935,100.189,0,-0.3131,0,-0.9497,41.6577,0,1,0,0,0.9497,0,-0.3131,-1352.211,0,0,0,1
213.9693,41.42035,0,-1352.289,1.156098,1.156098,-3.521175,135.7747,0.25,-1316.935,100.4388,0,-0.3136,0,-0.9495,41.4204,0,1,0,0,0.9495,0,-0.3136,-1352.289,0,0,0,1
213.9804,40.94574,0,-1352.447,1.133146,1.133146,-3.707943,135.7747,0.25,-1316.935,100.9385,0,-0.3149,0,-0.9491,40.9457,0,1,0,0,0.9491,0,-0.3149,-1352.447,0,0,0,1
213.9912,40.70851,0,-1352.526,1.121479,1.121479,-3.997257,135.7747,0.25,-1316.935,101.1883,0,-0.3155,0,-0.9489,40.7085,0,1,0,0,0.9489,0,-0.3155,-1352.526,0,0,0,1
214.0028,40.47134,0,-1352.605,1.109558,1.109558,-4.238956,135.7747,0.25,-1316.935,101.4382,0,-0.3162,0,-0.9487,40.4713,0,1,0,0,0.9487,0,-0.3162,-1352.605,0,0,0,1
214.0136,40.23423,0,-1352.684,1.097636,1.097636,-4.52827,135.7747,0.25,-1316.935,101.688,0,-0.317,0,-0.9484,40.2342,0,1,0,0,0.9484,0,-0.317,-1352.684,0,0,0,1
214.025,39.99719,0,-1352.763,1.085208,1.085208,-4.813914,135.7747,0.25,-1316.935,101.9379,0,-0.3178,0,-0.9482,39.9972,0,1,0,0,0.9482,0,-0.3178,-1352.763,0,0,0,1
214.0361,39.76022,0,-1352.843,1.072536,1.072536,-5.128863,135.7747,0.25,-1316.935,102.1878,0,-0.3186,0,-0.9479,39.7602,0,1,0,0,0.9479,0,-0.3186,-1352.843,0,0,0,1
214.0472,39.52332,0,-1352.923,1.059853,1.059853,-5.31563,135.7747,0.25,-1316.935,102.4377,0,-0.3195,0,-0.9476,39.5233,0,1,0,0,0.9476,0,-0.3195,-1352.923,0,0,0,1
214.0594,39.2865,0,-1353.003,1.046916,1.046916,-5.531702,135.7747,0.25,-1316.935,102.6875,0,-0.3204,0,-0.9473,39.2865,0,1,0,0,0.9473,0,-0.3204,-1353.003,0,0,0,1
214.0698,39.04977,0,-1353.083,1.033726,1.033726,-5.802698,135.7747,0.25,-1316.935,102.9374,0,-0.3214,0,-0.9469,39.0498,0,1,0,0,0.9469,0,-0.3214,-1353.083,0,0,0,1
214.0809,38.57655,0,-1353.245,1.006466,1.006466,-5.989473,135.7747,0.25,-1316.935,103.4372,0,-0.3234,0,-0.9463,38.5766,0,1,0,0,0.9463,0,-0.3234,-1353.245,0,0,0,1
214.0919,38.34007,0,-1353.326,0.992387,0.992387,-6.161592,135.7747,0.25,-1316.935,103.6872,0,-0.3244,0,-0.9459,38.3401,0,1,0,0,0.9459,0,-0.3244,-1353.326,0,0,0,1
214.1031,38.10367,0,-1353.407,0.97819,0.97819,-6.333718,135.7747,0.25,-1316.935,103.937,0,-0.3254,0,-0.9456,38.1037,0,1,0,0,0.9456,0,-0.3254,-1353.407,0,0,0,1
214.114,37.86737,0,-1353.489,0.965229,0.965229,-6.472878,135.7747,0.25,-1316.935,104.187,0,-0.3265,0,-0.9452,37.8674,0,1,0,0,0.9452,0,-0.3265,-1353.489,0,0,0,1
214.1252,37.63116,0,-1353.571,0.952276,0.952276,-6.615701,135.7747,0.25,-1316.935,104.4369,0,-0.3276,0,-0.9448,37.6312,0,1,0,0,0.9448,0,-0.3276,-1353.571,0,0,0,1
214.1365,37.39506,0,-1353.653,0.939053,0.939053,-6.762185,135.7747,0.25,-1316.935,104.6869,0,-0.3287,0,-0.9444,37.3951,0,1,0,0,0.9444,0,-0.3287,-1353.653,0,0,0,1
214.1472,37.15905,0,-1353.735,0.925562,0.925562,-6.839097,135.7747,0.25,-1316.935,104.9368,0,-0.3298,0,-0.944,37.1591,0,1,0,0,0.944,0,-0.3298,-1353.735,0,0,0,1
214.1585,36.92314,0,-1353.818,0.914935,0.914935,-6.930649,135.7747,0.25,-1316.935,105.1867,0,-0.331,0,-0.9436,36.9231,0,1,0,0,0.9436,0,-0.331,-1353.818,0,0,0,1
214.1696,36.68733,0,-1353.901,0.904728,0.904728,-7.051499,135.7747,0.25,-1316.935,105.4367,0,-0.3321,0,-0.9432,36.6873,0,1,0,0,0.9432,0,-0.3321,-1353.901,0,0,0,1
214.1806,36.21603,0,-1354.068,0.883134,0.883134,-7.172348,135.7747,0.25,-1316.935,105.9367,0,-0.3345,0,-0.9424,36.216,0,1,0,0,0.9424,0,-0.3345,-1354.068,0,0,0,1
214.1917,35.98053,0,-1354.152,0.875029,0.875029,-7.285881,135.7747,0.25,-1316.935,106.1866,0,-0.3357,0,-0.942,35.9805,0,1,0,0,0.942,0,-0.3357,-1354.152,0,0,0,1
214.2067,35.74515,0,-1354.236,0.86746,0.86746,-7.447014,135.7747,0.25,-1316.935,106.4366,0,-0.3369,0,-0.9415,35.7452,0,1,0,0,0.9415,0,-0.3369,-1354.236,0,0,0,1
214.2172,35.50988,0,-1354.321,0.859378,0.859378,-7.553215,135.7747,0.25,-1316.935,106.6866,0,-0.3382,0,-0.9411,35.5099,0,1,0,0,0.9411,0,-0.3382,-1354.321,0,0,0,1
214.2252,35.27472,0,-1354.406,0.851027,0.851027,-7.721672,135.7747,0.25,-1316.935,106.9366,0,-0.3394,0,-0.9406,35.2747,0,1,0,0,0.9406,0,-0.3394,-1354.406,0,0,0,1
214.2363,35.03968,0,-1354.491,0.845231,0.845231,-7.813232,135.7747,0.25,-1316.935,107.1866,0,-0.3407,0,-0.9402,35.0397,0,1,0,0,0.9402,0,-0.3407,-1354.491,0,0,0,1
214.2475,34.80476,0,-1354.576,0.840092,0.840092,-7.985351,135.7747,0.25,-1316.935,107.4366,0,-0.342,0,-0.9397,34.8048,0,1,0,0,0.9397,0,-0.342,-1354.576,0,0,0,1
214.2585,34.56995,0,-1354.662,0.834668,0.834668,-8.146484,135.7747,0.25,-1316.935,107.6866,0,-0.3434,0,-0.9392,34.57,0,1,0,0,0.9392,0,-0.3434,-1354.662,0,0,0,1
214.2707,34.10073,0,-1354.835,0.825205,0.825205,-8.344245,135.7747,0.25,-1316.935,108.1865,0,-0.3461,0,-0.9382,34.1007,0,1,0,0,0.9382,0,-0.3461,-1354.835,0,0,0,1
214.2818,33.86631,0,-1354.922,0.822363,0.822363,-8.534675,135.7747,0.25,-1316.935,108.4366,0,-0.3475,0,-0.9377,33.8663,0,1,0,0,0.9377,0,-0.3475,-1354.922,0,0,0,1
214.2924,33.63202,0,-1355.009,0.819244,0.819244,-8.750746,135.7747,0.25,-1316.935,108.6866,0,-0.3489,0,-0.9372,33.632,0,1,0,0,0.9372,0,-0.3489,-1355.009,0,0,0,1
214.3037,33.39787,0,-1355.097,0.815598,0.815598,-8.889906,135.7747,0.25,-1316.935,108.9367,0,-0.3504,0,-0.9366,33.3979,0,1,0,0,0.9366,0,-0.3504,-1355.097,0,0,0,1
214.3142,33.16385,0,-1355.185,0.814142,0.814142,-9.083998,135.7747,0.25,-1316.935,109.1866,0,-0.3519,0,-0.9361,33.1639,0,1,0,0,0.9361,0,-0.3519,-1355.185,0,0,0,1
214.3255,32.92998,0,-1355.273,0.813756,0.813756,-9.252462,135.7747,0.25,-1316.935,109.4366,0,-0.3534,0,-0.9355,32.93,0,1,0,0,0.9355,0,-0.3534,-1355.273,0,0,0,1
214.3366,32.69625,0,-1355.362,0.812965,0.812965,-9.450216,135.7747,0.25,-1316.935,109.6866,0,-0.3549,0,-0.9349,32.6963,0,1,0,0,0.9349,0,-0.3549,-1355.362,0,0,0,1
214.3482,32.46268,0,-1355.451,0.81166,0.81166,-9.636992,135.7747,0.25,-1316.935,109.9366,0,-0.3565,0,-0.9343,32.4627,0,1,0,0,0.9343,0,-0.3565,-1355.451,0,0,0,1
214.3589,32.22926,0,-1355.54,0.812312,0.812312,-9.853056,135.7747,0.25,-1316.935,110.1866,0,-0.3581,0,-0.9337,32.2293,0,1,0,0,0.9337,0,-0.3581,-1355.54,0,0,0,1
214.3703,31.76289,0,-1355.721,0.815351,0.815351,-10.1204,135.7747,0.25,-1316.935,110.6866,0,-0.3614,0,-0.9324,31.7629,0,1,0,0,0.9324,0,-0.3614,-1355.721,0,0,0,1
214.3808,31.52995,0,-1355.811,0.816245,0.816245,-10.28885,135.7747,0.25,-1316.935,110.9365,0,-0.3631,0,-0.9318,31.53,0,1,0,0,0.9318,0,-0.3631,-1355.811,0,0,0,1
214.3921,31.29717,0,-1355.903,0.818604,0.818604,-10.51957,135.7747,0.25,-1316.935,111.1865,0,-0.3648,0,-0.9311,31.2972,0,1,0,0,0.9311,0,-0.3648,-1355.903,0,0,0,1
214.4038,31.06457,0,-1355.994,0.822311,0.822311,-10.80888,135.7747,0.25,-1316.935,111.4365,0,-0.3665,0,-0.9304,31.0646,0,1,0,0,0.9304,0,-0.3665,-1355.994,0,0,0,1
214.4142,30.83214,0,-1356.086,0.825867,0.825867,-11.10918,135.7747,0.25,-1316.935,111.6864,0,-0.3683,0,-0.9297,30.8321,0,1,0,0,0.9297,0,-0.3683,-1356.086,0,0,0,1
214.4261,30.5999,0,-1356.179,0.828641,0.828641,-11.36553,135.7747,0.25,-1316.935,111.9363,0,-0.3702,0,-0.929,30.5999,0,1,0,0,0.929,0,-0.3702,-1356.179,0,0,0,1
214.4375,30.36785,0,-1356.272,0.832748,0.832748,-11.67682,135.7747,0.25,-1316.935,112.1862,0,-0.3721,0,-0.9282,30.3679,0,1,0,0,0.9282,0,-0.3721,-1356.272,0,0,0,1
214.4476,30.13599,0,-1356.365,0.838475,0.838475,-11.94781,135.7747,0.25,-1316.935,112.4362,0,-0.374,0,-0.9274,30.136,0,1,0,0,0.9274,0,-0.374,-1356.365,0,0,0,1
214.4619,29.67289,0,-1356.554,0.848295,0.848295,-12.37262,135.7747,0.25,-1316.935,112.9359,0,-0.378,0,-0.9258,29.6729,0,1,0,0,0.9258,0,-0.378,-1356.554,0,0,0,1
214.4725,29.44165,0,-1356.649,0.853835,0.853835,-12.63996,135.7747,0.25,-1316.935,113.1858,0,-0.38,0,-0.925,29.4417,0,1,0,0,0.925,0,-0.38,-1356.649,0,0,0,1
214.481,29.21062,0,-1356.744,0.861336,0.861336,-12.92195,135.7747,0.25,-1316.935,113.4356,0,-0.3821,0,-0.9241,29.2106,0,1,0,0,0.9241,0,-0.3821,-1356.744,0,0,0,1
214.4921,28.97981,0,-1356.84,0.868291,0.868291,-13.21858,135.7747,0.25,-1316.935,113.6854,0,-0.3843,0,-0.9232,28.9798,0,1,0,0,0.9232,0,-0.3843,-1356.84,0,0,0,1
214.5033,28.74923,0,-1356.937,0.874431,0.874431,-13.55184,135.7747,0.25,-1316.935,113.9352,0,-0.3864,0,-0.9223,28.7492,0,1,0,0,0.9223,0,-0.3864,-1356.937,0,0,0,1
214.5143,28.51889,0,-1357.034,0.881466,0.881466,-13.90707,135.7747,0.25,-1316.935,114.185,0,-0.3887,0,-0.9214,28.5189,0,1,0,0,0.9214,0,-0.3887,-1357.034,0,0,0,1
214.5255,28.28879,0,-1357.132,0.890253,0.890253,-14.36851,135.7747,0.25,-1316.935,114.4347,0,-0.391,0,-0.9204,28.2888,0,1,0,0,0.9204,0,-0.391,-1357.132,0,0,0,1
214.5366,28.05894,0,-1357.23,0.898469,0.898469,-14.81895,135.7747,0.25,-1316.935,114.6845,0,-0.3934,0,-0.9194,28.0589,0,1,0,0,0.9194,0,-0.3934,-1357.23,0,0,0,1
214.5475,27.82936,0,-1357.329,0.905888,0.905888,-15.18517,135.7747,0.25,-1316.935,114.9342,0,-0.3958,0,-0.9183,27.8294,0,1,0,0,0.9183,0,-0.3958,-1357.329,0,0,0,1
214.5587,27.60004,0,-1357.429,0.91395,0.91395,-15.56237,135.7747,0.25,-1316.935,115.1838,0,-0.3983,0,-0.9173,27.6,0,1,0,0,0.9173,0,-0.3983,-1357.429,0,0,0,1
214.5699,27.37101,0,-1357.529,0.924014,0.924014,-16.14465,135.7747,0.25,-1316.935,115.4335,0,-0.4009,0,-0.9161,27.371,0,1,0,0,0.9161,0,-0.4009,-1357.529,0,0,0,1
214.5807,26.91381,0,-1357.732,0.942047,0.942047,-16.4303,135.7747,0.25,-1316.935,115.9326,0,-0.4061,0,-0.9138,26.9138,0,1,0,0,0.9138,0,-0.4061,-1357.732,0,0,0,1
214.5919,26.68565,0,-1357.834,0.950832,0.950832,-16.78554,135.7747,0.25,-1316.935,116.182,0,-0.4088,0,-0.9126,26.6857,0,1,0,0,0.9126,0,-0.4088,-1357.834,0,0,0,1
214.6033,26.4578,0,-1357.937,0.961914,0.961914,-17.17739,135.7747,0.25,-1316.935,116.4315,0,-0.4115,0,-0.9114,26.4578,0,1,0,0,0.9114,0,-0.4115,-1357.937,0,0,0,1
214.6141,26.23027,0,-1358.04,0.972058,0.972058,-17.48867,135.7747,0.25,-1316.935,116.6809,0,-0.4143,0,-0.9101,26.2303,0,1,0,0,0.9101,0,-0.4143,-1358.04,0,0,0,1
214.6251,26.00306,0,-1358.145,0.98161,0.98161,-17.82925,135.7747,0.25,-1316.935,116.9302,0,-0.4171,0,-0.9088,26.0031,0,1,0,0,0.9088,0,-0.4171,-1358.145,0,0,0,1
214.6364,25.77618,0,-1358.25,0.990994,0.990994,-18.20279,135.7747,0.25,-1316.935,117.1795,0,-0.42,0,-0.9075,25.7762,0,1,0,0,0.9075,0,-0.42,-1358.25,0,0,0,1
214.6476,25.54964,0,-1358.355,1.00275,1.00275,-18.39688,135.7747,0.25,-1316.935,117.4287,0,-0.4229,0,-0.9062,25.5496,0,1,0,0,0.9062,0,-0.4229,-1358.355,0,0,0,1
214.6584,25.32345,0,-1358.462,1.013774,1.013774,-18.66056,135.7747,0.25,-1316.935,117.6779,0,-0.4259,0,-0.9048,25.3235,0,1,0,0,0.9048,0,-0.4259,-1358.462,0,0,0,1
214.6698,25.09761,0,-1358.569,1.023852,1.023852,-18.8693,135.7747,0.25,-1316.935,117.927,0,-0.4289,0,-0.9034,25.0976,0,1,0,0,0.9034,0,-0.4289,-1358.569,0,0,0,1
214.6808,24.647,0,-1358.786,1.045893,1.045893,-19.0927,135.7747,0.25,-1316.935,118.425,0,-0.4349,0,-0.9005,24.647,0,1,0,0,0.9005,0,-0.4349,-1358.786,0,0,0,1
214.6917,24.42225,0,-1358.895,1.057427,1.057427,-19.26116,135.7747,0.25,-1316.935,118.6739,0,-0.4379,0,-0.899,24.4223,0,1,0,0,0.899,0,-0.4379,-1358.895,0,0,0,1
214.703,24.19786,0,-1359.005,1.068113,1.068113,-19.45159,135.7747,0.25,-1316.935,118.9227,0,-0.4409,0,-0.8975,24.1979,0,1,0,0,0.8975,0,-0.4409,-1359.005,0,0,0,1
214.7141,23.97386,0,-1359.116,1.078049,1.078049,-19.60174,135.7747,0.25,-1316.935,119.1714,0,-0.444,0,-0.896,23.9739,0,1,0,0,0.896,0,-0.444,-1359.116,0,0,0,1
214.7252,23.75024,0,-1359.228,1.090842,1.090842,-19.81048,135.7747,0.25,-1316.935,119.4201,0,-0.4471,0,-0.8945,23.7502,0,1,0,0,0.8945,0,-0.4471,-1359.228,0,0,0,1
214.7363,23.52701,0,-1359.341,1.102776,1.102776,-20.07416,135.7747,0.25,-1316.935,119.6686,0,-0.4502,0,-0.8929,23.527,0,1,0,0,0.8929,0,-0.4502,-1359.341,0,0,0,1
214.7477,23.30418,0,-1359.454,1.113832,1.113832,-20.24262,135.7747,0.25,-1316.935,119.9171,0,-0.4534,0,-0.8913,23.3042,0,1,0,0,0.8913,0,-0.4534,-1359.454,0,0,0,1
214.7586,23.08176,0,-1359.568,1.124026,1.124026,-20.51362,135.7747,0.25,-1316.935,120.1655,0,-0.4566,0,-0.8897,23.0818,0,1,0,0,0.8897,0,-0.4566,-1359.568,0,0,0,1
214.7696,22.85976,0,-1359.683,1.136985,1.136985,-20.75532,135.7747,0.25,-1316.935,120.4138,0,-0.4598,0,-0.888,22.8598,0,1,0,0,0.888,0,-0.4598,-1359.683,0,0,0,1
214.7807,22.41702,0,-1359.915,1.160496,1.160496,-21.05928,135.7747,0.25,-1316.935,120.9101,0,-0.4663,0,-0.8846,22.417,0,1,0,0,0.8846,0,-0.4663,-1359.915,0,0,0,1
214.7917,22.1963,0,-1360.033,1.170806,1.170806,-21.29732,135.7747,0.25,-1316.935,121.158,0,-0.4696,0,-0.8829,22.1963,0,1,0,0,0.8829,0,-0.4696,-1360.033,0,0,0,1
214.8062,21.97603,0,-1360.151,1.183597,1.183597,-21.71481,135.7747,0.25,-1316.935,121.4059,0,-0.4729,0,-0.8811,21.976,0,1,0,0,0.8811,0,-0.4729,-1360.151,0,0,0,1
214.8169,21.75621,0,-1360.27,1.195896,1.195896,-21.9968,135.7747,0.25,-1316.935,121.6537,0,-0.4763,0,-0.8793,21.7562,0,1,0,0,0.8793,0,-0.4763,-1360.27,0,0,0,1
214.8254,21.53686,0,-1360.39,1.207285,1.207285,-22.28611,135.7747,0.25,-1316.935,121.9013,0,-0.4797,0,-0.8774,21.5369,0,1,0,0,0.8774,0,-0.4797,-1360.39,0,0,0,1
214.8369,21.31798,0,-1360.511,1.21756,1.21756,-22.53147,135.7747,0.25,-1316.935,122.1488,0,-0.4832,0,-0.8755,21.318,0,1,0,0,0.8755,0,-0.4832,-1360.511,0,0,0,1
214.8477,21.09958,0,-1360.633,1.23005,1.23005,-22.90501,135.7747,0.25,-1316.935,122.3962,0,-0.4867,0,-0.8736,21.0996,0,1,0,0,0.8736,0,-0.4867,-1360.633,0,0,0,1
214.859,20.88169,0,-1360.755,1.242319,1.242319,-23.24926,135.7747,0.25,-1316.935,122.6434,0,-0.4902,0,-0.8716,20.8817,0,1,0,0,0.8716,0,-0.4902,-1360.755,0,0,0,1
214.8703,20.4474,0,-1361.003,1.263757,1.263757,-23.54955,135.7747,0.25,-1316.935,123.1374,0,-0.4974,0,-0.8675,20.4474,0,1,0,0,0.8675,0,-0.4974,-1361.003,0,0,0,1
214.8813,20.23104,0,-1361.128,1.275789,1.275789,-23.88647,135.7747,0.25,-1316.935,123.3842,0,-0.501,0,-0.8655,20.231,0,1,0,0,0.8655,0,-0.501,-1361.128,0,0,0,1
214.8925,20.01521,0,-1361.255,1.287614,1.287614,-24.26002,135.7747,0.25,-1316.935,123.6309,0,-0.5046,0,-0.8633,20.0152,0,1,0,0,0.8633,0,-0.5046,-1361.255,0,0,0,1
214.9037,19.79992,0,-1361.382,1.298559,1.298559,-24.46876,135.7747,0.25,-1316.935,123.8773,0,-0.5083,0,-0.8612,19.7999,0,1,0,0,0.8612,0,-0.5083,-1361.382,0,0,0,1
214.9149,19.58518,0,-1361.51,1.308409,1.308409,-24.78737,135.7747,0.25,-1316.935,124.1236,0,-0.512,0,-0.859,19.5852,0,1,0,0,0.859,0,-0.512,-1361.51,0,0,0,1
214.9259,19.37101,0,-1361.639,1.319613,1.319613,-25.06569,135.7747,0.25,-1316.935,124.3697,0,-0.5158,0,-0.8567,19.371,0,1,0,0,0.8567,0,-0.5158,-1361.639,0,0,0,1
214.9369,19.1574,0,-1361.769,1.331225,1.331225,-25.3843,135.7747,0.25,-1316.935,124.6156,0,-0.5196,0,-0.8544,19.1574,0,1,0,0,0.8544,0,-0.5196,-1361.769,0,0,0,1
214.9481,18.94438,0,-1361.899,1.34155,1.34155,-25.66995,135.7747,0.25,-1316.935,124.8614,0,-0.5234,0,-0.8521,18.9444,0,1,0,0,0.8521,0,-0.5234,-1361.899,0,0,0,1
214.9589,18.73196,0,-1362.031,1.350788,1.350788,-25.98489,135.7747,0.25,-1316.935,125.1069,0,-0.5273,0,-0.8497,18.732,0,1,0,0,0.8497,0,-0.5273,-1362.031,0,0,0,1
214.9703,18.30894,0,-1362.298,1.371919,1.371919,-26.34378,135.7747,0.25,-1316.935,125.5974,0,-0.5351,0,-0.8448,18.3089,0,1,0,0,0.8448,0,-0.5351,-1362.298,0,0,0,1
214.9813,18.09836,0,-1362.433,1.381583,1.381583,-26.51225,135.7747,0.25,-1316.935,125.8424,0,-0.539,0,-0.8423,18.0984,0,1,0,0,0.8423,0,-0.539,-1362.433,0,0,0,1
214.9926,17.88841,0,-1362.568,1.390148,1.390148,-26.74662,135.7747,0.25,-1316.935,126.0871,0,-0.5429,0,-0.8398,17.8884,0,1,0,0,0.8398,0,-0.5429,-1362.568,0,0,0,1
215.0036,17.6791,0,-1362.705,1.399223,1.399223,-26.89677,135.7747,0.25,-1316.935,126.3316,0,-0.5468,0,-0.8372,17.6791,0,1,0,0,0.8372,0,-0.5468,-1362.705,0,0,0,1
215.0146,17.47044,0,-1362.843,1.40931,1.40931,-27.01763,135.7747,0.25,-1316.935,126.5759,0,-0.5508,0,-0.8347,17.4704,0,1,0,0,0.8347,0,-0.5508,-1362.843,0,0,0,1
215.0266,17.26243,0,-1362.981,1.418182,1.418182,-27.07988,135.7747,0.25,-1316.935,126.8199,0,-0.5547,0,-0.832,17.2624,0,1,0,0,0.832,0,-0.5547,-1362.981,0,0,0,1
215.0368,17.05507,0,-1363.121,1.425836,1.425836,-27.09087,135.7747,0.25,-1316.935,127.0637,0,-0.5586,0,-0.8294,17.0551,0,1,0,0,0.8294,0,-0.5586,-1363.121,0,0,0,1
215.0472,16.84838,0,-1363.262,1.433764,1.433764,-27.09087,135.7747,0.25,-1316.935,127.3073,0,-0.5626,0,-0.8268,16.8484,0,1,0,0,0.8268,0,-0.5626,-1363.262,0,0,0,1
215.0584,16.64236,0,-1363.403,1.443042,1.443042,-27.09087,135.7747,0.25,-1316.935,127.5506,0,-0.5665,0,-0.8241,16.6424,0,1,0,0,0.8241,0,-0.5665,-1363.403,0,0,0,1
215.0695,16.43701,0,-1363.546,1.451091,1.451091,-27.09087,135.7747,0.25,-1316.935,127.7937,0,-0.5703,0,-0.8214,16.437,0,1,0,0,0.8214,0,-0.5703,-1363.546,0,0,0,1
215.0806,16.02835,0,-1363.834,1.464638,1.464638,-27.09087,135.7747,0.25,-1316.935,128.2791,0,-0.5781,0,-0.816,16.0284,0,1,0,0,0.816,0,-0.5781,-1363.834,0,0,0,1
215.0918,15.82504,0,-1363.979,1.472985,1.472985,-27.09087,135.7747,0.25,-1316.935,128.5214,0,-0.5819,0,-0.8132,15.825,0,1,0,0,0.8132,0,-0.5819,-1363.979,0,0,0,1
215.103,15.62242,0,-1364.126,1.480089,1.480089,-27.09087,135.7747,0.25,-1316.935,128.7634,0,-0.5858,0,-0.8105,15.6224,0,1,0,0,0.8105,0,-0.5858,-1364.126,0,0,0,1
215.1138,15.4205,0,-1364.273,1.48605,1.48605,-27.09087,135.7747,0.25,-1316.935,129.0052,0,-0.5896,0,-0.8077,15.4205,0,1,0,0,0.8077,0,-0.5896,-1364.273,0,0,0,1
215.125,15.21927,0,-1364.422,1.491655,1.491655,-27.09087,135.7747,0.25,-1316.935,129.2467,0,-0.5934,0,-0.8049,15.2193,0,1,0,0,0.8049,0,-0.5934,-1364.422,0,0,0,1
215.1392,15.01875,0,-1364.571,1.499173,1.499173,-27.09087,135.7747,0.25,-1316.935,129.488,0,-0.5972,0,-0.8021,15.0188,0,1,0,0,0.8021,0,-0.5972,-1364.571,0,0,0,1
215.1503,14.61984,0,-1364.873,1.51065,1.51065,-27.09087,135.7747,0.25,-1316.935,129.9696,0,-0.6048,0,-0.7964,14.6198,0,1,0,0,0.7964,0,-0.6048,-1364.873,0,0,0,1
215.1585,14.61984,0,-1364.873,1.51065,1.51065,-27.09087,135.7747,0.25,-1316.935,129.9696,0,-0.6048,0,-0.7964,14.6198,0,1,0,0,0.7964,0,-0.6048,-1364.873,0,0,0,1
215.1696,14.42146,0,-1365.025,1.514966,1.514966,-27.09087,135.7747,0.25,-1316.935,130.21,0,-0.6085,0,-0.7935,14.4215,0,1,0,0,0.7935,0,-0.6085,-1365.025,0,0,0,1
215.1807,14.02687,0,-1365.332,1.526995,1.526995,-27.09087,135.7747,0.25,-1316.935,130.6899,0,-0.616,0,-0.7877,14.0269,0,1,0,0,0.7877,0,-0.616,-1365.332,0,0,0,1
215.1917,13.83066,0,-1365.487,1.531397,1.531397,-27.09087,135.7747,0.25,-1316.935,130.9294,0,-0.6197,0,-0.7848,13.8307,0,1,0,0,0.7848,0,-0.6197,-1365.487,0,0,0,1
215.2029,13.63519,0,-1365.643,1.534524,1.534524,-27.05791,135.7747,0.25,-1316.935,131.1686,0,-0.6234,0,-0.7819,13.6352,0,1,0,0,0.7819,0,-0.6234,-1365.643,0,0,0,1
215.214,13.44046,0,-1365.799,1.540301,1.540301,-26.97002,135.7747,0.25,-1316.935,131.4075,0,-0.6271,0,-0.7789,13.4405,0,1,0,0,0.7789,0,-0.6271,-1365.799,0,0,0,1
215.225,13.24646,0,-1365.957,1.544941,1.544941,-26.8455,135.7747,0.25,-1316.935,131.6461,0,-0.6307,0,-0.776,13.2465,0,1,0,0,0.776,0,-0.6307,-1365.957,0,0,0,1
215.2363,13.0532,0,-1366.116,1.548439,1.548439,-26.62577,135.7747,0.25,-1316.935,131.8844,0,-0.6343,0,-0.7731,13.0532,0,1,0,0,0.7731,0,-0.6343,-1366.116,0,0,0,1
215.2474,12.86067,0,-1366.275,1.550792,1.550792,-26.46097,135.7747,0.25,-1316.935,132.1223,0,-0.6379,0,-0.7701,12.8607,0,1,0,0,0.7701,0,-0.6379,-1366.275,0,0,0,1
215.2582,12.66887,0,-1366.435,1.555448,1.555448,-26.21927,135.7747,0.25,-1316.935,132.36,0,-0.6414,0,-0.7672,12.6689,0,1,0,0,0.7672,0,-0.6414,-1366.435,0,0,0,1
215.2696,12.4778,0,-1366.597,1.559357,1.559357,-25.91165,135.7747,0.25,-1316.935,132.5974,0,-0.6449,0,-0.7643,12.4778,0,1,0,0,0.7643,0,-0.6449,-1366.597,0,0,0,1
215.2806,12.09784,0,-1366.922,1.563816,1.563816,-25.64431,135.7747,0.25,-1316.935,133.0712,0,-0.6517,0,-0.7585,12.0978,0,1,0,0,0.7585,0,-0.6517,-1366.922,0,0,0,1
215.2918,11.90894,0,-1367.086,1.567566,1.567566,-25.31472,135.7747,0.25,-1316.935,133.3077,0,-0.655,0,-0.7556,11.9089,0,1,0,0,0.7556,0,-0.655,-1367.086,0,0,0,1
215.303,11.72076,0,-1367.25,1.571015,1.571015,-24.9485,135.7747,0.25,-1316.935,133.5438,0,-0.6583,0,-0.7527,11.7208,0,1,0,0,0.7527,0,-0.6583,-1367.25,0,0,0,1
215.3139,11.53329,0,-1367.416,1.573304,1.573304,-24.75075,135.7747,0.25,-1316.935,133.7796,0,-0.6616,0,-0.7499,11.5333,0,1,0,0,0.7499,0,-0.6616,-1367.416,0,0,0,1
215.325,11.34653,0,-1367.582,1.574483,1.574483,-24.46876,135.7747,0.25,-1316.935,134.0151,0,-0.6648,0,-0.747,11.3465,0,1,0,0,0.747,0,-0.6648,-1367.582,0,0,0,1
215.3362,11.16048,0,-1367.749,1.577476,1.577476,-24.271,135.7747,0.25,-1316.935,134.2503,0,-0.6679,0,-0.7442,11.1605,0,1,0,0,0.7442,0,-0.6679,-1367.749,0,0,0,1
215.3472,10.97512,0,-1367.916,1.580511,1.580511,-24.06225,135.7747,0.25,-1316.935,134.4852,0,-0.6711,0,-0.7414,10.9751,0,1,0,0,0.7414,0,-0.6711,-1367.916,0,0,0,1
215.3586,10.79047,0,-1368.085,1.582474,1.582474,-23.90112,135.7747,0.25,-1316.935,134.7199,0,-0.6741,0,-0.7386,10.7905,0,1,0,0,0.7386,0,-0.6741,-1368.085,0,0,0,1
215.3694,10.60652,0,-1368.254,1.583408,1.583408,-23.76929,135.7747,0.25,-1316.935,134.9542,0,-0.6772,0,-0.7358,10.6065,0,1,0,0,0.7358,0,-0.6772,-1368.254,0,0,0,1
215.3804,10.24073,0,-1368.595,1.588419,1.588419,-23.67407,135.7747,0.25,-1316.935,135.4219,0,-0.6833,0,-0.7302,10.2407,0,1,0,0,0.7302,0,-0.6833,-1368.595,0,0,0,1
215.3916,10.05889,0,-1368.767,1.590229,1.590229,-23.58251,135.7747,0.25,-1316.935,135.6552,0,-0.6863,0,-0.7274,10.0589,0,1,0,0,0.7274,0,-0.6863,-1368.767,0,0,0,1
215.4032,9.877751,0,-1368.939,1.590779,1.590779,-23.50561,135.7747,0.25,-1316.935,135.8883,0,-0.6892,0,-0.7245,9.8778,0,1,0,0,0.7245,0,-0.6892,-1368.939,0,0,0,1
215.4154,9.697323,0,-1369.112,1.592458,1.592458,-23.46166,135.7747,0.25,-1316.935,136.1211,0,-0.6922,0,-0.7217,9.6973,0,1,0,0,0.7217,0,-0.6922,-1369.112,0,0,0,1
215.4252,9.517604,0,-1369.286,1.595021,1.595021,-23.43237,135.7747,0.25,-1316.935,136.3536,0,-0.6951,0,-0.7189,9.5176,0,1,0,0,0.7189,0,-0.6951,-1369.286,0,0,0,1
215.4359,9.338597,0,-1369.46,1.596442,1.596442,-23.43237,135.7747,0.25,-1316.935,136.5857,0,-0.6981,0,-0.716,9.3386,0,1,0,0,0.716,0,-0.6981,-1369.46,0,0,0,1
215.4467,9.160306,0,-1369.636,1.5969,1.5969,-23.43237,135.7747,0.25,-1316.935,136.8176,0,-0.701,0,-0.7132,9.1603,0,1,0,0,0.7132,0,-0.701,-1369.636,0,0,0,1
215.4581,8.982733,0,-1369.812,1.597918,1.597918,-23.43237,135.7747,0.25,-1316.935,137.0491,0,-0.7039,0,-0.7103,8.9827,0,1,0,0,0.7103,0,-0.7039,-1369.812,0,0,0,1
215.4724,8.629753,0,-1370.166,1.60158,1.60158,-23.43237,135.7747,0.25,-1316.935,137.5111,0,-0.7097,0,-0.7045,8.6298,0,1,0,0,0.7045,0,-0.7097,-1370.166,0,0,0,1
215.4827,8.454352,0,-1370.344,1.601882,1.601882,-23.43237,135.7747,0.25,-1316.935,137.7417,0,-0.7126,0,-0.7016,8.4544,0,1,0,0,0.7016,0,-0.7126,-1370.344,0,0,0,1
215.4913,8.279681,0,-1370.523,1.602426,1.602426,-23.43237,135.7747,0.25,-1316.935,137.9718,0,-0.7154,0,-0.6987,8.2797,0,1,0,0,0.6987,0,-0.7154,-1370.523,0,0,0,1
215.5023,8.105743,0,-1370.702,1.604572,1.604572,-23.43237,135.7747,0.25,-1316.935,138.2017,0,-0.7183,0,-0.6958,8.1057,0,1,0,0,0.6958,0,-0.7183,-1370.702,0,0,0,1
215.5133,7.932542,0,-1370.883,1.605514,1.605514,-23.43237,135.7747,0.25,-1316.935,138.4313,0,-0.7211,0,-0.6928,7.9325,0,1,0,0,0.6928,0,-0.7211,-1370.883,0,0,0,1
215.5245,7.760078,0,-1371.064,1.605639,1.605639,-23.43237,135.7747,0.25,-1316.935,138.6605,0,-0.7239,0,-0.6899,7.7601,0,1,0,0,0.6899,0,-0.7239,-1371.064,0,0,0,1
215.5357,7.588356,0,-1371.245,1.605494,1.605494,-23.43237,135.7747,0.25,-1316.935,138.8893,0,-0.7268,0,-0.6869,7.5884,0,1,0,0,0.6869,0,-0.7268,-1371.245,0,0,0,1
215.5469,7.417379,0,-1371.428,1.607469,1.607469,-23.43237,135.7747,0.25,-1316.935,139.1178,0,-0.7296,0,-0.6839,7.4174,0,1,0,0,0.6839,0,-0.7296,-1371.428,0,0,0,1
215.5577,7.247149,0,-1371.611,1.608276,1.608276,-23.43237,135.7747,0.25,-1316.935,139.346,0,-0.7324,0,-0.6809,7.2471,0,1,0,0,0.6809,0,-0.7324,-1371.611,0,0,0,1
215.569,7.07767,0,-1371.795,1.608076,1.608076,-23.43237,135.7747,0.25,-1316.935,139.5739,0,-0.7351,0,-0.6779,7.0777,0,1,0,0,0.6779,0,-0.7351,-1371.795,0,0,0,1
215.58,6.740973,0,-1372.164,1.609071,1.609071,-23.43603,135.7747,0.25,-1316.935,140.0285,0,-0.7407,0,-0.6719,6.741,0,1,0,0,0.6719,0,-0.7407,-1372.164,0,0,0,1
215.5911,6.573762,0,-1372.35,1.609802,1.609802,-23.43969,135.7747,0.25,-1316.935,140.2553,0,-0.7434,0,-0.6688,6.5738,0,1,0,0,0.6688,0,-0.7434,-1372.35,0,0,0,1
215.6023,6.407312,0,-1372.537,1.609432,1.609432,-23.43969,135.7747,0.25,-1316.935,140.4817,0,-0.7461,0,-0.6658,6.4073,0,1,0,0,0.6658,0,-0.7461,-1372.537,0,0,0,1
215.6136,6.241627,0,-1372.724,1.608177,1.608177,-23.43969,135.7747,0.25,-1316.935,140.7078,0,-0.7488,0,-0.6627,6.2416,0,1,0,0,0.6627,0,-0.7488,-1372.724,0,0,0,1
215.6245,6.076709,0,-1372.912,1.609652,1.609652,-23.43969,135.7747,0.25,-1316.935,140.9335,0,-0.7516,0,-0.6597,6.0767,0,1,0,0,0.6597,0,-0.7516,-1372.912,0,0,0,1
215.6357,5.912561,0,-1373.1,1.610066,1.610066,-23.43969,135.7747,0.25,-1316.935,141.1589,0,-0.7542,0,-0.6566,5.9126,0,1,0,0,0.6566,0,-0.7542,-1373.1,0,0,0,1
215.6467,5.749186,0,-1373.29,1.6095,1.6095,-23.43969,135.7747,0.25,-1316.935,141.3839,0,-0.7569,0,-0.6535,5.7492,0,1,0,0,0.6535,0,-0.7569,-1373.29,0,0,0,1
215.6579,5.586586,0,-1373.479,1.607823,1.607823,-23.43969,135.7747,0.25,-1316.935,141.6086,0,-0.7596,0,-0.6504,5.5866,0,1,0,0,0.6504,0,-0.7596,-1373.479,0,0,0,1
