time,pos_x,pos_y,pos_z,distFromRoadCenter,signedDistFromRoadCenter,wheelAngle,obstacle_pos_x,obstacle_pos_y,obstacle_pos_z,distance_to_obstacle,brake_position,simplecar_4x4_R0C0,simplecar_4x4_R0C1,simplecar_4x4_R0C2,simplecar_4x4_R0C3,simplecar_4x4_R1C0,simplecar_4x4_R1C1,simplecar_4x4_R1C2,simplecar_4x4_R1C3,simplecar_4x4_R2C0,simplecar_4x4_R2C1,simplecar_4x4_R2C2,simplecar_4x4_R2C3,simplecar_4x4_R3C0,simplecar_4x4_R3C1,simplecar_4x4_R3C2,simplecar_4x4_R3C3
32.41552,75.77388,0,112.3173,1.009827,1.009827,1.481352,130.9575,0.25,122.9851,55.91275,0,0.4046,0,0.9145,75.7739,0,1,0,0,-0.9145,0,0.4046,112.3173,0,0,0,1
32.42635,76.00254,0,112.4184,1.004147,1.004147,1.715727,130.9575,0.25,122.9851,55.66929,0,0.4043,0,0.9146,76.0025,0,1,0,0,-0.9146,0,0.4043,112.4184,0,0,0,1
32.43775,76.23123,0,112.5194,0.998539,0.998539,1.906157,130.9575,0.25,122.9851,55.42587,0,0.404,0,0.9148,76.2312,0,1,0,0,-0.9148,0,0.404,112.5194,0,0,0,1
32.44878,76.45996,0,112.6203,0.993022,0.993022,2.027006,130.9575,0.25,122.9851,55.18249,0,0.4037,0,0.9149,76.46,0,1,0,0,-0.9149,0,0.4037,112.6203,0,0,0,1
32.45975,76.68873,0,112.7211,0.987601,0.987601,2.169828,130.9575,0.25,122.9851,54.93914,0,0.4033,0,0.9151,76.6887,0,1,0,0,-0.9151,0,0.4033,112.7211,0,0,0,1
32.4709,77.14639,0,112.9225,0.977062,0.977062,2.323637,130.9575,0.25,122.9851,54.45257,0,0.4026,0,0.9154,77.1464,0,1,0,0,-0.9154,0,0.4026,112.9225,0,0,0,1
32.48208,77.37527,0,113.023,0.971963,0.971963,2.462811,130.9575,0.25,122.9851,54.20934,0,0.4022,0,0.9156,77.3753,0,1,0,0,-0.9156,0,0.4022,113.023,0,0,0,1
32.49314,77.60421,0,113.1235,0.966966,0.966966,2.576337,130.9575,0.25,122.9851,53.96614,0,0.4018,0,0.9157,77.6042,0,1,0,0,-0.9157,0,0.4018,113.1235,0,0,0,1
32.50782,77.83319,0,113.2238,0.962085,0.962085,2.678876,130.9575,0.25,122.9851,53.72299,0,0.4013,0,0.9159,77.8332,0,1,0,0,-0.9159,0,0.4013,113.2238,0,0,0,1
32.51819,78.06223,0,113.324,0.957337,0.957337,2.788739,130.9575,0.25,122.9851,53.47986,0,0.4009,0,0.9161,78.0622,0,1,0,0,-0.9161,0,0.4009,113.324,0,0,0,1
32.53062,78.52044,0,113.5241,0.948201,0.948201,2.865644,130.9575,0.25,122.9851,52.99371,0,0.4,0,0.9165,78.5204,0,1,0,0,-0.9165,0,0.4,113.5241,0,0,0,1
32.53753,78.52044,0,113.5241,0.948201,0.948201,2.865644,130.9575,0.25,122.9851,52.99371,0,0.4,0,0.9165,78.5204,0,1,0,0,-0.9165,0,0.4,113.5241,0,0,0,1
32.54941,78.74963,0,113.624,0.943823,0.943823,3.01579,130.9575,0.25,122.9851,52.75069,0,0.3995,0,0.9167,78.7496,0,1,0,0,-0.9167,0,0.3995,113.624,0,0,0,1
32.56172,79.20816,0,113.8234,0.93548,0.93548,3.111005,130.9575,0.25,122.9851,52.26474,0,0.3985,0,0.9172,79.2082,0,1,0,0,-0.9172,0,0.3985,113.8234,0,0,0,1
32.5709,79.43751,0,113.9229,0.931513,0.931513,3.22453,130.9575,0.25,122.9851,52.02182,0,0.398,0,0.9174,79.4375,0,1,0,0,-0.9174,0,0.398,113.9229,0,0,0,1
32.58091,79.66692,0,114.0222,0.927682,0.927682,3.294125,130.9575,0.25,122.9851,51.77893,0,0.3974,0,0.9176,79.6669,0,1,0,0,-0.9176,0,0.3974,114.0222,0,0,0,1
32.59279,79.89638,0,114.1215,0.924015,0.924015,3.393002,130.9575,0.25,122.9851,51.53608,0,0.3969,0,0.9179,79.8964,0,1,0,0,-0.9179,0,0.3969,114.1215,0,0,0,1
32.60415,80.1259,0,114.2205,0.920503,0.920503,3.561459,130.9575,0.25,122.9851,51.29325,0,0.3963,0,0.9181,80.1259,0,1,0,0,-0.9181,0,0.3963,114.2205,0,0,0,1
32.61438,80.3555,0,114.3195,0.91714,0.91714,3.656673,130.9575,0.25,122.9851,51.05045,0,0.3957,0,0.9184,80.3555,0,1,0,0,-0.9184,0,0.3957,114.3195,0,0,0,1
32.62539,80.58514,0,114.4183,0.913952,0.913952,3.777523,130.9575,0.25,122.9851,50.8077,0,0.3951,0,0.9186,80.5851,0,1,0,0,-0.9186,0,0.3951,114.4183,0,0,0,1
32.63659,80.81487,0,114.5169,0.910936,0.910936,3.924007,130.9575,0.25,122.9851,50.56497,0,0.3945,0,0.9189,80.8149,0,1,0,0,-0.9189,0,0.3945,114.5169,0,0,0,1
32.64779,81.04465,0,114.6153,0.908094,0.908094,4.063168,130.9575,0.25,122.9851,50.32227,0,0.3939,0,0.9192,81.0447,0,1,0,0,-0.9192,0,0.3939,114.6153,0,0,0,1
32.65865,81.27452,0,114.7136,0.905433,0.905433,4.238963,130.9575,0.25,122.9851,50.07959,0,0.3932,0,0.9195,81.2745,0,1,0,0,-0.9195,0,0.3932,114.7136,0,0,0,1
32.67008,81.73448,0,114.9097,0.900699,0.900699,4.469676,130.9575,0.25,122.9851,49.59431,0,0.3917,0,0.9201,81.7345,0,1,0,0,-0.9201,0,0.3917,114.9097,0,0,0,1
32.68111,81.96458,0,115.0075,0.898626,0.898626,4.601512,130.9575,0.25,122.9851,49.35171,0,0.391,0,0.9204,81.9646,0,1,0,0,-0.9204,0,0.391,115.0075,0,0,0,1
32.69191,82.19476,0,115.105,0.896769,0.896769,4.810252,130.9575,0.25,122.9851,49.10913,0,0.3902,0,0.9207,82.1948,0,1,0,0,-0.9207,0,0.3902,115.105,0,0,0,1
32.70329,82.42502,0,115.2024,0.895117,0.895117,4.982371,130.9575,0.25,122.9851,48.86657,0,0.3894,0,0.9211,82.425,0,1,0,0,-0.9211,0,0.3894,115.2024,0,0,0,1
32.71432,82.65537,0,115.2995,0.893704,0.893704,5.176477,130.9575,0.25,122.9851,48.62403,0,0.3886,0,0.9214,82.6554,0,1,0,0,-0.9214,0,0.3886,115.2995,0,0,0,1
32.72519,82.88581,0,115.3965,0.892524,0.892524,5.341272,130.9575,0.25,122.9851,48.38152,0,0.3877,0,0.9218,82.8858,0,1,0,0,-0.9218,0,0.3877,115.3965,0,0,0,1
32.73641,83.11635,0,115.4932,0.89159,0.89159,5.550013,130.9575,0.25,122.9851,48.13902,0,0.3869,0,0.9221,83.1164,0,1,0,0,-0.9221,0,0.3869,115.4932,0,0,0,1
32.74762,83.34698,0,115.5897,0.890903,0.890903,5.696497,130.9575,0.25,122.9851,47.89654,0,0.3859,0,0.9225,83.347,0,1,0,0,-0.9225,0,0.3859,115.5897,0,0,0,1
32.75869,83.57771,0,115.6859,0.890468,0.890468,5.890589,130.9575,0.25,122.9851,47.65407,0,0.385,0,0.9229,83.5777,0,1,0,0,-0.9229,0,0.385,115.6859,0,0,0,1
32.76991,83.80854,0,115.7819,0.890301,0.890301,6.088343,130.9575,0.25,122.9851,47.41161,0,0.384,0,0.9233,83.8085,0,1,0,0,-0.9233,0,0.384,115.7819,0,0,0,1
32.78104,84.27052,0,115.9732,0.890773,0.890773,6.19822,130.9575,0.25,122.9851,46.92674,0,0.382,0,0.9242,84.2705,0,1,0,0,-0.9242,0,0.382,115.9732,0,0,0,1
32.79201,84.50166,0,116.0684,0.891409,0.891409,6.326394,130.9575,0.25,122.9851,46.68432,0,0.381,0,0.9246,84.5017,0,1,0,0,-0.9246,0,0.381,116.0684,0,0,0,1
32.80318,84.73293,0,116.1634,0.89235,0.89235,6.417947,130.9575,0.25,122.9851,46.44191,0,0.3799,0,0.925,84.7329,0,1,0,0,-0.925,0,0.3799,116.1634,0,0,0,1
32.81411,84.96428,0,116.2581,0.893564,0.893564,6.535134,130.9575,0.25,122.9851,46.19952,0,0.3789,0,0.9254,84.9643,0,1,0,0,-0.9254,0,0.3789,116.2581,0,0,0,1
32.82533,85.19575,0,116.3526,0.895058,0.895058,6.593728,130.9575,0.25,122.9851,45.95713,0,0.3778,0,0.9259,85.1958,0,1,0,0,-0.9259,0,0.3778,116.3526,0,0,0,1
32.83981,85.42732,0,116.4468,0.896858,0.896858,6.659646,130.9575,0.25,122.9851,45.71476,0,0.3768,0,0.9263,85.4273,0,1,0,0,-0.9263,0,0.3768,116.4468,0,0,0,1
32.85027,85.89081,0,116.6343,0.901311,0.901311,6.677957,130.9575,0.25,122.9851,45.23005,0,0.3746,0,0.9272,85.8908,0,1,0,0,-0.9272,0,0.3746,116.6343,0,0,0,1
32.8586,85.89081,0,116.6343,0.901311,0.901311,6.677957,130.9575,0.25,122.9851,45.23005,0,0.3746,0,0.9272,85.8908,0,1,0,0,-0.9272,0,0.3746,116.6343,0,0,0,1
32.8701,86.35472,0,116.8208,0.906928,0.906928,6.677957,130.9575,0.25,122.9851,44.74538,0,0.3724,0,0.9281,86.3547,0,1,0,0,-0.9281,0,0.3724,116.8208,0,0,0,1
32.88071,86.58685,0,116.9136,0.910191,0.910191,6.659646,130.9575,0.25,122.9851,44.50306,0,0.3714,0,0.9285,86.5869,0,1,0,0,-0.9285,0,0.3714,116.9136,0,0,0,1
32.89247,86.81908,0,117.0062,0.913727,0.913727,6.641335,130.9575,0.25,122.9851,44.26076,0,0.3703,0,0.9289,86.8191,0,1,0,0,-0.9289,0,0.3703,117.0062,0,0,0,1
32.90312,87.05142,0,117.0985,0.917551,0.917551,6.612039,130.9575,0.25,122.9851,44.01847,0,0.3692,0,0.9293,87.0514,0,1,0,0,-0.9293,0,0.3692,117.0985,0,0,0,1
32.91431,87.28387,0,117.1906,0.921656,0.921656,6.560769,130.9575,0.25,122.9851,43.7762,0,0.3681,0,0.9298,87.2839,0,1,0,0,-0.9298,0,0.3681,117.1906,0,0,0,1
32.92534,87.51641,0,117.2823,0.926061,0.926061,6.516824,130.9575,0.25,122.9851,43.53395,0,0.3671,0,0.9302,87.5164,0,1,0,0,-0.9302,0,0.3671,117.2823,0,0,0,1
32.93651,87.74906,0,117.3738,0.930744,0.930744,6.450906,130.9575,0.25,122.9851,43.29171,0,0.366,0,0.9306,87.7491,0,1,0,0,-0.9306,0,0.366,117.3738,0,0,0,1
32.94794,87.98181,0,117.4651,0.935703,0.935703,6.414285,130.9575,0.25,122.9851,43.0495,0,0.365,0,0.931,87.9818,0,1,0,0,-0.931,0,0.365,117.4651,0,0,0,1
32.95881,88.21466,0,117.5561,0.940932,0.940932,6.344705,130.9575,0.25,122.9851,42.80731,0,0.364,0,0.9314,88.2147,0,1,0,0,-0.9314,0,0.364,117.5561,0,0,0,1
32.97025,88.68068,0,117.7373,0.95223,0.95223,6.300759,130.9575,0.25,122.9851,42.32297,0,0.3619,0,0.9322,88.6807,0,1,0,0,-0.9322,0,0.3619,117.7373,0,0,0,1
32.98162,88.91383,0,117.8275,0.958285,0.958285,6.253152,130.9575,0.25,122.9851,42.08084,0,0.3609,0,0.9326,88.9138,0,1,0,0,-0.9326,0,0.3609,117.8275,0,0,0,1
32.99278,89.14708,0,117.9175,0.964605,0.964605,6.209207,130.9575,0.25,122.9851,41.83873,0,0.3599,0,0.933,89.1471,0,1,0,0,-0.933,0,0.3599,117.9175,0,0,0,1
33.00482,89.38042,0,118.0072,0.971199,0.971199,6.17991,130.9575,0.25,122.9851,41.59666,0,0.3589,0,0.9334,89.3804,0,1,0,0,-0.9334,0,0.3589,118.0072,0,0,0,1
33.01533,89.61387,0,118.0967,0.978068,0.978068,6.157937,130.9575,0.25,122.9851,41.3546,0,0.3579,0,0.9338,89.6139,0,1,0,0,-0.9338,0,0.3579,118.0967,0,0,0,1
33.02651,89.8474,0,118.1859,0.985199,0.985199,6.150613,130.9575,0.25,122.9851,41.11258,0,0.3569,0,0.9342,89.8474,0,1,0,0,-0.9342,0,0.3569,118.1859,0,0,0,1
33.03738,90.08104,0,118.2748,0.992601,0.992601,6.132302,130.9575,0.25,122.9851,40.87059,0,0.3559,0,0.9345,90.081,0,1,0,0,-0.9345,0,0.3559,118.2748,0,0,0,1
33.04866,90.31477,0,118.3636,1.000273,1.000273,6.135964,130.9575,0.25,122.9851,40.62862,0,0.3549,0,0.9349,90.3148,0,1,0,0,-0.9349,0,0.3549,118.3636,0,0,0,1
33.0602,90.78251,0,118.5402,1.016414,1.016414,6.135964,130.9575,0.25,122.9851,40.14478,0,0.3529,0,0.9357,90.7825,0,1,0,0,-0.9357,0,0.3529,118.5402,0,0,0,1
33.07092,91.01653,0,118.6282,1.02489,1.02489,6.135964,130.9575,0.25,122.9851,39.9029,0,0.3519,0,0.9361,91.0165,0,1,0,0,-0.9361,0,0.3519,118.6282,0,0,0,1
33.08187,91.25064,0,118.7159,1.033632,1.033632,6.135964,130.9575,0.25,122.9851,39.66105,0,0.3509,0,0.9364,91.2506,0,1,0,0,-0.9364,0,0.3509,118.7159,0,0,0,1
33.09301,91.48483,0,118.8034,1.042628,1.042628,6.135964,130.9575,0.25,122.9851,39.41925,0,0.3499,0,0.9368,91.4848,0,1,0,0,-0.9368,0,0.3499,118.8034,0,0,0,1
33.10444,91.71913,0,118.8906,1.051914,1.051914,6.135964,130.9575,0.25,122.9851,39.17747,0,0.3489,0,0.9372,91.7191,0,1,0,0,-0.9372,0,0.3489,118.8906,0,0,0,1
33.11522,91.95351,0,118.9776,1.061453,1.061453,6.135964,130.9575,0.25,122.9851,38.93574,0,0.3478,0,0.9376,91.9535,0,1,0,0,-0.9376,0,0.3478,118.9776,0,0,0,1
33.12624,92.188,0,119.0643,1.071277,1.071277,6.135964,130.9575,0.25,122.9851,38.69404,0,0.3468,0,0.9379,92.188,0,1,0,0,-0.9379,0,0.3468,119.0643,0,0,0,1
33.13839,92.42257,0,119.1507,1.081353,1.081353,6.132302,130.9575,0.25,122.9851,38.45238,0,0.3458,0,0.9383,92.4226,0,1,0,0,-0.9383,0,0.3458,119.1507,0,0,0,1
33.14878,92.65723,0,119.2369,1.091693,1.091693,6.12864,130.9575,0.25,122.9851,38.21075,0,0.3448,0,0.9387,92.6572,0,1,0,0,-0.9387,0,0.3448,119.2369,0,0,0,1
33.16279,93.12684,0,119.4086,1.11318,1.11318,6.11033,130.9575,0.25,122.9851,37.72762,0,0.3428,0,0.9394,93.1268,0,1,0,0,-0.9394,0,0.3428,119.4086,0,0,0,1
33.17374,93.36178,0,119.494,1.124331,1.124331,6.092005,130.9575,0.25,122.9851,37.48611,0,0.3418,0,0.9398,93.3618,0,1,0,0,-0.9398,0,0.3418,119.494,0,0,0,1
33.18183,93.5968,0,119.5793,1.135724,1.135724,6.06637,130.9575,0.25,122.9851,37.24466,0,0.3408,0,0.9401,93.5968,0,1,0,0,-0.9401,0,0.3408,119.5793,0,0,0,1
33.19293,93.83192,0,119.6642,1.147397,1.147397,6.055384,130.9575,0.25,122.9851,37.00324,0,0.3398,0,0.9405,93.8319,0,1,0,0,-0.9405,0,0.3398,119.6642,0,0,0,1
33.2041,94.06714,0,119.7489,1.159332,1.159332,6.004114,130.9575,0.25,122.9851,36.76186,0,0.3389,0,0.9408,94.0671,0,1,0,0,-0.9408,0,0.3389,119.7489,0,0,0,1
33.21542,94.30244,0,119.8334,1.171522,1.171522,5.94552,130.9575,0.25,122.9851,36.52054,0,0.3379,0,0.9412,94.3024,0,1,0,0,-0.9412,0,0.3379,119.8334,0,0,0,1
33.2261,94.53782,0,119.9176,1.183972,1.183972,5.886927,130.9575,0.25,122.9851,36.27927,0,0.3369,0,0.9415,94.5378,0,1,0,0,-0.9415,0,0.3369,119.9176,0,0,0,1
33.23746,94.77328,0,120.0016,1.196669,1.196669,5.802698,130.9575,0.25,122.9851,36.03805,0,0.336,0,0.9419,94.7733,0,1,0,0,-0.9419,0,0.336,120.0016,0,0,0,1
33.24852,95.00883,0,120.0854,1.209622,1.209622,5.692835,130.9575,0.25,122.9851,35.79689,0,0.335,0,0.9422,95.0088,0,1,0,0,-0.9422,0,0.335,120.0854,0,0,0,1
33.25944,95.24447,0,120.1689,1.222814,1.222814,5.582972,130.9575,0.25,122.9851,35.55577,0.015686,0.3341,0,0.9425,95.2445,0,1,0,0,-0.9425,0,0.3341,120.1689,0,0,0,1
33.27049,95.71597,0,120.3353,1.24991,1.24991,5.432825,130.9575,0.25,122.9851,35.07375,0.031373,0.3323,0,0.9432,95.716,0,1,0,0,-0.9432,0,0.3323,120.3353,0,0,0,1
33.28172,95.95184,0,120.4182,1.263814,1.263814,5.3193,130.9575,0.25,122.9851,34.83282,0.039216,0.3314,0,0.9435,95.9518,0,1,0,0,-0.9435,0,0.3314,120.4182,0,0,0,1
33.29304,96.18779,0,120.5008,1.27793,1.27793,5.15449,130.9575,0.25,122.9851,34.59196,0.047059,0.3306,0,0.9438,96.1878,0,1,0,0,-0.9438,0,0.3306,120.5008,0,0,0,1
33.30392,96.42381,0,120.5833,1.292271,1.292271,5.000682,130.9575,0.25,122.9851,34.35117,0.054902,0.3298,0,0.9441,96.4238,0,1,0,0,-0.9441,0,0.3298,120.5833,0,0,0,1
33.31514,96.65979,0,120.6655,1.306818,1.306818,4.879832,130.9575,0.25,122.9851,34.11057,0.070588,0.329,0,0.9443,96.6598,0,1,0,0,-0.9443,0,0.329,120.6655,0,0,0,1
33.32604,96.89571,0,120.7474,1.321554,1.321554,4.740672,130.9575,0.25,122.9851,33.87019,0.078431,0.3282,0,0.9446,96.8957,0,1,0,0,-0.9446,0,0.3282,120.7474,0,0,0,1
33.3371,97.13154,0,120.8292,1.336497,1.336497,4.619823,130.9575,0.25,122.9851,33.63003,0.078431,0.3274,0,0.9449,97.1315,0,1,0,0,-0.9449,0,0.3274,120.8292,0,0,0,1
33.34867,97.36729,0,120.9106,1.351622,1.351622,4.550242,130.9575,0.25,122.9851,33.39011,0.086275,0.3267,0,0.9451,97.3673,0,1,0,0,-0.9451,0,0.3267,120.9106,0,0,0,1
33.35939,97.60294,0,120.9919,1.366929,1.366929,4.498973,130.9575,0.25,122.9851,33.15045,0.101961,0.3259,0,0.9454,97.6029,0,1,0,0,-0.9454,0,0.3259,120.9919,0,0,0,1
33.37053,98.07384,0,121.1536,1.398095,1.398095,4.451365,130.9575,0.25,122.9851,32.67197,0.109804,0.3245,0,0.9459,98.0738,0,1,0,0,-0.9459,0,0.3245,121.1536,0,0,0,1
33.3816,98.30909,0,121.2341,1.413939,1.413939,4.433055,130.9575,0.25,122.9851,32.43318,0.14902,0.3237,0,0.9461,98.3091,0,1,0,0,-0.9461,0,0.3237,121.2341,0,0,0,1
33.39273,98.54411,0,121.3143,1.429963,1.429963,4.429393,130.9575,0.25,122.9851,32.19477,0.172549,0.323,0,0.9464,98.5441,0,1,0,0,-0.9464,0,0.323,121.3143,0,0,0,1
33.40399,98.77888,0,121.3942,1.446148,1.446148,4.429393,130.9575,0.25,122.9851,31.95679,0.203922,0.3223,0,0.9466,98.7789,0,1,0,0,-0.9466,0,0.3223,121.3942,0,0,0,1
33.41494,99.01331,0,121.4738,1.462502,1.462502,4.429393,130.9575,0.25,122.9851,31.71929,0.227451,0.3215,0,0.9469,99.0133,0,1,0,0,-0.9469,0,0.3215,121.4738,0,0,0,1
33.42619,99.24738,0,121.5531,1.479032,1.479032,4.429393,130.9575,0.25,122.9851,31.48233,0.258824,0.3208,0,0.9471,99.2474,0,1,0,0,-0.9471,0,0.3208,121.5531,0,0,0,1
33.44242,99.71422,0,121.7106,1.512511,1.512511,4.429393,130.9575,0.25,122.9851,31.01023,0.27451,0.3193,0,0.9476,99.7142,0,1,0,0,-0.9476,0,0.3193,121.7106,0,0,0,1
33.45364,99.94698,0,121.7889,1.529497,1.529497,4.433055,130.9575,0.25,122.9851,30.77509,0.27451,0.3186,0,0.9479,99.947,0,1,0,0,-0.9479,0,0.3186,121.7889,0,0,0,1
33.46106,100.1793,0,121.8668,1.546629,1.546629,4.447703,130.9575,0.25,122.9851,30.5406,0.27451,0.3179,0,0.9481,100.1793,0,1,0,0,-0.9481,0,0.3179,121.8668,0,0,0,1
33.46935,100.1793,0,121.8668,1.546629,1.546629,4.447703,130.9575,0.25,122.9851,30.5406,0.27451,0.3179,0,0.9481,100.1793,0,1,0,0,-0.9481,0,0.3179,121.8668,0,0,0,1
33.47984,100.4111,0,121.9443,1.563912,1.563912,4.455028,130.9575,0.25,122.9851,30.30674,0.27451,0.3171,0,0.9484,100.4111,0,1,0,0,-0.9484,0,0.3171,121.9443,0,0,0,1
33.49079,100.8734,0,122.0983,1.59892,1.59892,4.455028,130.9575,0.25,122.9851,29.84094,0.27451,0.3157,0,0.9489,100.8734,0,1,0,0,-0.9489,0,0.3157,122.0983,0,0,0,1
33.50217,101.1038,0,122.1747,1.616648,1.616648,4.455028,130.9575,0.25,122.9851,29.609,0.27451,0.3149,0,0.9491,101.1038,0,1,0,0,-0.9491,0,0.3149,122.1747,0,0,0,1
33.51327,101.3338,0,122.2508,1.634513,1.634513,4.455028,130.9575,0.25,122.9851,29.37771,0.27451,0.3142,0,0.9494,101.3338,0,1,0,0,-0.9494,0,0.3142,122.2508,0,0,0,1
33.52401,101.5633,0,122.3266,1.652548,1.652548,4.455028,130.9575,0.25,122.9851,29.14706,0.27451,0.3134,0,0.9496,101.5633,0,1,0,0,-0.9496,0,0.3134,122.3266,0,0,0,1
33.53534,101.7924,0,122.402,1.670721,1.670721,4.455028,130.9575,0.25,122.9851,28.91705,0.27451,0.3127,0,0.9499,101.7924,0,1,0,0,-0.9499,0,0.3127,122.402,0,0,0,1
33.54644,102.021,0,122.4771,1.689034,1.689034,4.455028,130.9575,0.25,122.9851,28.6877,0.27451,0.312,0,0.9501,102.021,0,1,0,0,-0.9501,0,0.312,122.4771,0,0,0,1
33.55796,102.2491,0,122.5518,1.707497,1.707497,4.455028,130.9575,0.25,122.9851,28.45899,0.27451,0.3112,0,0.9503,102.2491,0,1,0,0,-0.9503,0,0.3112,122.5518,0,0,0,1
33.56894,102.4768,0,122.6261,1.72609,1.72609,4.455028,130.9575,0.25,122.9851,28.23094,0.27451,0.3105,0,0.9506,102.4768,0,1,0,0,-0.9506,0,0.3105,122.6261,0,0,0,1
33.57988,102.704,0,122.7001,1.744841,1.744841,4.455028,130.9575,0.25,122.9851,28.00355,0.27451,0.3097,0,0.9508,102.704,0,1,0,0,-0.9508,0,0.3097,122.7001,0,0,0,1
33.59151,103.157,0,122.8471,1.782586,1.782586,4.455028,130.9575,0.25,122.9851,27.55051,0.27451,0.3083,0,0.9513,103.157,0,1,0,0,-0.9513,0,0.3083,122.8471,0,0,0,1
33.60194,103.3828,0,122.9201,1.799094,1.799094,4.455028,130.9575,0.25,122.9851,27.32471,0.27451,0.3075,0,0.9515,103.3828,0,1,0,0,-0.9515,0,0.3075,122.9201,0,0,0,1
33.61308,103.6082,0,122.9928,1.815697,1.815697,4.455028,130.9575,0.25,122.9851,27.09937,0.27451,0.3068,0,0.9518,103.6082,0,1,0,0,-0.9518,0,0.3068,122.9928,0,0,0,1
33.62444,103.833,0,123.065,1.832398,1.832398,4.455028,130.9575,0.25,122.9851,26.87449,0.27451,0.306,0,0.952,103.833,0,1,0,0,-0.952,0,0.306,123.065,0,0,0,1
33.63545,104.0574,0,123.137,1.849172,1.849172,4.455028,130.9575,0.25,122.9851,26.65008,0.27451,0.3053,0,0.9523,104.0574,0,1,0,0,-0.9523,0,0.3053,123.137,0,0,0,1
33.64625,104.2814,0,123.2086,1.861275,1.861275,4.455028,130.9575,0.25,122.9851,26.42613,0.27451,0.3046,0,0.9525,104.2814,0,1,0,0,-0.9525,0,0.3046,123.2086,0,0,0,1
33.65734,104.5049,0,123.2799,1.873036,1.873036,4.455028,130.9575,0.25,122.9851,26.2027,0.27451,0.3038,0,0.9527,104.5049,0,1,0,0,-0.9527,0,0.3038,123.2799,0,0,0,1
33.66856,104.7279,0,123.3508,1.884893,1.884893,4.455028,130.9575,0.25,122.9851,25.97991,0.282353,0.3031,0,0.953,104.7279,0,1,0,0,-0.953,0,0.3031,123.3508,0,0,0,1
33.6797,104.9504,0,123.4214,1.896852,1.896852,4.469676,130.9575,0.25,122.9851,25.7578,0.282353,0.3023,0,0.9532,104.9504,0,1,0,0,-0.9532,0,0.3023,123.4214,0,0,0,1
33.69065,105.394,0,123.5615,1.911649,1.911649,4.495311,130.9575,0.25,122.9851,25.31563,0.282353,0.3008,0,0.9537,105.394,0,1,0,0,-0.9537,0,0.3008,123.5615,0,0,0,1
33.70201,105.6151,0,123.6311,1.918762,1.918762,4.575877,130.9575,0.25,122.9851,25.09556,0.282353,0.3001,0,0.9539,105.6151,0,1,0,0,-0.9539,0,0.3001,123.6311,0,0,0,1
33.71288,105.8357,0,123.7003,1.926003,1.926003,4.645457,130.9575,0.25,122.9851,24.87619,0.282353,0.2993,0,0.9542,105.8357,0,1,0,0,-0.9542,0,0.2993,123.7003,0,0,0,1
33.72398,106.0558,0,123.7691,1.929755,1.929755,4.740672,130.9575,0.25,122.9851,24.65752,0.282353,0.2985,0,0.9544,106.0558,0,1,0,0,-0.9544,0,0.2985,123.7691,0,0,0,1
33.73536,106.2754,0,123.8376,1.932129,1.932129,4.861522,130.9575,0.25,122.9851,24.43954,0.282353,0.2977,0,0.9547,106.2754,0,1,0,0,-0.9547,0,0.2977,123.8376,0,0,0,1
33.74621,106.4946,0,123.9057,1.934648,1.934648,5.004344,130.9575,0.25,122.9851,24.22224,0.282353,0.2969,0,0.9549,106.4946,0,1,0,0,-0.9549,0,0.2969,123.9057,0,0,0,1
33.75731,106.7132,0,123.9735,1.937311,1.937311,5.117869,130.9575,0.25,122.9851,24.00564,0.282353,0.296,0,0.9552,106.7132,0,1,0,0,-0.9552,0,0.296,123.9735,0,0,0,1
33.76832,106.9314,0,124.0409,1.937364,1.937364,5.264368,130.9575,0.25,122.9851,23.78974,0.282353,0.2951,0,0.9555,106.9314,0,1,0,0,-0.9555,0,0.2951,124.0409,0,0,0,1
33.78018,107.3664,0,124.1746,1.933339,1.933339,5.341272,130.9575,0.25,122.9851,23.36003,0.282353,0.2934,0,0.956,107.3664,0,1,0,0,-0.956,0,0.2934,124.1746,0,0,0,1
33.79072,107.5832,0,124.2409,1.931578,1.931578,5.454798,130.9575,0.25,122.9851,23.14623,0.282353,0.2925,0,0.9563,107.5832,0,1,0,0,-0.9563,0,0.2925,124.2409,0,0,0,1
33.80176,107.7994,0,124.3068,1.928291,1.928291,5.531702,130.9575,0.25,122.9851,22.93313,0.282353,0.2915,0,0.9566,107.7994,0,1,0,0,-0.9566,0,0.2915,124.3068,0,0,0,1
33.8129,108.0153,0,124.3724,1.921875,1.921875,5.579309,130.9575,0.25,122.9851,22.72075,0.282353,0.2906,0,0.9568,108.0153,0,1,0,0,-0.9568,0,0.2906,124.3724,0,0,0,1
33.82405,108.2306,0,124.4375,1.915636,1.915636,5.601282,130.9575,0.25,122.9851,22.50908,0.282353,0.2897,0,0.9571,108.2306,0,1,0,0,-0.9571,0,0.2897,124.4375,0,0,0,1
33.83561,108.4454,0,124.5023,1.909587,1.909587,5.604944,130.9575,0.25,122.9851,22.29811,0.282353,0.2887,0,0.9574,108.4454,0,1,0,0,-0.9574,0,0.2887,124.5023,0,0,0,1
33.84667,108.6598,0,124.5668,1.903283,1.903283,5.604944,130.9575,0.25,122.9851,22.08788,0.282353,0.2878,0,0.9577,108.6598,0,1,0,0,-0.9577,0,0.2878,124.5668,0,0,0,1
33.85786,108.8737,0,124.6308,1.892656,1.892656,5.604944,130.9575,0.25,122.9851,21.87836,0.282353,0.2869,0,0.958,108.8737,0,1,0,0,-0.958,0,0.2869,124.6308,0,0,0,1
33.87226,109.3001,0,124.7578,1.87195,1.87195,5.601282,130.9575,0.25,122.9851,21.46151,0.282353,0.285,0,0.9585,109.3001,0,1,0,0,-0.9585,0,0.285,124.7578,0,0,0,1
33.8833,109.5126,0,124.8207,1.861904,1.861904,5.59762,130.9575,0.25,122.9851,21.25419,0.282353,0.284,0,0.9588,109.5126,0,1,0,0,-0.9588,0,0.284,124.8207,0,0,0,1
33.89191,109.7245,0,124.8833,1.848208,1.848208,5.59762,130.9575,0.25,122.9851,21.04761,0.282353,0.2831,0,0.9591,109.7245,0,1,0,0,-0.9591,0,0.2831,124.8833,0,0,0,1
33.90348,109.9361,0,124.9455,1.833641,1.833641,5.604944,130.9575,0.25,122.9851,20.84177,0.282353,0.2822,0,0.9594,109.9361,0,1,0,0,-0.9594,0,0.2822,124.9455,0,0,0,1
33.91439,110.1471,0,125.0074,1.819276,1.819276,5.634241,130.9575,0.25,122.9851,20.6367,0.282353,0.2812,0,0.9596,110.1471,0,1,0,0,-0.9596,0,0.2812,125.0074,0,0,0,1
33.9254,110.3576,0,125.0688,1.805138,1.805138,5.696497,130.9575,0.25,122.9851,20.43237,0.282353,0.2803,0,0.9599,110.3576,0,1,0,0,-0.9599,0,0.2803,125.0688,0,0,0,1
33.93687,110.5677,0,125.1299,1.789183,1.789183,5.813684,130.9575,0.25,122.9851,20.22879,0.282353,0.2793,0,0.9602,110.5677,0,1,0,0,-0.9602,0,0.2793,125.1299,0,0,0,1
33.948,110.7773,0,125.1907,1.770616,1.770616,5.916224,130.9575,0.25,122.9851,20.02598,0.282353,0.2783,0,0.9605,110.7773,0,1,0,0,-0.9605,0,0.2783,125.1907,0,0,0,1
33.95914,110.9864,0,125.251,1.752286,1.752286,6.077356,130.9575,0.25,122.9851,19.82393,0.282353,0.2773,0,0.9608,110.9864,0,1,0,0,-0.9608,0,0.2773,125.251,0,0,0,1
33.97052,111.4031,0,125.3706,1.716357,1.716357,6.275125,130.9575,0.25,122.9851,19.42213,0.282353,0.2752,0,0.9614,111.4031,0,1,0,0,-0.9614,0,0.2752,125.3706,0,0,0,1
33.98196,111.6108,0,125.4297,1.694017,1.694017,6.395974,130.9575,0.25,122.9851,19.22241,0.282353,0.2741,0,0.9617,111.6108,0,1,0,0,-0.9617,0,0.2741,125.4297,0,0,0,1
33.9926,111.818,0,125.4885,1.671903,1.671903,6.608377,130.9575,0.25,122.9851,19.02345,0.282353,0.273,0,0.962,111.818,0,1,0,0,-0.962,0,0.273,125.4885,0,0,0,1
34.00409,112.0247,0,125.5469,1.650043,1.650043,6.835427,130.9575,0.25,122.9851,18.82528,0.282353,0.2718,0,0.9623,112.0247,0,1,0,0,-0.9623,0,0.2718,125.5469,0,0,0,1
34.01506,112.231,0,125.6049,1.62847,1.62847,7.066154,130.9575,0.25,122.9851,18.62789,0.282353,0.2707,0,0.9627,112.231,0,1,0,0,-0.9627,0,0.2707,125.6049,0,0,0,1
34.02602,112.4368,0,125.6625,1.604838,1.604838,7.377434,130.9575,0.25,122.9851,18.43129,0.282353,0.2694,0,0.963,112.4368,0,1,0,0,-0.963,0,0.2694,125.6625,0,0,0,1
34.03712,112.6421,0,125.7196,1.579129,1.579129,7.78759,130.9575,0.25,122.9851,18.23548,0.282353,0.2681,0,0.9634,112.6421,0,1,0,0,-0.9634,0,0.2681,125.7196,0,0,0,1
34.04825,112.847,0,125.7763,1.553753,1.553753,8.0586,130.9575,0.25,122.9851,18.04045,0.282353,0.2668,0,0.9638,112.847,0,1,0,0,-0.9638,0,0.2668,125.7763,0,0,0,1
34.06013,113.2553,0,125.8884,1.504011,1.504011,8.435798,130.9575,0.25,122.9851,17.65278,0.282353,0.2639,0,0.9645,113.2553,0,1,0,0,-0.9645,0,0.2639,125.8884,0,0,0,1
34.07077,113.4588,0,125.9437,1.475351,1.475351,9.029074,130.9575,0.25,122.9851,17.46014,0.282353,0.2624,0,0.965,113.4588,0,1,0,0,-0.965,0,0.2624,125.9437,0,0,0,1
34.0824,113.6618,0,125.9986,1.446701,1.446701,9.391623,130.9575,0.25,122.9851,17.2683,0.282353,0.2608,0,0.9654,113.6618,0,1,0,0,-0.9654,0,0.2608,125.9986,0,0,0,1
34.09275,113.8643,0,126.0529,1.418477,1.418477,9.992223,130.9575,0.25,122.9851,17.07726,0.282353,0.2591,0,0.9658,113.8643,0,1,0,0,-0.9658,0,0.2591,126.0529,0,0,0,1
34.10378,114.0665,0,126.1068,1.390675,1.390675,10.62577,130.9575,0.25,122.9851,16.88701,0.282353,0.2573,0,0.9663,114.0665,0,1,0,0,-0.9663,0,0.2573,126.1068,0,0,0,1
34.11475,114.2682,0,126.16,1.362041,1.362041,11.20073,130.9575,0.25,122.9851,16.69754,0.282353,0.2555,0,0.9668,114.2682,0,1,0,0,-0.9668,0,0.2555,126.16,0,0,0,1
34.12597,114.4694,0,126.2128,1.33054,1.33054,11.79767,130.9575,0.25,122.9851,16.50889,0.282353,0.2535,0,0.9673,114.4694,0,1,0,0,-0.9673,0,0.2535,126.2128,0,0,0,1
34.13754,114.6702,0,126.2649,1.299544,1.299544,12.83406,130.9575,0.25,122.9851,16.321,0.282353,0.2513,0,0.9679,114.6702,0,1,0,0,-0.9679,0,0.2513,126.2649,0,0,0,1
34.14819,114.8706,0,126.3164,1.269079,1.269079,13.35774,130.9575,0.25,122.9851,16.13389,0.282353,0.249,0,0.9685,114.8706,0,1,0,0,-0.9685,0,0.249,126.3164,0,0,0,1
34.15917,115.0706,0,126.3673,1.239178,1.239178,14.0499,130.9575,0.25,122.9851,15.94757,0.282353,0.2467,0,0.9691,115.0706,0,1,0,0,-0.9691,0,0.2467,126.3673,0,0,0,1
34.17055,115.4693,0,126.4672,1.174072,1.174072,14.84825,130.9575,0.25,122.9851,15.57725,0.282353,0.2416,0,0.9704,115.4693,0,1,0,0,-0.9704,0,0.2416,126.4672,0,0,0,1
34.18163,115.668,0,126.5161,1.141373,1.141373,15.51843,130.9575,0.25,122.9851,15.39326,0.282353,0.239,0,0.971,115.668,0,1,0,0,-0.971,0,0.239,126.5161,0,0,0,1
34.19236,115.8663,0,126.5643,1.109309,1.109309,16.25818,130.9575,0.25,122.9851,15.21005,0.282353,0.2362,0,0.9717,115.8663,0,1,0,0,-0.9717,0,0.2362,126.5643,0,0,0,1
34.20672,116.0642,0,126.6118,1.077896,1.077896,16.81117,130.9575,0.25,122.9851,15.02761,0.282353,0.2334,0,0.9724,116.0642,0,1,0,0,-0.9724,0,0.2334,126.6118,0,0,0,1
34.21787,116.2617,0,126.6586,1.043914,1.043914,17.48135,130.9575,0.25,122.9851,14.84595,0.282353,0.2304,0,0.9731,116.2617,0,1,0,0,-0.9731,0,0.2304,126.6586,0,0,0,1
34.22596,116.4588,0,126.7046,1.009362,1.009362,17.96109,130.9575,0.25,122.9851,14.66506,0.282353,0.2274,0,0.9738,116.4588,0,1,0,0,-0.9738,0,0.2274,126.7046,0,0,0,1
34.237,116.6555,0,126.7498,0.975497,0.975497,18.24673,130.9575,0.25,122.9851,14.48495,0.282353,0.2243,0,0.9745,116.6555,0,1,0,0,-0.9745,0,0.2243,126.7498,0,0,0,1
34.24801,116.8517,0,126.7943,0.942376,0.942376,18.60563,130.9575,0.25,122.9851,14.30562,0.282353,0.2211,0,0.9752,116.8517,0,1,0,0,-0.9752,0,0.2211,126.7943,0,0,0,1
34.25933,117.0476,0,126.8381,0.909971,0.909971,18.83268,130.9575,0.25,122.9851,14.12707,0.282353,0.2179,0,0.976,117.0476,0,1,0,0,-0.976,0,0.2179,126.8381,0,0,0,1
34.2704,117.4381,0,126.9232,0.839279,0.839279,19.07072,130.9575,0.25,122.9851,13.77238,0.282353,0.2114,0,0.9774,117.4381,0,1,0,0,-0.9774,0,0.2114,126.9232,0,0,0,1
34.28156,117.6328,0,126.9646,0.804601,0.804601,19.23553,130.9575,0.25,122.9851,13.59624,0.282353,0.2081,0,0.9781,117.6328,0,1,0,0,-0.9781,0,0.2081,126.9646,0,0,0,1
34.29248,117.827,0,127.0053,0.770663,0.770663,19.41864,130.9575,0.25,122.9851,13.42093,0.282353,0.2048,0,0.9788,117.827,0,1,0,0,-0.9788,0,0.2048,127.0053,0,0,0,1
34.30376,118.0209,0,127.0452,0.737489,0.737489,19.64569,130.9575,0.25,122.9851,13.24644,0.282353,0.2014,0,0.9795,118.0209,0,1,0,0,-0.9795,0,0.2014,127.0452,0,0,0,1
34.3147,118.2142,0,127.0842,0.701546,0.701546,19.81781,130.9575,0.25,122.9851,13.07278,0.282353,0.1981,0,0.9802,118.2142,0,1,0,0,-0.9802,0,0.1981,127.0842,0,0,0,1
34.32584,118.4072,0,127.1225,0.665475,0.665475,20.05584,130.9575,0.25,122.9851,12.89996,0.282353,0.1946,0,0.9809,118.4072,0,1,0,0,-0.9809,0,0.1946,127.1225,0,0,0,1
34.33714,118.5998,0,127.16,0.630159,0.630159,20.40376,130.9575,0.25,122.9851,12.72799,0.282353,0.1911,0,0.9816,118.5998,0,1,0,0,-0.9816,0,0.1911,127.16,0,0,0,1
34.34797,118.7919,0,127.1967,0.595641,0.595641,20.7956,130.9575,0.25,122.9851,12.55688,0.282353,0.1876,0,0.9823,118.7919,0,1,0,0,-0.9823,0,0.1876,127.1967,0,0,0,1
34.35925,118.9837,0,127.2326,0.56192,0.56192,21.19479,130.9575,0.25,122.9851,12.38662,0.282353,0.1839,0,0.9829,118.9837,0,1,0,0,-0.9829,0,0.1839,127.2326,0,0,0,1
34.37073,119.3659,0,127.3019,0.489548,0.489548,21.74776,130.9575,0.25,122.9851,12.04873,0.282353,0.1765,0,0.9843,119.3659,0,1,0,0,-0.9843,0,0.1765,127.3019,0,0,0,1
34.3814,119.5563,0,127.3352,0.453927,0.453927,22.25681,130.9575,0.25,122.9851,11.8811,0.282353,0.1726,0,0.985,119.5563,0,1,0,0,-0.985,0,0.1726,127.3352,0,0,0,1
34.3926,119.7463,0,127.3678,0.419153,0.419153,22.90867,130.9575,0.25,122.9851,11.71436,0.282353,0.1687,0,0.9857,119.7463,0,1,0,0,-0.9857,0,0.1687,127.3678,0,0,0,1
34.40376,119.9359,0,127.3994,0.385249,0.385249,23.6228,130.9575,0.25,122.9851,11.54852,0.282353,0.1646,0,0.9864,119.9359,0,1,0,0,-0.9864,0,0.1646,127.3994,0,0,0,1
34.41531,120.1251,0,127.4301,0.350197,0.350197,24.23072,130.9575,0.25,122.9851,11.38357,0.266667,0.1605,0,0.987,120.1251,0,1,0,0,-0.987,0,0.1605,127.4301,0,0,0,1
34.42572,120.3139,0,127.46,0.313764,0.313764,24.98879,130.9575,0.25,122.9851,11.21951,0.266667,0.1562,0,0.9877,120.3139,0,1,0,0,-0.9877,0,0.1562,127.46,0,0,0,1
34.43701,120.5023,0,127.4889,0.278285,0.278285,25.58937,130.9575,0.25,122.9851,11.0563,0.266667,0.1517,0,0.9884,120.5023,0,1,0,0,-0.9884,0,0.1517,127.4889,0,0,0,1
34.44811,120.6903,0,127.5169,0.243739,0.243739,26.29251,130.9575,0.25,122.9851,10.89398,0.266667,0.1472,0,0.9891,120.6903,0,1,0,0,-0.9891,0,0.1472,127.5169,0,0,0,1
34.45903,120.8779,0,127.5439,0.210175,0.210175,26.81621,130.9575,0.25,122.9851,10.73256,0.266667,0.1426,0,0.9898,120.8779,0,1,0,0,-0.9898,0,0.1426,127.5439,0,0,0,1
34.47033,121.2519,0,127.595,0.141013,0.141013,27.48638,130.9575,0.25,122.9851,10.41243,0.266667,0.1331,0,0.9911,121.2519,0,1,0,0,-0.9911,0,0.1331,127.595,0,0,0,1
34.48167,121.4382,0,127.6191,0.106121,0.106121,27.76105,130.9575,0.25,122.9851,10.25377,0.266667,0.1283,0,0.9917,121.4382,0,1,0,0,-0.9917,0,0.1283,127.6191,0,0,0,1
34.49246,121.6242,0,127.6423,0.07222,0.07222,28.10895,130.9575,0.25,122.9851,10.09603,0.266667,0.1234,0,0.9924,121.6242,0,1,0,0,-0.9924,0,0.1234,127.6423,0,0,0,1
34.50383,121.8097,0,127.6644,0.03935,0.03935,28.30304,130.9575,0.25,122.9851,9.939276,0.266667,0.1185,0,0.993,121.8097,0,1,0,0,-0.993,0,0.1185,127.6644,0,0,0,1
34.51476,121.9949,0,127.6856,0.007459,0.007459,28.42755,130.9575,0.25,122.9851,9.783504,0.266667,0.1136,0,0.9935,121.9949,0,1,0,0,-0.9935,0,0.1136,127.6856,0,0,0,1
34.52627,122.1796,0,127.7057,0.026576,-0.026576,28.47516,130.9575,0.25,122.9851,9.628731,0.266667,0.1086,0,0.9941,122.1796,0,1,0,0,-0.9941,0,0.1086,127.7057,0,0,0,1
34.54005,122.5477,0,127.7432,0.093808,-0.093808,28.47882,130.9575,0.25,122.9851,9.322357,0.266667,0.0987,0,0.9951,122.5477,0,1,0,0,-0.9951,0,0.0987,127.7432,0,0,0,1
34.55127,122.731,0,127.7605,0.125911,-0.125911,28.47882,130.9575,0.25,122.9851,9.170778,0.266667,0.0938,0,0.9956,122.731,0,1,0,0,-0.9956,0,0.0938,127.7605,0,0,0,1
34.55918,122.7311,0,127.7605,0.125911,-0.125911,28.47882,130.9575,0.25,122.9851,9.170772,0.266667,0.0938,0,0.9956,122.7311,0,1,0,0,-0.9956,0,0.0938,127.7605,0,0,0,1
34.57021,123.0965,0,127.7922,0.188126,-0.188126,28.49713,130.9575,0.25,122.9851,8.871011,0.266667,0.0839,0,0.9965,123.0965,0,1,0,0,-0.9965,0,0.0839,127.7922,0,0,0,1
34.58151,123.2785,0,127.8066,0.22144,-0.22144,28.56671,130.9575,0.25,122.9851,8.722878,0.266667,0.0789,0,0.9969,123.2785,0,1,0,0,-0.9969,0,0.0789,127.8066,0,0,0,1
34.59255,123.4601,0,127.82,0.253755,-0.253755,28.69124,130.9575,0.25,122.9851,8.575961,0.258824,0.0739,0,0.9973,123.4601,0,1,0,0,-0.9973,0,0.0739,127.82,0,0,0,1
34.60374,123.6412,0,127.8326,0.285085,-0.285085,28.88533,130.9575,0.25,122.9851,8.430277,0.258824,0.0689,0,0.9976,123.6412,0,1,0,0,-0.9976,0,0.0689,127.8326,0,0,0,1
34.61563,123.8219,0,127.8441,0.315404,-0.315404,29.21858,130.9575,0.25,122.9851,8.285844,0.258824,0.0638,0,0.998,123.8219,0,1,0,0,-0.998,0,0.0638,127.8441,0,0,0,1
34.62582,124.002,0,127.8547,0.344704,-0.344704,29.6727,130.9575,0.25,122.9851,8.142719,0.258824,0.0586,0,0.9983,124.002,0,1,0,0,-0.9983,0,0.0586,127.8547,0,0,0,1
34.63667,124.1818,0,127.8643,0.375473,-0.375473,30.34286,130.9575,0.25,122.9851,8.000918,0.258824,0.0533,0,0.9986,124.1818,0,1,0,0,-0.9986,0,0.0533,127.8643,0,0,0,1
34.64785,124.361,0,127.8729,0.406829,-0.406829,30.68712,130.9575,0.25,122.9851,7.860468,0.258824,0.048,0,0.9988,124.361,0,1,0,0,-0.9988,0,0.048,127.8729,0,0,0,1
34.65863,124.5398,0,127.8805,0.437133,-0.437133,31.45251,130.9575,0.25,122.9851,7.7214,0.258824,0.0425,0,0.9991,124.5398,0,1,0,0,-0.9991,0,0.0425,127.8805,0,0,0,1
34.66993,124.7182,0,127.8871,0.466361,-0.466361,32.2948,130.9575,0.25,122.9851,7.583763,0.258824,0.0369,0,0.9993,124.7182,0,1,0,0,-0.9993,0,0.0369,127.8871,0,0,0,1
34.6812,125.0733,0,127.8971,0.521489,-0.521489,33.05287,130.9575,0.25,122.9851,7.312901,0.258824,0.0254,0,0.9997,125.0733,0,1,0,0,-0.9997,0,0.0254,127.8971,0,0,0,1
34.69208,125.2502,0,127.9006,0.55091,-0.55091,33.94278,130.9575,0.25,122.9851,7.179765,0.258824,0.0194,0,0.9998,125.2502,0,1,0,0,-0.9998,0,0.0194,127.9006,0,0,0,1
34.70319,125.4265,0,127.9029,0.579739,-0.579739,34.95353,130.9575,0.25,122.9851,7.048213,0.258824,0.0133,0,0.9999,125.4265,0,1,0,0,-0.9999,0,0.0133,127.9029,0,0,0,1
34.71428,125.6024,0,127.9042,0.607394,-0.607394,35.51019,130.9575,0.25,122.9851,6.918273,0.258824,0.0071,0,1,125.6024,0,1,0,0,-1,0,0.0071,127.9042,0,0,0,1
34.72543,125.7777,0,127.9043,0.633866,-0.633866,36.17304,130.9575,0.25,122.9851,6.790018,0.258824,0.0008,0,1,125.7777,0,1,0,0,-1,0,0.0008,127.9043,0,0,0,1
34.73653,125.9525,0,127.9033,0.65914,-0.65914,36.89448,130.9575,0.25,122.9851,6.663498,0.258824,-0.0056,0,1,125.9525,0,1,0,0,-1,0,-0.0056,127.9033,0,0,0,1
34.748,126.1268,0,127.9012,0.683329,-0.683329,37.45113,130.9575,0.25,122.9851,6.538756,0.258824,-0.0122,0,0.9999,126.1268,0,1,0,0,-0.9999,0,-0.0122,127.9012,0,0,0,1
34.75864,126.3006,0,127.8979,0.710159,-0.710159,38.07005,130.9575,0.25,122.9851,6.415859,0.258824,-0.0188,0,0.9998,126.3006,0,1,0,0,-0.9998,0,-0.0188,127.8979,0,0,0,1
34.7699,126.4738,0,127.8935,0.73579,-0.73579,38.53513,130.9575,0.25,122.9851,6.294872,0.258824,-0.0255,0,0.9997,126.4738,0,1,0,0,-0.9997,0,-0.0255,127.8935,0,0,0,1
34.78119,126.8185,0,127.8812,0.783304,-0.783304,39.05151,130.9575,0.25,122.9851,6.058904,0.258824,-0.0391,0,0.9992,126.8185,0,1,0,0,-0.9992,0,-0.0391,127.8812,0,0,0,1
34.79232,126.99,0,127.8733,0.805184,-0.805184,39.49462,130.9575,0.25,122.9851,5.944103,0.258824,-0.046,0,0.9989,126.99,0,1,0,0,-0.9989,0,-0.046,127.8733,0,0,0,1
34.80319,127.161,0,127.8642,0.826059,-0.826059,39.9231,130.9575,0.25,122.9851,5.831504,0.258824,-0.053,0,0.9986,127.161,0,1,0,0,-0.9986,0,-0.053,127.8642,0,0,0,1
34.81437,127.3314,0,127.854,0.849398,-0.849398,40.1355,130.9575,0.25,122.9851,5.721215,0.258824,-0.06,0,0.9982,127.3314,0,1,0,0,-0.9982,0,-0.06,127.854,0,0,0,1
34.82542,127.5011,0,127.8426,0.871488,-0.871488,40.33326,130.9575,0.25,122.9851,5.613339,0.258824,-0.067,0,0.9978,127.5011,0,1,0,0,-0.9978,0,-0.067,127.8426,0,0,0,1
34.83661,127.6703,0,127.83,0.892305,-0.892305,40.52369,130.9575,0.25,122.9851,5.507972,0.258824,-0.0741,0,0.9973,127.6703,0,1,0,0,-0.9973,0,-0.0741,127.83,0,0,0,1
34.84784,127.8389,0,127.8163,0.911843,-0.911843,40.61524,130.9575,0.25,122.9851,5.405204,0.258824,-0.0811,0,0.9967,127.8389,0,1,0,0,-0.9967,0,-0.0811,127.8163,0,0,0,1
34.85872,128.0068,0,127.8014,0.930126,-0.930126,40.66651,130.9575,0.25,122.9851,5.305173,0.258824,-0.0882,0,0.9961,128.0068,0,1,0,0,-0.9961,0,-0.0882,127.8014,0,0,0,1
34.87296,128.3408,0,127.7682,0.966854,-0.966854,40.66651,130.9575,0.25,122.9851,5.113756,0.25098,-0.1023,0,0.9947,128.3408,0,1,0,0,-0.9947,0,-0.1023,127.7682,0,0,0,1
34.88373,128.5069,0,127.75,0.985327,-0.985327,40.64454,130.9575,0.25,122.9851,5.022628,0.25098,-0.1094,0,0.994,128.5069,0,1,0,0,-0.994,0,-0.1094,127.75,0,0,0,1
34.89209,128.6723,0,127.7306,1.00255,-1.00255,40.64454,130.9575,0.25,122.9851,4.934695,0.25098,-0.1164,0,0.9932,128.6723,0,1,0,0,-0.9932,0,-0.1164,127.7306,0,0,0,1
34.90319,128.8371,0,127.7101,1.018543,-1.018543,40.62256,130.9575,0.25,122.9851,4.850124,0.25098,-0.1235,0,0.9923,128.8371,0,1,0,0,-0.9923,0,-0.1235,127.7101,0,0,0,1
34.91421,129.0013,0,127.6885,1.033289,-1.033289,40.59693,130.9575,0.25,122.9851,4.769032,0.25098,-0.1305,0,0.9914,129.0013,0,1,0,0,-0.9914,0,-0.1305,127.6885,0,0,0,1
34.92537,129.1647,0,127.6658,1.046826,-1.046826,40.5896,130.9575,0.25,122.9851,4.691573,0.25098,-0.1375,0,0.9905,129.1647,0,1,0,0,-0.9905,0,-0.1375,127.6658,0,0,0,1
34.93663,129.3276,0,127.642,1.06229,-1.06229,40.57129,130.9575,0.25,122.9851,4.617871,0.25098,-0.1445,0,0.9895,129.3276,0,1,0,0,-0.9895,0,-0.1445,127.642,0,0,0,1
34.94802,129.4897,0,127.6171,1.077268,-1.077268,40.56763,130.9575,0.25,122.9851,4.548073,0.25098,-0.1515,0,0.9885,129.4897,0,1,0,0,-0.9885,0,-0.1515,127.6171,0,0,0,1
34.95867,129.6512,0,127.5912,1.09103,-1.09103,40.56763,130.9575,0.25,122.9851,4.482314,0.243137,-0.1585,0,0.9874,129.6512,0,1,0,0,-0.9874,0,-0.1585,127.5912,0,0,0,1
34.96989,129.812,0,127.5642,1.103587,-1.103587,40.56763,130.9575,0.25,122.9851,4.420727,0.243137,-0.1655,0,0.9862,129.812,0,1,0,0,-0.9862,0,-0.1655,127.5642,0,0,0,1
34.98092,130.1316,0,127.507,1.125114,-1.125114,40.56763,130.9575,0.25,122.9851,4.310584,0.243137,-0.1795,0,0.9838,130.1316,0,1,0,0,-0.9838,0,-0.1795,127.507,0,0,0,1
34.99197,130.2904,0,127.4769,1.136032,-1.136032,40.56763,130.9575,0.25,122.9851,4.262272,0.235294,-0.1864,0,0.9825,130.2904,0,1,0,0,-0.9825,0,-0.1864,127.4769,0,0,0,1
35.00348,130.4485,0,127.4458,1.147652,-1.147652,40.56763,130.9575,0.25,122.9851,4.218615,0.235294,-0.1934,0,0.9811,130.4485,0,1,0,0,-0.9811,0,-0.1934,127.4458,0,0,0,1
35.01466,130.6059,0,127.4136,1.158087,-1.158087,40.56763,130.9575,0.25,122.9851,4.179702,0.227451,-0.2003,0,0.9797,130.6059,0,1,0,0,-0.9797,0,-0.2003,127.4136,0,0,0,1
35.02594,130.7626,0,127.3804,1.167352,-1.167352,40.56763,130.9575,0.25,122.9851,4.145264,0.219608,-0.2073,0,0.9783,130.7626,0,1,0,0,-0.9783,0,-0.2073,127.3804,0,0,0,1
35.03699,130.9187,0,127.3461,1.175434,-1.175434,40.56763,130.9575,0.25,122.9851,4.111046,0.219608,-0.2142,0,0.9768,130.9187,0,1,0,0,-0.9768,0,-0.2142,127.3461,0,0,0,1
35.04813,131.0741,0,127.3109,1.182357,-1.182357,40.56397,130.9575,0.25,122.9851,4.075813,0.211765,-0.2211,0,0.9753,131.0741,0,1,0,0,-0.9753,0,-0.2211,127.3109,0,0,0,1
35.05956,131.2288,0,127.2747,1.188448,-1.188448,40.53833,130.9575,0.25,122.9851,4.039645,0.211765,-0.228,0,0.9737,131.2288,0,1,0,0,-0.9737,0,-0.228,127.2747,0,0,0,1
35.0704,131.5363,0,127.1993,1.204058,-1.204058,40.45044,130.9575,0.25,122.9851,3.977766,0.211765,-0.2417,0,0.9703,131.5363,0,1,0,0,-0.9703,0,-0.2417,127.1993,0,0,0,1
35.08157,131.689,0,127.1601,1.210144,-1.210144,40.32959,130.9575,0.25,122.9851,3.954397,0.211765,-0.2485,0,0.9686,131.689,0,1,0,0,-0.9686,0,-0.2485,127.1601,0,0,0,1
35.09258,131.841,0,127.1199,1.215099,-1.215099,40.09522,130.9575,0.25,122.9851,3.93614,0.211765,-0.2553,0,0.9669,131.841,0,1,0,0,-0.9669,0,-0.2553,127.1199,0,0,0,1
35.10389,131.9923,0,127.0789,1.218938,-1.218938,39.84986,130.9575,0.25,122.9851,3.923053,0.211765,-0.262,0,0.9651,131.9923,0,1,0,0,-0.9651,0,-0.262,127.0789,0,0,0,1
35.11476,132.1429,0,127.0368,1.221679,-1.221679,39.50927,130.9575,0.25,122.9851,3.915133,0.203922,-0.2687,0,0.9632,132.1429,0,1,0,0,-0.9632,0,-0.2687,127.0368,0,0,0,1
35.12587,132.2928,0,126.9939,1.225342,-1.225342,39.19799,130.9575,0.25,122.9851,3.912365,0.196078,-0.2753,0,0.9614,132.2928,0,1,0,0,-0.9614,0,-0.2753,126.9939,0,0,0,1
35.13769,132.4421,0,126.9501,1.229628,-1.229628,38.71824,130.9575,0.25,122.9851,3.914761,0.188235,-0.2817,0,0.9595,132.4421,0,1,0,0,-0.9595,0,-0.2817,126.9501,0,0,0,1
