time,pos_x,pos_y,pos_z,distFromRoadCenter,signedDistFromRoadCenter,wheelAngle,obstacle_pos_x,obstacle_pos_y,obstacle_pos_z,distance_to_obstacle,brake_position,simplecar_4x4_R0C0,simplecar_4x4_R0C1,simplecar_4x4_R0C2,simplecar_4x4_R0C3,simplecar_4x4_R1C0,simplecar_4x4_R1C1,simplecar_4x4_R1C2,simplecar_4x4_R1C3,simplecar_4x4_R2C0,simplecar_4x4_R2C1,simplecar_4x4_R2C2,simplecar_4x4_R2C3,simplecar_4x4_R3C0,simplecar_4x4_R3C1,simplecar_4x4_R3C2,simplecar_4x4_R3C3
231.5285,-237.2698,0,-1456.995,2.171924,2.171924,-2.997479,-181.7548,0.25,-1507.224,74.51322,0,0.7411,0,-0.6714,-237.2698,0,1,0,0,0.6714,0,0.7411,-1456.995,0,0,0,1
231.541,-237.6058,0,-1456.624,2.17111,2.17111,-2.850995,-181.7548,0.25,-1507.224,75.0108,0,0.7404,0,-0.6722,-237.6058,0,1,0,0,0.6722,0,0.7404,-1456.624,0,0,0,1
231.5506,-237.7739,0,-1456.439,2.170593,2.170593,-2.770429,-181.7548,0.25,-1507.224,75.25962,0,0.7401,0,-0.6725,-237.7739,0,1,0,0,0.6725,0,0.7401,-1456.439,0,0,0,1
231.562,-237.9421,0,-1456.254,2.169973,2.169973,-2.653241,-181.7548,0.25,-1507.224,75.50845,0,0.7398,0,-0.6729,-237.9421,0,1,0,0,0.6729,0,0.7398,-1456.254,0,0,0,1
231.5777,-238.1104,0,-1456.069,2.169123,2.169123,-2.514074,-181.7548,0.25,-1507.224,75.75727,0,0.7395,0,-0.6732,-238.1104,0,1,0,0,0.6732,0,0.7395,-1456.069,0,0,0,1
231.589,-238.2788,0,-1455.885,2.168238,2.168238,-2.319982,-181.7548,0.25,-1507.224,76.00616,0,0.7392,0,-0.6735,-238.2788,0,1,0,0,0.6735,0,0.7392,-1455.885,0,0,0,1
231.5972,-238.4472,0,-1455.7,2.167274,2.167274,-2.17716,-181.7548,0.25,-1507.224,76.25502,0,0.739,0,-0.6738,-238.4472,0,1,0,0,0.6738,0,0.739,-1455.7,0,0,0,1
231.6044,-238.6158,0,-1455.515,2.166206,2.166206,-2.074614,-181.7548,0.25,-1507.224,76.50394,0,0.7387,0,-0.674,-238.6158,0,1,0,0,0.674,0,0.7387,-1455.515,0,0,0,1
231.6141,-238.7843,0,-1455.331,2.164942,2.164942,-1.961088,-181.7548,0.25,-1507.224,76.75273,0,0.7385,0,-0.6743,-238.7843,0,1,0,0,0.6743,0,0.7385,-1455.331,0,0,0,1
231.6253,-238.9529,0,-1455.146,2.163828,2.163828,-1.814604,-181.7548,0.25,-1507.224,77.00175,0,0.7383,0,-0.6745,-238.9529,0,1,0,0,0.6745,0,0.7383,-1455.146,0,0,0,1
231.6409,-239.2903,0,-1454.777,2.16114,2.16114,-1.679106,-181.7548,0.25,-1507.224,77.49969,0,0.7379,0,-0.6749,-239.2903,0,1,0,0,0.6749,0,0.7379,-1454.777,0,0,0,1
231.6488,-239.2903,0,-1454.777,2.16114,2.16114,-1.679106,-181.7548,0.25,-1507.224,77.49969,0,0.7379,0,-0.6749,-239.2903,0,1,0,0,0.6749,0,0.7379,-1454.777,0,0,0,1
231.6599,-239.4591,0,-1454.593,2.159704,2.159704,-1.290915,-181.7548,0.25,-1507.224,77.74868,0,0.7377,0,-0.6751,-239.4591,0,1,0,0,0.6751,0,0.7377,-1454.593,0,0,0,1
231.6696,-239.6279,0,-1454.408,2.158257,2.158257,-1.192038,-181.7548,0.25,-1507.224,77.9977,0,0.7376,0,-0.6753,-239.6279,0,1,0,0,0.6753,0,0.7376,-1454.408,0,0,0,1
231.6808,-239.9657,0,-1454.04,2.155134,2.155134,-1.093154,-181.7548,0.25,-1507.224,78.49568,0,0.7373,0,-0.6755,-239.9657,0,1,0,0,0.6755,0,0.7373,-1454.04,0,0,0,1
231.6917,-240.1346,0,-1453.855,2.153514,2.153514,-0.924697,-181.7548,0.25,-1507.224,78.74472,0,0.7372,0,-0.6757,-240.1346,0,1,0,0,0.6757,0,0.7372,-1453.855,0,0,0,1
231.7038,-240.3036,0,-1453.671,2.151872,2.151872,-0.763564,-181.7548,0.25,-1507.224,78.99379,0,0.7371,0,-0.6758,-240.3036,0,1,0,0,0.6758,0,0.7371,-1453.671,0,0,0,1
231.7141,-240.4725,0,-1453.487,2.150068,2.150068,-0.617073,-181.7548,0.25,-1507.224,79.24271,0,0.737,0,-0.6758,-240.4725,0,1,0,0,0.6758,0,0.737,-1453.487,0,0,0,1
231.7251,-240.6415,0,-1453.302,2.148437,2.148437,-0.477912,-181.7548,0.25,-1507.224,79.49179,0,0.737,0,-0.6759,-240.6415,0,1,0,0,0.6759,0,0.737,-1453.302,0,0,0,1
231.7362,-240.8105,0,-1453.118,2.146739,2.146739,-0.357063,-181.7548,0.25,-1507.224,79.74082,0,0.7369,0,-0.676,-240.8105,0,1,0,0,0.676,0,0.7369,-1453.118,0,0,0,1
231.7476,-240.9795,0,-1452.934,2.144969,2.144969,-0.192261,-181.7548,0.25,-1507.224,79.98985,0,0.7369,0,-0.676,-240.9795,0,1,0,0,0.676,0,0.7369,-1452.934,0,0,0,1
231.7588,-241.1485,0,-1452.75,2.14327,2.14327,-0.067749,-181.7548,0.25,-1507.224,80.2389,0,0.7369,0,-0.676,-241.1485,0,1,0,0,0.676,0,0.7369,-1452.75,0,0,0,1
231.7696,-241.3174,0,-1452.566,2.141583,2.141583,0.089722,-181.7548,0.25,-1507.224,80.48795,0,0.7369,0,-0.676,-241.3174,0,1,0,0,0.676,0,0.7369,-1452.566,0,0,0,1
231.7808,-241.6554,0,-1452.197,2.138114,2.138114,0.228882,-181.7548,0.25,-1507.224,80.98605,0,0.737,0,-0.6759,-241.6554,0,1,0,0,0.6759,0,0.737,-1452.197,0,0,0,1
231.7919,-241.8244,0,-1452.013,2.136311,2.136311,0.346069,-181.7548,0.25,-1507.224,81.23501,0,0.737,0,-0.6759,-241.8244,0,1,0,0,0.6759,0,0.737,-1452.013,0,0,0,1
231.8028,-241.9933,0,-1451.829,2.134852,2.134852,0.466919,-181.7548,0.25,-1507.224,81.4843,0,0.7371,0,-0.6758,-241.9933,0,1,0,0,0.6758,0,0.7371,-1451.829,0,0,0,1
231.8153,-242.1622,0,-1451.644,2.133188,2.133188,0.56581,-181.7548,0.25,-1507.224,81.73331,0,0.7371,0,-0.6757,-242.1622,0,1,0,0,0.6757,0,0.7371,-1451.644,0,0,0,1
231.8251,-242.3312,0,-1451.46,2.131567,2.131567,0.682998,-181.7548,0.25,-1507.224,81.98244,0,0.7372,0,-0.6756,-242.3312,0,1,0,0,0.6756,0,0.7372,-1451.46,0,0,0,1
231.8363,-242.5,0,-1451.276,2.129971,2.129971,0.800185,-181.7548,0.25,-1507.224,82.23152,0,0.7373,0,-0.6755,-242.5,0,1,0,0,0.6755,0,0.7373,-1451.276,0,0,0,1
231.8472,-242.6689,0,-1451.091,2.128467,2.128467,0.855117,-181.7548,0.25,-1507.224,82.48059,0,0.7374,0,-0.6754,-242.6689,0,1,0,0,0.6754,0,0.7374,-1451.091,0,0,0,1
231.8583,-242.8377,0,-1450.907,2.126881,2.126881,0.924697,-181.7548,0.25,-1507.224,82.72966,0,0.7375,0,-0.6753,-242.8377,0,1,0,0,0.6753,0,0.7375,-1450.907,0,0,0,1
231.8696,-243.0065,0,-1450.723,2.125434,2.125434,0.997939,-181.7548,0.25,-1507.224,82.97878,0,0.7376,0,-0.6752,-243.0065,0,1,0,0,0.6752,0,0.7376,-1450.723,0,0,0,1
231.8806,-243.344,0,-1450.354,2.122678,2.122678,1.045547,-181.7548,0.25,-1507.224,83.47698,0,0.7379,0,-0.6749,-243.344,0,1,0,0,0.6749,0,0.7379,-1450.354,0,0,0,1
231.8916,-243.5127,0,-1450.169,2.121276,2.121276,1.089492,-181.7548,0.25,-1507.224,83.72605,0,0.738,0,-0.6748,-243.5127,0,1,0,0,0.6748,0,0.738,-1450.169,0,0,0,1
231.9066,-243.6814,0,-1449.985,2.120095,2.120095,1.118789,-181.7548,0.25,-1507.224,83.97518,0,0.7382,0,-0.6746,-243.6814,0,1,0,0,0.6746,0,0.7382,-1449.985,0,0,0,1
231.9167,-243.85,0,-1449.8,2.118842,2.118842,1.137099,-181.7548,0.25,-1507.224,84.2243,0,0.7383,0,-0.6745,-243.85,0,1,0,0,0.6745,0,0.7383,-1449.8,0,0,0,1
231.9247,-244.0186,0,-1449.616,2.117579,2.117579,1.137099,-181.7548,0.25,-1507.224,84.47329,0,0.7384,0,-0.6743,-244.0186,0,1,0,0,0.6743,0,0.7384,-1449.616,0,0,0,1
231.9363,-244.1871,0,-1449.431,2.116544,2.116544,1.137099,-181.7548,0.25,-1507.224,84.72251,0,0.7386,0,-0.6742,-244.1871,0,1,0,0,0.6742,0,0.7386,-1449.431,0,0,0,1
231.948,-244.3556,0,-1449.246,2.115464,2.115464,1.137099,-181.7548,0.25,-1507.224,84.97165,0,0.7387,0,-0.674,-244.3556,0,1,0,0,0.674,0,0.7387,-1449.246,0,0,0,1
231.9582,-244.5241,0,-1449.062,2.114489,2.114489,1.137099,-181.7548,0.25,-1507.224,85.22075,0,0.7388,0,-0.6739,-244.5241,0,1,0,0,0.6739,0,0.7388,-1449.062,0,0,0,1
231.9698,-244.6926,0,-1448.877,2.113443,2.113443,1.137099,-181.7548,0.25,-1507.224,85.46983,0,0.739,0,-0.6738,-244.6926,0,1,0,0,0.6738,0,0.739,-1448.877,0,0,0,1
231.9812,-245.0293,0,-1448.507,2.111778,2.111778,1.137099,-181.7548,0.25,-1507.224,85.96818,0,0.7392,0,-0.6735,-245.0293,0,1,0,0,0.6735,0,0.7392,-1448.507,0,0,0,1
231.9926,-245.1976,0,-1448.322,2.110871,2.110871,1.137099,-181.7548,0.25,-1507.224,86.21719,0,0.7394,0,-0.6733,-245.1976,0,1,0,0,0.6733,0,0.7394,-1448.322,0,0,0,1
232.0038,-245.3659,0,-1448.138,2.110009,2.110009,1.115127,-181.7548,0.25,-1507.224,86.46628,0,0.7395,0,-0.6732,-245.3659,0,1,0,0,0.6732,0,0.7395,-1448.138,0,0,0,1
232.0154,-245.5342,0,-1447.953,2.109379,2.109379,1.096816,-181.7548,0.25,-1507.224,86.71542,0,0.7396,0,-0.673,-245.5342,0,1,0,0,0.673,0,0.7396,-1447.953,0,0,0,1
232.0265,-245.7024,0,-1447.768,2.108678,2.108678,1.074843,-181.7548,0.25,-1507.224,86.96455,0,0.7397,0,-0.6729,-245.7024,0,1,0,0,0.6729,0,0.7397,-1447.768,0,0,0,1
232.0383,-245.8706,0,-1447.583,2.107988,2.107988,1.041884,-181.7548,0.25,-1507.224,87.21364,0,0.7399,0,-0.6728,-245.8706,0,1,0,0,0.6728,0,0.7399,-1447.583,0,0,0,1
232.0493,-246.0388,0,-1447.398,2.107403,2.107403,0.994277,-181.7548,0.25,-1507.224,87.46272,0,0.74,0,-0.6726,-246.0388,0,1,0,0,0.6726,0,0.74,-1447.398,0,0,0,1
232.0605,-246.375,0,-1447.028,2.106346,2.106346,0.950332,-181.7548,0.25,-1507.224,87.961,0,0.7402,0,-0.6724,-246.375,0,1,0,0,0.6724,0,0.7402,-1447.028,0,0,0,1
232.0719,-246.543,0,-1446.843,2.105967,2.105967,0.851455,-181.7548,0.25,-1507.224,88.2102,0,0.7403,0,-0.6723,-246.543,0,1,0,0,0.6723,0,0.7403,-1446.843,0,0,0,1
232.084,-246.7111,0,-1446.658,2.105427,2.105427,0.800185,-181.7548,0.25,-1507.224,88.45921,0,0.7404,0,-0.6722,-246.7111,0,1,0,0,0.6722,0,0.7404,-1446.658,0,0,0,1
232.0945,-246.8791,0,-1446.472,2.105071,2.105071,0.708633,-181.7548,0.25,-1507.224,88.70837,0,0.7405,0,-0.6721,-246.8791,0,1,0,0,0.6721,0,0.7405,-1446.472,0,0,0,1
232.106,-247.0471,0,-1446.287,2.104715,2.104715,0.61708,-181.7548,0.25,-1507.224,88.95753,0,0.7406,0,-0.672,-247.0471,0,1,0,0,0.672,0,0.7406,-1446.287,0,0,0,1
232.1171,-247.2151,0,-1446.102,2.104359,2.104359,0.492568,-181.7548,0.25,-1507.224,89.2067,0,0.7406,0,-0.6719,-247.2151,0,1,0,0,0.6719,0,0.7406,-1446.102,0,0,0,1
232.128,-247.3831,0,-1445.917,2.104014,2.104014,0.371704,-181.7548,0.25,-1507.224,89.45586,0,0.7407,0,-0.6719,-247.3831,0,1,0,0,0.6719,0,0.7407,-1445.917,0,0,0,1
232.1396,-247.551,0,-1445.732,2.103669,2.103669,0.199585,-181.7548,0.25,-1507.224,89.70501,0,0.7407,0,-0.6719,-247.551,0,1,0,0,0.6719,0,0.7407,-1445.732,0,0,0,1
232.1506,-247.887,0,-1445.361,2.103072,2.103072,-0.012817,-181.7548,0.25,-1507.224,90.20334,0,0.7407,0,-0.6719,-247.887,0,1,0,0,0.6719,0,0.7407,-1445.361,0,0,0,1
232.1614,-248.0549,0,-1445.176,2.10281,2.10281,-0.181274,-181.7548,0.25,-1507.224,90.45251,0,0.7407,0,-0.6719,-248.0549,0,1,0,0,0.6719,0,0.7407,-1445.176,0,0,0,1
232.1734,-248.2229,0,-1444.991,2.102453,2.102453,-0.422981,-181.7548,0.25,-1507.224,90.70171,0,0.7406,0,-0.6719,-248.2229,0,1,0,0,0.6719,0,0.7406,-1444.991,0,0,0,1
232.1844,-248.3909,0,-1444.806,2.102108,2.102108,-0.573127,-181.7548,0.25,-1507.224,90.95089,0,0.7405,0,-0.672,-248.3909,0,1,0,0,0.672,0,0.7405,-1444.806,0,0,0,1
232.1947,-248.5589,0,-1444.621,2.101696,2.101696,-0.829482,-181.7548,0.25,-1507.224,91.20003,0,0.7404,0,-0.6721,-248.5589,0,1,0,0,0.6721,0,0.7404,-1444.621,0,0,0,1
232.2069,-248.727,0,-1444.436,2.10119,2.10119,-1.074843,-181.7548,0.25,-1507.224,91.4492,0,0.7403,0,-0.6723,-248.727,0,1,0,0,0.6723,0,0.7403,-1444.436,0,0,0,1
232.2174,-248.8951,0,-1444.251,2.100616,2.100616,-1.389792,-181.7548,0.25,-1507.224,91.69833,0,0.7401,0,-0.6724,-248.8951,0,1,0,0,0.6724,0,0.7401,-1444.251,0,0,0,1
232.2289,-249.0633,0,-1444.066,2.100054,2.100054,-1.693754,-181.7548,0.25,-1507.224,91.9476,0,0.74,0,-0.6727,-249.0633,0,1,0,0,0.6727,0,0.74,-1444.066,0,0,0,1
232.2439,-249.3998,0,-1443.696,2.098502,2.098502,-2.199132,-181.7548,0.25,-1507.224,92.44602,0,0.7394,0,-0.6732,-249.3998,0,1,0,0,0.6732,0,0.7394,-1443.696,0,0,0,1
232.2541,-249.5682,0,-1443.511,2.097594,2.097594,-2.609296,-181.7548,0.25,-1507.224,92.6953,0,0.7391,0,-0.6736,-249.5682,0,1,0,0,0.6736,0,0.7391,-1443.511,0,0,0,1
232.2632,-249.7367,0,-1443.326,2.096631,2.096631,-2.968183,-181.7548,0.25,-1507.224,92.94454,0,0.7388,0,-0.6739,-249.7367,0,1,0,0,0.6739,0,0.7388,-1443.326,0,0,0,1
232.2732,-249.9053,0,-1443.142,2.09539,2.09539,-3.275807,-181.7548,0.25,-1507.224,93.19379,0,0.7384,0,-0.6744,-249.9053,0,1,0,0,0.6744,0,0.7384,-1443.142,0,0,0,1
232.2842,-250.074,0,-1442.957,2.093976,2.093976,-3.642025,-181.7548,0.25,-1507.224,93.44307,0,0.738,0,-0.6748,-250.074,0,1,0,0,0.6748,0,0.738,-1442.957,0,0,0,1
232.2953,-250.2429,0,-1442.773,2.092461,2.092461,-4.114444,-181.7548,0.25,-1507.224,93.69234,0,0.7375,0,-0.6754,-250.2429,0,1,0,0,0.6754,0,0.7375,-1442.773,0,0,0,1
232.3064,-250.4118,0,-1442.589,2.090692,2.090692,-4.575877,-181.7548,0.25,-1507.224,93.94165,0,0.7369,0,-0.676,-250.4118,0,1,0,0,0.676,0,0.7369,-1442.589,0,0,0,1
232.319,-250.581,0,-1442.405,2.088809,2.088809,-4.978716,-181.7548,0.25,-1507.224,94.19099,0,0.7364,0,-0.6766,-250.581,0,1,0,0,0.6766,0,0.7364,-1442.405,0,0,0,1
232.3294,-250.7503,0,-1442.221,2.086638,2.086638,-5.436487,-181.7548,0.25,-1507.224,94.44038,0,0.7357,0,-0.6773,-250.7503,0,1,0,0,0.6773,0,0.7357,-1442.221,0,0,0,1
232.3416,-251.0895,0,-1441.854,2.081528,2.081528,-5.9675,-181.7548,0.25,-1507.224,94.93916,0,0.7343,0,-0.6788,-251.0895,0,1,0,0,0.6788,0,0.7343,-1441.854,0,0,0,1
232.3508,-251.2594,0,-1441.67,2.078495,2.078495,-6.326387,-181.7548,0.25,-1507.224,95.18856,0,0.7335,0,-0.6796,-251.2594,0,1,0,0,0.6796,0,0.7335,-1441.67,0,0,0,1
232.3614,-251.4296,0,-1441.487,2.075244,2.075244,-6.615701,-181.7548,0.25,-1507.224,95.43803,0,0.7328,0,-0.6805,-251.4296,0,1,0,0,0.6805,0,0.7328,-1441.487,0,0,0,1
232.373,-251.5999,0,-1441.304,2.071719,2.071719,-6.978257,-181.7548,0.25,-1507.224,95.68752,0,0.7319,0,-0.6814,-251.5999,0,1,0,0,0.6814,0,0.7319,-1441.304,0,0,0,1
232.3841,-251.7705,0,-1441.121,2.06779,2.06779,-7.410393,-181.7548,0.25,-1507.224,95.93698,0,0.7311,0,-0.6823,-251.7705,0,1,0,0,0.6823,0,0.7311,-1441.121,0,0,0,1
232.3937,-251.9413,0,-1440.939,2.063565,2.063565,-7.816894,-181.7548,0.25,-1507.224,96.18649,0,0.7301,0,-0.6833,-251.9413,0,1,0,0,0.6833,0,0.7301,-1440.939,0,0,0,1
232.4051,-252.1124,0,-1440.756,2.058971,2.058971,-8.197754,-181.7548,0.25,-1507.224,96.43602,0,0.7291,0,-0.6844,-252.1124,0,1,0,0,0.6844,0,0.7291,-1440.756,0,0,0,1
232.4161,-252.2838,0,-1440.574,2.053951,2.053951,-8.43946,-181.7548,0.25,-1507.224,96.68557,0,0.7281,0,-0.6854,-252.2838,0,1,0,0,0.6854,0,0.7281,-1440.574,0,0,0,1
232.428,-252.4554,0,-1440.393,2.048518,2.048518,-8.780043,-181.7548,0.25,-1507.224,96.93507,0,0.7271,0,-0.6866,-252.4554,0,1,0,0,0.6866,0,0.7271,-1440.393,0,0,0,1
232.4383,-252.6273,0,-1440.211,2.042879,2.042879,-9.08766,-181.7548,0.25,-1507.224,97.18478,0,0.726,0,-0.6877,-252.6273,0,1,0,0,0.6877,0,0.726,-1440.211,0,0,0,1
232.4493,-252.7996,0,-1440.03,2.036816,2.036816,-9.329367,-181.7548,0.25,-1507.224,97.43447,0,0.7249,0,-0.6889,-252.7996,0,1,0,0,0.6889,0,0.7249,-1440.03,0,0,0,1
232.4605,-253.1449,0,-1439.668,2.023333,2.023333,-9.563742,-181.7548,0.25,-1507.224,97.93382,0,0.7226,0,-0.6913,-253.1449,0,1,0,0,0.6913,0,0.7226,-1439.668,0,0,0,1
232.4716,-253.3181,0,-1439.488,2.015879,2.015879,-9.827421,-181.7548,0.25,-1507.224,98.18352,0,0.7214,0,-0.6925,-253.3181,0,1,0,0,0.6925,0,0.7214,-1439.488,0,0,0,1
232.4827,-253.4915,0,-1439.308,2.00793,2.00793,-10.04715,-181.7548,0.25,-1507.224,98.43316,0,0.7202,0,-0.6938,-253.4915,0,1,0,0,0.6938,0,0.7202,-1439.308,0,0,0,1
232.4937,-253.6653,0,-1439.128,1.999764,1.999764,-10.31083,-181.7548,0.25,-1507.224,98.68304,0,0.7189,0,-0.6951,-253.6653,0,1,0,0,0.6951,0,0.7189,-1439.128,0,0,0,1
232.505,-253.8394,0,-1438.949,1.990991,1.990991,-10.62211,-181.7548,0.25,-1507.224,98.93278,0,0.7176,0,-0.6964,-253.8394,0,1,0,0,0.6964,0,0.7176,-1438.949,0,0,0,1
232.5159,-254.0138,0,-1438.77,1.981733,1.981733,-10.78691,-181.7548,0.25,-1507.224,99.18258,0,0.7163,0,-0.6978,-254.0138,0,1,0,0,0.6978,0,0.7163,-1438.77,0,0,0,1
232.5279,-254.1886,0,-1438.591,1.972052,1.972052,-11.00663,-181.7548,0.25,-1507.224,99.43237,0,0.715,0,-0.6992,-254.1886,0,1,0,0,0.6992,0,0.715,-1438.591,0,0,0,1
232.5385,-254.3637,0,-1438.413,1.96176,1.96176,-11.19707,-181.7548,0.25,-1507.224,99.68216,0,0.7136,0,-0.7006,-254.3637,0,1,0,0,0.7006,0,0.7136,-1438.413,0,0,0,1
232.5492,-254.5392,0,-1438.235,1.951149,1.951149,-11.34722,-181.7548,0.25,-1507.224,99.93204,0,0.7122,0,-0.702,-254.5392,0,1,0,0,0.702,0,0.7122,-1438.235,0,0,0,1
232.5605,-254.8913,0,-1437.879,1.928397,1.928397,-11.50836,-181.7548,0.25,-1507.224,100.4319,0,0.7094,0,-0.7048,-254.8913,0,1,0,0,0.7048,0,0.7094,-1437.879,0,0,0,1
232.5758,-255.0679,0,-1437.703,1.916155,1.916155,-11.72808,-181.7548,0.25,-1507.224,100.6818,0,0.7079,0,-0.7063,-255.0679,0,1,0,0,0.7063,0,0.7079,-1437.703,0,0,0,1
232.5856,-255.2448,0,-1437.526,1.903418,1.903418,-11.87457,-181.7548,0.25,-1507.224,100.9317,0,0.7065,0,-0.7077,-255.2448,0,1,0,0,0.7077,0,0.7065,-1437.526,0,0,0,1
232.5937,-255.4221,0,-1437.35,1.89028,1.89028,-11.96979,-181.7548,0.25,-1507.224,101.1816,0,0.705,0,-0.7092,-255.4221,0,1,0,0,0.7092,0,0.705,-1437.35,0,0,0,1
232.6048,-255.5998,0,-1437.174,1.876486,1.876486,-12.03937,-181.7548,0.25,-1507.224,101.4316,0,0.7035,0,-0.7107,-255.5998,0,1,0,0,0.7107,0,0.7035,-1437.174,0,0,0,1
232.6159,-255.7778,0,-1436.998,1.862245,1.862245,-12.0943,-181.7548,0.25,-1507.224,101.6816,0,0.702,0,-0.7122,-255.7778,0,1,0,0,0.7122,0,0.702,-1436.998,0,0,0,1
232.6269,-255.9562,0,-1436.823,1.847417,1.847417,-12.11261,-181.7548,0.25,-1507.224,101.9316,0,0.7005,0,-0.7137,-255.9562,0,1,0,0,0.7137,0,0.7005,-1436.823,0,0,0,1
232.6382,-256.135,0,-1436.648,1.832119,1.832119,-12.11261,-181.7548,0.25,-1507.224,102.1816,0,0.699,0,-0.7151,-256.135,0,1,0,0,0.7151,0,0.699,-1436.648,0,0,0,1
232.6492,-256.3141,0,-1436.474,1.816236,1.816236,-12.11261,-181.7548,0.25,-1507.224,102.4315,0,0.6975,0,-0.7166,-256.3141,0,1,0,0,0.7166,0,0.6975,-1436.474,0,0,0,1
232.6602,-256.6736,0,-1436.126,1.782814,1.782814,-12.11261,-181.7548,0.25,-1507.224,102.9315,0,0.6944,0,-0.7196,-256.6736,0,1,0,0,0.7196,0,0.6944,-1436.126,0,0,0,1
232.6715,-256.8539,0,-1435.953,1.765334,1.765334,-12.11261,-181.7548,0.25,-1507.224,103.1815,0,0.6929,0,-0.721,-256.8539,0,1,0,0,0.721,0,0.6929,-1435.953,0,0,0,1
232.6828,-257.0345,0,-1435.78,1.747337,1.747337,-12.11261,-181.7548,0.25,-1507.224,103.4315,0,0.6914,0,-0.7225,-257.0345,0,1,0,0,0.7225,0,0.6914,-1435.78,0,0,0,1
232.6935,-257.2155,0,-1435.608,1.728882,1.728882,-12.11261,-181.7548,0.25,-1507.224,103.6815,0,0.6899,0,-0.7239,-257.2155,0,1,0,0,0.7239,0,0.6899,-1435.608,0,0,0,1
232.7049,-257.3969,0,-1435.436,1.710102,1.710102,-12.10529,-181.7548,0.25,-1507.224,103.9315,0,0.6883,0,-0.7254,-257.3969,0,1,0,0,0.7254,0,0.6883,-1435.436,0,0,0,1
232.7165,-257.5785,0,-1435.264,1.692641,1.692641,-12.08698,-181.7548,0.25,-1507.224,104.1815,0,0.6868,0,-0.7268,-257.5785,0,1,0,0,0.7268,0,0.6868,-1435.264,0,0,0,1
232.7273,-257.7606,0,-1435.093,1.674547,1.674547,-12.06867,-181.7548,0.25,-1507.224,104.4315,0,0.6853,0,-0.7283,-257.7606,0,1,0,0,0.7283,0,0.6853,-1435.093,0,0,0,1
232.7389,-257.943,0,-1434.922,1.655806,1.655806,-12.03937,-181.7548,0.25,-1507.224,104.6815,0,0.6837,0,-0.7297,-257.943,0,1,0,0,0.7297,0,0.6837,-1434.922,0,0,0,1
232.7498,-258.1258,0,-1434.751,1.637019,1.637019,-12.02106,-181.7548,0.25,-1507.224,104.9315,0,0.6822,0,-0.7312,-258.1258,0,1,0,0,0.7312,0,0.6822,-1434.751,0,0,0,1
232.7612,-258.4925,0,-1434.411,1.60477,1.60477,-11.99176,-181.7548,0.25,-1507.224,105.4313,0,0.6791,0,-0.734,-258.4925,0,1,0,0,0.734,0,0.6791,-1434.411,0,0,0,1
232.7725,-258.6763,0,-1434.242,1.588004,1.588004,-11.96613,-181.7548,0.25,-1507.224,105.6814,0,0.6776,0,-0.7354,-258.6763,0,1,0,0,0.7354,0,0.6776,-1434.242,0,0,0,1
232.7836,-258.8605,0,-1434.073,1.570722,1.570722,-11.94781,-181.7548,0.25,-1507.224,105.9314,0,0.6761,0,-0.7368,-258.8605,0,1,0,0,0.7368,0,0.6761,-1434.073,0,0,0,1
232.7947,-259.0451,0,-1433.904,1.556549,1.556549,-11.94781,-181.7548,0.25,-1507.224,106.1814,0,0.6745,0,-0.7383,-259.0451,0,1,0,0,0.7383,0,0.6745,-1433.904,0,0,0,1
232.806,-259.23,0,-1433.736,1.542015,1.542015,-11.94781,-181.7548,0.25,-1507.224,106.4313,0,0.673,0,-0.7397,-259.23,0,1,0,0,0.7397,0,0.673,-1433.736,0,0,0,1
232.8174,-259.4153,0,-1433.568,1.526834,1.526834,-11.94781,-181.7548,0.25,-1507.224,106.6812,0,0.6714,0,-0.7411,-259.4153,0,1,0,0,0.7411,0,0.6714,-1433.568,0,0,0,1
232.829,-259.6009,0,-1433.401,1.511241,1.511241,-11.94781,-181.7548,0.25,-1507.224,106.9311,0,0.6699,0,-0.7425,-259.6009,0,1,0,0,0.7425,0,0.6699,-1433.401,0,0,0,1
232.8394,-259.7869,0,-1433.234,1.498674,1.498674,-11.94781,-181.7548,0.25,-1507.224,107.1811,0,0.6683,0,-0.7439,-259.7869,0,1,0,0,0.7439,0,0.6683,-1433.234,0,0,0,1
232.8505,-260.1598,0,-1432.901,1.472569,1.472569,-11.94781,-181.7548,0.25,-1507.224,107.6808,0,0.6652,0,-0.7466,-260.1598,0,1,0,0,0.7466,0,0.6652,-1432.901,0,0,0,1
232.8614,-260.3468,0,-1432.735,1.458642,1.458642,-11.94781,-181.7548,0.25,-1507.224,107.9307,0,0.6637,0,-0.748,-260.3468,0,1,0,0,0.748,0,0.6637,-1432.735,0,0,0,1
232.8728,-260.5342,0,-1432.569,1.44752,1.44752,-11.94781,-181.7548,0.25,-1507.224,108.1805,0,0.6621,0,-0.7494,-260.5342,0,1,0,0,0.7494,0,0.6621,-1432.569,0,0,0,1
232.8839,-260.7219,0,-1432.404,1.43655,1.43655,-11.94781,-181.7548,0.25,-1507.224,108.4304,0,0.6606,0,-0.7508,-260.7219,0,1,0,0,0.7508,0,0.6606,-1432.404,0,0,0,1
232.8947,-260.9099,0,-1432.239,1.42504,1.42504,-11.94781,-181.7548,0.25,-1507.224,108.6802,0,0.659,0,-0.7522,-260.9099,0,1,0,0,0.7522,0,0.659,-1432.239,0,0,0,1
232.9097,-261.0983,0,-1432.075,1.412971,1.412971,-11.94781,-181.7548,0.25,-1507.224,108.93,0,0.6574,0,-0.7535,-261.0983,0,1,0,0,0.7535,0,0.6574,-1432.075,0,0,0,1
232.9214,-261.4761,0,-1431.747,1.394067,1.394067,-11.96247,-181.7548,0.25,-1507.224,109.4295,0,0.6543,0,-0.7563,-261.4761,0,1,0,0,0.7563,0,0.6543,-1431.747,0,0,0,1
232.9296,-261.4761,0,-1431.747,1.394067,1.394067,-11.96247,-181.7548,0.25,-1507.224,109.4295,0,0.6543,0,-0.7563,-261.4761,0,1,0,0,0.7563,0,0.6543,-1431.747,0,0,0,1
232.9392,-261.6655,0,-1431.584,1.384369,1.384369,-12.03937,-181.7548,0.25,-1507.224,109.6792,0,0.6527,0,-0.7576,-261.6655,0,1,0,0,0.7576,0,0.6527,-1431.584,0,0,0,1
232.9502,-262.0453,0,-1431.259,1.36566,1.36566,-12.13459,-181.7548,0.25,-1507.224,110.1786,0,0.6495,0,-0.7604,-262.0453,0,1,0,0,0.7604,0,0.6495,-1431.259,0,0,0,1
232.9612,-262.2358,0,-1431.097,1.358268,1.358268,-12.28107,-181.7548,0.25,-1507.224,110.4283,0,0.6478,0,-0.7618,-262.2358,0,1,0,0,0.7618,0,0.6478,-1431.097,0,0,0,1
232.9723,-262.4266,0,-1430.936,1.350227,1.350227,-12.4532,-181.7548,0.25,-1507.224,110.6779,0,0.6462,0,-0.7632,-262.4266,0,1,0,0,0.7632,0,0.6462,-1430.936,0,0,0,1
232.9834,-262.6178,0,-1430.774,1.341669,1.341669,-12.70588,-181.7548,0.25,-1507.224,110.9275,0,0.6445,0,-0.7646,-262.6178,0,1,0,0,0.7646,0,0.6445,-1430.774,0,0,0,1
232.9945,-262.8093,0,-1430.614,1.334634,1.334634,-12.97322,-181.7548,0.25,-1507.224,111.177,0,0.6427,0,-0.7661,-262.8093,0,1,0,0,0.7661,0,0.6427,-1430.614,0,0,0,1
233.0058,-263.0012,0,-1430.453,1.328927,1.328927,-13.4493,-181.7548,0.25,-1507.224,111.4266,0,0.6409,0,-0.7676,-263.0012,0,1,0,0,0.7676,0,0.6409,-1430.453,0,0,0,1
233.0167,-263.1935,0,-1430.294,1.322479,1.322479,-13.71664,-181.7548,0.25,-1507.224,111.6761,0,0.6391,0,-0.7691,-263.1935,0,1,0,0,0.7691,0,0.6391,-1430.294,0,0,0,1
233.0279,-263.3861,0,-1430.134,1.315606,1.315606,-14.05356,-181.7548,0.25,-1507.224,111.9256,0,0.6372,0,-0.7707,-263.3861,0,1,0,0,0.7707,0,0.6372,-1430.134,0,0,0,1
233.0392,-263.5792,0,-1429.976,1.309632,1.309632,-14.46006,-181.7548,0.25,-1507.224,112.1749,0,0.6353,0,-0.7723,-263.5792,0,1,0,0,0.7723,0,0.6353,-1429.976,0,0,0,1
233.0501,-263.9666,0,-1429.659,1.300215,1.300215,-14.81895,-181.7548,0.25,-1507.224,112.6737,0,0.6313,0,-0.7756,-263.9666,0,1,0,0,0.7756,0,0.6313,-1429.659,0,0,0,1
233.0611,-264.1609,0,-1429.502,1.294457,1.294457,-15.25109,-181.7548,0.25,-1507.224,112.923,0,0.6292,0,-0.7772,-264.1609,0,1,0,0,0.7772,0,0.6292,-1429.502,0,0,0,1
233.0725,-264.3556,0,-1429.345,1.289492,1.289492,-15.73816,-181.7548,0.25,-1507.224,113.1722,0,0.6271,0,-0.779,-264.3556,0,1,0,0,0.779,0,0.6271,-1429.345,0,0,0,1
233.0833,-264.5508,0,-1429.189,1.28633,1.28633,-16.0238,-181.7548,0.25,-1507.224,113.4214,0,0.6249,0,-0.7807,-264.5508,0,1,0,0,0.7807,0,0.6249,-1429.189,0,0,0,1
233.0944,-264.7464,0,-1429.033,1.282367,1.282367,-16.36072,-181.7548,0.25,-1507.224,113.6705,0,0.6226,0,-0.7825,-264.7464,0,1,0,0,0.7825,0,0.6226,-1429.033,0,0,0,1
233.1057,-264.9425,0,-1428.878,1.277623,1.277623,-16.74159,-181.7548,0.25,-1507.224,113.9195,0,0.6204,0,-0.7843,-264.9425,0,1,0,0,0.7843,0,0.6204,-1428.878,0,0,0,1
233.1171,-265.139,0,-1428.724,1.273366,1.273366,-17.07484,-181.7548,0.25,-1507.224,114.1686,0,0.618,0,-0.7862,-265.139,0,1,0,0,0.7862,0,0.618,-1428.724,0,0,0,1
233.1277,-265.3361,0,-1428.57,1.271198,1.271198,-17.31655,-181.7548,0.25,-1507.224,114.4176,0,0.6156,0,-0.788,-265.3361,0,1,0,0,0.788,0,0.6156,-1428.57,0,0,0,1
233.1391,-265.5335,0,-1428.417,1.268076,1.268076,-17.58389,-181.7548,0.25,-1507.224,114.6664,0,0.6132,0,-0.7899,-265.5335,0,1,0,0,0.7899,0,0.6132,-1428.417,0,0,0,1
233.1501,-265.9299,0,-1428.112,1.260445,1.260445,-17.79263,-181.7548,0.25,-1507.224,115.164,0,0.6083,0,-0.7937,-265.9299,0,1,0,0,0.7937,0,0.6083,-1428.112,0,0,0,1
233.1611,-266.1288,0,-1427.96,1.258945,1.258945,-17.99405,-181.7548,0.25,-1507.224,115.4127,0,0.6058,0,-0.7956,-266.1288,0,1,0,0,0.7956,0,0.6058,-1427.96,0,0,0,1
233.1723,-266.3282,0,-1427.809,1.256643,1.256643,-18.18448,-181.7548,0.25,-1507.224,115.6613,0,0.6033,0,-0.7975,-266.3282,0,1,0,0,0.7975,0,0.6033,-1427.809,0,0,0,1
233.1841,-266.5281,0,-1427.659,1.253523,1.253523,-18.2797,-181.7548,0.25,-1507.224,115.9098,0,0.6007,0,-0.7995,-266.5281,0,1,0,0,0.7995,0,0.6007,-1427.659,0,0,0,1
233.1943,-266.7284,0,-1427.51,1.25011,1.25011,-18.37491,-181.7548,0.25,-1507.224,116.1582,0,0.5982,0,-0.8014,-266.7284,0,1,0,0,0.8014,0,0.5982,-1427.51,0,0,0,1
233.2055,-266.9293,0,-1427.361,1.249354,1.249354,-18.44083,-181.7548,0.25,-1507.224,116.4066,0,0.5956,0,-0.8033,-266.9293,0,1,0,0,0.8033,0,0.5956,-1427.361,0,0,0,1
233.2168,-267.1306,0,-1427.213,1.247683,1.247683,-18.46646,-181.7548,0.25,-1507.224,116.6548,0,0.593,0,-0.8052,-267.1306,0,1,0,0,0.8052,0,0.593,-1427.213,0,0,0,1
233.2277,-267.3323,0,-1427.065,1.245231,1.245231,-18.47379,-181.7548,0.25,-1507.224,116.903,0,0.5904,0,-0.8071,-267.3323,0,1,0,0,0.8071,0,0.5904,-1427.065,0,0,0,1
233.2424,-267.7373,0,-1426.772,1.241946,1.241946,-18.47379,-181.7548,0.25,-1507.224,117.3989,0,0.5852,0,-0.8109,-267.7373,0,1,0,0,0.8109,0,0.5852,-1426.772,0,0,0,1
233.253,-267.9405,0,-1426.626,1.241057,1.241057,-18.47379,-181.7548,0.25,-1507.224,117.6469,0,0.5826,0,-0.8128,-267.9405,0,1,0,0,0.8128,0,0.5826,-1426.626,0,0,0,1
233.2614,-268.1442,0,-1426.481,1.239252,1.239252,-18.47379,-181.7548,0.25,-1507.224,117.8947,0,0.5799,0,-0.8147,-268.1442,0,1,0,0,0.8147,0,0.5799,-1426.481,0,0,0,1
233.2722,-268.3483,0,-1426.337,1.236614,1.236614,-18.47379,-181.7548,0.25,-1507.224,118.1424,0,0.5773,0,-0.8165,-268.3483,0,1,0,0,0.8165,0,0.5773,-1426.337,0,0,0,1
233.2832,-268.5529,0,-1426.193,1.236998,1.236998,-18.47379,-181.7548,0.25,-1507.224,118.39,0,0.5747,0,-0.8184,-268.5529,0,1,0,0,0.8184,0,0.5747,-1426.193,0,0,0,1
233.2943,-268.7579,0,-1426.05,1.236686,1.236686,-18.4921,-181.7548,0.25,-1507.224,118.6374,0,0.572,0,-0.8202,-268.7579,0,1,0,0,0.8202,0,0.572,-1426.05,0,0,0,1
233.3057,-268.9635,0,-1425.908,1.23551,1.23551,-18.56169,-181.7548,0.25,-1507.224,118.8848,0,0.5694,0,-0.8221,-268.9635,0,1,0,0,0.8221,0,0.5694,-1425.908,0,0,0,1
233.317,-269.1695,0,-1425.766,1.233552,1.233552,-18.66789,-181.7548,0.25,-1507.224,119.1321,0,0.5667,0,-0.8239,-269.1695,0,1,0,0,0.8239,0,0.5667,-1425.766,0,0,0,1
233.3281,-269.3759,0,-1425.625,1.234313,1.234313,-18.8217,-181.7548,0.25,-1507.224,119.3793,0,0.564,0,-0.8258,-269.3759,0,1,0,0,0.8258,0,0.564,-1425.625,0,0,0,1
233.3397,-269.5828,0,-1425.485,1.234595,1.234595,-19.09636,-181.7548,0.25,-1507.224,119.6263,0,0.5612,0,-0.8277,-269.5828,0,1,0,0,0.8277,0,0.5612,-1425.485,0,0,0,1
233.3505,-269.9981,0,-1425.206,1.232633,1.232633,-19.33806,-181.7548,0.25,-1507.224,120.1201,0,0.5556,0,-0.8314,-269.9981,0,1,0,0,0.8314,0,0.5556,-1425.206,0,0,0,1
233.3616,-270.2064,0,-1425.068,1.233568,1.233568,-19.62371,-181.7548,0.25,-1507.224,120.3668,0,0.5528,0,-0.8333,-270.2064,0,1,0,0,0.8333,0,0.5528,-1425.068,0,0,0,1
233.3729,-270.4152,0,-1424.931,1.234326,1.234326,-19.99726,-181.7548,0.25,-1507.224,120.6133,0,0.5499,0,-0.8353,-270.4152,0,1,0,0,0.8353,0,0.5499,-1424.931,0,0,0,1
233.384,-270.6245,0,-1424.794,1.234032,1.234032,-20.33783,-181.7548,0.25,-1507.224,120.8597,0,0.5469,0,-0.8372,-270.6245,0,1,0,0,0.8372,0,0.5469,-1424.794,0,0,0,1
233.395,-270.8343,0,-1424.658,1.233263,1.233263,-20.748,-181.7548,0.25,-1507.224,121.1061,0,0.5438,0,-0.8392,-270.8343,0,1,0,0,0.8392,0,0.5438,-1424.658,0,0,0,1
233.4062,-271.0446,0,-1424.523,1.234034,1.234034,-21.25704,-181.7548,0.25,-1507.224,121.3522,0,0.5407,0,-0.8412,-271.0446,0,1,0,0,0.8412,0,0.5407,-1424.523,0,0,0,1
233.4174,-271.2554,0,-1424.389,1.235048,1.235048,-21.561,-181.7548,0.25,-1507.224,121.5982,0,0.5376,0,-0.8432,-271.2554,0,1,0,0,0.8432,0,0.5376,-1424.389,0,0,0,1
233.4284,-271.4667,0,-1424.255,1.235028,1.235028,-21.92355,-181.7548,0.25,-1507.224,121.844,0,0.5343,0,-0.8453,-271.4667,0,1,0,0,0.8453,0,0.5343,-1424.255,0,0,0,1
233.4403,-271.891,0,-1423.99,1.234765,1.234765,-22.35935,-181.7548,0.25,-1507.224,122.3352,0,0.5277,0,-0.8494,-271.891,0,1,0,0,0.8494,0,0.5277,-1423.99,0,0,0,1
233.4507,-272.1038,0,-1423.859,1.235765,1.235765,-22.76952,-181.7548,0.25,-1507.224,122.5806,0,0.5243,0,-0.8515,-272.1038,0,1,0,0,0.8515,0,0.5243,-1423.859,0,0,0,1
233.4617,-272.3172,0,-1423.729,1.235642,1.235642,-23.09544,-181.7548,0.25,-1507.224,122.8258,0,0.5209,0,-0.8536,-272.3172,0,1,0,0,0.8536,0,0.5209,-1423.729,0,0,0,1
233.4727,-272.5312,0,-1423.599,1.234637,1.234637,-23.41772,-181.7548,0.25,-1507.224,123.0708,0,0.5174,0,-0.8557,-272.5312,0,1,0,0,0.8557,0,0.5174,-1423.599,0,0,0,1
233.4841,-272.7456,0,-1423.471,1.234658,1.234658,-23.65575,-181.7548,0.25,-1507.224,123.3155,0,0.5139,0,-0.8579,-272.7456,0,1,0,0,0.8579,0,0.5139,-1423.471,0,0,0,1
233.4951,-272.9606,0,-1423.344,1.235403,1.235403,-23.87549,-181.7548,0.25,-1507.224,123.5601,0,0.5103,0,-0.86,-272.9606,0,1,0,0,0.86,0,0.5103,-1423.344,0,0,0,1
233.5063,-273.1762,0,-1423.217,1.235098,1.235098,-24.05859,-181.7548,0.25,-1507.224,123.8046,0,0.5067,0,-0.8621,-273.1762,0,1,0,0,0.8621,0,0.5067,-1423.217,0,0,0,1
233.5173,-273.3922,0,-1423.091,1.23367,1.23367,-24.10254,-181.7548,0.25,-1507.224,124.0488,0,0.503,0,-0.8643,-273.3922,0,1,0,0,0.8643,0,0.503,-1423.091,0,0,0,1
233.5288,-273.6088,0,-1422.966,1.233303,1.233303,-24.11352,-181.7548,0.25,-1507.224,124.2928,0,0.4994,0,-0.8664,-273.6088,0,1,0,0,0.8664,0,0.4994,-1422.966,0,0,0,1
233.5398,-273.8259,0,-1422.842,1.233731,1.233731,-24.11352,-181.7548,0.25,-1507.224,124.5365,0,0.4958,0,-0.8685,-273.8259,0,1,0,0,0.8685,0,0.4958,-1422.842,0,0,0,1
233.5507,-274.2617,0,-1422.597,1.23132,1.23132,-24.11352,-181.7548,0.25,-1507.224,125.0235,0,0.4884,0,-0.8726,-274.2617,0,1,0,0,0.8726,0,0.4884,-1422.597,0,0,0,1
233.5617,-274.4803,0,-1422.476,1.230414,1.230414,-24.11352,-181.7548,0.25,-1507.224,125.2666,0,0.4847,0,-0.8747,-274.4803,0,1,0,0,0.8747,0,0.4847,-1422.476,0,0,0,1
233.5756,-274.6995,0,-1422.356,1.230434,1.230434,-24.11352,-181.7548,0.25,-1507.224,125.5096,0,0.4811,0,-0.8767,-274.6995,0,1,0,0,0.8767,0,0.4811,-1422.356,0,0,0,1
233.5871,-274.9192,0,-1422.236,1.229467,1.229467,-24.11352,-181.7548,0.25,-1507.224,125.7523,0,0.4774,0,-0.8787,-274.9192,0,1,0,0,0.8787,0,0.4774,-1422.236,0,0,0,1
233.5951,-275.1394,0,-1422.118,1.227374,1.227374,-24.11352,-181.7548,0.25,-1507.224,125.9948,0,0.4737,0,-0.8807,-275.1394,0,1,0,0,0.8807,0,0.4737,-1422.118,0,0,0,1
233.6069,-275.36,0,-1422,1.225699,1.225699,-24.11352,-181.7548,0.25,-1507.224,126.237,0,0.47,0,-0.8827,-275.36,0,1,0,0,0.8827,0,0.47,-1422,0,0,0,1
233.6172,-275.5812,0,-1421.884,1.225447,1.225447,-24.11352,-181.7548,0.25,-1507.224,126.4791,0,0.4662,0,-0.8847,-275.5812,0,1,0,0,0.8847,0,0.4662,-1421.884,0,0,0,1
233.6284,-275.8029,0,-1421.768,1.224086,1.224086,-24.11352,-181.7548,0.25,-1507.224,126.7208,0,0.4625,0,-0.8866,-275.8029,0,1,0,0,0.8866,0,0.4625,-1421.768,0,0,0,1
233.6396,-276.025,0,-1421.654,1.221722,1.221722,-24.11352,-181.7548,0.25,-1507.224,126.9624,0,0.4588,0,-0.8886,-276.025,0,1,0,0,0.8886,0,0.4588,-1421.654,0,0,0,1
233.6506,-276.4707,0,-1421.427,1.218916,1.218916,-24.11352,-181.7548,0.25,-1507.224,127.4448,0,0.4513,0,-0.8924,-276.4707,0,1,0,0,0.8924,0,0.4513,-1421.427,0,0,0,1
233.6615,-276.6943,0,-1421.315,1.217419,1.217419,-24.11352,-181.7548,0.25,-1507.224,127.6858,0,0.4475,0,-0.8943,-276.6943,0,1,0,0,0.8943,0,0.4475,-1421.315,0,0,0,1
233.6729,-276.9183,0,-1421.204,1.214539,1.214539,-24.11352,-181.7548,0.25,-1507.224,127.9263,0,0.4438,0,-0.8962,-276.9183,0,1,0,0,0.8962,0,0.4438,-1421.204,0,0,0,1
233.684,-277.1428,0,-1421.094,1.211673,1.211673,-24.11352,-181.7548,0.25,-1507.224,128.1666,0,0.44,0,-0.898,-277.1428,0,1,0,0,0.898,0,0.44,-1421.094,0,0,0,1
233.6949,-277.3678,0,-1420.985,1.210742,1.210742,-24.11352,-181.7548,0.25,-1507.224,128.4067,0,0.4362,0,-0.8999,-277.3678,0,1,0,0,0.8999,0,0.4362,-1420.985,0,0,0,1
233.706,-277.5932,0,-1420.877,1.208837,1.208837,-24.11352,-181.7548,0.25,-1507.224,128.6465,0,0.4324,0,-0.9017,-277.5932,0,1,0,0,0.9017,0,0.4324,-1420.877,0,0,0,1
233.7172,-277.8191,0,-1420.77,1.205725,1.205725,-24.11352,-181.7548,0.25,-1507.224,128.8861,0,0.4286,0,-0.9035,-277.8191,0,1,0,0,0.9035,0,0.4286,-1420.77,0,0,0,1
233.7289,-278.0454,0,-1420.664,1.202272,1.202272,-24.11352,-181.7548,0.25,-1507.224,129.1254,0,0.4248,0,-0.9053,-278.0454,0,1,0,0,0.9053,0,0.4248,-1420.664,0,0,0,1
233.7393,-278.2722,0,-1420.558,1.201069,1.201069,-24.1062,-181.7548,0.25,-1507.224,129.3644,0,0.421,0,-0.9071,-278.2722,0,1,0,0,0.9071,0,0.421,-1420.558,0,0,0,1
233.7506,-278.727,0,-1420.351,1.195412,1.195412,-24.08423,-181.7548,0.25,-1507.224,129.8417,0,0.4133,0,-0.9106,-278.727,0,1,0,0,0.9106,0,0.4133,-1420.351,0,0,0,1
233.7616,-278.9551,0,-1420.248,1.191406,1.191406,-24.02929,-181.7548,0.25,-1507.224,130.0799,0,0.4095,0,-0.9123,-278.9551,0,1,0,0,0.9123,0,0.4095,-1420.248,0,0,0,1
233.7727,-279.1836,0,-1420.147,1.189957,1.189957,-23.93774,-181.7548,0.25,-1507.224,130.318,0,0.4057,0,-0.914,-279.1836,0,1,0,0,0.914,0,0.4057,-1420.147,0,0,0,1
233.7837,-279.4125,0,-1420.046,1.187177,1.187177,-23.82422,-181.7548,0.25,-1507.224,130.5556,0,0.4019,0,-0.9157,-279.4125,0,1,0,0,0.9157,0,0.4019,-1420.046,0,0,0,1
233.7949,-279.6418,0,-1419.947,1.183424,1.183424,-23.67407,-181.7548,0.25,-1507.224,130.793,0,0.3981,0,-0.9173,-279.6418,0,1,0,0,0.9173,0,0.3981,-1419.947,0,0,0,1
233.8062,-279.8716,0,-1419.848,1.17888,1.17888,-23.50927,-181.7548,0.25,-1507.224,131.0301,0,0.3943,0,-0.919,-279.8716,0,1,0,0,0.919,0,0.3943,-1419.848,0,0,0,1
233.8173,-280.1017,0,-1419.75,1.177176,1.177176,-23.28588,-181.7548,0.25,-1507.224,131.267,0,0.3906,0,-0.9206,-280.1017,0,1,0,0,0.9206,0,0.3906,-1419.75,0,0,0,1
233.8283,-280.3322,0,-1419.654,1.174248,1.174248,-23.07347,-181.7548,0.25,-1507.224,131.5035,0,0.3869,0,-0.9221,-280.3322,0,1,0,0,0.9221,0,0.3869,-1419.654,0,0,0,1
233.8395,-280.5632,0,-1419.558,1.170397,1.170397,-22.72556,-181.7548,0.25,-1507.224,131.7398,0,0.3832,0,-0.9236,-280.5632,0,1,0,0,0.9236,0,0.3832,-1419.558,0,0,0,1
233.8509,-281.0261,0,-1419.369,1.163521,1.163521,-22.52415,-181.7548,0.25,-1507.224,132.2117,0,0.376,0,-0.9266,-281.0261,0,1,0,0,0.9266,0,0.376,-1419.369,0,0,0,1
233.8616,-281.2581,0,-1419.276,1.160618,1.160618,-22.18723,-181.7548,0.25,-1507.224,132.4471,0,0.3724,0,-0.9281,-281.2581,0,1,0,0,0.9281,0,0.3724,-1419.276,0,0,0,1
233.8728,-281.4905,0,-1419.184,1.15678,1.15678,-21.85031,-181.7548,0.25,-1507.224,132.6823,0,0.3688,0,-0.9295,-281.4905,0,1,0,0,0.9295,0,0.3688,-1419.184,0,0,0,1
233.8839,-281.7232,0,-1419.093,1.151995,1.151995,-21.561,-181.7548,0.25,-1507.224,132.9172,0,0.3653,0,-0.9309,-281.7232,0,1,0,0,0.9309,0,0.3653,-1419.093,0,0,0,1
233.8948,-281.9563,0,-1419.002,1.149641,1.149641,-21.2021,-181.7548,0.25,-1507.224,133.1519,0,0.3619,0,-0.9322,-281.9563,0,1,0,0,0.9322,0,0.3619,-1419.002,0,0,0,1
233.9096,-282.1897,0,-1418.913,1.146898,1.146898,-20.89815,-181.7548,0.25,-1507.224,133.3863,0,0.3585,0,-0.9335,-282.1897,0,1,0,0,0.9335,0,0.3585,-1418.913,0,0,0,1
233.9206,-282.6574,0,-1418.736,1.138857,1.138857,-20.43672,-181.7548,0.25,-1507.224,133.8544,0,0.3518,0,-0.9361,-282.6574,0,1,0,0,0.9361,0,0.3518,-1418.736,0,0,0,1
233.9284,-282.6574,0,-1418.736,1.138857,1.138857,-20.43672,-181.7548,0.25,-1507.224,133.8544,0,0.3518,0,-0.9361,-282.6574,0,1,0,0,0.9361,0,0.3518,-1418.736,0,0,0,1
233.9403,-283.1263,0,-1418.562,1.134156,1.134156,-19.9057,-181.7548,0.25,-1507.224,134.3215,0,0.3453,0,-0.9385,-283.1263,0,1,0,0,0.9385,0,0.3453,-1418.562,0,0,0,1
233.9505,-283.3613,0,-1418.477,1.131012,1.131012,-19.53216,-181.7548,0.25,-1507.224,134.5547,0,0.3421,0,-0.9397,-283.3613,0,1,0,0,0.9397,0,0.3421,-1418.477,0,0,0,1
233.9617,-283.5965,0,-1418.392,1.126943,1.126943,-19.2575,-181.7548,0.25,-1507.224,134.7876,0,0.3389,0,-0.9408,-283.5965,0,1,0,0,0.9408,0,0.3389,-1418.392,0,0,0,1
233.9724,-283.8319,0,-1418.308,1.12492,1.12492,-18.90226,-181.7548,0.25,-1507.224,135.0204,0,0.3358,0,-0.9419,-283.8319,0,1,0,0,0.9419,0,0.3358,-1418.308,0,0,0,1
233.9838,-284.0677,0,-1418.225,1.12312,1.12312,-18.61296,-181.7548,0.25,-1507.224,135.2529,0,0.3328,0,-0.943,-284.0677,0,1,0,0,0.943,0,0.3328,-1418.225,0,0,0,1
233.9947,-284.3037,0,-1418.142,1.120645,1.120645,-18.30167,-181.7548,0.25,-1507.224,135.4851,0,0.3298,0,-0.9441,-284.3037,0,1,0,0,0.9441,0,0.3298,-1418.142,0,0,0,1
234.0059,-284.54,0,-1418.061,1.117121,1.117121,-17.96109,-181.7548,0.25,-1507.224,135.717,0,0.3268,0,-0.9451,-284.54,0,1,0,0,0.9451,0,0.3268,-1418.061,0,0,0,1
234.0169,-284.7765,0,-1417.98,1.115426,1.115426,-17.77798,-181.7548,0.25,-1507.224,135.9488,0,0.3239,0,-0.9461,-284.7765,0,1,0,0,0.9461,0,0.3239,-1417.98,0,0,0,1
234.028,-285.0133,0,-1417.9,1.114399,1.114399,-17.58389,-181.7548,0.25,-1507.224,136.1803,0,0.321,0,-0.9471,-285.0133,0,1,0,0,0.9471,0,0.321,-1417.9,0,0,0,1
234.0393,-285.2503,0,-1417.82,1.112582,1.112582,-17.34218,-181.7548,0.25,-1507.224,136.4116,0,0.3181,0,-0.9481,-285.2503,0,1,0,0,0.9481,0,0.3181,-1417.82,0,0,0,1
234.0501,-285.725,0,-1417.663,1.109109,1.109109,-17.15175,-181.7548,0.25,-1507.224,136.8736,0,0.3124,0,-0.9499,-285.725,0,1,0,0,0.9499,0,0.3124,-1417.663,0,0,0,1
234.0612,-285.9628,0,-1417.586,1.108883,1.108883,-16.93202,-181.7548,0.25,-1507.224,137.1043,0,0.3096,0,-0.9509,-285.9628,0,1,0,0,0.9509,0,0.3096,-1417.586,0,0,0,1
234.0725,-286.2007,0,-1417.509,1.107976,1.107976,-16.69398,-181.7548,0.25,-1507.224,137.3348,0,0.3068,0,-0.9518,-286.2007,0,1,0,0,0.9518,0,0.3068,-1417.509,0,0,0,1
234.0834,-286.4389,0,-1417.433,1.106424,1.106424,-16.57679,-181.7548,0.25,-1507.224,137.565,0,0.3041,0,-0.9526,-286.4389,0,1,0,0,0.9526,0,0.3041,-1417.433,0,0,0,1
234.0948,-286.6772,0,-1417.358,1.106097,1.106097,-16.43397,-181.7548,0.25,-1507.224,137.7951,0,0.3013,0,-0.9535,-286.6772,0,1,0,0,0.9535,0,0.3013,-1417.358,0,0,0,1
234.1058,-286.9158,0,-1417.283,1.106877,1.106877,-16.28382,-181.7548,0.25,-1507.224,138.0249,0,0.2986,0,-0.9544,-286.9158,0,1,0,0,0.9544,0,0.2986,-1417.283,0,0,0,1
234.1171,-287.1546,0,-1417.209,1.107012,1.107012,-16.17029,-181.7548,0.25,-1507.224,138.2545,0,0.2959,0,-0.9552,-287.1546,0,1,0,0,0.9552,0,0.2959,-1417.209,0,0,0,1
234.1278,-287.3936,0,-1417.136,1.106484,1.106484,-16.09705,-181.7548,0.25,-1507.224,138.484,0,0.2932,0,-0.956,-287.3936,0,1,0,0,0.956,0,0.2932,-1417.136,0,0,0,1
234.1392,-287.6329,0,-1417.063,1.107049,1.107049,-16.04211,-181.7548,0.25,-1507.224,138.7133,0,0.2906,0,-0.9569,-287.6329,0,1,0,0,0.9569,0,0.2906,-1417.063,0,0,0,1
234.1501,-288.1119,0,-1416.92,1.110238,1.110238,-15.99817,-181.7548,0.25,-1507.224,139.171,0,0.2852,0,-0.9585,-288.1119,0,1,0,0,0.9585,0,0.2852,-1416.92,0,0,0,1
234.1612,-288.3517,0,-1416.849,1.110734,1.110734,-15.9762,-181.7548,0.25,-1507.224,139.3996,0,0.2825,0,-0.9593,-288.3517,0,1,0,0,0.9593,0,0.2825,-1416.849,0,0,0,1
234.1724,-288.5917,0,-1416.779,1.111923,1.111923,-15.96887,-181.7548,0.25,-1507.224,139.6279,0,0.2799,0,-0.96,-288.5917,0,1,0,0,0.96,0,0.2799,-1416.779,0,0,0,1
234.1835,-288.8319,0,-1416.71,1.115104,1.115104,-15.96887,-181.7548,0.25,-1507.224,139.8562,0,0.2772,0,-0.9608,-288.8319,0,1,0,0,0.9608,0,0.2772,-1416.71,0,0,0,1
234.1945,-289.0723,0,-1416.641,1.117387,1.117387,-15.96887,-181.7548,0.25,-1507.224,140.0841,0,0.2745,0,-0.9616,-289.0723,0,1,0,0,0.9616,0,0.2745,-1416.641,0,0,0,1
234.2057,-289.3129,0,-1416.573,1.119025,1.119025,-15.96887,-181.7548,0.25,-1507.224,140.3119,0,0.2718,0,-0.9623,-289.3129,0,1,0,0,0.9623,0,0.2718,-1416.573,0,0,0,1
234.2171,-289.5537,0,-1416.506,1.121067,1.121067,-15.96887,-181.7548,0.25,-1507.224,140.5394,0,0.2692,0,-0.9631,-289.5537,0,1,0,0,0.9631,0,0.2692,-1416.506,0,0,0,1
