time,pos_x,pos_y,pos_z,distFromRoadCenter,signedDistFromRoadCenter,wheelAngle,obstacle_pos_x,obstacle_pos_y,obstacle_pos_z,distance_to_obstacle,brake_position,simplecar_4x4_R0C0,simplecar_4x4_R0C1,simplecar_4x4_R0C2,simplecar_4x4_R0C3,simplecar_4x4_R1C0,simplecar_4x4_R1C1,simplecar_4x4_R1C2,simplecar_4x4_R1C3,simplecar_4x4_R2C0,simplecar_4x4_R2C1,simplecar_4x4_R2C2,simplecar_4x4_R2C3,simplecar_4x4_R3C0,simplecar_4x4_R3C1,simplecar_4x4_R3C2,simplecar_4x4_R3C3
237.0365,-359.6677,0,-1417.311,2.196219,2.196219,2.440839,-418.1971,0.25,-1430.35,59.66616,0,-0.0933,0,-0.9956,-359.6677,0,1,0,0,0.9956,0,-0.0933,-1417.311,0,0,0,1
237.0487,-359.9166,0,-1417.334,2.193118,2.193118,2.550702,-418.1971,0.25,-1430.35,59.41805,0,-0.0929,0,-0.9957,-359.9166,0,1,0,0,0.9957,0,-0.0929,-1417.334,0,0,0,1
237.0588,-360.1656,0,-1417.357,2.190198,2.190198,2.601972,-418.1971,0.25,-1430.35,59.16998,0,-0.0924,0,-0.9957,-360.1656,0,1,0,0,0.9957,0,-0.0924,-1417.357,0,0,0,1
237.0708,-360.6635,0,-1417.403,2.184686,2.184686,2.656903,-418.1971,0.25,-1430.35,58.67397,0,-0.0915,0,-0.9958,-360.6635,0,1,0,0,0.9958,0,-0.0915,-1417.403,0,0,0,1
237.0848,-360.9124,0,-1417.426,2.182116,2.182116,2.682538,-418.1971,0.25,-1430.35,58.42601,0,-0.091,0,-0.9958,-360.9124,0,1,0,0,0.9958,0,-0.091,-1417.426,0,0,0,1
237.0922,-361.1614,0,-1417.448,2.179421,2.179421,2.722821,-418.1971,0.25,-1430.35,58.17805,0,-0.0906,0,-0.9959,-361.1614,0,1,0,0,0.9959,0,-0.0906,-1417.448,0,0,0,1
237.1034,-361.4104,0,-1417.471,2.177093,2.177093,2.726483,-418.1971,0.25,-1430.35,57.93011,0,-0.0901,0,-0.9959,-361.4104,0,1,0,0,0.9959,0,-0.0901,-1417.471,0,0,0,1
237.1153,-361.6594,0,-1417.493,2.174644,2.174644,2.726483,-418.1971,0.25,-1430.35,57.68225,0,-0.0896,0,-0.996,-361.6594,0,1,0,0,0.996,0,-0.0896,-1417.493,0,0,0,1
237.1257,-361.9084,0,-1417.516,2.17244,2.17244,2.726483,-418.1971,0.25,-1430.35,57.43441,0,-0.0891,0,-0.996,-361.9084,0,1,0,0,0.996,0,-0.0891,-1417.516,0,0,0,1
237.1372,-362.1574,0,-1417.538,2.170237,2.170237,2.726483,-418.1971,0.25,-1430.35,57.18658,0,-0.0887,0,-0.9961,-362.1574,0,1,0,0,0.9961,0,-0.0887,-1417.538,0,0,0,1
237.1482,-362.4064,0,-1417.56,2.168276,2.168276,2.726483,-418.1971,0.25,-1430.35,56.93879,0,-0.0882,0,-0.9961,-362.4064,0,1,0,0,0.9961,0,-0.0882,-1417.56,0,0,0,1
237.1595,-362.6554,0,-1417.582,2.166438,2.166438,2.726483,-418.1971,0.25,-1430.35,56.69106,0,-0.0877,0,-0.9961,-362.6554,0,1,0,0,0.9961,0,-0.0877,-1417.582,0,0,0,1
237.1706,-363.1535,0,-1417.625,2.163009,2.163009,2.726483,-418.1971,0.25,-1430.35,56.19566,0,-0.0868,0,-0.9962,-363.1535,0,1,0,0,0.9962,0,-0.0868,-1417.625,0,0,0,1
237.1815,-363.4026,0,-1417.647,2.161539,2.161539,2.726483,-418.1971,0.25,-1430.35,55.94803,0,-0.0863,0,-0.9963,-363.4026,0,1,0,0,0.9963,0,-0.0863,-1417.647,0,0,0,1
237.1927,-363.6517,0,-1417.668,2.160194,2.160194,2.722821,-418.1971,0.25,-1430.35,55.70043,0,-0.0858,0,-0.9963,-363.6517,0,1,0,0,0.9963,0,-0.0858,-1417.668,0,0,0,1
237.204,-363.9008,0,-1417.69,2.158845,2.158845,2.700849,-418.1971,0.25,-1430.35,55.45284,0,-0.0854,0,-0.9964,-363.9008,0,1,0,0,0.9964,0,-0.0854,-1417.69,0,0,0,1
237.2148,-364.1498,0,-1417.711,2.157743,2.157743,2.682538,-418.1971,0.25,-1430.35,55.20536,0,-0.0849,0,-0.9964,-364.1498,0,1,0,0,0.9964,0,-0.0849,-1417.711,0,0,0,1
237.2262,-364.399,0,-1417.732,2.156765,2.156765,2.653241,-418.1971,0.25,-1430.35,54.95787,0,-0.0844,0,-0.9964,-364.399,0,1,0,0,0.9964,0,-0.0844,-1417.732,0,0,0,1
237.2419,-364.8972,0,-1417.774,2.155173,2.155173,2.59831,-418.1971,0.25,-1430.35,54.46304,0,-0.0835,0,-0.9965,-364.8972,0,1,0,0,0.9965,0,-0.0835,-1417.774,0,0,0,1
237.2518,-365.1464,0,-1417.795,2.154438,2.154438,2.514081,-418.1971,0.25,-1430.35,54.21565,0,-0.0831,0,-0.9965,-365.1464,0,1,0,0,0.9965,0,-0.0831,-1417.795,0,0,0,1
237.2598,-365.1463,0,-1417.795,2.154438,2.154438,2.514081,-418.1971,0.25,-1430.35,54.21568,0,-0.0831,0,-0.9965,-365.1463,0,1,0,0,0.9965,0,-0.0831,-1417.795,0,0,0,1
237.2704,-365.6447,0,-1417.836,2.15346,2.15346,2.389569,-418.1971,0.25,-1430.35,53.72108,0,-0.0823,0,-0.9966,-365.6447,0,1,0,0,0.9966,0,-0.0823,-1417.836,0,0,0,1
237.2812,-365.8938,0,-1417.856,2.153092,2.153092,2.261381,-418.1971,0.25,-1430.35,53.47384,0,-0.0819,0,-0.9966,-365.8938,0,1,0,0,0.9966,0,-0.0819,-1417.856,0,0,0,1
237.2928,-366.143,0,-1417.877,2.152725,2.152725,2.129545,-418.1971,0.25,-1430.35,53.22663,0,-0.0815,0,-0.9967,-366.143,0,1,0,0,0.9967,0,-0.0815,-1417.877,0,0,0,1
237.3036,-366.3922,0,-1417.897,2.152601,2.152601,1.957426,-418.1971,0.25,-1430.35,52.97947,0,-0.0811,0,-0.9967,-366.3922,0,1,0,0,0.9967,0,-0.0811,-1417.897,0,0,0,1
237.3148,-366.6414,0,-1417.917,2.152479,2.152479,1.788969,-418.1971,0.25,-1430.35,52.73231,0,-0.0808,0,-0.9967,-366.6414,0,1,0,0,0.9967,0,-0.0808,-1417.917,0,0,0,1
237.3257,-366.8905,0,-1417.938,2.152479,2.152479,1.569242,-418.1971,0.25,-1430.35,52.48527,0,-0.0806,0,-0.9967,-366.8905,0,1,0,0,0.9967,0,-0.0806,-1417.938,0,0,0,1
237.337,-367.1397,0,-1417.958,2.152357,2.152357,1.283584,-418.1971,0.25,-1430.35,52.23819,0,-0.0803,0,-0.9968,-367.1397,0,1,0,0,0.9968,0,-0.0803,-1417.958,0,0,0,1
237.3479,-367.3889,0,-1417.978,2.152479,2.152479,1.115127,-418.1971,0.25,-1430.35,51.99117,0,-0.0801,0,-0.9968,-367.3889,0,1,0,0,0.9968,0,-0.0801,-1417.978,0,0,0,1
237.3594,-367.6381,0,-1417.998,2.152722,2.152722,0.82582,-418.1971,0.25,-1430.35,51.74421,0,-0.08,0,-0.9968,-367.6381,0,1,0,0,0.9968,0,-0.08,-1417.998,0,0,0,1
237.3705,-368.1365,0,-1418.038,2.152847,2.152847,0.521865,-418.1971,0.25,-1430.35,51.25034,0,-0.0798,0,-0.9968,-368.1365,0,1,0,0,0.9968,0,-0.0798,-1418.038,0,0,0,1
237.3813,-368.3857,0,-1418.057,2.15309,2.15309,0.254517,-418.1971,0.25,-1430.35,51.00344,0,-0.0798,0,-0.9968,-368.3857,0,1,0,0,0.9968,0,-0.0798,-1418.057,0,0,0,1
237.3925,-368.635,0,-1418.077,2.153336,2.153336,-0.001831,-418.1971,0.25,-1430.35,50.75657,0,-0.0798,0,-0.9968,-368.635,0,1,0,0,0.9968,0,-0.0798,-1418.077,0,0,0,1
237.4035,-368.8842,0,-1418.097,2.153457,2.153457,-0.349739,-418.1971,0.25,-1430.35,50.50975,0,-0.0798,0,-0.9968,-368.8842,0,1,0,0,0.9968,0,-0.0798,-1418.097,0,0,0,1
237.4143,-369.1334,0,-1418.117,2.153457,2.153457,-0.52552,-418.1971,0.25,-1430.35,50.26295,0,-0.0799,0,-0.9968,-369.1334,0,1,0,0,0.9968,0,-0.0799,-1418.117,0,0,0,1
237.4256,-369.3826,0,-1418.137,2.153579,2.153579,-0.803847,-418.1971,0.25,-1430.35,50.01617,0,-0.0801,0,-0.9968,-369.3826,0,1,0,0,0.9968,0,-0.0801,-1418.137,0,0,0,1
237.4368,-369.6318,0,-1418.157,2.153581,2.153581,-1.071181,-418.1971,0.25,-1430.35,49.76942,0,-0.0803,0,-0.9968,-369.6318,0,1,0,0,0.9968,0,-0.0803,-1418.157,0,0,0,1
237.4478,-369.881,0,-1418.178,2.153581,2.153581,-1.287253,-418.1971,0.25,-1430.35,49.52271,0,-0.0805,0,-0.9968,-369.881,0,1,0,0,0.9968,0,-0.0805,-1418.178,0,0,0,1
237.4592,-370.1301,0,-1418.198,2.153457,2.153457,-1.528952,-418.1971,0.25,-1430.35,49.27603,0,-0.0807,0,-0.9967,-370.1301,0,1,0,0,0.9967,0,-0.0807,-1418.198,0,0,0,1
237.4701,-370.6285,0,-1418.238,2.15309,2.15309,-1.723051,-418.1971,0.25,-1430.35,48.78268,0,-0.0813,0,-0.9967,-370.6285,0,1,0,0,0.9967,0,-0.0813,-1418.238,0,0,0,1
237.481,-370.8777,0,-1418.259,2.152722,2.152722,-1.939116,-418.1971,0.25,-1430.35,48.53601,0,-0.0817,0,-0.9967,-370.8777,0,1,0,0,0.9967,0,-0.0817,-1418.259,0,0,0,1
237.4922,-371.1268,0,-1418.279,2.152355,2.152355,-2.122228,-418.1971,0.25,-1430.35,48.28944,0,-0.082,0,-0.9966,-371.1268,0,1,0,0,0.9966,0,-0.082,-1418.279,0,0,0,1
237.5035,-371.3759,0,-1418.3,2.151987,2.151987,-2.363927,-418.1971,0.25,-1430.35,48.0429,0,-0.0825,0,-0.9966,-371.3759,0,1,0,0,0.9966,0,-0.0825,-1418.3,0,0,0,1
237.5144,-371.6251,0,-1418.321,2.151253,2.151253,-2.492101,-418.1971,0.25,-1430.35,47.79625,0,-0.0829,0,-0.9966,-371.6251,0,1,0,0,0.9966,0,-0.0829,-1418.321,0,0,0,1
237.5253,-371.8742,0,-1418.342,2.150517,2.150517,-2.704511,-418.1971,0.25,-1430.35,47.54969,0,-0.0834,0,-0.9965,-371.8742,0,1,0,0,0.9965,0,-0.0834,-1418.342,0,0,0,1
237.5368,-372.1233,0,-1418.363,2.149539,2.149539,-2.924237,-418.1971,0.25,-1430.35,47.30314,0,-0.0839,0,-0.9965,-372.1233,0,1,0,0,0.9965,0,-0.0839,-1418.363,0,0,0,1
237.5481,-372.3724,0,-1418.384,2.148437,2.148437,-3.111012,-418.1971,0.25,-1430.35,47.05656,0,-0.0844,0,-0.9964,-372.3724,0,1,0,0,0.9964,0,-0.0844,-1418.384,0,0,0,1
237.5588,-372.6215,0,-1418.405,2.147456,2.147456,-3.356373,-418.1971,0.25,-1430.35,46.81009,0,-0.085,0,-0.9964,-372.6215,0,1,0,0,0.9964,0,-0.085,-1418.405,0,0,0,1
237.5749,-373.1197,0,-1418.448,2.14464,2.14464,-3.663998,-418.1971,0.25,-1430.35,46.31708,0,-0.0863,0,-0.9963,-373.1197,0,1,0,0,0.9963,0,-0.0863,-1418.448,0,0,0,1
237.5851,-373.3687,0,-1418.47,2.143049,2.143049,-3.92767,-418.1971,0.25,-1430.35,46.07059,0,-0.087,0,-0.9962,-373.3687,0,1,0,0,0.9962,0,-0.087,-1418.47,0,0,0,1
237.5925,-373.6177,0,-1418.492,2.140968,2.140968,-4.162052,-418.1971,0.25,-1430.35,45.82407,0,-0.0877,0,-0.9961,-373.6177,0,1,0,0,0.9961,0,-0.0877,-1418.492,0,0,0,1
237.6031,-373.8668,0,-1418.514,2.139131,2.139131,-4.356143,-418.1971,0.25,-1430.35,45.57763,0,-0.0884,0,-0.9961,-373.8668,0,1,0,0,0.9961,0,-0.0884,-1418.514,0,0,0,1
237.6147,-374.1158,0,-1418.536,2.136804,2.136804,-4.59785,-418.1971,0.25,-1430.35,45.33115,0,-0.0892,0,-0.996,-374.1158,0,1,0,0,0.996,0,-0.0892,-1418.536,0,0,0,1
237.6254,-374.3647,0,-1418.558,2.134477,2.134477,-4.887156,-418.1971,0.25,-1430.35,45.08469,0,-0.0901,0,-0.9959,-374.3647,0,1,0,0,0.9959,0,-0.0901,-1418.558,0,0,0,1
237.6373,-374.6137,0,-1418.581,2.131905,2.131905,-5.154498,-418.1971,0.25,-1430.35,44.83823,0,-0.091,0,-0.9959,-374.6137,0,1,0,0,0.9959,0,-0.091,-1418.581,0,0,0,1
237.6478,-374.8626,0,-1418.604,2.128965,2.128965,-5.385211,-418.1971,0.25,-1430.35,44.59174,0,-0.0919,0,-0.9958,-374.8626,0,1,0,0,0.9958,0,-0.0919,-1418.604,0,0,0,1
237.6589,-375.1116,0,-1418.627,2.125904,2.125904,-5.637903,-418.1971,0.25,-1430.35,44.3453,0,-0.0929,0,-0.9957,-375.1116,0,1,0,0,0.9957,0,-0.0929,-1418.627,0,0,0,1
237.67,-375.3605,0,-1418.651,2.122597,2.122597,-5.941865,-418.1971,0.25,-1430.35,44.09883,0,-0.0939,0,-0.9956,-375.3605,0,1,0,0,0.9956,0,-0.0939,-1418.651,0,0,0,1
237.681,-375.8582,0,-1418.699,2.115004,2.115004,-6.095674,-418.1971,0.25,-1430.35,43.60584,0,-0.096,0,-0.9954,-375.8582,0,1,0,0,0.9954,0,-0.096,-1418.699,0,0,0,1
237.6924,-376.107,0,-1418.723,2.110718,2.110718,-6.282442,-418.1971,0.25,-1430.35,43.35935,0,-0.0971,0,-0.9953,-376.107,0,1,0,0,0.9953,0,-0.0971,-1418.723,0,0,0,1
237.7035,-376.3558,0,-1418.747,2.106308,2.106308,-6.494851,-418.1971,0.25,-1430.35,43.11287,0,-0.0983,0,-0.9952,-376.3558,0,1,0,0,0.9952,0,-0.0983,-1418.747,0,0,0,1
237.7142,-376.6045,0,-1418.772,2.101531,2.101531,-6.681619,-418.1971,0.25,-1430.35,42.86639,0,-0.0994,0,-0.995,-376.6045,0,1,0,0,0.995,0,-0.0994,-1418.772,0,0,0,1
237.7255,-376.8532,0,-1418.797,2.096389,2.096389,-6.875718,-418.1971,0.25,-1430.35,42.61986,0,-0.1006,0,-0.9949,-376.8532,0,1,0,0,0.9949,0,-0.1006,-1418.797,0,0,0,1
237.7367,-377.1019,0,-1418.823,2.091001,2.091001,-7.099106,-418.1971,0.25,-1430.35,42.37333,0,-0.1019,0,-0.9948,-377.1019,0,1,0,0,0.9948,0,-0.1019,-1418.823,0,0,0,1
237.7475,-377.3506,0,-1418.849,2.085367,2.085367,-7.234604,-418.1971,0.25,-1430.35,42.12681,0,-0.1031,0,-0.9947,-377.3506,0,1,0,0,0.9947,0,-0.1031,-1418.849,0,0,0,1
237.7586,-377.5992,0,-1418.875,2.079365,2.079365,-7.381096,-418.1971,0.25,-1430.35,41.88029,0,-0.1044,0,-0.9945,-377.5992,0,1,0,0,0.9945,0,-0.1044,-1418.875,0,0,0,1
237.7701,-378.0964,0,-1418.928,2.066138,2.066138,-7.575188,-418.1971,0.25,-1430.35,41.3871,0,-0.107,0,-0.9943,-378.0964,0,1,0,0,0.9943,0,-0.107,-1418.928,0,0,0,1
237.7821,-378.3449,0,-1418.955,2.059281,2.059281,-7.791259,-418.1971,0.25,-1430.35,41.14053,0,-0.1084,0,-0.9941,-378.3449,0,1,0,0,0.9941,0,-0.1084,-1418.955,0,0,0,1
237.7921,-378.5934,0,-1418.983,2.051809,2.051809,-8.032959,-418.1971,0.25,-1430.35,40.89393,0,-0.1098,0,-0.994,-378.5934,0,1,0,0,0.994,0,-0.1098,-1418.983,0,0,0,1
237.8031,-378.8418,0,-1419.01,2.044095,2.044095,-8.267341,-418.1971,0.25,-1430.35,40.64729,0,-0.1112,0,-0.9938,-378.8418,0,1,0,0,0.9938,0,-0.1112,-1419.01,0,0,0,1
237.8142,-379.0902,0,-1419.039,2.03601,2.03601,-8.512702,-418.1971,0.25,-1430.35,40.40063,0,-0.1127,0,-0.9936,-379.0902,0,1,0,0,0.9936,0,-0.1127,-1419.039,0,0,0,1
237.8253,-379.3386,0,-1419.067,2.027439,2.027439,-8.82765,-418.1971,0.25,-1430.35,40.15397,0,-0.1142,0,-0.9935,-379.3386,0,1,0,0,0.9935,0,-0.1142,-1419.067,0,0,0,1
237.8369,-379.5869,0,-1419.096,2.018622,2.018622,-9.23049,-418.1971,0.25,-1430.35,39.90728,0,-0.1158,0,-0.9933,-379.5869,0,1,0,0,0.9933,0,-0.1158,-1419.096,0,0,0,1
237.8478,-379.8351,0,-1419.125,2.009313,2.009313,-9.453878,-418.1971,0.25,-1430.35,39.66058,0,-0.1174,0,-0.9931,-379.8351,0,1,0,0,0.9931,0,-0.1174,-1419.125,0,0,0,1
237.8596,-380.0834,0,-1419.155,1.999516,1.999516,-9.805449,-418.1971,0.25,-1430.35,39.41379,0,-0.1191,0,-0.9929,-380.0834,0,1,0,0,0.9929,0,-0.1191,-1419.155,0,0,0,1
237.8706,-380.5797,0,-1419.216,1.978696,1.978696,-10.14603,-418.1971,0.25,-1430.35,38.92017,0,-0.1227,0,-0.9924,-380.5797,0,1,0,0,0.9924,0,-0.1227,-1419.216,0,0,0,1
237.8808,-380.8277,0,-1419.247,1.967674,1.967674,-10.42801,-418.1971,0.25,-1430.35,38.67336,0,-0.1245,0,-0.9922,-380.8277,0,1,0,0,0.9922,0,-0.1245,-1419.247,0,0,0,1
237.8923,-381.0757,0,-1419.279,1.956163,1.956163,-10.69535,-418.1971,0.25,-1430.35,38.42653,0,-0.1263,0,-0.992,-381.0757,0,1,0,0,0.992,0,-0.1263,-1419.279,0,0,0,1
237.9067,-381.3236,0,-1419.311,1.944038,1.944038,-11.08355,-418.1971,0.25,-1430.35,38.17961,0,-0.1282,0,-0.9917,-381.3236,0,1,0,0,0.9917,0,-0.1282,-1419.311,0,0,0,1
237.9175,-381.5715,0,-1419.344,1.931425,1.931425,-11.32158,-418.1971,0.25,-1430.35,37.93266,0,-0.1302,0,-0.9915,-381.5715,0,1,0,0,0.9915,0,-0.1302,-1419.344,0,0,0,1
237.9257,-381.8193,0,-1419.377,1.91832,1.91832,-11.59991,-418.1971,0.25,-1430.35,37.68563,0,-0.1322,0,-0.9912,-381.8193,0,1,0,0,0.9912,0,-0.1322,-1419.377,0,0,0,1
237.9363,-382.067,0,-1419.41,1.90485,1.90485,-11.77569,-418.1971,0.25,-1430.35,37.4386,0,-0.1342,0,-0.9909,-382.067,0,1,0,0,0.9909,0,-0.1342,-1419.41,0,0,0,1
237.9477,-382.3147,0,-1419.444,1.890766,1.890766,-11.99543,-418.1971,0.25,-1430.35,37.19156,0,-0.1363,0,-0.9907,-382.3147,0,1,0,0,0.9907,0,-0.1363,-1419.444,0,0,0,1
237.9591,-382.5623,0,-1419.479,1.876194,1.876194,-12.25543,-418.1971,0.25,-1430.35,36.9444,0,-0.1384,0,-0.9904,-382.5623,0,1,0,0,0.9904,0,-0.1384,-1419.479,0,0,0,1
237.9705,-383.0573,0,-1419.55,1.845454,1.845454,-12.47517,-418.1971,0.25,-1430.35,36.45005,0,-0.1427,0,-0.9898,-383.0573,0,1,0,0,0.9898,0,-0.1427,-1419.55,0,0,0,1
237.9814,-383.3046,0,-1419.586,1.829166,1.829166,-12.75349,-418.1971,0.25,-1430.35,36.20282,0,-0.1449,0,-0.9894,-383.3046,0,1,0,0,0.9894,0,-0.1449,-1419.586,0,0,0,1
237.9934,-383.5519,0,-1419.623,1.812389,1.812389,-12.97688,-418.1971,0.25,-1430.35,35.95557,0,-0.1472,0,-0.9891,-383.5519,0,1,0,0,0.9891,0,-0.1472,-1419.623,0,0,0,1
238.0041,-383.7991,0,-1419.66,1.79512,1.79512,-13.37972,-418.1971,0.25,-1430.35,35.70824,0,-0.1495,0,-0.9888,-383.7991,0,1,0,0,0.9888,0,-0.1495,-1419.66,0,0,0,1
238.015,-384.0462,0,-1419.698,1.777118,1.777118,-13.57748,-418.1971,0.25,-1430.35,35.46083,0,-0.1518,0,-0.9884,-384.0462,0,1,0,0,0.9884,0,-0.1518,-1419.698,0,0,0,1
238.0261,-384.2932,0,-1419.737,1.758503,1.758503,-13.85947,-418.1971,0.25,-1430.35,35.21339,0,-0.1542,0,-0.988,-384.2932,0,1,0,0,0.988,0,-0.1542,-1419.737,0,0,0,1
238.0373,-384.5401,0,-1419.776,1.739275,1.739275,-14.20004,-418.1971,0.25,-1430.35,34.96589,0,-0.1567,0,-0.9876,-384.5401,0,1,0,0,0.9876,0,-0.1567,-1419.776,0,0,0,1
238.0483,-384.787,0,-1419.816,1.719436,1.719436,-14.51499,-418.1971,0.25,-1430.35,34.71833,0,-0.1592,0,-0.9872,-384.787,0,1,0,0,0.9872,0,-0.1592,-1419.816,0,0,0,1
238.0594,-385.0337,0,-1419.856,1.698984,1.698984,-14.94713,-418.1971,0.25,-1430.35,34.47075,0,-0.1618,0,-0.9868,-385.0337,0,1,0,0,0.9868,0,-0.1618,-1419.856,0,0,0,1
238.0706,-385.5268,0,-1419.939,1.65612,1.65612,-15.42687,-418.1971,0.25,-1430.35,33.9754,0,-0.1671,0,-0.9859,-385.5268,0,1,0,0,0.9859,0,-0.1671,-1419.939,0,0,0,1
238.0815,-385.7731,0,-1419.982,1.633342,1.633342,-15.87366,-418.1971,0.25,-1430.35,33.72754,0,-0.1698,0,-0.9855,-385.7731,0,1,0,0,0.9855,0,-0.1698,-1419.982,0,0,0,1
238.0926,-386.0193,0,-1420.025,1.610195,1.610195,-16.35706,-418.1971,0.25,-1430.35,33.47976,0,-0.1726,0,-0.985,-386.0193,0,1,0,0,0.985,0,-0.1726,-1420.025,0,0,0,1
238.1038,-386.2655,0,-1420.068,1.586314,1.586314,-16.97597,-418.1971,0.25,-1430.35,33.23184,0,-0.1755,0,-0.9845,-386.2655,0,1,0,0,0.9845,0,-0.1755,-1420.068,0,0,0,1
238.1149,-386.5115,0,-1420.113,1.561452,1.561452,-17.60952,-418.1971,0.25,-1430.35,32.98384,0,-0.1786,0,-0.9839,-386.5115,0,1,0,0,0.9839,0,-0.1786,-1420.113,0,0,0,1
238.1264,-386.7573,0,-1420.159,1.536103,1.536103,-18.17716,-418.1971,0.25,-1430.35,32.73583,0,-0.1817,0,-0.9834,-386.7573,0,1,0,0,0.9834,0,-0.1817,-1420.159,0,0,0,1
238.1373,-387.003,0,-1420.205,1.509771,1.509771,-18.85466,-418.1971,0.25,-1430.35,32.4877,0,-0.1849,0,-0.9828,-387.003,0,1,0,0,0.9828,0,-0.1849,-1420.205,0,0,0,1
238.1489,-387.2486,0,-1420.252,1.482583,1.482583,-19.47357,-418.1971,0.25,-1430.35,32.23948,0,-0.1882,0,-0.9821,-387.2486,0,1,0,0,0.9821,0,-0.1882,-1420.252,0,0,0,1
238.1603,-387.7391,0,-1420.349,1.425514,1.425514,-20.26459,-418.1971,0.25,-1430.35,31.74287,0,-0.1952,0,-0.9808,-387.7391,0,1,0,0,0.9808,0,-0.1952,-1420.349,0,0,0,1
238.1708,-387.9841,0,-1420.398,1.395753,1.395753,-21.33028,-418.1971,0.25,-1430.35,31.49447,0,-0.1988,0,-0.98,-387.9841,0,1,0,0,0.98,0,-0.1988,-1420.398,0,0,0,1
238.1818,-388.2289,0,-1420.449,1.364892,1.364892,-21.74044,-418.1971,0.25,-1430.35,31.24594,0,-0.2026,0,-0.9793,-388.2289,0,1,0,0,0.9793,0,-0.2026,-1420.449,0,0,0,1
238.1929,-388.4735,0,-1420.501,1.333051,1.333051,-22.57175,-418.1971,0.25,-1430.35,30.99737,0,-0.2064,0,-0.9785,-388.4735,0,1,0,0,0.9785,0,-0.2064,-1420.501,0,0,0,1
238.2041,-388.718,0,-1420.553,1.300109,1.300109,-23.24926,-418.1971,0.25,-1430.35,30.74865,0,-0.2104,0,-0.9776,-388.718,0,1,0,0,0.9776,0,-0.2104,-1420.553,0,0,0,1
238.2151,-388.9621,0,-1420.607,1.266705,1.266705,-24.03296,-418.1971,0.25,-1430.35,30.49995,0,-0.2145,0,-0.9767,-388.9621,0,1,0,0,0.9767,0,-0.2145,-1420.607,0,0,0,1
238.2264,-389.2061,0,-1420.662,1.234267,1.234267,-24.65919,-418.1971,0.25,-1430.35,30.2511,0,-0.2187,0,-0.9758,-389.2061,0,1,0,0,0.9758,0,-0.2187,-1420.662,0,0,0,1
238.2417,-389.6932,0,-1420.774,1.165991,1.165991,-25.66629,-418.1971,0.25,-1430.35,29.75315,0,-0.2274,0,-0.9738,-389.6932,0,1,0,0,0.9738,0,-0.2274,-1420.774,0,0,0,1
238.2531,-389.9364,0,-1420.832,1.13032,1.13032,-26.38407,-418.1971,0.25,-1430.35,29.50404,0,-0.2319,0,-0.9727,-389.9364,0,1,0,0,0.9727,0,-0.2319,-1420.832,0,0,0,1
238.261,-390.1794,0,-1420.891,1.098296,1.098296,-26.95903,-418.1971,0.25,-1430.35,29.25491,0,-0.2365,0,-0.9716,-390.1794,0,1,0,0,0.9716,0,-0.2365,-1420.891,0,0,0,1
238.2702,-390.4219,0,-1420.952,1.065027,1.065027,-27.39482,-418.1971,0.25,-1430.35,29.00568,0,-0.2411,0,-0.9705,-390.4219,0,1,0,0,0.9705,0,-0.2411,-1420.952,0,0,0,1
238.281,-390.6643,0,-1421.013,1.030506,1.030506,-27.92584,-418.1971,0.25,-1430.35,28.75628,0,-0.2458,0,-0.9693,-390.6643,0,1,0,0,0.9693,0,-0.2458,-1421.013,0,0,0,1
238.2926,-390.9063,0,-1421.076,0.994736,0.994736,-28.4532,-418.1971,0.25,-1430.35,28.50689,0,-0.2507,0,-0.9681,-390.9063,0,1,0,0,0.9681,0,-0.2507,-1421.076,0,0,0,1
238.3031,-391.148,0,-1421.14,0.962161,0.962161,-29.02815,-418.1971,0.25,-1430.35,28.25742,0,-0.2556,0,-0.9668,-391.148,0,1,0,0,0.9668,0,-0.2556,-1421.14,0,0,0,1
238.3143,-391.3894,0,-1421.205,0.928812,0.928812,-29.45663,-418.1971,0.25,-1430.35,28.00784,0,-0.2605,0,-0.9655,-391.3894,0,1,0,0,0.9655,0,-0.2605,-1421.205,0,0,0,1
238.3255,-391.6304,0,-1421.271,0.89409,0.89409,-29.92172,-418.1971,0.25,-1430.35,27.75821,0,-0.2656,0,-0.9641,-391.6304,0,1,0,0,0.9641,0,-0.2656,-1421.271,0,0,0,1
238.3364,-391.8711,0,-1421.339,0.858114,0.858114,-30.42344,-418.1971,0.25,-1430.35,27.50854,0,-0.2707,0,-0.9627,-391.8711,0,1,0,0,0.9627,0,-0.2707,-1421.339,0,0,0,1
238.3472,-392.1114,0,-1421.408,0.824582,0.824582,-30.68345,-418.1971,0.25,-1430.35,27.25876,0,-0.2758,0,-0.9612,-392.1114,0,1,0,0,0.9612,0,-0.2758,-1421.408,0,0,0,1
238.3585,-392.3513,0,-1421.478,0.790773,0.790773,-30.99474,-418.1971,0.25,-1430.35,27.00897,0,-0.281,0,-0.9597,-392.3513,0,1,0,0,0.9597,0,-0.281,-1421.478,0,0,0,1
238.3695,-392.5908,0,-1421.55,0.755589,0.755589,-31.33166,-418.1971,0.25,-1430.35,26.75913,0,-0.2863,0,-0.9581,-392.5908,0,1,0,0,0.9581,0,-0.2863,-1421.55,0,0,0,1
238.3806,-393.0687,0,-1421.697,0.684532,0.684532,-31.62096,-418.1971,0.25,-1430.35,26.25931,0,-0.2968,0,-0.9549,-393.0687,0,1,0,0,0.9549,0,-0.2968,-1421.697,0,0,0,1
238.3918,-393.307,0,-1421.772,0.650124,0.650124,-31.93957,-418.1971,0.25,-1430.35,26.00935,0,-0.3021,0,-0.9533,-393.307,0,1,0,0,0.9533,0,-0.3021,-1421.772,0,0,0,1
238.403,-393.5449,0,-1421.849,0.61433,0.61433,-32.33875,-418.1971,0.25,-1430.35,25.7594,0,-0.3075,0,-0.9515,-393.5449,0,1,0,0,0.9515,0,-0.3075,-1421.849,0,0,0,1
238.4138,-393.7823,0,-1421.927,0.576923,0.576923,-32.55481,-418.1971,0.25,-1430.35,25.50932,0,-0.3129,0,-0.9498,-393.7823,0,1,0,0,0.9498,0,-0.3129,-1421.927,0,0,0,1
238.425,-394.0193,0,-1422.007,0.54132,0.54132,-32.88807,-418.1971,0.25,-1430.35,25.25935,0,-0.3184,0,-0.948,-394.0193,0,1,0,0,0.948,0,-0.3184,-1422.007,0,0,0,1
238.437,-394.2559,0,-1422.088,0.506163,0.506163,-33.13344,-418.1971,0.25,-1430.35,25.00935,0,-0.3238,0,-0.9461,-394.2559,0,1,0,0,0.9461,0,-0.3238,-1422.088,0,0,0,1
238.4471,-394.4919,0,-1422.17,0.469503,0.469503,-33.40078,-418.1971,0.25,-1430.35,24.75934,0,-0.3294,0,-0.9442,-394.4919,0,1,0,0,0.9442,0,-0.3294,-1422.17,0,0,0,1
238.4584,-394.7275,0,-1422.254,0.431463,0.431463,-33.59121,-418.1971,0.25,-1430.35,24.50936,0,-0.3349,0,-0.9423,-394.7275,0,1,0,0,0.9423,0,-0.3349,-1422.254,0,0,0,1
238.4697,-394.9626,0,-1422.339,0.394369,0.394369,-33.73404,-418.1971,0.25,-1430.35,24.25942,0,-0.3404,0,-0.9403,-394.9626,0,1,0,0,0.9403,0,-0.3404,-1422.339,0,0,0,1
238.4806,-395.4312,0,-1422.514,0.32052,0.32052,-33.80362,-418.1971,0.25,-1430.35,23.75965,0,-0.3515,0,-0.9362,-395.4312,0,1,0,0,0.9362,0,-0.3515,-1422.514,0,0,0,1
238.4924,-395.6647,0,-1422.603,0.281459,0.281459,-33.80362,-418.1971,0.25,-1430.35,23.50989,0,-0.357,0,-0.9341,-395.6647,0,1,0,0,0.9341,0,-0.357,-1422.603,0,0,0,1
238.5031,-395.8977,0,-1422.693,0.243216,0.243216,-33.80362,-418.1971,0.25,-1430.35,23.26015,0,-0.3625,0,-0.932,-395.8977,0,1,0,0,0.932,0,-0.3625,-1422.693,0,0,0,1
238.5139,-396.1302,0,-1422.785,0.206008,0.206008,-33.80362,-418.1971,0.25,-1430.35,23.01049,0,-0.368,0,-0.9298,-396.1302,0,1,0,0,0.9298,0,-0.368,-1422.785,0,0,0,1
238.525,-396.3621,0,-1422.879,0.167405,0.167405,-33.80362,-418.1971,0.25,-1430.35,22.76089,0,-0.3735,0,-0.9276,-396.3621,0,1,0,0,0.9276,0,-0.3735,-1422.879,0,0,0,1
238.5362,-396.5934,0,-1422.974,0.127434,0.127434,-33.80362,-418.1971,0.25,-1430.35,22.51148,0,-0.379,0,-0.9254,-396.5934,0,1,0,0,0.9254,0,-0.379,-1422.974,0,0,0,1
238.5475,-396.8242,0,-1423.07,0.087877,0.087877,-33.80362,-418.1971,0.25,-1430.35,22.26215,0,-0.3844,0,-0.9232,-396.8242,0,1,0,0,0.9232,0,-0.3844,-1423.07,0,0,0,1
238.5585,-397.0544,0,-1423.167,0.049731,0.049731,-33.77432,-418.1971,0.25,-1430.35,22.01295,0,-0.3898,0,-0.9209,-397.0544,0,1,0,0,0.9209,0,-0.3898,-1423.167,0,0,0,1
238.5745,-397.5132,0,-1423.366,0.030842,-0.030842,-33.68643,-418.1971,0.25,-1430.35,21.51496,0,-0.4006,0,-0.9162,-397.5132,0,1,0,0,0.9162,0,-0.4006,-1423.366,0,0,0,1
238.5843,-397.7416,0,-1423.468,0.071759,-0.071759,-33.61685,-418.1971,0.25,-1430.35,21.26624,0,-0.406,0,-0.9139,-397.7416,0,1,0,0,0.9139,0,-0.406,-1423.468,0,0,0,1
238.592,-397.9695,0,-1423.57,0.110732,-0.110732,-33.55825,-418.1971,0.25,-1430.35,21.01764,0,-0.4114,0,-0.9115,-397.9695,0,1,0,0,0.9115,0,-0.4114,-1423.57,0,0,0,1
238.6026,-398.1967,0,-1423.674,0.151229,-0.151229,-33.49965,-418.1971,0.25,-1430.35,20.76932,0,-0.4167,0,-0.9091,-398.1967,0,1,0,0,0.9091,0,-0.4167,-1423.674,0,0,0,1
238.6137,-398.4234,0,-1423.78,0.19313,-0.19313,-33.44106,-418.1971,0.25,-1430.35,20.52114,0,-0.422,0,-0.9066,-398.4234,0,1,0,0,0.9066,0,-0.422,-1423.78,0,0,0,1
238.626,-398.6494,0,-1423.887,0.235057,-0.235057,-33.37148,-418.1971,0.25,-1430.35,20.27325,0,-0.4273,0,-0.9041,-398.6494,0,1,0,0,0.9041,0,-0.4273,-1423.887,0,0,0,1
238.6362,-398.8748,0,-1423.995,0.275023,-0.275023,-33.32753,-418.1971,0.25,-1430.35,20.02557,0,-0.4325,0,-0.9016,-398.8748,0,1,0,0,0.9016,0,-0.4325,-1423.995,0,0,0,1
238.6472,-399.0996,0,-1424.104,0.316392,-0.316392,-33.32021,-418.1971,0.25,-1430.35,19.7782,0,-0.4377,0,-0.8991,-399.0996,0,1,0,0,0.8991,0,-0.4377,-1424.104,0,0,0,1
238.6588,-399.3237,0,-1424.215,0.359153,-0.359153,-33.32021,-418.1971,0.25,-1430.35,19.5311,0,-0.443,0,-0.8965,-399.3237,0,1,0,0,0.8965,0,-0.443,-1424.215,0,0,0,1
238.6695,-399.5472,0,-1424.327,0.402275,-0.402275,-33.32021,-418.1971,0.25,-1430.35,19.28428,0,-0.4482,0,-0.8939,-399.5472,0,1,0,0,0.8939,0,-0.4482,-1424.327,0,0,0,1
238.6805,-399.9922,0,-1424.555,0.485381,-0.485381,-33.32021,-418.1971,0.25,-1430.35,18.79164,0,-0.4585,0,-0.8887,-399.9922,0,1,0,0,0.8887,0,-0.4585,-1424.555,0,0,0,1
238.6916,-400.2137,0,-1424.671,0.529152,-0.529152,-33.32021,-418.1971,0.25,-1430.35,18.54584,0,-0.4637,0,-0.886,-400.2137,0,1,0,0,0.886,0,-0.4637,-1424.671,0,0,0,1
238.7034,-400.4346,0,-1424.788,0.573147,-0.573147,-33.32021,-418.1971,0.25,-1430.35,18.30042,0,-0.4688,0,-0.8833,-400.4346,0,1,0,0,0.8833,0,-0.4688,-1424.788,0,0,0,1
238.7145,-400.6547,0,-1424.907,0.614912,-0.614912,-33.32021,-418.1971,0.25,-1430.35,18.05546,0,-0.474,0,-0.8805,-400.6547,0,1,0,0,0.8805,0,-0.474,-1424.907,0,0,0,1
238.7249,-400.8741,0,-1425.026,0.658083,-0.658083,-33.32021,-418.1971,0.25,-1430.35,17.81089,0,-0.4791,0,-0.8778,-400.8741,0,1,0,0,0.8778,0,-0.4791,-1425.026,0,0,0,1
238.7369,-401.0929,0,-1425.147,0.702667,-0.702667,-33.32021,-418.1971,0.25,-1430.35,17.56682,0,-0.4842,0,-0.875,-401.0929,0,1,0,0,0.875,0,-0.4842,-1425.147,0,0,0,1
238.747,-401.3109,0,-1425.27,0.747695,-0.747695,-33.32021,-418.1971,0.25,-1430.35,17.32322,0,-0.4893,0,-0.8721,-401.3109,0,1,0,0,0.8721,0,-0.4893,-1425.27,0,0,0,1
238.7586,-401.5282,0,-1425.393,0.790279,-0.790279,-33.32021,-418.1971,0.25,-1430.35,17.08018,0,-0.4943,0,-0.8693,-401.5282,0,1,0,0,0.8693,0,-0.4943,-1425.393,0,0,0,1
238.7694,-401.7448,0,-1425.518,0.8344,-0.8344,-33.32021,-418.1971,0.25,-1430.35,16.83768,0,-0.4994,0,-0.8664,-401.7448,0,1,0,0,0.8664,0,-0.4994,-1425.518,0,0,0,1
238.7806,-402.1758,0,-1425.772,0.925692,-0.925692,-33.32021,-418.1971,0.25,-1430.35,16.3545,0,-0.5094,0,-0.8605,-402.1758,0,1,0,0,0.8605,0,-0.5094,-1425.772,0,0,0,1
238.7917,-402.3902,0,-1425.9,0.969372,-0.969372,-33.32021,-418.1971,0.25,-1430.35,16.11379,0,-0.5144,0,-0.8575,-402.3902,0,1,0,0,0.8575,0,-0.5144,-1425.9,0,0,0,1
238.8029,-402.6039,0,-1426.03,1.014323,-1.014323,-33.32021,-418.1971,0.25,-1430.35,15.87385,0,-0.5194,0,-0.8545,-402.6039,0,1,0,0,0.8545,0,-0.5194,-1426.03,0,0,0,1
238.8139,-402.8167,0,-1426.161,1.060575,-1.060575,-33.32021,-418.1971,0.25,-1430.35,15.63469,0,-0.5243,0,-0.8515,-402.8167,0,1,0,0,0.8515,0,-0.5243,-1426.161,0,0,0,1
238.8248,-403.0288,0,-1426.294,1.107377,-1.107377,-33.3019,-418.1971,0.25,-1430.35,15.39625,0,-0.5293,0,-0.8484,-403.0288,0,1,0,0,0.8484,0,-0.5293,-1426.294,0,0,0,1
238.8361,-403.2401,0,-1426.427,1.151805,-1.151805,-33.23598,-418.1971,0.25,-1430.35,15.15865,0,-0.5342,0,-0.8454,-403.2401,0,1,0,0,0.8454,0,-0.5342,-1426.427,0,0,0,1
238.8471,-403.4507,0,-1426.562,1.197533,-1.197533,-33.15908,-418.1971,0.25,-1430.35,14.92192,0,-0.5391,0,-0.8423,-403.4507,0,1,0,0,0.8423,0,-0.5391,-1426.562,0,0,0,1
238.8585,-403.6605,0,-1426.698,1.244786,-1.244786,-33.01625,-418.1971,0.25,-1430.35,14.68611,0,-0.5439,0,-0.8391,-403.6605,0,1,0,0,0.8391,0,-0.5439,-1426.698,0,0,0,1
238.8694,-403.8695,0,-1426.835,1.292186,-1.292186,-32.81483,-418.1971,0.25,-1430.35,14.45125,0,-0.5487,0,-0.836,-403.8695,0,1,0,0,0.836,0,-0.5487,-1426.835,0,0,0,1
238.8805,-404.2852,0,-1427.113,1.384118,-1.384118,-32.60975,-418.1971,0.25,-1430.35,13.98466,0,-0.5582,0,-0.8297,-404.2852,0,1,0,0,0.8297,0,-0.5582,-1427.113,0,0,0,1
238.8915,-404.4918,0,-1427.254,1.432162,-1.432162,-32.36805,-418.1971,0.25,-1430.35,13.75305,0,-0.5629,0,-0.8265,-404.4918,0,1,0,0,0.8265,0,-0.5629,-1427.254,0,0,0,1
238.906,-404.6976,0,-1427.396,1.480076,-1.480076,-32.04944,-418.1971,0.25,-1430.35,13.52266,0,-0.5675,0,-0.8234,-404.6976,0,1,0,0,0.8234,0,-0.5675,-1427.396,0,0,0,1
238.9165,-404.9027,0,-1427.539,1.526063,-1.526063,-31.86267,-418.1971,0.25,-1430.35,13.29348,0,-0.5721,0,-0.8202,-404.9027,0,1,0,0,0.8202,0,-0.5721,-1427.539,0,0,0,1
238.925,-405.1069,0,-1427.683,1.573355,-1.573355,-31.69055,-418.1971,0.25,-1430.35,13.06571,0,-0.5766,0,-0.817,-405.1069,0,1,0,0,0.817,0,-0.5766,-1427.683,0,0,0,1
238.9362,-405.3104,0,-1427.828,1.621948,-1.621948,-31.57335,-418.1971,0.25,-1430.35,12.83931,0,-0.5811,0,-0.8138,-405.3104,0,1,0,0,0.8138,0,-0.5811,-1427.828,0,0,0,1
238.948,-405.5131,0,-1427.974,1.670171,-1.670171,-31.43053,-418.1971,0.25,-1430.35,12.61441,0,-0.5855,0,-0.8106,-405.5131,0,1,0,0,0.8106,0,-0.5855,-1427.974,0,0,0,1
238.9587,-405.7149,0,-1428.122,1.716709,-1.716709,-31.33166,-418.1971,0.25,-1430.35,12.39111,0,-0.59,0,-0.8074,-405.7149,0,1,0,0,0.8074,0,-0.59,-1428.122,0,0,0,1
238.9702,-406.1162,0,-1428.42,1.813719,-1.813719,-31.28771,-418.1971,0.25,-1430.35,11.94959,0,-0.5988,0,-0.8009,-406.1162,0,1,0,0,0.8009,0,-0.5988,-1428.42,0,0,0,1
238.9819,-406.3156,0,-1428.571,1.862146,-1.862146,-31.28771,-418.1971,0.25,-1430.35,11.73162,0,-0.6031,0,-0.7977,-406.3156,0,1,0,0,0.7977,0,-0.6031,-1428.571,0,0,0,1
238.9922,-406.5142,0,-1428.723,1.90929,-1.90929,-31.28771,-418.1971,0.25,-1430.35,11.5156,0,-0.6075,0,-0.7943,-406.5142,0,1,0,0,0.7943,0,-0.6075,-1428.723,0,0,0,1
239.0036,-406.7119,0,-1428.876,1.957606,-1.957606,-31.28771,-418.1971,0.25,-1430.35,11.3017,0,-0.6118,0,-0.791,-406.7119,0,1,0,0,0.791,0,-0.6118,-1428.876,0,0,0,1
239.0149,-406.9088,0,-1429.03,2.007254,-2.007254,-31.28771,-418.1971,0.25,-1430.35,11.09003,0,-0.6161,0,-0.7877,-406.9088,0,1,0,0,0.7877,0,-0.6161,-1429.03,0,0,0,1
239.0258,-407.1049,0,-1429.185,2.056082,-2.056082,-31.28771,-418.1971,0.25,-1430.35,10.88074,0,-0.6204,0,-0.7843,-407.1049,0,1,0,0,0.7843,0,-0.6204,-1429.185,0,0,0,1
239.037,-407.3001,0,-1429.341,2.103673,-2.103673,-31.28771,-418.1971,0.25,-1430.35,10.67399,0,-0.6247,0,-0.7809,-407.3001,0,1,0,0,0.7809,0,-0.6247,-1429.341,0,0,0,1
239.0484,-407.4945,0,-1429.498,2.152608,-2.152608,-31.28771,-418.1971,0.25,-1430.35,10.46991,0,-0.6289,0,-0.7775,-407.4945,0,1,0,0,0.7775,0,-0.6289,-1429.498,0,0,0,1
239.0592,-407.688,0,-1429.657,2.202763,-2.202763,-31.28771,-418.1971,0.25,-1430.35,10.26867,0,-0.6332,0,-0.774,-407.688,0,1,0,0,0.774,0,-0.6332,-1429.657,0,0,0,1
239.0703,-408.0724,0,-1429.976,2.299893,-2.299893,-31.28771,-418.1971,0.25,-1430.35,9.875467,0,-0.6416,0,-0.7671,-408.0724,0,1,0,0,0.7671,0,-0.6416,-1429.976,0,0,0,1
239.0813,-408.2633,0,-1430.138,2.349329,-2.349329,-31.28039,-418.1971,0.25,-1430.35,9.683807,0,-0.6458,0,-0.7635,-408.2633,0,1,0,0,0.7635,0,-0.6458,-1430.138,0,0,0,1
239.0925,-408.4533,0,-1430.3,2.39998,-2.39998,-31.23644,-418.1971,0.25,-1430.35,9.493805,0,-0.6499,0,-0.76,-408.4533,0,1,0,0,0.76,0,-0.6499,-1430.3,0,0,0,1
239.1036,-408.6424,0,-1430.464,2.448822,-2.448822,-31.09727,-418.1971,0.25,-1430.35,9.304718,0,-0.654,0,-0.7565,-408.6424,0,1,0,0,0.7565,0,-0.654,-1430.464,0,0,0,1
239.1147,-408.8307,0,-1430.628,2.497468,-2.497468,-30.90685,-418.1971,0.25,-1430.35,9.116499,0,-0.6581,0,-0.7529,-408.8307,0,1,0,0,0.7529,0,-0.6581,-1430.628,0,0,0,1
239.1258,-409.018,0,-1430.794,2.54745,-2.54745,-30.56992,-418.1971,0.25,-1430.35,8.931211,0,-0.6621,0,-0.7494,-409.018,0,1,0,0,0.7494,0,-0.6621,-1430.794,0,0,0,1
239.137,-409.2045,0,-1430.96,2.598521,-2.598521,-30.11581,-418.1971,0.25,-1430.35,8.750038,0,-0.666,0,-0.7459,-409.2045,0,1,0,0,0.7459,0,-0.666,-1430.96,0,0,0,1
239.1478,-409.3901,0,-1431.128,2.647092,-2.647092,-29.63241,-418.1971,0.25,-1430.35,8.573263,0,-0.6699,0,-0.7425,-409.3901,0,1,0,0,0.7425,0,-0.6699,-1431.128,0,0,0,1
239.1592,-409.5749,0,-1431.296,2.696276,-2.696276,-28.97322,-418.1971,0.25,-1430.35,8.401157,0,-0.6736,0,-0.7391,-409.5749,0,1,0,0,0.7391,0,-0.6736,-1431.296,0,0,0,1
239.1703,-409.9419,0,-1431.636,2.797499,-2.797499,-28.06867,-418.1971,0.25,-1430.35,8.071978,0,-0.6808,0,-0.7324,-409.9419,0,1,0,0,0.7324,0,-0.6808,-1431.636,0,0,0,1
239.1818,-410.1242,0,-1431.807,2.845625,-2.845625,-27.51202,-418.1971,0.25,-1430.35,7.91549,0,-0.6843,0,-0.7292,-410.1242,0,1,0,0,0.7292,0,-0.6843,-1431.807,0,0,0,1
239.1923,-410.3057,0,-1431.979,2.89441,-2.89441,-26.62944,-418.1971,0.25,-1430.35,7.764843,0,-0.6877,0,-0.726,-410.3057,0,1,0,0,0.726,0,-0.6877,-1431.979,0,0,0,1
239.2037,-410.4864,0,-1432.151,2.944279,-2.944279,-25.86038,-418.1971,0.25,-1430.35,7.620341,0,-0.691,0,-0.7229,-410.4864,0,1,0,0,0.7229,0,-0.691,-1432.151,0,0,0,1
239.2145,-410.6664,0,-1432.325,2.9948,-2.9948,-24.95582,-418.1971,0.25,-1430.35,7.482343,0,-0.6941,0,-0.7198,-410.6664,0,1,0,0,0.7198,0,-0.6941,-1432.325,0,0,0,1
239.2256,-410.8456,0,-1432.499,3.042191,-3.042191,-24.23072,-418.1971,0.25,-1430.35,7.351159,0,-0.6972,0,-0.7169,-410.8456,0,1,0,0,0.7169,0,-0.6972,-1432.499,0,0,0,1
239.2406,-411.2019,0,-1432.85,3.139503,-3.139503,-23.10277,-418.1971,0.25,-1430.35,7.110628,0,-0.7029,0,-0.7113,-411.2019,0,1,0,0,0.7113,0,-0.7029,-1432.85,0,0,0,1
239.2508,-411.379,0,-1433.027,3.188379,-3.188379,-22.42527,-418.1971,0.25,-1430.35,7.002021,0,-0.7057,0,-0.7085,-411.379,0,1,0,0,0.7085,0,-0.7057,-1433.027,0,0,0,1
239.2591,-411.3791,0,-1433.027,3.18838,-3.18838,-22.42527,-418.1971,0.25,-1430.35,7.001992,0,-0.7057,0,-0.7085,-411.3791,0,1,0,0,0.7085,0,-0.7057,-1433.027,0,0,0,1
239.2701,-411.7314,0,-1433.382,3.281894,-3.281894,-21.24971,-418.1971,0.25,-1430.35,6.809776,0,-0.7109,0,-0.7032,-411.7314,0,1,0,0,0.7032,0,-0.7109,-1433.382,0,0,0,1
239.2818,-411.9065,0,-1433.56,3.329773,-3.329773,-20.48799,-418.1971,0.25,-1430.35,6.726791,0,-0.7135,0,-0.7007,-411.9065,0,1,0,0,0.7007,0,-0.7135,-1433.56,0,0,0,1
239.2923,-412.0811,0,-1433.739,3.376484,-3.376484,-19.77386,-418.1971,0.25,-1430.35,6.652993,0,-0.7159,0,-0.6982,-412.0811,0,1,0,0,0.6982,0,-0.7159,-1433.739,0,0,0,1
239.3035,-412.255,0,-1433.918,3.421426,-3.421426,-19.21355,-418.1971,0.25,-1430.35,6.588722,0,-0.7182,0,-0.6958,-412.255,0,1,0,0,0.6958,0,-0.7182,-1433.918,0,0,0,1
239.3145,-412.4284,0,-1434.099,3.467186,-3.467186,-18.66789,-418.1971,0.25,-1430.35,6.534208,0,-0.7205,0,-0.6935,-412.4284,0,1,0,0,0.6935,0,-0.7205,-1434.099,0,0,0,1
239.3255,-412.6012,0,-1434.279,3.513492,-3.513492,-18.05997,-418.1971,0.25,-1430.35,6.489633,0,-0.7227,0,-0.6912,-412.6012,0,1,0,0,0.6912,0,-0.7227,-1434.279,0,0,0,1
239.3369,-412.7734,0,-1434.46,3.557576,-3.557576,-17.36782,-418.1971,0.25,-1430.35,6.455171,0,-0.7247,0,-0.689,-412.7734,0,1,0,0,0.689,0,-0.7247,-1434.46,0,0,0,1
239.3478,-412.9452,0,-1434.642,3.60071,-3.60071,-16.98329,-418.1971,0.25,-1430.35,6.430959,0,-0.7268,0,-0.6869,-412.9452,0,1,0,0,0.6869,0,-0.7268,-1434.642,0,0,0,1
239.3594,-413.1164,0,-1434.824,3.644408,-3.644408,-16.42664,-418.1971,0.25,-1430.35,6.417113,0,-0.7288,0,-0.6848,-413.1164,0,1,0,0,0.6848,0,-0.7288,-1434.824,0,0,0,1
239.3703,-413.4572,0,-1435.19,3.729692,-3.729692,-15.87732,-418.1971,0.25,-1430.35,6.420715,0,-0.7325,0,-0.6807,-413.4572,0,1,0,0,0.6807,0,-0.7325,-1435.19,0,0,0,1
239.3814,-413.6269,0,-1435.373,3.77069,-3.77069,-15.42687,-418.1971,0.25,-1430.35,6.438148,0,-0.7344,0,-0.6788,-413.6269,0,1,0,0,0.6788,0,-0.7344,-1435.373,0,0,0,1
239.3939,-413.7961,0,-1435.558,3.812382,-3.812382,-14.9691,-418.1971,0.25,-1430.35,6.46597,0,-0.7361,0,-0.6768,-413.7961,0,1,0,0,0.6768,0,-0.7361,-1435.558,0,0,0,1
239.4053,-413.9649,0,-1435.742,3.853866,-3.853866,-14.24765,-418.1971,0.25,-1430.35,6.503677,0,-0.7378,0,-0.675,-413.9649,0,1,0,0,0.675,0,-0.7378,-1435.742,0,0,0,1
239.4141,-414.1332,0,-1435.927,3.891937,-3.891937,-13.90341,-418.1971,0.25,-1430.35,6.551354,0,-0.7395,0,-0.6732,-414.1332,0,1,0,0,0.6732,0,-0.7395,-1435.927,0,0,0,1
239.4252,-414.3011,0,-1436.112,3.930565,-3.930565,-13.4786,-418.1971,0.25,-1430.35,6.608827,0,-0.741,0,-0.6715,-414.3011,0,1,0,0,0.6715,0,-0.741,-1436.112,0,0,0,1
239.4362,-414.4685,0,-1436.298,3.969615,-3.969615,-13.06478,-418.1971,0.25,-1430.35,6.67571,0,-0.7426,0,-0.6698,-414.4685,0,1,0,0,0.6698,0,-0.7426,-1436.298,0,0,0,1
239.4471,-414.6356,0,-1436.484,4.00743,-4.00743,-12.57038,-418.1971,0.25,-1430.35,6.751693,0,-0.744,0,-0.6681,-414.6356,0,1,0,0,0.6681,0,-0.744,-1436.484,0,0,0,1
239.4586,-414.8022,0,-1436.67,4.042935,-4.042935,-12.15656,-418.1971,0.25,-1430.35,6.836504,0,-0.7454,0,-0.6666,-414.8022,0,1,0,0,0.6666,0,-0.7454,-1436.67,0,0,0,1
239.4698,-414.9684,0,-1436.857,4.07869,-4.07869,-11.63287,-418.1971,0.25,-1430.35,6.92968,0,-0.7468,0,-0.665,-414.9684,0,1,0,0,0.665,0,-0.7468,-1436.857,0,0,0,1
239.4807,-415.2999,0,-1437.231,4.148737,-4.148737,-11.10552,-418.1971,0.25,-1430.35,7.140216,0,-0.7494,0,-0.6621,-415.2999,0,1,0,0,0.6621,0,-0.7494,-1437.231,0,0,0,1
239.4917,-415.465,0,-1437.419,4.180961,-4.180961,-10.68803,-418.1971,0.25,-1430.35,7.25643,0,-0.7506,0,-0.6607,-415.465,0,1,0,0,0.6607,0,-0.7506,-1437.419,0,0,0,1
239.5029,-415.6299,0,-1437.607,4.213867,-4.213867,-10.12406,-418.1971,0.25,-1430.35,7.380061,0,-0.7518,0,-0.6594,-415.6299,0,1,0,0,0.6594,0,-0.7518,-1437.607,0,0,0,1
239.5139,-415.7944,0,-1437.795,4.246996,-4.246996,-9.827421,-418.1971,0.25,-1430.35,7.510196,0,-0.7529,0,-0.6581,-415.7944,0,1,0,0,0.6581,0,-0.7529,-1437.795,0,0,0,1
239.525,-415.9586,0,-1437.984,4.276078,-4.276078,-9.402609,-418.1971,0.25,-1430.35,7.646616,0,-0.754,0,-0.6569,-415.9586,0,1,0,0,0.6569,0,-0.754,-1437.984,0,0,0,1
239.5363,-416.1226,0,-1438.172,4.305304,-4.305304,-9.065687,-418.1971,0.25,-1430.35,7.788965,0,-0.755,0,-0.6557,-416.1226,0,1,0,0,0.6557,0,-0.755,-1438.172,0,0,0,1
239.5473,-416.2863,0,-1438.361,4.334772,-4.334772,-8.684828,-418.1971,0.25,-1430.35,7.936948,0,-0.756,0,-0.6546,-416.2863,0,1,0,0,0.6546,0,-0.756,-1438.361,0,0,0,1
239.5584,-416.4496,0,-1438.55,4.363255,-4.363255,-8.413825,-418.1971,0.25,-1430.35,8.090246,0,-0.757,0,-0.6534,-416.4496,0,1,0,0,0.6534,0,-0.757,-1438.55,0,0,0,1
239.5727,-416.7755,0,-1438.93,4.414532,-4.414532,-8.003662,-418.1971,0.25,-1430.35,8.411698,0,-0.7588,0,-0.6513,-416.7755,0,1,0,0,0.6513,0,-0.7588,-1438.93,0,0,0,1
239.584,-416.9381,0,-1439.12,4.440598,-4.440598,-7.80957,-418.1971,0.25,-1430.35,8.579195,0,-0.7597,0,-0.6503,-416.9381,0,1,0,0,0.6503,0,-0.7597,-1439.12,0,0,0,1
239.5919,-417.1004,0,-1439.31,4.464086,-4.464086,-7.59716,-418.1971,0.25,-1430.35,8.750897,0,-0.7605,0,-0.6493,-417.1004,0,1,0,0,0.6493,0,-0.7605,-1439.31,0,0,0,1
239.6026,-417.2625,0,-1439.5,4.485896,-4.485896,-7.483635,-418.1971,0.25,-1430.35,8.926315,0,-0.7614,0,-0.6483,-417.2625,0,1,0,0,0.6483,0,-0.7614,-1439.5,0,0,0,1
239.6138,-417.4243,0,-1439.691,4.508007,-4.508007,-7.381096,-418.1971,0.25,-1430.35,9.105597,0,-0.7622,0,-0.6473,-417.4243,0,1,0,0,0.6473,0,-0.7622,-1439.691,0,0,0,1
239.6251,-417.5859,0,-1439.881,4.530441,-4.530441,-7.293205,-418.1971,0.25,-1430.35,9.288398,0,-0.7631,0,-0.6463,-417.5859,0,1,0,0,0.6463,0,-0.7631,-1439.881,0,0,0,1
239.6361,-417.7473,0,-1440.072,4.548713,-4.548713,-7.260239,-418.1971,0.25,-1430.35,9.474399,0,-0.7639,0,-0.6454,-417.7473,0,1,0,0,0.6454,0,-0.7639,-1440.072,0,0,0,1
239.6471,-417.9084,0,-1440.263,4.56697,-4.56697,-7.256577,-418.1971,0.25,-1430.35,9.663529,0,-0.7647,0,-0.6444,-417.9084,0,1,0,0,0.6444,0,-0.7647,-1440.263,0,0,0,1
239.6582,-418.0692,0,-1440.455,4.58544,-4.58544,-7.256577,-418.1971,0.25,-1430.35,9.854858,0,-0.7655,0,-0.6434,-418.0692,0,1,0,0,0.6434,0,-0.7655,-1440.455,0,0,0,1
239.6694,-418.2298,0,-1440.646,4.602758,-4.602758,-7.256577,-418.1971,0.25,-1430.35,10.04639,0,-0.7663,0,-0.6425,-418.2298,0,1,0,0,0.6425,0,-0.7663,-1440.646,0,0,0,1
239.6805,-418.5503,0,-1441.03,4.631763,-4.631763,-7.256577,-418.1971,0.25,-1430.35,10.43069,0,-0.7679,0,-0.6405,-418.5503,0,1,0,0,0.6405,0,-0.7679,-1441.03,0,0,0,1
239.6917,-418.7102,0,-1441.222,4.646489,-4.646489,-7.263901,-418.1971,0.25,-1430.35,10.62557,0,-0.7688,0,-0.6395,-418.7102,0,1,0,0,0.6395,0,-0.7688,-1441.222,0,0,0,1
239.7029,-418.8698,0,-1441.415,4.658616,-4.658616,-7.26757,-418.1971,0.25,-1430.35,10.82296,0,-0.7696,0,-0.6386,-418.8698,0,1,0,0,0.6386,0,-0.7696,-1441.415,0,0,0,1
