time,pos_x,pos_y,pos_z,distFromRoadCenter,signedDistFromRoadCenter,wheelAngle,obstacle_pos_x,obstacle_pos_y,obstacle_pos_z,distance_to_obstacle,brake_position,simplecar_4x4_R0C0,simplecar_4x4_R0C1,simplecar_4x4_R0C2,simplecar_4x4_R0C3,simplecar_4x4_R1C0,simplecar_4x4_R1C1,simplecar_4x4_R1C2,simplecar_4x4_R1C3,simplecar_4x4_R2C0,simplecar_4x4_R2C1,simplecar_4x4_R2C2,simplecar_4x4_R2C3,simplecar_4x4_R3C0,simplecar_4x4_R3C1,simplecar_4x4_R3C2,simplecar_4x4_R3C3
89.42397,979.0901,0,-428.4891,1.628278,1.628278,1.334853,1013.755,0.25,-472.6942,55.82524,0,-0.6434,0,0.7656,979.0901,0,1,0,0,-0.7656,0,-0.6434,-428.4891,0,0,0,1
89.43519,979.2814,0,-428.65,1.624489,1.624489,1.378798,1013.755,0.25,-472.6942,55.5806,0,-0.6435,0,0.7654,979.2814,0,1,0,0,-0.7654,0,-0.6435,-428.65,0,0,0,1
89.44643,979.4727,0,-428.8109,1.620733,1.620733,1.404433,1013.755,0.25,-472.6942,55.33605,0,-0.6437,0,0.7652,979.4727,0,1,0,0,-0.7652,0,-0.6437,-428.8109,0,0,0,1
89.45729,979.664,0,-428.9719,1.617052,1.617052,1.430082,1013.755,0.25,-472.6942,55.0915,0,-0.6439,0,0.7651,979.664,0,1,0,0,-0.7651,0,-0.6439,-428.9719,0,0,0,1
89.47218,980.0464,0,-429.294,1.609892,1.609892,1.474028,1013.755,0.25,-472.6942,54.60253,0,-0.6443,0,0.7648,980.0464,0,1,0,0,-0.7648,0,-0.6443,-429.294,0,0,0,1
89.48037,980.2375,0,-429.4551,1.606367,1.606367,1.499662,1013.755,0.25,-472.6942,54.35807,0,-0.6445,0,0.7646,980.2375,0,1,0,0,-0.7646,0,-0.6445,-429.4551,0,0,0,1
89.49094,980.4286,0,-429.6163,1.602927,1.602927,1.525297,1013.755,0.25,-472.6942,54.11369,0,-0.6447,0,0.7644,980.4286,0,1,0,0,-0.7644,0,-0.6447,-429.6163,0,0,0,1
89.50298,980.6197,0,-429.7776,1.599574,1.599574,1.543608,1013.755,0.25,-472.6942,53.86932,0,-0.6449,0,0.7642,980.6197,0,1,0,0,-0.7642,0,-0.6449,-429.7776,0,0,0,1
89.5131,980.8107,0,-429.9388,1.596284,1.596284,1.550932,1013.755,0.25,-472.6942,53.62498,0,-0.6451,0,0.7641,980.8107,0,1,0,0,-0.7641,0,-0.6451,-429.9388,0,0,0,1
89.53,981.0017,0,-430.1002,1.59304,1.59304,1.569242,1013.755,0.25,-472.6942,53.38068,0,-0.6453,0,0.7639,981.0017,0,1,0,0,-0.7639,0,-0.6453,-430.1002,0,0,0,1
89.54118,981.3835,0,-430.423,1.586787,1.586787,1.569242,1013.755,0.25,-472.6942,52.89225,0,-0.6458,0,0.7635,981.3835,0,1,0,0,-0.7635,0,-0.6458,-430.423,0,0,0,1
89.55238,981.5743,0,-430.5845,1.583779,1.583779,1.569242,1013.755,0.25,-472.6942,52.64806,0,-0.646,0,0.7634,981.5743,0,1,0,0,-0.7634,0,-0.646,-430.5845,0,0,0,1
89.56187,981.7651,0,-430.7461,1.580839,1.580839,1.569242,1013.755,0.25,-472.6942,52.40392,0,-0.6462,0,0.7632,981.7651,0,1,0,0,-0.7632,0,-0.6462,-430.7461,0,0,0,1
89.56981,981.7651,0,-430.7461,1.580839,1.580839,1.569242,1013.755,0.25,-472.6942,52.40392,0,-0.6462,0,0.7632,981.7651,0,1,0,0,-0.7632,0,-0.6462,-430.7461,0,0,0,1
89.57634,981.9559,0,-430.9077,1.577939,1.577939,1.569242,1013.755,0.25,-472.6942,52.15984,0,-0.6464,0,0.763,981.9559,0,1,0,0,-0.763,0,-0.6464,-430.9077,0,0,0,1
89.58664,982.1466,0,-431.0693,1.575086,1.575086,1.569242,1013.755,0.25,-472.6942,51.9158,0,-0.6466,0,0.7628,982.1466,0,1,0,0,-0.7628,0,-0.6466,-431.0693,0,0,0,1
89.5975,982.3373,0,-431.231,1.572358,1.572358,1.569242,1013.755,0.25,-472.6942,51.67175,0,-0.6468,0,0.7627,982.3373,0,1,0,0,-0.7627,0,-0.6468,-431.231,0,0,0,1
89.60873,982.5279,0,-431.3928,1.569677,1.569677,1.569242,1013.755,0.25,-472.6942,51.4278,0,-0.647,0,0.7625,982.5279,0,1,0,0,-0.7625,0,-0.647,-431.3928,0,0,0,1
89.61983,982.7184,0,-431.5546,1.567059,1.567059,1.569242,1013.755,0.25,-472.6942,51.18389,0,-0.6472,0,0.7623,982.7184,0,1,0,0,-0.7623,0,-0.6472,-431.5546,0,0,0,1
89.63085,983.0995,0,-431.8784,1.562057,1.562057,1.569242,1013.755,0.25,-472.6942,50.69614,0,-0.6476,0,0.7619,983.0995,0,1,0,0,-0.7619,0,-0.6476,-431.8784,0,0,0,1
89.64201,983.2899,0,-432.0403,1.559657,1.559657,1.569242,1013.755,0.25,-472.6942,50.45237,0,-0.6479,0,0.7618,983.2899,0,1,0,0,-0.7618,0,-0.6479,-432.0403,0,0,0,1
89.65318,983.4803,0,-432.2023,1.55732,1.55732,1.569242,1013.755,0.25,-472.6942,50.20864,0,-0.6481,0,0.7616,983.4803,0,1,0,0,-0.7616,0,-0.6481,-432.2023,0,0,0,1
89.66419,983.6707,0,-432.3644,1.55503,1.55503,1.569242,1013.755,0.25,-472.6942,49.96492,0,-0.6483,0,0.7614,983.6707,0,1,0,0,-0.7614,0,-0.6483,-432.3644,0,0,0,1
89.67547,983.861,0,-432.5265,1.552865,1.552865,1.569242,1013.755,0.25,-472.6942,49.72128,0,-0.6485,0,0.7612,983.861,0,1,0,0,-0.7612,0,-0.6485,-432.5265,0,0,0,1
89.68636,984.0512,0,-432.6887,1.550723,1.550723,1.569242,1013.755,0.25,-472.6942,49.47772,0,-0.6487,0,0.7611,984.0512,0,1,0,0,-0.7611,0,-0.6487,-432.6887,0,0,0,1
89.69773,984.2415,0,-432.8509,1.548668,1.548668,1.569242,1013.755,0.25,-472.6942,49.23412,0,-0.6489,0,0.7609,984.2415,0,1,0,0,-0.7609,0,-0.6489,-432.8509,0,0,0,1
89.70885,984.4316,0,-433.0132,1.546635,1.546635,1.569242,1013.755,0.25,-472.6942,48.99062,0,-0.6491,0,0.7607,984.4316,0,1,0,0,-0.7607,0,-0.6491,-433.0132,0,0,0,1
89.72046,984.8118,0,-433.3379,1.542915,1.542915,1.569242,1013.755,0.25,-472.6942,48.50382,0,-0.6495,0,0.7603,984.8118,0,1,0,0,-0.7603,0,-0.6495,-433.3379,0,0,0,1
89.73083,985.0019,0,-433.5003,1.541054,1.541054,1.569242,1013.755,0.25,-472.6942,48.26041,0,-0.6497,0,0.7602,985.0019,0,1,0,0,-0.7602,0,-0.6497,-433.5003,0,0,0,1
89.74204,985.192,0,-433.6628,1.539343,1.539343,1.569242,1013.755,0.25,-472.6942,48.01705,0,-0.6499,0,0.76,985.192,0,1,0,0,-0.76,0,-0.6499,-433.6628,0,0,0,1
89.75289,985.3818,0,-433.8253,1.537701,1.537701,1.569242,1013.755,0.25,-472.6942,47.77388,0,-0.6501,0,0.7598,985.3818,0,1,0,0,-0.7598,0,-0.6501,-433.8253,0,0,0,1
89.76432,985.5717,0,-433.9879,1.536122,1.536122,1.569242,1013.755,0.25,-472.6942,47.53069,0,-0.6504,0,0.7596,985.5717,0,1,0,0,-0.7596,0,-0.6504,-433.9879,0,0,0,1
89.77531,985.7616,0,-434.1506,1.534606,1.534606,1.569242,1013.755,0.25,-472.6942,47.28756,0,-0.6506,0,0.7595,985.7616,0,1,0,0,-0.7595,0,-0.6506,-434.1506,0,0,0,1
89.7863,985.9514,0,-434.3133,1.533136,1.533136,1.569242,1013.755,0.25,-472.6942,47.04448,0,-0.6508,0,0.7593,985.9514,0,1,0,0,-0.7593,0,-0.6508,-434.3133,0,0,0,1
89.79737,986.1412,0,-434.476,1.531753,1.531753,1.569242,1013.755,0.25,-472.6942,46.80146,0,-0.651,0,0.7591,986.1412,0,1,0,0,-0.7591,0,-0.651,-434.476,0,0,0,1
89.80865,986.3309,0,-434.6388,1.530392,1.530392,1.569242,1013.755,0.25,-472.6942,46.55847,0,-0.6512,0,0.7589,986.3309,0,1,0,0,-0.7589,0,-0.6512,-434.6388,0,0,0,1
89.81967,986.5206,0,-434.8017,1.529157,1.529157,1.569242,1013.755,0.25,-472.6942,46.31556,0,-0.6514,0,0.7587,986.5206,0,1,0,0,-0.7587,0,-0.6514,-434.8017,0,0,0,1
89.83071,986.8998,0,-435.1275,1.526906,1.526906,1.569242,1013.755,0.25,-472.6942,45.82993,0,-0.6518,0,0.7584,986.8998,0,1,0,0,-0.7584,0,-0.6518,-435.1275,0,0,0,1
89.8418,987.0894,0,-435.2905,1.525827,1.525827,1.569242,1013.755,0.25,-472.6942,45.5872,0,-0.652,0,0.7582,987.0894,0,1,0,0,-0.7582,0,-0.652,-435.2905,0,0,0,1
89.85296,987.2789,0,-435.4536,1.524874,1.524874,1.569242,1013.755,0.25,-472.6942,45.34453,0,-0.6522,0,0.758,987.2789,0,1,0,0,-0.758,0,-0.6522,-435.4536,0,0,0,1
89.86404,987.4684,0,-435.6167,1.523967,1.523967,1.569242,1013.755,0.25,-472.6942,45.10193,0,-0.6524,0,0.7578,987.4684,0,1,0,0,-0.7578,0,-0.6524,-435.6167,0,0,0,1
89.87849,987.6578,0,-435.7798,1.523186,1.523186,1.569242,1013.755,0.25,-472.6942,44.85942,0,-0.6526,0,0.7577,987.6578,0,1,0,0,-0.7577,0,-0.6526,-435.7798,0,0,0,1
89.88921,987.8472,0,-435.9431,1.522365,1.522365,1.569242,1013.755,0.25,-472.6942,44.61694,0,-0.6528,0,0.7575,987.8472,0,1,0,0,-0.7575,0,-0.6528,-435.9431,0,0,0,1
89.89725,988.0365,0,-436.1063,1.521693,1.521693,1.569242,1013.755,0.25,-472.6942,44.37454,0,-0.6531,0,0.7573,988.0365,0,1,0,0,-0.7573,0,-0.6531,-436.1063,0,0,0,1
89.90928,988.2258,0,-436.2697,1.521067,1.521067,1.569242,1013.755,0.25,-472.6942,44.1322,0,-0.6533,0,0.7571,988.2258,0,1,0,0,-0.7571,0,-0.6533,-436.2697,0,0,0,1
89.91959,988.415,0,-436.433,1.520505,1.520505,1.569242,1013.755,0.25,-472.6942,43.88996,0,-0.6535,0,0.757,988.415,0,1,0,0,-0.757,0,-0.6535,-436.433,0,0,0,1
89.93113,988.7933,0,-436.7599,1.519614,1.519614,1.569242,1013.755,0.25,-472.6942,43.40562,0,-0.6539,0,0.7566,988.7933,0,1,0,0,-0.7566,0,-0.6539,-436.7599,0,0,0,1
89.94176,988.9824,0,-436.9234,1.519247,1.519247,1.569242,1013.755,0.25,-472.6942,43.16361,0,-0.6541,0,0.7564,988.9824,0,1,0,0,-0.7564,0,-0.6541,-436.9234,0,0,0,1
89.9528,989.1715,0,-437.087,1.518966,1.518966,1.569242,1013.755,0.25,-472.6942,42.92159,0,-0.6543,0,0.7562,989.1715,0,1,0,0,-0.7562,0,-0.6543,-437.087,0,0,0,1
89.96421,989.3605,0,-437.2506,1.51873,1.51873,1.569242,1013.755,0.25,-472.6942,42.67968,0,-0.6545,0,0.7561,989.3605,0,1,0,0,-0.7561,0,-0.6545,-437.2506,0,0,0,1
89.97548,989.5496,0,-437.4143,1.518535,1.518535,1.569242,1013.755,0.25,-472.6942,42.43783,0,-0.6547,0,0.7559,989.5496,0,1,0,0,-0.7559,0,-0.6547,-437.4143,0,0,0,1
89.98686,989.7384,0,-437.5781,1.518535,1.518535,1.569242,1013.755,0.25,-472.6942,42.19611,0,-0.6549,0,0.7557,989.7384,0,1,0,0,-0.7557,0,-0.6549,-437.5781,0,0,0,1
89.99834,989.9274,0,-437.7418,1.518449,1.518449,1.569242,1013.755,0.25,-472.6942,41.95441,0,-0.6551,0,0.7555,989.9274,0,1,0,0,-0.7555,0,-0.6551,-437.7418,0,0,0,1
90.00985,990.1161,0,-437.9056,1.518535,1.518535,1.569242,1013.755,0.25,-472.6942,41.71286,0,-0.6553,0,0.7553,990.1161,0,1,0,0,-0.7553,0,-0.6553,-437.9056,0,0,0,1
90.02184,990.4936,0,-438.2334,1.518903,1.518903,1.569242,1013.755,0.25,-472.6942,41.23001,0,-0.6557,0,0.755,990.4936,0,1,0,0,-0.755,0,-0.6557,-438.2334,0,0,0,1
90.03246,990.6824,0,-438.3975,1.519161,1.519161,1.572905,1013.755,0.25,-472.6942,40.9886,0,-0.656,0,0.7548,990.6824,0,1,0,0,-0.7548,0,-0.656,-438.3975,0,0,0,1
90.04395,990.8711,0,-438.5615,1.519379,1.519379,1.598539,1013.755,0.25,-472.6942,40.74734,0,-0.6562,0,0.7546,990.8711,0,1,0,0,-0.7546,0,-0.6562,-438.5615,0,0,0,1
90.05531,991.0596,0,-438.7256,1.519896,1.519896,1.620512,1013.755,0.25,-472.6942,40.50619,0,-0.6564,0,0.7544,991.0596,0,1,0,0,-0.7544,0,-0.6564,-438.7256,0,0,0,1
90.0667,991.2482,0,-438.8897,1.520372,1.520372,1.671782,1013.755,0.25,-472.6942,40.26513,0,-0.6566,0,0.7542,991.2482,0,1,0,0,-0.7542,0,-0.6566,-438.8897,0,0,0,1
90.07811,991.4367,0,-439.054,1.520912,1.520912,1.7377,1013.755,0.25,-472.6942,40.02412,0,-0.6568,0,0.754,991.4367,0,1,0,0,-0.754,0,-0.6568,-439.054,0,0,0,1
90.08952,991.6252,0,-439.2182,1.521521,1.521521,1.814604,1013.755,0.25,-472.6942,39.7832,0,-0.6571,0,0.7538,991.6252,0,1,0,0,-0.7538,0,-0.6571,-439.2182,0,0,0,1
90.10077,992.002,0,-439.5469,1.523014,1.523014,1.913481,1013.755,0.25,-472.6942,39.30169,0,-0.6576,0,0.7534,992.002,0,1,0,0,-0.7534,0,-0.6576,-439.5469,0,0,0,1
90.11194,992.1903,0,-439.7114,1.523921,1.523921,2.023344,1013.755,0.25,-472.6942,39.061,0,-0.6578,0,0.7532,992.1903,0,1,0,0,-0.7532,0,-0.6578,-439.7114,0,0,0,1
90.12331,992.3785,0,-439.8759,1.524937,1.524937,2.122221,1013.755,0.25,-472.6942,38.82051,0,-0.6581,0,0.7529,992.3785,0,1,0,0,-0.7529,0,-0.6581,-439.8759,0,0,0,1
90.1347,992.5667,0,-440.0406,1.525976,1.525976,2.246733,1013.755,0.25,-472.6942,38.58007,0,-0.6584,0,0.7527,992.5667,0,1,0,0,-0.7527,0,-0.6584,-440.0406,0,0,0,1
90.14613,992.7548,0,-440.2052,1.527102,1.527102,2.40788,1013.755,0.25,-472.6942,38.33976,0,-0.6587,0,0.7524,992.7548,0,1,0,0,-0.7524,0,-0.6587,-440.2052,0,0,0,1
90.15705,992.9429,0,-440.37,1.528376,1.528376,2.503095,1013.755,0.25,-472.6942,38.09943,0,-0.6591,0,0.7521,992.9429,0,1,0,0,-0.7521,0,-0.6591,-440.37,0,0,0,1
90.16832,993.1307,0,-440.5349,1.529846,1.529846,2.645917,1013.755,0.25,-472.6942,37.85932,0,-0.6594,0,0.7518,993.1307,0,1,0,0,-0.7518,0,-0.6594,-440.5349,0,0,0,1
90.17995,993.3186,0,-440.6998,1.531362,1.531362,2.748456,1013.755,0.25,-472.6942,37.61926,0,-0.6598,0,0.7515,993.3186,0,1,0,0,-0.7515,0,-0.6598,-440.6998,0,0,0,1
90.19033,993.6941,0,-441.0299,1.534801,1.534801,2.887616,1013.755,0.25,-472.6942,37.13945,0,-0.6605,0,0.7508,993.6941,0,1,0,0,-0.7508,0,-0.6605,-441.0299,0,0,0,1
90.20475,993.8817,0,-441.1952,1.536748,1.536748,3.037763,1013.755,0.25,-472.6942,36.89965,0,-0.6609,0,0.7505,993.8817,0,1,0,0,-0.7505,0,-0.6609,-441.1952,0,0,0,1
90.21624,994.0692,0,-441.3605,1.538803,1.538803,3.140302,1013.755,0.25,-472.6942,36.65998,0,-0.6613,0,0.7501,994.0692,0,1,0,0,-0.7501,0,-0.6613,-441.3605,0,0,0,1
90.22381,994.2567,0,-441.526,1.540968,1.540968,3.250165,1013.755,0.25,-472.6942,36.42035,0,-0.6618,0,0.7497,994.2567,0,1,0,0,-0.7497,0,-0.6618,-441.526,0,0,0,1
90.23478,994.444,0,-441.6915,1.543368,1.543368,3.319759,1013.755,0.25,-472.6942,36.18093,0,-0.6622,0,0.7493,994.444,0,1,0,0,-0.7493,0,-0.6622,-441.6915,0,0,0,1
90.24593,994.6312,0,-441.8572,1.545814,1.545814,3.396664,1013.755,0.25,-472.6942,35.94156,0,-0.6626,0,0.7489,994.6312,0,1,0,0,-0.7489,0,-0.6626,-441.8572,0,0,0,1
90.25687,994.8184,0,-442.0229,1.548432,1.548432,3.473568,1013.755,0.25,-472.6942,35.70229,0,-0.6631,0,0.7485,994.8184,0,1,0,0,-0.7485,0,-0.6631,-442.0229,0,0,0,1
90.26846,995.0054,0,-442.1888,1.551246,1.551246,3.54681,1013.755,0.25,-472.6942,35.46312,0,-0.6635,0,0.7481,995.0054,0,1,0,0,-0.7481,0,-0.6635,-442.1888,0,0,0,1
90.27937,995.1923,0,-442.3549,1.554209,1.554209,3.590755,1013.755,0.25,-472.6942,35.22403,0,-0.664,0,0.7477,995.1923,0,1,0,0,-0.7477,0,-0.664,-442.3549,0,0,0,1
90.29042,995.5659,0,-442.6872,1.560524,1.560524,3.642025,1013.755,0.25,-472.6942,34.74619,0,-0.665,0,0.7469,995.5659,0,1,0,0,-0.7469,0,-0.665,-442.6872,0,0,0,1
90.30223,995.7524,0,-442.8536,1.563987,1.563987,3.704281,1013.755,0.25,-472.6942,34.50751,0,-0.6654,0,0.7464,995.7524,0,1,0,0,-0.7464,0,-0.6654,-442.8536,0,0,0,1
90.31324,995.939,0,-443.0201,1.567575,1.567575,3.726254,1013.755,0.25,-472.6942,34.26888,0,-0.6659,0,0.746,995.939,0,1,0,0,-0.746,0,-0.6659,-443.0201,0,0,0,1
90.32374,996.1254,0,-443.1866,1.571319,1.571319,3.751888,1013.755,0.25,-472.6942,34.03036,0.015686,-0.6664,0,0.7456,996.1254,0,1,0,0,-0.7456,0,-0.6664,-443.1866,0,0,0,1
90.33469,996.3116,0,-443.3534,1.575212,1.575212,3.777523,1013.755,0.25,-472.6942,33.79198,0.039216,-0.6669,0,0.7451,996.3116,0,1,0,0,-0.7451,0,-0.6669,-443.3534,0,0,0,1
90.3458,996.4978,0,-443.5202,1.579323,1.579323,3.784847,1013.755,0.25,-472.6942,33.55371,0.078431,-0.6674,0,0.7447,996.4978,0,1,0,0,-0.7447,0,-0.6674,-443.5202,0,0,0,1
90.35704,996.6838,0,-443.6871,1.583497,1.583497,3.803158,1013.755,0.25,-472.6942,33.31566,0.086275,-0.6679,0,0.7443,996.6838,0,1,0,0,-0.7443,0,-0.6679,-443.6871,0,0,0,1
90.36838,996.8695,0,-443.8539,1.587913,1.587913,3.82513,1013.755,0.25,-472.6942,33.07796,0.101961,-0.6684,0,0.7438,996.8695,0,1,0,0,-0.7438,0,-0.6684,-443.8539,0,0,0,1
90.37918,997.0549,0,-444.0208,1.592477,1.592477,3.828793,1013.755,0.25,-472.6942,32.84056,0.117647,-0.6689,0,0.7434,997.0549,0,1,0,0,-0.7434,0,-0.6689,-444.0208,0,0,0,1
90.39048,997.425,0,-444.3545,1.602146,1.602146,3.850765,1013.755,0.25,-472.6942,32.36679,0.12549,-0.6699,0,0.7425,997.425,0,1,0,0,-0.7425,0,-0.6699,-444.3545,0,0,0,1
90.40154,997.6096,0,-444.5212,1.607188,1.607188,3.8764,1013.755,0.25,-472.6942,32.13047,0.133333,-0.6704,0,0.742,997.6096,0,1,0,0,-0.742,0,-0.6704,-444.5212,0,0,0,1
90.41269,997.7938,0,-444.6879,1.612401,1.612401,3.902035,1013.755,0.25,-472.6942,31.89452,0.14902,-0.6709,0,0.7415,997.7938,0,1,0,0,-0.7415,0,-0.6709,-444.6879,0,0,0,1
90.42416,997.9778,0,-444.8546,1.617787,1.617787,3.92767,1013.755,0.25,-472.6942,31.65899,0.164706,-0.6714,0,0.7411,997.9778,0,1,0,0,-0.7411,0,-0.6714,-444.8546,0,0,0,1
90.43516,998.1613,0,-445.0211,1.623328,1.623328,3.967953,1013.755,0.25,-472.6942,31.42394,0.188235,-0.6719,0,0.7406,998.1613,0,1,0,0,-0.7406,0,-0.6719,-445.0211,0,0,0,1
90.44597,998.3445,0,-445.1875,1.629058,1.629058,4.000912,1013.755,0.25,-472.6942,31.18938,0.203922,-0.6724,0,0.7402,998.3445,0,1,0,0,-0.7402,0,-0.6724,-445.1875,0,0,0,1
90.45719,998.5272,0,-445.3538,1.634943,1.634943,4.041195,1013.755,0.25,-472.6942,30.95535,0.243137,-0.673,0,0.7397,998.5272,0,1,0,0,-0.7397,0,-0.673,-445.3538,0,0,0,1
90.46844,998.7095,0,-445.5198,1.641001,1.641001,4.096127,1013.755,0.25,-472.6942,30.72193,0.258824,-0.6735,0,0.7392,998.7095,0,1,0,0,-0.7392,0,-0.6735,-445.5198,0,0,0,1
90.47963,998.8912,0,-445.6857,1.647191,1.647191,4.13641,1013.755,0.25,-472.6942,30.48914,0.266667,-0.674,0,0.7387,998.8912,0,1,0,0,-0.7387,0,-0.674,-445.6857,0,0,0,1
90.49041,999.2532,0,-446.0167,1.660127,1.660127,4.191341,1013.755,0.25,-472.6942,30.02552,0.27451,-0.6751,0,0.7377,999.2532,0,1,0,0,-0.7377,0,-0.6751,-446.0167,0,0,0,1
90.50167,999.4334,0,-446.1819,1.666856,1.666856,4.257274,1013.755,0.25,-472.6942,29.79474,0.27451,-0.6757,0,0.7372,999.4334,0,1,0,0,-0.7372,0,-0.6757,-446.1819,0,0,0,1
90.51276,999.6132,0,-446.3468,1.673649,1.673649,4.330516,1013.755,0.25,-472.6942,29.56456,0.27451,-0.6762,0,0.7367,999.6132,0,1,0,0,-0.7367,0,-0.6762,-446.3468,0,0,0,1
90.5238,999.7923,0,-446.5115,1.680746,1.680746,4.381785,1013.755,0.25,-472.6942,29.33514,0.27451,-0.6768,0,0.7362,999.7923,0,1,0,0,-0.7362,0,-0.6768,-446.5115,0,0,0,1
90.53821,999.9709,0,-446.676,1.687929,1.687929,4.455028,1013.755,0.25,-472.6942,29.10636,0.27451,-0.6773,0,0.7357,999.9709,0,1,0,0,-0.7357,0,-0.6773,-446.676,0,0,0,1
90.54935,1000.149,0,-446.8402,1.695347,1.695347,4.550242,1013.755,0.25,-472.6942,28.87827,0.27451,-0.6779,0,0.7351,1000.149,0,1,0,0,-0.7351,0,-0.6779,-446.8402,0,0,0,1
90.55744,1000.327,0,-447.0042,1.70292,1.70292,4.641795,1013.755,0.25,-472.6942,28.65084,0.27451,-0.6785,0,0.7346,1000.327,0,1,0,0,-0.7346,0,-0.6785,-447.0042,0,0,0,1
90.56883,1000.504,0,-447.168,1.710683,1.710683,4.689403,1013.755,0.25,-472.6942,28.42414,0.27451,-0.6791,0,0.734,1000.504,0,1,0,0,-0.734,0,-0.6791,-447.168,0,0,0,1
90.57916,1000.68,0,-447.3315,1.718624,1.718624,4.758983,1013.755,0.25,-472.6942,28.19811,0.27451,-0.6797,0,0.7335,1000.68,0,1,0,0,-0.7335,0,-0.6797,-447.3315,0,0,0,1
90.59041,1001.031,0,-447.6579,1.735068,1.735068,4.832225,1013.755,0.25,-472.6942,27.74816,0.27451,-0.681,0,0.7323,1001.031,0,1,0,0,-0.7323,0,-0.681,-447.6579,0,0,0,1
90.60136,1001.206,0,-447.8208,1.743526,1.743526,4.883494,1013.755,0.25,-472.6942,27.52414,0.27451,-0.6816,0,0.7317,1001.206,0,1,0,0,-0.7317,0,-0.6816,-447.8208,0,0,0,1
90.61244,1001.381,0,-447.9835,1.749926,1.749926,4.949412,1013.755,0.25,-472.6942,27.30086,0.27451,-0.6822,0,0.7311,1001.381,0,1,0,0,-0.7311,0,-0.6822,-447.9835,0,0,0,1
90.6236,1001.554,0,-448.1459,1.756063,1.756063,5.000682,1013.755,0.25,-472.6942,27.07829,0.27451,-0.6829,0,0.7305,1001.554,0,1,0,0,-0.7305,0,-0.6829,-448.1459,0,0,0,1
90.6348,1001.728,0,-448.308,1.76236,1.76236,5.070262,1013.755,0.25,-472.6942,26.85645,0.27451,-0.6835,0,0.7299,1001.728,0,1,0,0,-0.7299,0,-0.6835,-448.308,0,0,0,1
90.64574,1001.9,0,-448.4701,1.768885,1.768885,5.099559,1013.755,0.25,-472.6942,26.63528,0.27451,-0.6842,0,0.7293,1001.9,0,1,0,0,-0.7293,0,-0.6842,-448.4701,0,0,0,1
90.65701,1002.072,0,-448.6318,1.771563,1.771563,5.169153,1013.755,0.25,-472.6942,26.41479,0.27451,-0.6848,0,0.7287,1002.072,0,1,0,0,-0.7287,0,-0.6848,-448.6318,0,0,0,1
90.66817,1002.244,0,-448.7934,1.773052,1.773052,5.24972,1013.755,0.25,-472.6942,26.19505,0.27451,-0.6855,0,0.7281,1002.244,0,1,0,0,-0.7281,0,-0.6855,-448.7934,0,0,0,1
90.67916,1002.415,0,-448.9547,1.774703,1.774703,5.344934,1013.755,0.25,-472.6942,25.97602,0.27451,-0.6862,0,0.7274,1002.415,0,1,0,0,-0.7274,0,-0.6862,-448.9547,0,0,0,1
90.69115,1002.755,0,-449.2767,1.775012,1.775012,5.487757,1013.755,0.25,-472.6942,25.54006,0.27451,-0.6876,0,0.7261,1002.755,0,1,0,0,-0.7261,0,-0.6876,-449.2767,0,0,0,1
90.70162,1002.925,0,-449.4373,1.772036,1.772036,5.681849,1013.755,0.25,-472.6942,25.3232,0.27451,-0.6883,0,0.7255,1002.925,0,1,0,0,-0.7255,0,-0.6883,-449.4373,0,0,0,1
90.71307,1003.094,0,-449.5978,1.769183,1.769183,5.824671,1013.755,0.25,-472.6942,25.10699,0.27451,-0.689,0,0.7248,1003.094,0,1,0,0,-0.7248,0,-0.689,-449.5978,0,0,0,1
90.72363,1003.262,0,-449.7581,1.766558,1.766558,6.040735,1013.755,0.25,-472.6942,24.89154,0.27451,-0.6898,0,0.724,1003.262,0,1,0,0,-0.724,0,-0.6898,-449.7581,0,0,0,1
90.73486,1003.429,0,-449.9182,1.761302,1.761302,6.344705,1013.755,0.25,-472.6942,24.67676,0.27451,-0.6906,0,0.7233,1003.429,0,1,0,0,-0.7233,0,-0.6906,-449.9182,0,0,0,1
90.74595,1003.596,0,-450.0781,1.754016,1.754016,6.641335,1013.755,0.25,-472.6942,24.46276,0.282353,-0.6914,0,0.7225,1003.596,0,1,0,0,-0.7225,0,-0.6914,-450.0781,0,0,0,1
90.75671,1003.763,0,-450.2379,1.746918,1.746918,7.066154,1013.755,0.25,-472.6942,24.24943,0.282353,-0.6923,0,0.7216,1003.763,0,1,0,0,-0.7216,0,-0.6923,-450.2379,0,0,0,1
90.76818,1003.929,0,-450.3974,1.740051,1.740051,7.450676,1013.755,0.25,-472.6942,24.03684,0.282353,-0.6932,0,0.7207,1003.929,0,1,0,0,-0.7207,0,-0.6932,-450.3974,0,0,0,1
90.77943,1004.094,0,-450.5568,1.731599,1.731599,7.952385,1013.755,0.25,-472.6942,23.82498,0.282353,-0.6942,0,0.7197,1004.094,0,1,0,0,-0.7197,0,-0.6942,-450.5568,0,0,0,1
90.79095,1004.423,0,-450.8751,1.709258,1.709258,8.487067,1013.755,0.25,-472.6942,23.40342,0.290196,-0.6964,0,0.7177,1004.423,0,1,0,0,-0.7177,0,-0.6964,-450.8751,0,0,0,1
90.80139,1004.586,0,-451.0341,1.698598,1.698598,9.149923,1013.755,0.25,-472.6942,23.19375,0.290196,-0.6975,0,0.7166,1004.586,0,1,0,0,-0.7166,0,-0.6975,-451.0341,0,0,0,1
90.81261,1004.748,0,-451.1929,1.687472,1.687472,9.516134,1013.755,0.25,-472.6942,22.98482,0.290196,-0.6987,0,0.7154,1004.748,0,1,0,0,-0.7154,0,-0.6987,-451.1929,0,0,0,1
90.8238,1004.91,0,-451.3516,1.672455,1.672455,9.944615,1013.755,0.25,-472.6942,22.77655,0.290196,-0.6999,0,0.7142,1004.91,0,1,0,0,-0.7142,0,-0.6999,-451.3516,0,0,0,1
90.83464,1005.072,0,-451.5101,1.657822,1.657822,10.42801,1013.755,0.25,-472.6942,22.56903,0.298039,-0.7012,0,0.7129,1005.072,0,1,0,0,-0.7129,0,-0.7012,-451.5101,0,0,0,1
90.8457,1005.232,0,-451.6686,1.643727,1.643727,10.79424,1013.755,0.25,-472.6942,22.36231,0.298039,-0.7026,0,0.7116,1005.232,0,1,0,0,-0.7116,0,-0.7026,-451.6686,0,0,0,1
90.85688,1005.392,0,-451.8269,1.629913,1.629913,11.1751,1013.755,0.25,-472.6942,22.15628,0.305882,-0.704,0,0.7102,1005.392,0,1,0,0,-0.7102,0,-0.704,-451.8269,0,0,0,1
90.87164,1005.709,0,-452.1433,1.594346,1.594346,11.64751,1013.755,0.25,-472.6942,21.74641,0.305882,-0.7069,0,0.7074,1005.709,0,1,0,0,-0.7074,0,-0.7069,-452.1433,0,0,0,1
90.88187,1005.867,0,-452.3013,1.577017,1.577017,11.9112,1013.755,0.25,-472.6942,21.54266,0.305882,-0.7083,0,0.7059,1005.867,0,1,0,0,-0.7059,0,-0.7083,-452.3013,0,0,0,1
90.89015,1006.023,0,-452.4593,1.560124,1.560124,12.1529,1013.755,0.25,-472.6942,21.3396,0.313726,-0.7098,0,0.7044,1006.023,0,1,0,0,-0.7044,0,-0.7098,-452.4593,0,0,0,1
90.9013,1006.179,0,-452.6171,1.540878,1.540878,12.32868,1013.755,0.25,-472.6942,21.13733,0.313726,-0.7113,0,0.7029,1006.179,0,1,0,0,-0.7029,0,-0.7113,-452.6171,0,0,0,1
90.91237,1006.334,0,-452.7748,1.520076,1.520076,12.607,1013.755,0.25,-472.6942,20.93582,0.313726,-0.7129,0,0.7013,1006.334,0,1,0,0,-0.7013,0,-0.7129,-452.7748,0,0,0,1
90.92332,1006.489,0,-452.9324,1.499709,1.499709,12.80843,1013.755,0.25,-472.6942,20.73501,0.313726,-0.7144,0,0.6997,1006.489,0,1,0,0,-0.6997,0,-0.7144,-452.9324,0,0,0,1
90.9346,1006.642,0,-453.0899,1.479934,1.479934,13.04646,1013.755,0.25,-472.6942,20.53509,0.321569,-0.716,0,0.6981,1006.642,0,1,0,0,-0.6981,0,-0.716,-453.0899,0,0,0,1
90.94561,1006.795,0,-453.2473,1.459731,1.459731,13.23689,1013.755,0.25,-472.6942,20.33587,0.321569,-0.7176,0,0.6964,1006.795,0,1,0,0,-0.6964,0,-0.7176,-453.2473,0,0,0,1
90.95663,1006.947,0,-453.4046,1.436146,1.436146,13.45662,1013.755,0.25,-472.6942,20.1375,0.329412,-0.7193,0,0.6947,1006.947,0,1,0,0,-0.6947,0,-0.7193,-453.4046,0,0,0,1
90.96815,1007.098,0,-453.5618,1.413,1.413,13.74228,1013.755,0.25,-472.6942,19.93987,0.329412,-0.7209,0,0.693,1007.098,0,1,0,0,-0.693,0,-0.7209,-453.5618,0,0,0,1
90.97902,1007.248,0,-453.7189,1.390514,1.390514,13.93637,1013.755,0.25,-472.6942,19.74303,0.337255,-0.7226,0,0.6912,1007.248,0,1,0,0,-0.6912,0,-0.7226,-453.7189,0,0,0,1
90.99,1007.398,0,-453.8758,1.368537,1.368537,14.20004,1013.755,0.25,-472.6942,19.54703,0.345098,-0.7243,0,0.6894,1007.398,0,1,0,0,-0.6894,0,-0.7243,-453.8758,0,0,0,1
91.00124,1007.694,0,-454.1894,1.318223,1.318223,14.53331,1013.755,0.25,-472.6942,19.15754,0.352941,-0.7278,0,0.6858,1007.694,0,1,0,0,-0.6858,0,-0.7278,-454.1894,0,0,0,1
91.01235,1007.841,0,-454.3459,1.293175,1.293175,14.89586,1013.755,0.25,-472.6942,18.96401,0.352941,-0.7296,0,0.6839,1007.841,0,1,0,0,-0.6839,0,-0.7296,-454.3459,0,0,0,1
91.02342,1007.987,0,-454.5024,1.26886,1.26886,15.22545,1013.755,0.25,-472.6942,18.77136,0.352941,-0.7314,0,0.6819,1007.987,0,1,0,0,-0.6819,0,-0.7314,-454.5024,0,0,0,1
91.0345,1008.132,0,-454.6588,1.244307,1.244307,15.7821,1013.755,0.25,-472.6942,18.57953,0.352941,-0.7333,0,0.6799,1008.132,0,1,0,0,-0.6799,0,-0.7333,-454.6588,0,0,0,1
91.04577,1008.276,0,-454.815,1.21645,1.21645,15.98718,1013.755,0.25,-472.6942,18.38856,0.352941,-0.7352,0,0.6779,1008.276,0,1,0,0,-0.6779,0,-0.7352,-454.815,0,0,0,1
91.05669,1008.419,0,-454.9711,1.189357,1.189357,16.401,1013.755,0.25,-472.6942,18.19843,0.352941,-0.7371,0,0.6758,1008.419,0,1,0,0,-0.6758,0,-0.7371,-454.9711,0,0,0,1
91.06805,1008.561,0,-455.1271,1.162847,1.162847,16.74159,1013.755,0.25,-472.6942,18.0091,0.360784,-0.7391,0,0.6736,1008.561,0,1,0,0,-0.6736,0,-0.7391,-455.1271,0,0,0,1
91.07891,1008.702,0,-455.283,1.137004,1.137004,17.14442,1013.755,0.25,-472.6942,17.82067,0.360784,-0.7411,0,0.6714,1008.702,0,1,0,0,-0.6714,0,-0.7411,-455.283,0,0,0,1
91.09013,1008.982,0,-455.5945,1.080329,1.080329,17.46304,1013.755,0.25,-472.6942,17.44633,0.360784,-0.7452,0,0.6669,1008.982,0,1,0,0,-0.6669,0,-0.7452,-455.5945,0,0,0,1
91.10111,1009.12,0,-455.7501,1.051914,1.051914,17.86587,1013.755,0.25,-472.6942,17.26048,0.360784,-0.7473,0,0.6645,1009.12,0,1,0,0,-0.6645,0,-0.7473,-455.7501,0,0,0,1
91.11217,1009.258,0,-455.9055,1.024272,1.024272,18.19912,1013.755,0.25,-472.6942,17.07544,0.360784,-0.7494,0,0.6621,1009.258,0,1,0,0,-0.6621,0,-0.7494,-455.9055,0,0,0,1
91.12328,1009.394,0,-456.0609,0.997285,0.997285,18.58732,1013.755,0.25,-472.6942,16.89132,0.360784,-0.7515,0,0.6597,1009.394,0,1,0,0,-0.6597,0,-0.7515,-456.0609,0,0,0,1
91.13432,1009.529,0,-456.2162,0.967493,0.967493,19.06706,1013.755,0.25,-472.6942,16.70798,0.360784,-0.7537,0,0.6572,1009.529,0,1,0,0,-0.6572,0,-0.7537,-456.2162,0,0,0,1
91.14563,1009.664,0,-456.3714,0.937565,0.937565,19.33441,1013.755,0.25,-472.6942,16.52552,0.360784,-0.7559,0,0.6547,1009.664,0,1,0,0,-0.6547,0,-0.7559,-456.3714,0,0,0,1
91.15672,1009.797,0,-456.5266,0.908326,0.908326,19.74456,1013.755,0.25,-472.6942,16.34387,0.360784,-0.7582,0,0.6521,1009.797,0,1,0,0,-0.6521,0,-0.7582,-456.5266,0,0,0,1
91.16843,1009.93,0,-456.6815,0.87988,0.87988,20.09613,1013.755,0.25,-472.6942,16.16315,0.360784,-0.7605,0,0.6494,1009.93,0,1,0,0,-0.6494,0,-0.7605,-456.6815,0,0,0,1
91.17891,1010.061,0,-456.8365,0.852281,0.852281,20.53193,1013.755,0.25,-472.6942,15.98324,0.360784,-0.7628,0,0.6467,1010.061,0,1,0,0,-0.6467,0,-0.7628,-456.8365,0,0,0,1
91.19009,1010.32,0,-457.1462,0.790603,0.790603,20.91279,1013.755,0.25,-472.6942,15.626,0.360784,-0.7675,0,0.6411,1010.32,0,1,0,0,-0.6411,0,-0.7675,-457.1462,0,0,0,1
91.20435,1010.449,0,-457.3009,0.760917,0.760917,21.53536,1013.755,0.25,-472.6942,15.44871,0.360784,-0.7699,0,0.6382,1010.449,0,1,0,0,-0.6382,0,-0.7699,-457.3009,0,0,0,1
91.21528,1010.576,0,-457.4556,0.732012,0.732012,21.91988,1013.755,0.25,-472.6942,15.27218,0.360784,-0.7723,0,0.6352,1010.576,0,1,0,0,-0.6352,0,-0.7723,-457.4556,0,0,0,1
91.2234,1010.702,0,-457.6102,0.703934,0.703934,22.38132,1013.755,0.25,-472.6942,15.09652,0.360784,-0.7748,0,0.6322,1010.702,0,1,0,0,-0.6322,0,-0.7748,-457.6102,0,0,0,1
91.23447,1010.827,0,-457.7647,0.672373,0.672373,22.68894,1013.755,0.25,-472.6942,14.92181,0.360784,-0.7773,0,0.6291,1010.827,0,1,0,0,-0.6291,0,-0.7773,-457.7647,0,0,0,1
91.2457,1010.951,0,-457.9192,0.641574,0.641574,23.02953,1013.755,0.25,-472.6942,14.74784,0.360784,-0.7798,0,0.626,1010.951,0,1,0,0,-0.626,0,-0.7798,-457.9192,0,0,0,1
91.25681,1011.074,0,-458.0736,0.611747,0.611747,23.43237,1013.755,0.25,-472.6942,14.57477,0.360784,-0.7824,0,0.6228,1011.074,0,1,0,0,-0.6228,0,-0.7824,-458.0736,0,0,0,1
91.26813,1011.196,0,-458.228,0.582808,0.582808,23.74731,1013.755,0.25,-472.6942,14.40259,0.360784,-0.7849,0,0.6196,1011.196,0,1,0,0,-0.6196,0,-0.7849,-458.228,0,0,0,1
91.27918,1011.317,0,-458.3823,0.554806,0.554806,24.09888,1013.755,0.25,-472.6942,14.23122,0.360784,-0.7875,0,0.6163,1011.317,0,1,0,0,-0.6163,0,-0.7875,-458.3823,0,0,0,1
91.29074,1011.555,0,-458.6907,0.4929,0.4929,24.42115,1013.755,0.25,-472.6942,13.89115,0.360784,-0.7928,0,0.6095,1011.555,0,1,0,0,-0.6095,0,-0.7928,-458.6907,0,0,0,1
91.30188,1011.672,0,-458.8448,0.46324,0.46324,24.84963,1013.755,0.25,-472.6942,13.72237,0.360784,-0.7954,0,0.6061,1011.672,0,1,0,0,-0.6061,0,-0.7954,-458.8448,0,0,0,1
91.31243,1011.789,0,-458.9988,0.434556,0.434556,24.99611,1013.755,0.25,-472.6942,13.55453,0.360784,-0.798,0,0.6026,1011.789,0,1,0,0,-0.6026,0,-0.798,-458.9988,0,0,0,1
91.32357,1011.904,0,-459.1529,0.406698,0.406698,25.25612,1013.755,0.25,-472.6942,13.38748,0.360784,-0.8007,0,0.5991,1011.904,0,1,0,0,-0.5991,0,-0.8007,-459.1529,0,0,0,1
91.33466,1012.018,0,-459.3068,0.376377,0.376377,25.52712,1013.755,0.25,-472.6942,13.22131,0.360784,-0.8033,0,0.5955,1012.018,0,1,0,0,-0.5955,0,-0.8033,-459.3068,0,0,0,1
91.34592,1012.131,0,-459.4606,0.346196,0.346196,25.78348,1013.755,0.25,-472.6942,13.05612,0.360784,-0.806,0,0.5919,1012.131,0,1,0,0,-0.5919,0,-0.806,-459.4606,0,0,0,1
91.35667,1012.243,0,-459.6144,0.31684,0.31684,26.08011,1013.755,0.25,-472.6942,12.89174,0.360784,-0.8087,0,0.5882,1012.243,0,1,0,0,-0.5882,0,-0.8087,-459.6144,0,0,0,1
91.36811,1012.353,0,-459.7681,0.288624,0.288624,26.36209,1013.755,0.25,-472.6942,12.72831,0.360784,-0.8114,0,0.5845,1012.353,0,1,0,0,-0.5845,0,-0.8114,-459.7681,0,0,0,1
91.3791,1012.463,0,-459.9218,0.261319,0.261319,26.59647,1013.755,0.25,-472.6942,12.56576,0.360784,-0.8141,0,0.5807,1012.463,0,1,0,0,-0.5807,0,-0.8141,-459.9218,0,0,0,1
91.39022,1012.679,0,-460.2288,0.203121,0.203121,26.81255,1013.755,0.25,-472.6942,12.24335,0.360784,-0.8195,0,0.5731,1012.679,0,1,0,0,-0.5731,0,-0.8195,-460.2288,0,0,0,1
91.40119,1012.785,0,-460.3822,0.174434,0.174434,27.06157,1013.755,0.25,-472.6942,12.0835,0.360784,-0.8222,0,0.5692,1012.785,0,1,0,0,-0.5692,0,-0.8222,-460.3822,0,0,0,1
91.41257,1012.89,0,-460.5355,0.146698,0.146698,27.29595,1013.755,0.25,-472.6942,11.92463,0.360784,-0.8249,0,0.5653,1012.89,0,1,0,0,-0.5653,0,-0.8249,-460.5355,0,0,0,1
91.4234,1012.994,0,-460.6887,0.119971,0.119971,27.46807,1013.755,0.25,-472.6942,11.76667,0.360784,-0.8276,0,0.5613,1012.994,0,1,0,0,-0.5613,0,-0.8276,-460.6887,0,0,0,1
91.43472,1013.097,0,-460.8417,0.093787,0.093787,27.65483,1013.755,0.25,-472.6942,11.60967,0.360784,-0.8303,0,0.5573,1013.097,0,1,0,0,-0.5573,0,-0.8303,-460.8417,0,0,0,1
91.44566,1013.198,0,-460.9948,0.064936,0.064936,27.77936,1013.755,0.25,-472.6942,11.45358,0.360784,-0.833,0,0.5533,1013.198,0,1,0,0,-0.5533,0,-0.833,-460.9948,0,0,0,1
91.45683,1013.299,0,-461.1476,0.0369,0.0369,27.89655,1013.755,0.25,-472.6942,11.29846,0.360784,-0.8357,0,0.5492,1013.299,0,1,0,0,-0.5492,0,-0.8357,-461.1476,0,0,0,1
91.46802,1013.398,0,-461.3004,0.009997,0.009997,27.99176,1013.755,0.25,-472.6942,11.14431,0.360784,-0.8384,0,0.5451,1013.398,0,1,0,0,-0.5451,0,-0.8384,-461.3004,0,0,0,1
91.4797,1013.496,0,-461.4531,0.016033,-0.016033,28.03937,1013.755,0.25,-472.6942,10.99115,0.360784,-0.841,0,0.541,1013.496,0,1,0,0,-0.541,0,-0.841,-461.4531,0,0,0,1
91.49055,1013.689,0,-461.758,0.067261,-0.067261,28.08698,1013.755,0.25,-472.6942,10.68625,0.360784,-0.8463,0,0.5327,1013.689,0,1,0,0,-0.5327,0,-0.8463,-461.758,0,0,0,1
91.50125,1013.784,0,-461.9102,0.094551,-0.094551,28.09064,1013.755,0.25,-472.6942,10.53403,0.360784,-0.8489,0,0.5286,1013.784,0,1,0,0,-0.5286,0,-0.8489,-461.9102,0,0,0,1
91.51283,1013.878,0,-462.0623,0.12072,-0.12072,28.09064,1013.755,0.25,-472.6942,10.38196,0.360784,-0.8515,0,0.5244,1013.878,0,1,0,0,-0.5244,0,-0.8515,-462.0623,0,0,0,1
91.5235,1013.97,0,-462.2142,0.145888,-0.145888,28.09064,1013.755,0.25,-472.6942,10.23004,0.360784,-0.854,0,0.5202,1013.97,0,1,0,0,-0.5202,0,-0.854,-462.2142,0,0,0,1
91.53776,1014.062,0,-462.3659,0.17018,-0.17018,28.09064,1013.755,0.25,-472.6942,10.07847,0.360784,-0.8566,0,0.516,1014.062,0,1,0,0,-0.516,0,-0.8566,-462.3659,0,0,0,1
91.54929,1014.152,0,-462.5175,0.193482,-0.193482,28.09064,1013.755,0.25,-472.6942,9.927782,0.360784,-0.8591,0,0.5118,1014.152,0,1,0,0,-0.5118,0,-0.8591,-462.5175,0,0,0,1
91.55685,1014.241,0,-462.6689,0.219259,-0.219259,28.09064,1013.755,0.25,-472.6942,9.778147,0.360784,-0.8616,0,0.5076,1014.241,0,1,0,0,-0.5076,0,-0.8616,-462.6689,0,0,0,1
91.56784,1014.329,0,-462.8201,0.244709,-0.244709,28.09064,1013.755,0.25,-472.6942,9.629538,0.360784,-0.8641,0,0.5034,1014.329,0,1,0,0,-0.5034,0,-0.8641,-462.8201,0,0,0,1
91.57895,1014.416,0,-462.9712,0.269181,-0.269181,28.09064,1013.755,0.25,-472.6942,9.481965,0.360784,-0.8665,0,0.4991,1014.416,0,1,0,0,-0.4991,0,-0.8665,-462.9712,0,0,0,1
91.59021,1014.587,0,-463.2726,0.315278,-0.315278,28.09064,1013.755,0.25,-472.6942,9.190057,0.360784,-0.8714,0,0.4906,1014.587,0,1,0,0,-0.4906,0,-0.8714,-463.2726,0,0,0,1
91.60123,1014.671,0,-463.423,0.33696,-0.33696,28.09064,1013.755,0.25,-472.6942,9.045743,0.360784,-0.8738,0,0.4863,1014.671,0,1,0,0,-0.4863,0,-0.8738,-463.423,0,0,0,1
91.61236,1014.753,0,-463.5732,0.361732,-0.361732,28.09064,1013.755,0.25,-472.6942,8.902547,0.360784,-0.8761,0,0.4821,1014.753,0,1,0,0,-0.4821,0,-0.8761,-463.5732,0,0,0,1
91.62344,1014.835,0,-463.7231,0.385332,-0.385332,28.09064,1013.755,0.25,-472.6942,8.760487,0.360784,-0.8785,0,0.4778,1014.835,0,1,0,0,-0.4778,0,-0.8785,-463.7231,0,0,0,1
91.6346,1014.915,0,-463.8728,0.408212,-0.408212,28.0943,1013.755,0.25,-472.6942,8.619609,0.360784,-0.8808,0,0.4734,1014.915,0,1,0,0,-0.4734,0,-0.8808,-463.8728,0,0,0,1
91.64563,1014.995,0,-464.0222,0.430168,-0.430168,28.11627,1013.755,0.25,-472.6942,8.479912,0.360784,-0.8831,0,0.4691,1014.995,0,1,0,0,-0.4691,0,-0.8831,-464.0222,0,0,0,1
91.65682,1015.073,0,-464.1714,0.451142,-0.451142,28.16388,1013.755,0.25,-472.6942,8.34141,0.360784,-0.8854,0,0.4648,1015.073,0,1,0,0,-0.4648,0,-0.8854,-464.1714,0,0,0,1
91.66818,1015.15,0,-464.3204,0.471281,-0.471281,28.23346,1013.755,0.25,-472.6942,8.204127,0.360784,-0.8877,0,0.4604,1015.15,0,1,0,0,-0.4604,0,-0.8877,-464.3204,0,0,0,1
91.67957,1015.226,0,-464.4691,0.494252,-0.494252,28.3067,1013.755,0.25,-472.6942,8.068105,0.360784,-0.89,0,0.456,1015.226,0,1,0,0,-0.456,0,-0.89,-464.4691,0,0,0,1
91.69012,1015.376,0,-464.7656,0.537573,-0.537573,28.40192,1013.755,0.25,-472.6942,7.799931,0.360784,-0.8945,0,0.4472,1015.376,0,1,0,0,-0.4472,0,-0.8945,-464.7656,0,0,0,1
91.70107,1015.448,0,-464.9135,0.557799,-0.557799,28.56671,1013.755,0.25,-472.6942,7.66781,0.360784,-0.8967,0,0.4427,1015.448,0,1,0,0,-0.4427,0,-0.8967,-464.9135,0,0,0,1
91.71233,1015.521,0,-465.061,0.577244,-0.577244,28.62166,1013.755,0.25,-472.6942,7.537064,0.360784,-0.8989,0,0.4382,1015.521,0,1,0,0,-0.4382,0,-0.8989,-465.061,0,0,0,1
91.7238,1015.591,0,-465.2083,0.595705,-0.595705,28.78279,1013.755,0.25,-472.6942,7.407714,0.360784,-0.9011,0,0.4337,1015.591,0,1,0,0,-0.4337,0,-0.9011,-465.2083,0,0,0,1
91.73465,1015.661,0,-465.3553,0.616373,-0.616373,28.95125,1013.755,0.25,-472.6942,7.279755,0.360784,-0.9032,0,0.4291,1015.661,0,1,0,0,-0.4291,0,-0.9032,-465.3553,0,0,0,1
91.74567,1015.73,0,-465.502,0.636723,-0.636723,29.09041,1013.755,0.25,-472.6942,7.15324,0.360784,-0.9054,0,0.4245,1015.73,0,1,0,0,-0.4245,0,-0.9054,-465.502,0,0,0,1
91.75648,1015.798,0,-465.6484,0.656284,-0.656284,29.26619,1013.755,0.25,-472.6942,7.028227,0.360784,-0.9076,0,0.4199,1015.798,0,1,0,0,-0.4199,0,-0.9076,-465.6484,0,0,0,1
91.76802,1015.864,0,-465.7945,0.674821,-0.674821,29.43098,1013.755,0.25,-472.6942,6.904718,0.360784,-0.9097,0,0.4152,1015.864,0,1,0,0,-0.4152,0,-0.9097,-465.7945,0,0,0,1
91.77897,1015.93,0,-465.9402,0.69251,-0.69251,29.61044,1013.755,0.25,-472.6942,6.782789,0.345098,-0.9118,0,0.4105,1015.93,0,1,0,0,-0.4105,0,-0.9118,-465.9402,0,0,0,1
91.79017,1016.058,0,-466.2309,0.726756,-0.726756,29.84482,1013.755,0.25,-472.6942,6.543674,0.345098,-0.9161,0,0.401,1016.058,0,1,0,0,-0.401,0,-0.9161,-466.2309,0,0,0,1
91.80158,1016.121,0,-466.3758,0.745442,-0.745442,29.96567,1013.755,0.25,-472.6942,6.426572,0.345098,-0.9182,0,0.3962,1016.121,0,1,0,0,-0.3962,0,-0.9182,-466.3758,0,0,0,1
91.81213,1016.182,0,-466.5203,0.763153,-0.763153,30.1561,1013.755,0.25,-472.6942,6.311181,0.345098,-0.9202,0,0.3914,1016.182,0,1,0,0,-0.3914,0,-0.9202,-466.5203,0,0,0,1
91.82343,1016.242,0,-466.6646,0.779966,-0.779966,30.27695,1013.755,0.25,-472.6942,6.197533,0.345098,-0.9223,0,0.3865,1016.242,0,1,0,0,-0.3865,0,-0.9223,-466.6646,0,0,0,1
91.83422,1016.302,0,-466.8085,0.796007,-0.796007,30.4454,1013.755,0.25,-472.6942,6.085775,0.345098,-0.9243,0,0.3816,1016.302,0,1,0,0,-0.3816,0,-0.9243,-466.8085,0,0,0,1
91.84573,1016.36,0,-466.9521,0.810955,-0.810955,30.56627,1013.755,0.25,-472.6942,5.975753,0.345098,-0.9263,0,0.3767,1016.36,0,1,0,0,-0.3767,0,-0.9263,-466.9521,0,0,0,1
91.85664,1016.418,0,-467.0954,0.82507,-0.82507,30.70177,1013.755,0.25,-472.6942,5.867697,0.337255,-0.9284,0,0.3717,1016.418,0,1,0,0,-0.3717,0,-0.9284,-467.0954,0,0,0,1
91.87118,1016.529,0,-467.381,0.85757,-0.85757,30.80797,1013.755,0.25,-472.6942,5.657567,0.337255,-0.9323,0,0.3617,1016.529,0,1,0,0,-0.3617,0,-0.9323,-467.381,0,0,0,1
91.88162,1016.584,0,-467.5233,0.872571,-0.872571,30.87755,1013.755,0.25,-472.6942,5.555551,0.337255,-0.9342,0,0.3567,1016.584,0,1,0,0,-0.3567,0,-0.9342,-467.5233,0,0,0,1
91.89007,1016.637,0,-467.6652,0.886807,-0.886807,30.90318,1013.755,0.25,-472.6942,5.455787,0.337255,-0.9361,0,0.3516,1016.637,0,1,0,0,-0.3516,0,-0.9361,-467.6652,0,0,0,1
91.9012,1016.689,0,-467.8068,0.900077,-0.900077,30.92149,1013.755,0.25,-472.6942,5.358199,0.337255,-0.938,0,0.3466,1016.689,0,1,0,0,-0.3466,0,-0.938,-467.8068,0,0,0,1
91.91224,1016.741,0,-467.948,0.912454,-0.912454,30.92149,1013.755,0.25,-472.6942,5.262936,0.337255,-0.9399,0,0.3415,1016.741,0,1,0,0,-0.3415,0,-0.9399,-467.948,0,0,0,1
91.92336,1016.791,0,-468.0889,0.9245,-0.9245,30.92149,1013.755,0.25,-472.6942,5.170011,0.329412,-0.9417,0,0.3364,1016.791,0,1,0,0,-0.3364,0,-0.9417,-468.0889,0,0,0,1
91.9348,1016.841,0,-468.2295,0.9388,-0.9388,30.92149,1013.755,0.25,-472.6942,5.079627,0.329412,-0.9435,0,0.3313,1016.841,0,1,0,0,-0.3313,0,-0.9435,-468.2295,0,0,0,1
91.94569,1016.889,0,-468.3696,0.952024,-0.952024,30.92149,1013.755,0.25,-472.6942,4.991736,0.329412,-0.9453,0,0.3262,1016.889,0,1,0,0,-0.3262,0,-0.9453,-468.3696,0,0,0,1
91.95669,1016.936,0,-468.5095,0.964482,-0.964482,30.92149,1013.755,0.25,-472.6942,4.906447,0.329412,-0.947,0,0.3211,1016.936,0,1,0,0,-0.3211,0,-0.947,-468.5095,0,0,0,1
91.96795,1016.983,0,-468.6489,0.976049,-0.976049,30.92149,1013.755,0.25,-472.6942,4.823904,0.321569,-0.9488,0,0.316,1016.983,0,1,0,0,-0.316,0,-0.9488,-468.6489,0,0,0,1
91.97901,1017.028,0,-468.7879,0.98679,-0.98679,30.92149,1013.755,0.25,-472.6942,4.744113,0.321569,-0.9504,0,0.3109,1017.028,0,1,0,0,-0.3109,0,-0.9504,-468.7879,0,0,0,1
91.99001,1017.116,0,-469.065,1.006391,-1.006391,30.92149,1013.755,0.25,-472.6942,4.593288,0.313726,-0.9537,0,0.3006,1017.116,0,1,0,0,-0.3006,0,-0.9537,-469.065,0,0,0,1
92.00109,1017.159,0,-469.2029,1.017929,-1.017929,30.92149,1013.755,0.25,-472.6942,4.522385,0.313726,-0.9554,0,0.2955,1017.159,0,1,0,0,-0.2955,0,-0.9554,-469.2029,0,0,0,1
92.01221,1017.201,0,-469.3405,1.028708,-1.028708,30.92149,1013.755,0.25,-472.6942,4.454632,0.305882,-0.9569,0,0.2903,1017.201,0,1,0,0,-0.2903,0,-0.9569,-469.3405,0,0,0,1
92.0232,1017.242,0,-469.4778,1.038721,-1.038721,30.92149,1013.755,0.25,-472.6942,4.390163,0.298039,-0.9585,0,0.2851,1017.242,0,1,0,0,-0.2851,0,-0.9585,-469.4778,0,0,0,1
92.03433,1017.281,0,-469.6147,1.047849,-1.047849,30.92149,1013.755,0.25,-472.6942,4.328974,0.298039,-0.96,0,0.28,1017.281,0,1,0,0,-0.28,0,-0.96,-469.6147,0,0,0,1
92.04555,1017.32,0,-469.7512,1.056217,-1.056217,30.92149,1013.755,0.25,-472.6942,4.271229,0.290196,-0.9615,0,0.2748,1017.32,0,1,0,0,-0.2748,0,-0.9615,-469.7512,0,0,0,1
92.05643,1017.359,0,-469.8873,1.06376,-1.06376,30.92149,1013.755,0.25,-472.6942,4.216979,0.290196,-0.963,0,0.2696,1017.359,0,1,0,0,-0.2696,0,-0.963,-469.8873,0,0,0,1
92.0677,1017.396,0,-470.0231,1.07061,-1.07061,30.92149,1013.755,0.25,-472.6942,4.16629,0.282353,-0.9644,0,0.2644,1017.396,0,1,0,0,-0.2644,0,-0.9644,-470.0231,0,0,0,1
