time,pos_x,pos_y,pos_z,distFromRoadCenter,signedDistFromRoadCenter,wheelAngle,obstacle_pos_x,obstacle_pos_y,obstacle_pos_z,distance_to_obstacle,brake_position,simplecar_4x4_R0C0,simplecar_4x4_R0C1,simplecar_4x4_R0C2,simplecar_4x4_R0C3,simplecar_4x4_R1C0,simplecar_4x4_R1C1,simplecar_4x4_R1C2,simplecar_4x4_R1C3,simplecar_4x4_R2C0,simplecar_4x4_R2C1,simplecar_4x4_R2C2,simplecar_4x4_R2C3,simplecar_4x4_R3C0,simplecar_4x4_R3C1,simplecar_4x4_R3C2,simplecar_4x4_R3C3
218.4443,-24.20164,0,-1436.28,2.444281,2.444281,0.426636,-52.41437,0.25,-1485.806,56.65699,0,-0.9334,0,-0.3589,-24.2016,0,1,0,0,0.3589,0,-0.9334,-1436.28,0,0,0,1
218.4554,-24.29139,0,-1436.514,2.440923,2.440923,0.426636,-52.41437,0.25,-1485.806,56.40982,0,-0.9333,0,-0.359,-24.2914,0,1,0,0,0.359,0,-0.9333,-1436.514,0,0,0,1
218.4665,-24.38116,0,-1436.747,2.43759,2.43759,0.426636,-52.41437,0.25,-1485.806,56.16267,0,-0.9333,0,-0.3591,-24.3812,0,1,0,0,0.3591,0,-0.9333,-1436.747,0,0,0,1
218.4819,-24.56074,0,-1437.213,2.430921,2.430921,0.426636,-52.41437,0.25,-1485.806,55.66842,0,-0.9333,0,-0.3592,-24.5607,0,1,0,0,0.3592,0,-0.9333,-1437.213,0,0,0,1
218.4926,-24.65056,0,-1437.447,2.427592,2.427592,0.426636,-52.41437,0.25,-1485.806,55.4212,0,-0.9332,0,-0.3593,-24.6506,0,1,0,0,0.3593,0,-0.9332,-1437.447,0,0,0,1
218.5009,-24.7404,0,-1437.68,2.424314,2.424314,0.426636,-52.41437,0.25,-1485.806,55.17412,0,-0.9332,0,-0.3593,-24.7404,0,1,0,0,0.3593,0,-0.9332,-1437.68,0,0,0,1
218.511,-24.83025,0,-1437.913,2.421136,2.421136,0.426636,-52.41437,0.25,-1485.806,54.92716,0,-0.9332,0,-0.3594,-24.8303,0,1,0,0,0.3594,0,-0.9332,-1437.913,0,0,0,1
218.5222,-24.92012,0,-1438.146,2.417886,2.417886,0.426636,-52.41437,0.25,-1485.806,54.68011,0,-0.9332,0,-0.3595,-24.9201,0,1,0,0,0.3595,0,-0.9332,-1438.146,0,0,0,1
218.5334,-25.01001,0,-1438.38,2.414651,2.414651,0.426636,-52.41437,0.25,-1485.806,54.43307,0,-0.9331,0,-0.3596,-25.01,0,1,0,0,0.3596,0,-0.9331,-1438.38,0,0,0,1
218.5445,-25.09991,0,-1438.613,2.411429,2.411429,0.426636,-52.41437,0.25,-1485.806,54.18606,0,-0.9331,0,-0.3596,-25.0999,0,1,0,0,0.3596,0,-0.9331,-1438.613,0,0,0,1
218.5558,-25.18984,0,-1438.846,2.408222,2.408222,0.426636,-52.41437,0.25,-1485.806,53.93907,0,-0.9331,0,-0.3597,-25.1898,0,1,0,0,0.3597,0,-0.9331,-1438.846,0,0,0,1
218.5671,-25.27978,0,-1439.08,2.405075,2.405075,0.426636,-52.41437,0.25,-1485.806,53.69209,0,-0.933,0,-0.3598,-25.2798,0,1,0,0,0.3598,0,-0.933,-1439.08,0,0,0,1
218.5822,-25.45971,0,-1439.546,2.398729,2.398729,0.426636,-52.41437,0.25,-1485.806,53.1982,0,-0.933,0,-0.3599,-25.4597,0,1,0,0,0.3599,0,-0.933,-1439.546,0,0,0,1
218.5899,-25.45971,0,-1439.546,2.398729,2.398729,0.426636,-52.41437,0.25,-1485.806,53.1982,0,-0.933,0,-0.3599,-25.4597,0,1,0,0,0.3599,0,-0.933,-1439.546,0,0,0,1
218.6011,-25.63971,0,-1440.013,2.392528,2.392528,0.422974,-52.41437,0.25,-1485.806,52.70439,0,-0.9329,0,-0.36,-25.6397,0,1,0,0,0.36,0,-0.9329,-1440.013,0,0,0,1
218.6123,-25.72974,0,-1440.246,2.389443,2.389443,0.422974,-52.41437,0.25,-1485.806,52.45762,0,-0.9329,0,-0.3601,-25.7297,0,1,0,0,0.3601,0,-0.9329,-1440.246,0,0,0,1
218.6236,-25.81979,0,-1440.479,2.38634,2.38634,0.422974,-52.41437,0.25,-1485.806,52.21066,0,-0.9329,0,-0.3602,-25.8198,0,1,0,0,0.3602,0,-0.9329,-1440.479,0,0,0,1
218.6349,-25.90985,0,-1440.712,2.383327,2.383327,0.422974,-52.41437,0.25,-1485.806,51.96394,0,-0.9329,0,-0.3602,-25.9099,0,1,0,0,0.3602,0,-0.9329,-1440.712,0,0,0,1
218.6455,-25.99993,0,-1440.946,2.380284,2.380284,0.415649,-52.41437,0.25,-1485.806,51.71724,0,-0.9328,0,-0.3603,-25.9999,0,1,0,0,0.3603,0,-0.9328,-1440.946,0,0,0,1
218.6566,-26.09002,0,-1441.179,2.377298,2.377298,0.393677,-52.41437,0.25,-1485.806,51.47056,0,-0.9328,0,-0.3604,-26.09,0,1,0,0,0.3604,0,-0.9328,-1441.179,0,0,0,1
218.668,-26.18013,0,-1441.412,2.374322,2.374322,0.349731,-52.41437,0.25,-1485.806,51.2239,0,-0.9328,0,-0.3604,-26.1801,0,1,0,0,0.3604,0,-0.9328,-1441.412,0,0,0,1
218.679,-26.27025,0,-1441.645,2.371358,2.371358,0.2948,-52.41437,0.25,-1485.806,50.97728,0,-0.9328,0,-0.3605,-26.2703,0,1,0,0,0.3605,0,-0.9328,-1441.645,0,0,0,1
218.6898,-26.36038,0,-1441.878,2.3684,2.3684,0.232544,-52.41437,0.25,-1485.806,50.73067,0,-0.9328,0,-0.3605,-26.3604,0,1,0,0,0.3605,0,-0.9328,-1441.878,0,0,0,1
218.7012,-26.54066,0,-1442.344,2.362503,2.362503,0.177612,-52.41437,0.25,-1485.806,50.23756,0,-0.9327,0,-0.3606,-26.5407,0,1,0,0,0.3606,0,-0.9327,-1442.344,0,0,0,1
218.7123,-26.63081,0,-1442.578,2.359645,2.359645,0.111694,-52.41437,0.25,-1485.806,49.99115,0,-0.9327,0,-0.3606,-26.6308,0,1,0,0,0.3606,0,-0.9327,-1442.578,0,0,0,1
218.7233,-26.72096,0,-1442.811,2.356621,2.356621,0.042114,-52.41437,0.25,-1485.806,49.74457,0,-0.9327,0,-0.3606,-26.721,0,1,0,0,0.3606,0,-0.9327,-1442.811,0,0,0,1
218.7347,-26.81111,0,-1443.044,2.353675,2.353675,-0.042114,-52.41437,0.25,-1485.806,49.49813,0,-0.9327,0,-0.3606,-26.8111,0,1,0,0,0.3606,0,-0.9327,-1443.044,0,0,0,1
218.7455,-26.90125,0,-1443.277,2.350733,2.350733,-0.08606,-52.41437,0.25,-1485.806,49.25173,0,-0.9327,0,-0.3606,-26.9013,0,1,0,0,0.3606,0,-0.9327,-1443.277,0,0,0,1
218.7567,-26.9914,0,-1443.51,2.347831,2.347831,-0.115356,-52.41437,0.25,-1485.806,49.00537,0,-0.9327,0,-0.3606,-26.9914,0,1,0,0,0.3606,0,-0.9327,-1443.51,0,0,0,1
218.7678,-27.08153,0,-1443.743,2.344874,2.344874,-0.159302,-52.41437,0.25,-1485.806,48.75904,0,-0.9327,0,-0.3605,-27.0815,0,1,0,0,0.3605,0,-0.9327,-1443.743,0,0,0,1
218.7797,-27.17166,0,-1443.977,2.341914,2.341914,-0.188599,-52.41437,0.25,-1485.806,48.51276,0,-0.9328,0,-0.3605,-27.1717,0,1,0,0,0.3605,0,-0.9328,-1443.977,0,0,0,1
218.7898,-27.26177,0,-1444.21,2.338947,2.338947,-0.210571,-52.41437,0.25,-1485.806,48.26652,0,-0.9328,0,-0.3605,-27.2618,0,1,0,0,0.3605,0,-0.9328,-1444.21,0,0,0,1
218.8046,-27.44198,0,-1444.676,2.332947,2.332947,-0.210571,-52.41437,0.25,-1485.806,47.77417,0,-0.9328,0,-0.3604,-27.442,0,1,0,0,0.3604,0,-0.9328,-1444.676,0,0,0,1
218.8154,-27.53208,0,-1444.909,2.32996,2.32996,-0.210571,-52.41437,0.25,-1485.806,47.52806,0,-0.9328,0,-0.3604,-27.5321,0,1,0,0,0.3604,0,-0.9328,-1444.909,0,0,0,1
218.8241,-27.62216,0,-1445.142,2.326963,2.326963,-0.210571,-52.41437,0.25,-1485.806,47.28199,0,-0.9328,0,-0.3603,-27.6222,0,1,0,0,0.3603,0,-0.9328,-1445.142,0,0,0,1
218.8342,-27.71223,0,-1445.375,2.323962,2.323962,-0.210571,-52.41437,0.25,-1485.806,47.03598,0,-0.9328,0,-0.3603,-27.7122,0,1,0,0,0.3603,0,-0.9328,-1445.375,0,0,0,1
218.8454,-27.8023,0,-1445.609,2.320954,2.320954,-0.210571,-52.41437,0.25,-1485.806,46.79,0,-0.9329,0,-0.3603,-27.8023,0,1,0,0,0.3603,0,-0.9329,-1445.609,0,0,0,1
218.8565,-27.89236,0,-1445.842,2.317901,2.317901,-0.210571,-52.41437,0.25,-1485.806,46.54397,0,-0.9329,0,-0.3602,-27.8924,0,1,0,0,0.3602,0,-0.9329,-1445.842,0,0,0,1
218.868,-27.98241,0,-1446.075,2.314795,2.314795,-0.210571,-52.41437,0.25,-1485.806,46.29799,0,-0.9329,0,-0.3602,-27.9824,0,1,0,0,0.3602,0,-0.9329,-1446.075,0,0,0,1
218.8788,-28.07245,0,-1446.308,2.311727,2.311727,-0.210571,-52.41437,0.25,-1485.806,46.05205,0,-0.9329,0,-0.3602,-28.0725,0,1,0,0,0.3602,0,-0.9329,-1446.308,0,0,0,1
218.8908,-28.2525,0,-1446.775,2.305524,2.305524,-0.210571,-52.41437,0.25,-1485.806,45.56033,0,-0.9329,0,-0.3601,-28.2525,0,1,0,0,0.3601,0,-0.9329,-1446.775,0,0,0,1
218.9029,-28.34252,0,-1447.008,2.302393,2.302393,-0.210571,-52.41437,0.25,-1485.806,45.31454,0,-0.9329,0,-0.3601,-28.3425,0,1,0,0,0.3601,0,-0.9329,-1447.008,0,0,0,1
218.9121,-28.43253,0,-1447.242,2.299295,2.299295,-0.210571,-52.41437,0.25,-1485.806,45.06881,0,-0.9329,0,-0.36,-28.4325,0,1,0,0,0.36,0,-0.9329,-1447.242,0,0,0,1
218.9226,-28.52252,0,-1447.475,2.296193,2.296193,-0.210571,-52.41437,0.25,-1485.806,44.82313,0,-0.933,0,-0.36,-28.5225,0,1,0,0,0.36,0,-0.933,-1447.475,0,0,0,1
218.9335,-28.61251,0,-1447.708,2.293077,2.293077,-0.210571,-52.41437,0.25,-1485.806,44.57761,0,-0.933,0,-0.36,-28.6125,0,1,0,0,0.36,0,-0.933,-1447.708,0,0,0,1
218.9446,-28.70249,0,-1447.941,2.289922,2.289922,-0.210571,-52.41437,0.25,-1485.806,44.33192,0,-0.933,0,-0.3599,-28.7025,0,1,0,0,0.3599,0,-0.933,-1447.941,0,0,0,1
218.9558,-28.79247,0,-1448.175,2.286754,2.286754,-0.210571,-52.41437,0.25,-1485.806,44.08641,0,-0.933,0,-0.3599,-28.7925,0,1,0,0,0.3599,0,-0.933,-1448.175,0,0,0,1
218.9671,-28.88243,0,-1448.408,2.283578,2.283578,-0.210571,-52.41437,0.25,-1485.806,43.84094,0,-0.933,0,-0.3599,-28.8824,0,1,0,0,0.3599,0,-0.933,-1448.408,0,0,0,1
218.9782,-28.97238,0,-1448.641,2.280396,2.280396,-0.210571,-52.41437,0.25,-1485.806,43.59553,0,-0.933,0,-0.3598,-28.9724,0,1,0,0,0.3598,0,-0.933,-1448.641,0,0,0,1
218.9891,-29.06233,0,-1448.875,2.277254,2.277254,-0.210571,-52.41437,0.25,-1485.806,43.35018,0,-0.933,0,-0.3598,-29.0623,0,1,0,0,0.3598,0,-0.933,-1448.875,0,0,0,1
219.0001,-29.2422,0,-1449.341,2.270818,2.270818,-0.210571,-52.41437,0.25,-1485.806,42.85955,0,-0.9331,0,-0.3597,-29.2422,0,1,0,0,0.3597,0,-0.9331,-1449.341,0,0,0,1
219.0113,-29.33212,0,-1449.574,2.267731,2.267731,-0.210571,-52.41437,0.25,-1485.806,42.61458,0,-0.9331,0,-0.3597,-29.3321,0,1,0,0,0.3597,0,-0.9331,-1449.574,0,0,0,1
219.0225,-29.42203,0,-1449.808,2.264476,2.264476,-0.210571,-52.41437,0.25,-1485.806,42.36937,0,-0.9331,0,-0.3596,-29.422,0,1,0,0,0.3596,0,-0.9331,-1449.808,0,0,0,1
219.0335,-29.51193,0,-1450.041,2.261251,2.261251,-0.210571,-52.41437,0.25,-1485.806,42.12431,0,-0.9331,0,-0.3596,-29.5119,0,1,0,0,0.3596,0,-0.9331,-1450.041,0,0,0,1
219.0446,-29.60183,0,-1450.274,2.258021,2.258021,-0.210571,-52.41437,0.25,-1485.806,41.87933,0,-0.9331,0,-0.3596,-29.6018,0,1,0,0,0.3596,0,-0.9331,-1450.274,0,0,0,1
219.0558,-29.69172,0,-1450.507,2.254785,2.254785,-0.210571,-52.41437,0.25,-1485.806,41.6344,0,-0.9331,0,-0.3595,-29.6917,0,1,0,0,0.3595,0,-0.9331,-1450.507,0,0,0,1
219.0667,-29.78159,0,-1450.741,2.251586,2.251586,-0.210571,-52.41437,0.25,-1485.806,41.38955,0,-0.9331,0,-0.3595,-29.7816,0,1,0,0,0.3595,0,-0.9331,-1450.741,0,0,0,1
219.0779,-29.87146,0,-1450.974,2.248335,2.248335,-0.210571,-52.41437,0.25,-1485.806,41.14475,0,-0.9332,0,-0.3595,-29.8715,0,1,0,0,0.3595,0,-0.9332,-1450.974,0,0,0,1
219.0891,-29.96132,0,-1451.207,2.245078,2.245078,-0.210571,-52.41437,0.25,-1485.806,40.90003,0,-0.9332,0,-0.3594,-29.9613,0,1,0,0,0.3594,0,-0.9332,-1451.207,0,0,0,1
219.1009,-30.14102,0,-1451.674,2.238543,2.238543,-0.210571,-52.41437,0.25,-1485.806,40.41079,0,-0.9332,0,-0.3594,-30.141,0,1,0,0,0.3594,0,-0.9332,-1451.674,0,0,0,1
219.1113,-30.23085,0,-1451.907,2.235264,2.235264,-0.210571,-52.41437,0.25,-1485.806,40.16628,0,-0.9332,0,-0.3593,-30.2309,0,1,0,0,0.3593,0,-0.9332,-1451.907,0,0,0,1
219.1224,-30.32068,0,-1452.14,2.23198,2.23198,-0.210571,-52.41437,0.25,-1485.806,39.92183,0,-0.9332,0,-0.3593,-30.3207,0,1,0,0,0.3593,0,-0.9332,-1452.14,0,0,0,1
219.1334,-30.4105,0,-1452.374,2.228688,2.228688,-0.210571,-52.41437,0.25,-1485.806,39.67746,0,-0.9332,0,-0.3593,-30.4105,0,1,0,0,0.3593,0,-0.9332,-1452.374,0,0,0,1
219.1483,-30.5003,0,-1452.607,2.225387,2.225387,-0.210571,-52.41437,0.25,-1485.806,39.43317,0.015686,-0.9332,0,-0.3592,-30.5003,0,1,0,0,0.3592,0,-0.9332,-1452.607,0,0,0,1
219.1586,-30.5901,0,-1452.84,2.222082,2.222082,-0.210571,-52.41437,0.25,-1485.806,39.18895,0.031373,-0.9333,0,-0.3592,-30.5901,0,1,0,0,0.3592,0,-0.9333,-1452.84,0,0,0,1
219.1673,-30.6799,0,-1453.073,2.218769,2.218769,-0.210571,-52.41437,0.25,-1485.806,38.94481,0.047059,-0.9333,0,-0.3592,-30.6799,0,1,0,0,0.3592,0,-0.9333,-1453.073,0,0,0,1
219.1781,-30.76968,0,-1453.307,2.21545,2.21545,-0.210571,-52.41437,0.25,-1485.806,38.70075,0.054902,-0.9333,0,-0.3591,-30.7697,0,1,0,0,0.3591,0,-0.9333,-1453.307,0,0,0,1
219.1892,-30.85941,0,-1453.54,2.212093,2.212093,-0.210571,-52.41437,0.25,-1485.806,38.45679,0.070588,-0.9333,0,-0.3591,-30.8594,0,1,0,0,0.3591,0,-0.9333,-1453.54,0,0,0,1
219.2001,-31.03871,0,-1454.006,2.205346,2.205346,-0.210571,-52.41437,0.25,-1485.806,37.96961,0.086275,-0.9333,0,-0.359,-31.0387,0,1,0,0,0.359,0,-0.9333,-1454.006,0,0,0,1
219.2112,-31.12825,0,-1454.239,2.201955,2.201955,-0.210571,-52.41437,0.25,-1485.806,37.7263,0.101961,-0.9333,0,-0.359,-31.1283,0,1,0,0,0.359,0,-0.9333,-1454.239,0,0,0,1
219.2224,-31.21772,0,-1454.472,2.198568,2.198568,-0.210571,-52.41437,0.25,-1485.806,37.48342,0.117647,-0.9334,0,-0.359,-31.2177,0,1,0,0,0.359,0,-0.9334,-1454.472,0,0,0,1
219.2336,-31.30709,0,-1454.704,2.195196,2.195196,-0.210571,-52.41437,0.25,-1485.806,37.24077,0.14902,-0.9334,0,-0.3589,-31.3071,0,1,0,0,0.3589,0,-0.9334,-1454.704,0,0,0,1
219.2447,-31.39635,0,-1454.936,2.191759,2.191759,-0.210571,-52.41437,0.25,-1485.806,36.99848,0.164706,-0.9334,0,-0.3589,-31.3964,0,1,0,0,0.3589,0,-0.9334,-1454.936,0,0,0,1
219.2558,-31.48548,0,-1455.168,2.188387,2.188387,-0.210571,-52.41437,0.25,-1485.806,36.75665,0.180392,-0.9334,0,-0.3589,-31.4855,0,1,0,0,0.3589,0,-0.9334,-1455.168,0,0,0,1
219.2666,-31.57447,0,-1455.399,2.185021,2.185021,-0.210571,-52.41437,0.25,-1485.806,36.51528,0.188235,-0.9334,0,-0.3588,-31.5745,0,1,0,0,0.3588,0,-0.9334,-1455.399,0,0,0,1
219.2782,-31.66331,0,-1455.631,2.181572,2.181572,-0.210571,-52.41437,0.25,-1485.806,36.27428,0.196078,-0.9334,0,-0.3588,-31.6633,0,1,0,0,0.3588,0,-0.9334,-1455.631,0,0,0,1
219.2901,-31.84056,0,-1456.092,2.17472,2.17472,-0.210571,-52.41437,0.25,-1485.806,35.79363,0.196078,-0.9334,0,-0.3587,-31.8406,0,1,0,0,0.3587,0,-0.9334,-1456.092,0,0,0,1
219.3004,-31.92896,0,-1456.322,2.171305,2.171305,-0.210571,-52.41437,0.25,-1485.806,35.55417,0.203922,-0.9335,0,-0.3587,-31.929,0,1,0,0,0.3587,0,-0.9335,-1456.322,0,0,0,1
219.3117,-32.01721,0,-1456.552,2.16789,2.16789,-0.210571,-52.41437,0.25,-1485.806,35.31509,0.211765,-0.9335,0,-0.3587,-32.0172,0,1,0,0,0.3587,0,-0.9335,-1456.552,0,0,0,1
219.3238,-32.1053,0,-1456.781,2.164457,2.164457,-0.210571,-52.41437,0.25,-1485.806,35.07661,0.219608,-0.9335,0,-0.3586,-32.1053,0,1,0,0,0.3586,0,-0.9335,-1456.781,0,0,0,1
219.3342,-32.19322,0,-1457.01,2.161055,2.161055,-0.210571,-52.41437,0.25,-1485.806,34.83862,0.227451,-0.9335,0,-0.3586,-32.1932,0,1,0,0,0.3586,0,-0.9335,-1457.01,0,0,0,1
219.3455,-32.28097,0,-1457.238,2.157587,2.157587,-0.210571,-52.41437,0.25,-1485.806,34.60112,0.235294,-0.9335,0,-0.3586,-32.281,0,1,0,0,0.3586,0,-0.9335,-1457.238,0,0,0,1
219.3566,-32.36854,0,-1457.466,2.154178,2.154178,-0.210571,-52.41437,0.25,-1485.806,34.36423,0.25098,-0.9335,0,-0.3585,-32.3685,0,1,0,0,0.3585,0,-0.9335,-1457.466,0,0,0,1
219.3677,-32.45592,0,-1457.694,2.150776,2.150776,-0.210571,-52.41437,0.25,-1485.806,34.12796,0.25098,-0.9335,0,-0.3585,-32.4559,0,1,0,0,0.3585,0,-0.9335,-1457.694,0,0,0,1
219.3786,-32.54311,0,-1457.921,2.147332,2.147332,-0.210571,-52.41437,0.25,-1485.806,33.89229,0.25098,-0.9335,0,-0.3584,-32.5431,0,1,0,0,0.3584,0,-0.9335,-1457.921,0,0,0,1
219.3898,-32.63012,0,-1458.148,2.143902,2.143902,-0.210571,-52.41437,0.25,-1485.806,33.65714,0.258824,-0.9336,0,-0.3584,-32.6301,0,1,0,0,0.3584,0,-0.9336,-1458.148,0,0,0,1
219.4012,-32.80355,0,-1458.6,2.136999,2.136999,-0.210571,-52.41437,0.25,-1485.806,33.1887,0.258824,-0.9336,0,-0.3583,-32.8036,0,1,0,0,0.3583,0,-0.9336,-1458.6,0,0,0,1
219.4119,-32.88998,0,-1458.825,2.133566,2.133566,-0.210571,-52.41437,0.25,-1485.806,32.95551,0.258824,-0.9336,0,-0.3583,-32.89,0,1,0,0,0.3583,0,-0.9336,-1458.825,0,0,0,1
219.4232,-32.97621,0,-1459.05,2.130102,2.130102,-0.210571,-52.41437,0.25,-1485.806,32.72275,0.266667,-0.9336,0,-0.3583,-32.9762,0,1,0,0,0.3583,0,-0.9336,-1459.05,0,0,0,1
219.435,-33.06224,0,-1459.274,2.12663,2.12663,-0.210571,-52.41437,0.25,-1485.806,32.49072,0.266667,-0.9336,0,-0.3582,-33.0622,0,1,0,0,0.3582,0,-0.9336,-1459.274,0,0,0,1
219.4453,-33.14807,0,-1459.498,2.123196,2.123196,-0.210571,-52.41437,0.25,-1485.806,32.25932,0.27451,-0.9336,0,-0.3582,-33.1481,0,1,0,0,0.3582,0,-0.9336,-1459.498,0,0,0,1
219.4608,-33.31912,0,-1459.943,2.116306,2.116306,-0.210571,-52.41437,0.25,-1485.806,31.79852,0.282353,-0.9337,0,-0.3581,-33.3191,0,1,0,0,0.3581,0,-0.9337,-1459.943,0,0,0,1
219.4712,-33.40434,0,-1460.166,2.112841,2.112841,-0.210571,-52.41437,0.25,-1485.806,31.56914,0.282353,-0.9337,0,-0.3581,-33.4043,0,1,0,0,0.3581,0,-0.9337,-1460.166,0,0,0,1
219.4781,-33.40434,0,-1460.166,2.112841,2.112841,-0.210571,-52.41437,0.25,-1485.806,31.56914,0.282353,-0.9337,0,-0.3581,-33.4043,0,1,0,0,0.3581,0,-0.9337,-1460.166,0,0,0,1
219.4894,-33.48934,0,-1460.387,2.109411,2.109411,-0.210571,-52.41437,0.25,-1485.806,31.34039,0.290196,-0.9337,0,-0.3581,-33.4893,0,1,0,0,0.3581,0,-0.9337,-1460.387,0,0,0,1
219.5006,-33.6587,0,-1460.829,2.102533,2.102533,-0.210571,-52.41437,0.25,-1485.806,30.88506,0.298039,-0.9337,0,-0.358,-33.6587,0,1,0,0,0.358,0,-0.9337,-1460.829,0,0,0,1
219.5117,-33.74304,0,-1461.049,2.099081,2.099081,-0.210571,-52.41437,0.25,-1485.806,30.65848,0.305882,-0.9337,0,-0.358,-33.743,0,1,0,0,0.358,0,-0.9337,-1461.049,0,0,0,1
219.5226,-33.82716,0,-1461.268,2.095649,2.095649,-0.210571,-52.41437,0.25,-1485.806,30.43256,0.305882,-0.9337,0,-0.3579,-33.8272,0,1,0,0,0.3579,0,-0.9337,-1461.268,0,0,0,1
219.5337,-33.91106,0,-1461.487,2.092233,2.092233,-0.203247,-52.41437,0.25,-1485.806,30.2074,0.313726,-0.9338,0,-0.3579,-33.9111,0,1,0,0,0.3579,0,-0.9338,-1461.487,0,0,0,1
219.5449,-33.99472,0,-1461.706,2.08878,2.08878,-0.162964,-52.41437,0.25,-1485.806,29.98301,0.321569,-0.9338,0,-0.3579,-33.9947,0,1,0,0,0.3579,0,-0.9338,-1461.706,0,0,0,1
219.5561,-34.07815,0,-1461.923,2.08538,2.08538,-0.133667,-52.41437,0.25,-1485.806,29.75939,0.329412,-0.9338,0,-0.3579,-34.0782,0,1,0,0,0.3579,0,-0.9338,-1461.923,0,0,0,1
219.5672,-34.16134,0,-1462.14,2.081938,2.081938,-0.064087,-52.41437,0.25,-1485.806,29.53654,0.329412,-0.9338,0,-0.3578,-34.1613,0,1,0,0,0.3578,0,-0.9338,-1462.14,0,0,0,1
219.5785,-34.2443,0,-1462.357,2.078548,2.078548,0.03479,-52.41437,0.25,-1485.806,29.31448,0.329412,-0.9338,0,-0.3578,-34.2443,0,1,0,0,0.3578,0,-0.9338,-1462.357,0,0,0,1
219.5894,-34.32702,0,-1462.573,2.075128,2.075128,0.089722,-52.41437,0.25,-1485.806,29.09318,0.337255,-0.9338,0,-0.3579,-34.327,0,1,0,0,0.3579,0,-0.9338,-1462.573,0,0,0,1
219.6003,-34.49177,0,-1463.002,2.068394,2.068394,0.159302,-52.41437,0.25,-1485.806,28.65294,0.337255,-0.9338,0,-0.3579,-34.4918,0,1,0,0,0.3579,0,-0.9338,-1463.002,0,0,0,1
219.6114,-34.57378,0,-1463.216,2.065037,2.065037,0.254517,-52.41437,0.25,-1485.806,28.43399,0.337255,-0.9337,0,-0.358,-34.5738,0,1,0,0,0.358,0,-0.9337,-1463.216,0,0,0,1
219.6226,-34.65557,0,-1463.43,2.061693,2.061693,0.346069,-52.41437,0.25,-1485.806,28.21583,0.345098,-0.9337,0,-0.358,-34.6556,0,1,0,0,0.358,0,-0.9337,-1463.43,0,0,0,1
219.6335,-34.73714,0,-1463.642,2.058006,2.058006,0.463257,-52.41437,0.25,-1485.806,27.99855,0.345098,-0.9337,0,-0.3581,-34.7371,0,1,0,0,0.3581,0,-0.9337,-1463.642,0,0,0,1
219.6454,-34.81847,0,-1463.854,2.052823,2.052823,0.587783,-52.41437,0.25,-1485.806,27.78205,0.345098,-0.9337,0,-0.3582,-34.8185,0,1,0,0,0.3582,0,-0.9337,-1463.854,0,0,0,1
219.6559,-34.89959,0,-1464.066,2.047673,2.047673,0.70497,-52.41437,0.25,-1485.806,27.56643,0.352941,-0.9336,0,-0.3583,-34.8996,0,1,0,0,0.3583,0,-0.9336,-1464.066,0,0,0,1
219.667,-34.98048,0,-1464.276,2.042515,2.042515,0.851455,-52.41437,0.25,-1485.806,27.3516,0.352941,-0.9336,0,-0.3584,-34.9805,0,1,0,0,0.3584,0,-0.9336,-1464.276,0,0,0,1
219.6781,-35.06116,0,-1464.486,2.037393,2.037393,0.990615,-52.41437,0.25,-1485.806,27.13765,0.360784,-0.9335,0,-0.3586,-35.0612,0,1,0,0,0.3586,0,-0.9335,-1464.486,0,0,0,1
219.69,-35.14162,0,-1464.696,2.029086,2.029086,1.162734,-52.41437,0.25,-1485.806,26.92449,0.360784,-0.9334,0,-0.3588,-35.1416,0,1,0,0,0.3588,0,-0.9334,-1464.696,0,0,0,1
219.7003,-35.30191,0,-1465.112,2.011581,2.011581,1.353164,-52.41437,0.25,-1485.806,26.50092,0.360784,-0.9332,0,-0.3592,-35.3019,0,1,0,0,0.3592,0,-0.9332,-1465.112,0,0,0,1
219.7114,-35.38175,0,-1465.32,2.002801,2.002801,1.517973,-52.41437,0.25,-1485.806,26.29012,0.368627,-0.9332,0,-0.3595,-35.3818,0,1,0,0,0.3595,0,-0.9332,-1465.32,0,0,0,1
219.7225,-35.46138,0,-1465.526,1.992293,1.992293,1.693754,-52.41437,0.25,-1485.806,26.08049,0.376471,-0.933,0,-0.3598,-35.4614,0,1,0,0,0.3598,0,-0.933,-1465.526,0,0,0,1
219.7336,-35.54082,0,-1465.732,1.98001,1.98001,2.008696,-52.41437,0.25,-1485.806,25.87165,0.376471,-0.9329,0,-0.3601,-35.5408,0,1,0,0,0.3601,0,-0.9329,-1465.732,0,0,0,1
219.7446,-35.62006,0,-1465.937,1.967852,1.967852,2.191801,-52.41437,0.25,-1485.806,25.66369,0.376471,-0.9328,0,-0.3604,-35.6201,0,1,0,0,0.3604,0,-0.9328,-1465.937,0,0,0,1
219.7557,-35.69912,0,-1466.141,1.955827,1.955827,2.415204,-52.41437,0.25,-1485.806,25.45661,0.376471,-0.9326,0,-0.3608,-35.6991,0,1,0,0,0.3608,0,-0.9326,-1466.141,0,0,0,1
219.7678,-35.778,0,-1466.345,1.943453,1.943453,2.726483,-52.41437,0.25,-1485.806,25.2504,0.384314,-0.9325,0,-0.3613,-35.778,0,1,0,0,0.3613,0,-0.9325,-1466.345,0,0,0,1
219.7783,-35.85671,0,-1466.548,1.927951,1.927951,3.063397,-52.41437,0.25,-1485.806,25.04507,0.384314,-0.9323,0,-0.3618,-35.8567,0,1,0,0,0.3618,0,-0.9323,-1466.548,0,0,0,1
219.789,-35.93526,0,-1466.75,1.912707,1.912707,3.371029,-52.41437,0.25,-1485.806,24.84069,0.384314,-0.9321,0,-0.3623,-35.9353,0,1,0,0,0.3623,0,-0.9321,-1466.75,0,0,0,1
219.8,-36.09192,0,-1467.152,1.882583,1.882583,3.68597,-52.41437,0.25,-1485.806,24.43444,0.384314,-0.9316,0,-0.3635,-36.0919,0,1,0,0,0.3635,0,-0.9316,-1467.152,0,0,0,1
219.8148,-36.17004,0,-1467.351,1.86555,1.86555,4.213314,-52.41437,0.25,-1485.806,24.23274,0.392157,-0.9313,0,-0.3642,-36.17,0,1,0,0,0.3642,0,-0.9313,-1467.351,0,0,0,1
219.8258,-36.24804,0,-1467.55,1.847393,1.847393,4.572215,-52.41437,0.25,-1485.806,24.03189,0.392157,-0.931,0,-0.3649,-36.248,0,1,0,0,0.3649,0,-0.931,-1467.55,0,0,0,1
219.8337,-36.32592,0,-1467.749,1.829487,1.829487,5.004344,-52.41437,0.25,-1485.806,23.83199,0.392157,-0.9307,0,-0.3658,-36.3259,0,1,0,0,0.3658,0,-0.9307,-1467.749,0,0,0,1
219.8449,-36.40369,0,-1467.946,1.811751,1.811751,5.290003,-52.41437,0.25,-1485.806,23.63283,0.392157,-0.9304,0,-0.3666,-36.4037,0,1,0,0,0.3666,0,-0.9304,-1467.946,0,0,0,1
219.8563,-36.48138,0,-1468.142,1.794134,1.794134,5.652552,-52.41437,0.25,-1485.806,23.43478,0.392157,-0.93,0,-0.3675,-36.4814,0,1,0,0,0.3675,0,-0.93,-1468.142,0,0,0,1
219.8674,-36.55898,0,-1468.338,1.773406,1.773406,6.106668,-52.41437,0.25,-1485.806,23.23747,0.392157,-0.9296,0,-0.3685,-36.559,0,1,0,0,0.3685,0,-0.9296,-1468.338,0,0,0,1
219.8784,-36.63652,0,-1468.533,1.752974,1.752974,6.469216,-52.41437,0.25,-1485.806,23.04107,0.392157,-0.9292,0,-0.3696,-36.6365,0,1,0,0,0.3696,0,-0.9292,-1468.533,0,0,0,1
219.8896,-36.714,0,-1468.727,1.732898,1.732898,6.905007,-52.41437,0.25,-1485.806,22.84558,0.392157,-0.9288,0,-0.3707,-36.714,0,1,0,0,0.3707,0,-0.9288,-1468.727,0,0,0,1
219.9005,-36.86883,0,-1469.113,1.69224,1.69224,7.351799,-52.41437,0.25,-1485.806,22.45728,0.392157,-0.9278,0,-0.3731,-36.8688,0,1,0,0,0.3731,0,-0.9278,-1469.113,0,0,0,1
219.9117,-36.94619,0,-1469.305,1.669576,1.669576,7.813225,-52.41437,0.25,-1485.806,22.2643,0.392157,-0.9273,0,-0.3743,-36.9462,0,1,0,0,0.3743,0,-0.9273,-1469.305,0,0,0,1
219.9228,-37.02353,0,-1469.495,1.647327,1.647327,8.076911,-52.41437,0.25,-1485.806,22.07239,0.392157,-0.9268,0,-0.3757,-37.0235,0,1,0,0,0.3757,0,-0.9268,-1469.495,0,0,0,1
219.9339,-37.10085,0,-1469.685,1.625391,1.625391,8.36988,-52.41437,0.25,-1485.806,21.88118,0.392157,-0.9262,0,-0.377,-37.1009,0,1,0,0,0.377,0,-0.9262,-1469.685,0,0,0,1
219.945,-37.17816,0,-1469.875,1.603901,1.603901,8.703132,-52.41437,0.25,-1485.806,21.69093,0.392157,-0.9256,0,-0.3784,-37.1782,0,1,0,0,0.3784,0,-0.9256,-1469.875,0,0,0,1
219.9561,-37.25547,0,-1470.063,1.580514,1.580514,8.97048,-52.41437,0.25,-1485.806,21.50156,0.392157,-0.925,0,-0.3799,-37.2555,0,1,0,0,0.3799,0,-0.925,-1470.063,0,0,0,1
219.9675,-37.33279,0,-1470.25,1.556364,1.556364,9.270773,-52.41437,0.25,-1485.806,21.31306,0.392157,-0.9244,0,-0.3814,-37.3328,0,1,0,0,0.3814,0,-0.9244,-1470.25,0,0,0,1
219.9783,-37.41011,0,-1470.437,1.53264,1.53264,9.618673,-52.41437,0.25,-1485.806,21.12543,0.392157,-0.9238,0,-0.3829,-37.4101,0,1,0,0,0.3829,0,-0.9238,-1470.437,0,0,0,1
219.9894,-37.48746,0,-1470.622,1.509289,1.509289,9.823751,-52.41437,0.25,-1485.806,20.93866,0.392157,-0.9231,0,-0.3845,-37.4875,0,1,0,0,0.3845,0,-0.9231,-1470.622,0,0,0,1
220.0005,-37.64222,0,-1470.991,1.461249,1.461249,10.04715,-52.41437,0.25,-1485.806,20.5677,0.392157,-0.9218,0,-0.3877,-37.6422,0,1,0,0,0.3877,0,-0.9218,-1470.991,0,0,0,1
220.0117,-37.71964,0,-1471.174,1.435965,1.435965,10.33646,-52.41437,0.25,-1485.806,20.3836,0.392157,-0.9211,0,-0.3894,-37.7196,0,1,0,0,0.3894,0,-0.9211,-1471.174,0,0,0,1
220.023,-37.79708,0,-1471.356,1.410972,1.410972,10.64042,-52.41437,0.25,-1485.806,20.20018,0.392157,-0.9203,0,-0.3911,-37.7971,0,1,0,0,0.3911,0,-0.9203,-1471.356,0,0,0,1
220.0339,-37.87457,0,-1471.538,1.386479,1.386479,10.87847,-52.41437,0.25,-1485.806,20.01769,0.392157,-0.9196,0,-0.3928,-37.8746,0,1,0,0,0.3928,0,-0.9196,-1471.538,0,0,0,1
220.0451,-37.9521,0,-1471.718,1.362446,1.362446,11.15313,-52.41437,0.25,-1485.806,19.83605,0.392157,-0.9188,0,-0.3946,-37.9521,0,1,0,0,0.3946,0,-0.9188,-1471.718,0,0,0,1
220.056,-38.02968,0,-1471.898,1.336089,1.336089,11.39116,-52.41437,0.25,-1485.806,19.65526,0.392157,-0.9181,0,-0.3965,-38.0297,0,1,0,0,0.3965,0,-0.9181,-1471.898,0,0,0,1
220.0672,-38.10732,0,-1472.077,1.30975,1.30975,11.69512,-52.41437,0.25,-1485.806,19.47539,0.392157,-0.9172,0,-0.3983,-38.1073,0,1,0,0,0.3983,0,-0.9172,-1472.077,0,0,0,1
220.0781,-38.18501,0,-1472.255,1.283888,1.283888,12.06134,-52.41437,0.25,-1485.806,19.29636,0.392157,-0.9164,0,-0.4003,-38.185,0,1,0,0,0.4003,0,-0.9164,-1472.255,0,0,0,1
220.0894,-38.26277,0,-1472.432,1.258501,1.258501,12.25543,-52.41437,0.25,-1485.806,19.11816,0.392157,-0.9155,0,-0.4022,-38.2628,0,1,0,0,0.4022,0,-0.9155,-1472.432,0,0,0,1
220.1005,-38.41849,0,-1472.783,1.206904,1.206904,12.50812,-52.41437,0.25,-1485.806,18.76435,0.392157,-0.9138,0,-0.4062,-38.4185,0,1,0,0,0.4062,0,-0.9138,-1472.783,0,0,0,1
220.1115,-38.49646,0,-1472.957,1.179807,1.179807,12.78279,-52.41437,0.25,-1485.806,18.58872,0.392157,-0.9129,0,-0.4083,-38.4965,0,1,0,0,0.4083,0,-0.9129,-1472.957,0,0,0,1
220.123,-38.57449,0,-1473.131,1.153211,1.153211,13.01717,-52.41437,0.25,-1485.806,18.41385,0.392157,-0.9119,0,-0.4103,-38.5745,0,1,0,0,0.4103,0,-0.9119,-1473.131,0,0,0,1
220.1337,-38.65261,0,-1473.303,1.127311,1.127311,13.25521,-52.41437,0.25,-1485.806,18.24004,0.392157,-0.911,0,-0.4124,-38.6526,0,1,0,0,0.4124,0,-0.911,-1473.303,0,0,0,1
220.1482,-38.73081,0,-1473.475,1.101794,1.101794,13.50423,-52.41437,0.25,-1485.806,18.06697,0.392157,-0.91,0,-0.4146,-38.7308,0,1,0,0,0.4146,0,-0.91,-1473.475,0,0,0,1
220.1591,-38.80909,0,-1473.646,1.075142,1.075142,13.61777,-52.41437,0.25,-1485.806,17.89473,0.392157,-0.909,0,-0.4167,-38.8091,0,1,0,0,0.4167,0,-0.909,-1473.646,0,0,0,1
220.1676,-38.88744,0,-1473.815,1.047659,1.047659,13.72031,-52.41437,0.25,-1485.806,17.72339,0.392157,-0.908,0,-0.4189,-38.8874,0,1,0,0,0.4189,0,-0.908,-1473.815,0,0,0,1
220.1786,-38.96588,0,-1473.984,1.020675,1.020675,13.78623,-52.41437,0.25,-1485.806,17.55287,0.392157,-0.907,0,-0.4211,-38.9659,0,1,0,0,0.4211,0,-0.907,-1473.984,0,0,0,1
220.1898,-39.0444,0,-1474.152,0.994184,0.994184,13.83383,-52.41437,0.25,-1485.806,17.38318,0.392157,-0.906,0,-0.4233,-39.0444,0,1,0,0,0.4233,0,-0.906,-1474.152,0,0,0,1
220.2013,-39.20163,0,-1474.486,0.942271,0.942271,13.83383,-52.41437,0.25,-1485.806,17.04646,0.392157,-0.9039,0,-0.4277,-39.2016,0,1,0,0,0.4277,0,-0.9039,-1474.486,0,0,0,1
220.2128,-39.28035,0,-1474.651,0.914303,0.914303,13.83383,-52.41437,0.25,-1485.806,16.87935,0.392157,-0.9029,0,-0.4298,-39.2804,0,1,0,0,0.4298,0,-0.9029,-1474.651,0,0,0,1
220.2243,-39.35912,0,-1474.816,0.886942,0.886942,13.8082,-52.41437,0.25,-1485.806,16.71316,0.392157,-0.9019,0,-0.432,-39.3591,0,1,0,0,0.432,0,-0.9019,-1474.816,0,0,0,1
220.2345,-39.43795,0,-1474.979,0.860069,0.860069,13.78989,-52.41437,0.25,-1485.806,16.54781,0.392157,-0.9008,0,-0.4342,-39.438,0,1,0,0,0.4342,0,-0.9008,-1474.979,0,0,0,1
220.2458,-39.51683,0,-1475.142,0.83375,0.83375,13.74228,-52.41437,0.25,-1485.806,16.38331,0.392157,-0.8998,0,-0.4363,-39.5168,0,1,0,0,0.4363,0,-0.8998,-1475.142,0,0,0,1
220.2562,-39.59576,0,-1475.304,0.807964,0.807964,13.66904,-52.41437,0.25,-1485.806,16.21974,0.392157,-0.8987,0,-0.4385,-39.5958,0,1,0,0,0.4385,0,-0.8987,-1475.304,0,0,0,1
220.2676,-39.67472,0,-1475.465,0.780573,0.780573,13.61411,-52.41437,0.25,-1485.806,16.05703,0.392157,-0.8977,0,-0.4406,-39.6747,0,1,0,0,0.4406,0,-0.8977,-1475.465,0,0,0,1
220.2788,-39.75372,0,-1475.625,0.752744,0.752744,13.4969,-52.41437,0.25,-1485.806,15.89519,0.392157,-0.8967,0,-0.4427,-39.7537,0,1,0,0,0.4427,0,-0.8967,-1475.625,0,0,0,1
220.2895,-39.83274,0,-1475.784,0.72558,0.72558,13.38338,-52.41437,0.25,-1485.806,15.73429,0.392157,-0.8956,0,-0.4448,-39.8327,0,1,0,0,0.4448,0,-0.8956,-1475.784,0,0,0,1
220.3005,-39.99083,0,-1476.099,0.672713,0.672713,13.25154,-52.41437,0.25,-1485.806,15.4152,0.392157,-0.8935,0,-0.449,-39.9908,0,1,0,0,0.449,0,-0.8935,-1476.099,0,0,0,1
220.312,-40.06989,0,-1476.256,0.646738,0.646738,13.0721,-52.41437,0.25,-1485.806,15.25687,0.392157,-0.8925,0,-0.451,-40.0699,0,1,0,0,0.451,0,-0.8925,-1476.256,0,0,0,1
220.3229,-40.14893,0,-1476.411,0.618631,0.618631,12.96956,-52.41437,0.25,-1485.806,15.09959,0.392157,-0.8915,0,-0.453,-40.1489,0,1,0,0,0.453,0,-0.8915,-1476.411,0,0,0,1
220.3344,-40.22798,0,-1476.566,0.590994,0.590994,12.80477,-52.41437,0.25,-1485.806,14.94321,0.392157,-0.8905,0,-0.455,-40.228,0,1,0,0,0.455,0,-0.8905,-1476.566,0,0,0,1
220.3451,-40.307,0,-1476.72,0.563878,0.563878,12.63263,-52.41437,0.25,-1485.806,14.78775,0.392157,-0.8895,0,-0.457,-40.307,0,1,0,0,0.457,0,-0.8895,-1476.72,0,0,0,1
220.3562,-40.38601,0,-1476.873,0.537219,0.537219,12.48981,-52.41437,0.25,-1485.806,14.6332,0.392157,-0.8885,0,-0.4589,-40.386,0,1,0,0,0.4589,0,-0.8885,-1476.873,0,0,0,1
220.3672,-40.46497,0,-1477.025,0.511014,0.511014,12.32502,-52.41437,0.25,-1485.806,14.47958,0.392157,-0.8875,0,-0.4608,-40.465,0,1,0,0,0.4608,0,-0.8875,-1477.025,0,0,0,1
220.3783,-40.5439,0,-1477.176,0.484534,0.484534,12.2005,-52.41437,0.25,-1485.806,14.32689,0.392157,-0.8865,0,-0.4627,-40.5439,0,1,0,0,0.4627,0,-0.8865,-1477.176,0,0,0,1
220.3897,-40.62279,0,-1477.326,0.45643,0.45643,12.10529,-52.41437,0.25,-1485.806,14.17514,0.392157,-0.8855,0,-0.4646,-40.6228,0,1,0,0,0.4646,0,-0.8855,-1477.326,0,0,0,1
220.4005,-40.7804,0,-1477.625,0.401558,0.401558,12.03205,-52.41437,0.25,-1485.806,13.8745,0.392157,-0.8836,0,-0.4683,-40.7804,0,1,0,0,0.4683,0,-0.8836,-1477.625,0,0,0,1
220.4117,-40.85913,0,-1477.772,0.374791,0.374791,12.00641,-52.41437,0.25,-1485.806,13.72561,0.392157,-0.8826,0,-0.4702,-40.8591,0,1,0,0,0.4702,0,-0.8826,-1477.772,0,0,0,1
220.4229,-40.93779,0,-1477.919,0.348537,0.348537,12.00641,-52.41437,0.25,-1485.806,13.57769,0.392157,-0.8816,0,-0.472,-40.9378,0,1,0,0,0.472,0,-0.8816,-1477.919,0,0,0,1
220.4342,-41.01639,0,-1478.066,0.321919,0.321919,12.0174,-52.41437,0.25,-1485.806,13.43074,0.392157,-0.8806,0,-0.4739,-41.0164,0,1,0,0,0.4739,0,-0.8806,-1478.066,0,0,0,1
220.445,-41.09492,0,-1478.211,0.293818,0.293818,12.05768,-52.41437,0.25,-1485.806,13.28476,0.392157,-0.8796,0,-0.4757,-41.0949,0,1,0,0,0.4757,0,-0.8796,-1478.211,0,0,0,1
220.4563,-41.17339,0,-1478.355,0.26609,0.26609,12.10163,-52.41437,0.25,-1485.806,13.13976,0.392157,-0.8786,0,-0.4776,-41.1734,0,1,0,0,0.4776,0,-0.8786,-1478.355,0,0,0,1
220.4673,-41.25178,0,-1478.499,0.238952,0.238952,12.17853,-52.41437,0.25,-1485.806,12.99575,0.392157,-0.8776,0,-0.4794,-41.2518,0,1,0,0,0.4794,0,-0.8776,-1478.499,0,0,0,1
220.4814,-41.40836,0,-1478.783,0.185923,0.185923,12.29572,-52.41437,0.25,-1485.806,12.71067,0.392157,-0.8755,0,-0.4832,-41.4084,0,1,0,0,0.4832,0,-0.8755,-1478.783,0,0,0,1
220.4923,-41.48654,0,-1478.924,0.159893,0.159893,12.39826,-52.41437,0.25,-1485.806,12.56963,0.392157,-0.8745,0,-0.4851,-41.4865,0,1,0,0,0.4851,0,-0.8745,-1478.924,0,0,0,1
220.5005,-41.56465,0,-1479.064,0.131859,0.131859,12.54108,-52.41437,0.25,-1485.806,12.42959,0.392157,-0.8734,0,-0.487,-41.5647,0,1,0,0,0.487,0,-0.8734,-1479.064,0,0,0,1
220.5116,-41.64268,0,-1479.204,0.104268,0.104268,12.66561,-52.41437,0.25,-1485.806,12.29055,0.392157,-0.8723,0,-0.4889,-41.6427,0,1,0,0,0.4889,0,-0.8723,-1479.204,0,0,0,1
220.5227,-41.72064,0,-1479.342,0.077243,0.077243,12.84871,-52.41437,0.25,-1485.806,12.15258,0.376471,-0.8712,0,-0.4909,-41.7206,0,1,0,0,0.4909,0,-0.8712,-1479.342,0,0,0,1
220.5338,-41.79854,0,-1479.479,0.050748,0.050748,13.09041,-52.41437,0.25,-1485.806,12.01561,0.376471,-0.8701,0,-0.4929,-41.7985,0,1,0,0,0.4929,0,-0.8701,-1479.479,0,0,0,1
220.5449,-41.8764,0,-1479.616,0.024493,0.024493,13.37605,-52.41437,0.25,-1485.806,11.87944,0.368627,-0.869,0,-0.4949,-41.8764,0,1,0,0,0.4949,0,-0.869,-1479.616,0,0,0,1
220.5559,-41.9542,0,-1479.752,0.001009,-0.001009,13.62143,-52.41437,0.25,-1485.806,11.74444,0.368627,-0.8678,0,-0.497,-41.9542,0,1,0,0,0.497,0,-0.8678,-1479.752,0,0,0,1
220.5671,-42.03198,0,-1479.887,0.027983,-0.027983,13.98032,-52.41437,0.25,-1485.806,11.61038,0.368627,-0.8666,0,-0.4991,-42.032,0,1,0,0,0.4991,0,-0.8666,-1479.887,0,0,0,1
220.5785,-42.10972,0,-1480.021,0.055205,-0.055205,14.43076,-52.41437,0.25,-1485.806,11.4773,0.360784,-0.8653,0,-0.5013,-42.1097,0,1,0,0,0.5013,0,-0.8653,-1480.021,0,0,0,1
220.5893,-42.18745,0,-1480.155,0.081924,-0.081924,14.6981,-52.41437,0.25,-1485.806,11.34515,0.352941,-0.864,0,-0.5035,-42.1875,0,1,0,0,0.5035,0,-0.864,-1480.155,0,0,0,1
220.6004,-42.34287,0,-1480.419,0.133855,-0.133855,15.06432,-52.41437,0.25,-1485.806,11.08378,0.345098,-0.8613,0,-0.508,-42.3429,0,1,0,0,0.508,0,-0.8613,-1480.419,0,0,0,1
220.6118,-42.42059,0,-1480.55,0.159022,-0.159022,15.5404,-52.41437,0.25,-1485.806,10.95451,0.337255,-0.86,0,-0.5103,-42.4206,0,1,0,0,0.5103,0,-0.86,-1480.55,0,0,0,1
220.623,-42.49832,0,-1480.68,0.183843,-0.183843,16.00183,-52.41437,0.25,-1485.806,10.8262,0.329412,-0.8585,0,-0.5127,-42.4983,0,1,0,0,0.5127,0,-0.8585,-1480.68,0,0,0,1
220.6344,-42.57608,0,-1480.81,0.210548,-0.210548,16.42299,-52.41437,0.25,-1485.806,10.69879,0.321569,-0.8571,0,-0.5152,-42.5761,0,1,0,0,0.5152,0,-0.8571,-1480.81,0,0,0,1
220.6454,-42.6539,0,-1480.938,0.236663,-0.236663,16.97963,-52.41437,0.25,-1485.806,10.57233,0.321569,-0.8555,0,-0.5177,-42.6539,0,1,0,0,0.5177,0,-0.8555,-1480.938,0,0,0,1
220.6564,-42.73177,0,-1481.066,0.262244,-0.262244,17.29457,-52.41437,0.25,-1485.806,10.44677,0.321569,-0.854,0,-0.5203,-42.7318,0,1,0,0,0.5203,0,-0.854,-1481.066,0,0,0,1
220.6674,-42.8097,0,-1481.193,0.287237,-0.287237,17.77432,-52.41437,0.25,-1485.806,10.32217,0.321569,-0.8524,0,-0.523,-42.8097,0,1,0,0,0.523,0,-0.8524,-1481.193,0,0,0,1
220.6786,-42.88769,0,-1481.319,0.311605,-0.311605,18.25039,-52.41437,0.25,-1485.806,10.19845,0.321569,-0.8507,0,-0.5257,-42.8877,0,1,0,0,0.5257,0,-0.8507,-1481.319,0,0,0,1
220.6897,-42.96576,0,-1481.444,0.335463,-0.335463,18.65324,-52.41437,0.25,-1485.806,10.07569,0.313726,-0.849,0,-0.5284,-42.9658,0,1,0,0,0.5284,0,-0.849,-1481.444,0,0,0,1
220.7007,-43.12214,0,-1481.693,0.384609,-0.384609,19.11833,-52.41437,0.25,-1485.806,9.832854,0.298039,-0.8454,0,-0.5341,-43.1221,0,1,0,0,0.5341,0,-0.8454,-1481.693,0,0,0,1
220.712,-43.20047,0,-1481.816,0.40914,-0.40914,19.50286,-52.41437,0.25,-1485.806,9.712876,0.290196,-0.8436,0,-0.537,-43.2005,0,1,0,0,0.537,0,-0.8436,-1481.816,0,0,0,1
220.7233,-43.27892,0,-1481.938,0.433149,-0.433149,19.9533,-52.41437,0.25,-1485.806,9.593737,0.27451,-0.8417,0,-0.5399,-43.2789,0,1,0,0,0.5399,0,-0.8417,-1481.938,0,0,0,1
220.7345,-43.3575,0,-1482.06,0.456584,-0.456584,20.33418,-52.41437,0.25,-1485.806,9.475471,0.235294,-0.8398,0,-0.5429,-43.3575,0,1,0,0,0.5429,0,-0.8398,-1482.06,0,0,0,1
220.7457,-43.43626,0,-1482.181,0.479343,-0.479343,20.89448,-52.41437,0.25,-1485.806,9.358043,0.235294,-0.8378,0,-0.546,-43.4363,0,1,0,0,0.546,0,-0.8378,-1482.181,0,0,0,1
220.7566,-43.51522,0,-1482.301,0.501635,-0.501635,21.1545,-52.41437,0.25,-1485.806,9.241414,0.211765,-0.8358,0,-0.549,-43.5152,0,1,0,0,0.549,0,-0.8358,-1482.301,0,0,0,1
220.7677,-43.59439,0,-1482.42,0.5237,-0.5237,21.49142,-52.41437,0.25,-1485.806,9.125609,0.141177,-0.8337,0,-0.5522,-43.5944,0,1,0,0,0.5522,0,-0.8337,-1482.42,0,0,0,1
220.7795,-43.67385,0,-1482.539,0.547233,-0.547233,21.84664,-52.41437,0.25,-1485.806,9.010481,0.101961,-0.8316,0,-0.5554,-43.6739,0,1,0,0,0.5554,0,-0.8316,-1482.539,0,0,0,1
220.7943,-43.83384,0,-1482.776,0.592554,-0.592554,22.32639,-52.41437,0.25,-1485.806,8.782121,0.070588,-0.8273,0,-0.5618,-43.8338,0,1,0,0,0.5618,0,-0.8273,-1482.776,0,0,0,1
220.805,-43.91439,0,-1482.894,0.614161,-0.614161,22.62302,-52.41437,0.25,-1485.806,8.668965,0.031373,-0.825,0,-0.5651,-43.9144,0,1,0,0,0.5651,0,-0.825,-1482.894,0,0,0,1
220.8112,-43.99564,0,-1483.011,0.635368,-0.635368,22.90501,-52.41437,0.25,-1485.806,8.555981,0,-0.8228,0,-0.5684,-43.9956,0,1,0,0,0.5684,0,-0.8228,-1483.011,0,0,0,1
220.8223,-44.07759,0,-1483.129,0.656054,-0.656054,23.05517,-52.41437,0.25,-1485.806,8.443233,0,-0.8205,0,-0.5717,-44.0776,0,1,0,0,0.5717,0,-0.8205,-1483.129,0,0,0,1
220.8332,-44.16024,0,-1483.246,0.676321,-0.676321,23.38842,-52.41437,0.25,-1485.806,8.330748,0,-0.8181,0,-0.575,-44.1602,0,1,0,0,0.575,0,-0.8181,-1483.246,0,0,0,1
220.8443,-44.24361,0,-1483.364,0.698427,-0.698427,23.6704,-52.41437,0.25,-1485.806,8.21854,0,-0.8158,0,-0.5784,-44.2436,0,1,0,0,0.5784,0,-0.8158,-1483.364,0,0,0,1
220.8553,-44.32772,0,-1483.481,0.720097,-0.720097,23.98902,-52.41437,0.25,-1485.806,8.106637,0,-0.8133,0,-0.5818,-44.3277,0,1,0,0,0.5818,0,-0.8133,-1483.481,0,0,0,1
220.8665,-44.41255,0,-1483.599,0.741151,-0.741151,24.26734,-52.41437,0.25,-1485.806,7.995074,0,-0.8109,0,-0.5852,-44.4126,0,1,0,0,0.5852,0,-0.8109,-1483.599,0,0,0,1
220.8776,-44.49812,0,-1483.716,0.761629,-0.761629,24.58594,-52.41437,0.25,-1485.806,7.883907,0,-0.8083,0,-0.5887,-44.4981,0,1,0,0,0.5887,0,-0.8083,-1483.716,0,0,0,1
220.889,-44.58443,0,-1483.834,0.781573,-0.781573,24.89357,-52.41437,0.25,-1485.806,7.773141,0,-0.8058,0,-0.5922,-44.5844,0,1,0,0,0.5922,0,-0.8058,-1483.834,0,0,0,1
220.8999,-44.6715,0,-1483.951,0.800892,-0.800892,25.11696,-52.41437,0.25,-1485.806,7.662811,0,-0.8032,0,-0.5958,-44.6715,0,1,0,0,0.5958,0,-0.8032,-1483.951,0,0,0,1
220.911,-44.84792,0,-1484.186,0.840456,-0.840456,25.44655,-52.41437,0.25,-1485.806,7.443653,0,-0.7978,0,-0.6029,-44.8479,0,1,0,0,0.6029,0,-0.7978,-1484.186,0,0,0,1
220.9222,-44.93727,0,-1484.303,0.860463,-0.860463,25.61867,-52.41437,0.25,-1485.806,7.334942,0,-0.7951,0,-0.6064,-44.9373,0,1,0,0,0.6064,0,-0.7951,-1484.303,0,0,0,1
220.9331,-45.0274,0,-1484.42,0.880022,-0.880022,25.8787,-52.41437,0.25,-1485.806,7.226828,0,-0.7924,0,-0.61,-45.0274,0,1,0,0,0.61,0,-0.7924,-1484.42,0,0,0,1
220.9443,-45.11831,0,-1484.537,0.898825,-0.898825,26.12772,-52.41437,0.25,-1485.806,7.119389,0,-0.7896,0,-0.6136,-45.1183,0,1,0,0,0.6136,0,-0.7896,-1484.537,0,0,0,1
220.9555,-45.21,0,-1484.654,0.917045,-0.917045,26.31815,-52.41437,0.25,-1485.806,7.012665,0,-0.7868,0,-0.6172,-45.21,0,1,0,0,0.6172,0,-0.7868,-1484.654,0,0,0,1
220.9666,-45.30248,0,-1484.771,0.93472,-0.93472,26.50126,-52.41437,0.25,-1485.806,6.906704,0,-0.7839,0,-0.6209,-45.3025,0,1,0,0,0.6209,0,-0.7839,-1484.771,0,0,0,1
220.9783,-45.39576,0,-1484.887,0.951895,-0.951895,26.75029,-52.41437,0.25,-1485.806,6.801579,0,-0.781,0,-0.6245,-45.3958,0,1,0,0,0.6245,0,-0.781,-1484.887,0,0,0,1
220.9888,-45.48983,0,-1485.004,0.970816,-0.970816,26.87114,-52.41437,0.25,-1485.806,6.697362,0,-0.7781,0,-0.6282,-45.4898,0,1,0,0,0.6282,0,-0.7781,-1485.004,0,0,0,1
220.9999,-45.5847,0,-1485.12,0.988984,-0.988984,27.03594,-52.41437,0.25,-1485.806,6.594106,0,-0.7751,0,-0.6318,-45.5847,0,1,0,0,0.6318,0,-0.7751,-1485.12,0,0,0,1
221.0112,-45.77686,0,-1485.352,1.02349,-1.02349,27.18242,-52.41437,0.25,-1485.806,6.390764,0,-0.7691,0,-0.6392,-45.7769,0,1,0,0,0.6392,0,-0.7691,-1485.352,0,0,0,1
221.0223,-45.87415,0,-1485.468,1.039739,-1.039739,27.32158,-52.41437,0.25,-1485.806,6.290838,0,-0.766,0,-0.6428,-45.8742,0,1,0,0,0.6428,0,-0.766,-1485.468,0,0,0,1
221.0332,-45.97225,0,-1485.584,1.055269,-1.055269,27.46074,-52.41437,0.25,-1485.806,6.19212,0,-0.7629,0,-0.6465,-45.9723,0,1,0,0,0.6465,0,-0.7629,-1485.584,0,0,0,1
221.0445,-46.07117,0,-1485.7,1.070982,-1.070982,27.56694,-52.41437,0.25,-1485.806,6.093197,0,-0.7598,0,-0.6502,-46.0712,0,1,0,0,0.6502,0,-0.7598,-1485.7,0,0,0,1
221.0555,-46.17091,0,-1485.815,1.087791,-1.087791,27.68414,-52.41437,0.25,-1485.806,5.993462,0,-0.7566,0,-0.6538,-46.1709,0,1,0,0,0.6538,0,-0.7566,-1485.815,0,0,0,1
