time,pos_x,pos_y,pos_z,distFromRoadCenter,signedDistFromRoadCenter,wheelAngle,obstacle_pos_x,obstacle_pos_y,obstacle_pos_z,distance_to_obstacle,brake_position,simplecar_4x4_R0C0,simplecar_4x4_R0C1,simplecar_4x4_R0C2,simplecar_4x4_R0C3,simplecar_4x4_R1C0,simplecar_4x4_R1C1,simplecar_4x4_R1C2,simplecar_4x4_R1C3,simplecar_4x4_R2C0,simplecar_4x4_R2C1,simplecar_4x4_R2C2,simplecar_4x4_R2C3,simplecar_4x4_R3C0,simplecar_4x4_R3C1,simplecar_4x4_R3C2,simplecar_4x4_R3C3
26.22959,-0.062759,0,19.03314,0.062759,-0.062759,0.206909,NaN,NaN,NaN,NaN,0,0.9999,0,0.0117,-0.0628,0,1,0,0,-0.0117,0,0.9999,19.0331,0,0,0,1
26.25843,-0.058355,0,19.40511,0.058355,-0.058355,0.327759,NaN,NaN,NaN,NaN,0,0.9999,0,0.0119,-0.0584,0,1,0,0,-0.0119,0,0.9999,19.4051,0,0,0,1
26.26751,-0.056862,0,19.5299,0.056862,-0.056862,0.393677,NaN,NaN,NaN,NaN,0,0.9999,0,0.012,-0.0569,0,1,0,0,-0.012,0,0.9999,19.5299,0,0,0,1
26.2742,-0.055354,0,19.65509,0.055354,-0.055354,0.444946,NaN,NaN,NaN,NaN,0,0.9999,0,0.012,-0.0554,0,1,0,0,-0.012,0,0.9999,19.6551,0,0,0,1
26.28112,-0.053831,0,19.78069,0.053831,-0.053831,0.474258,NaN,NaN,NaN,NaN,0,0.9999,0,0.0121,-0.0538,0,1,0,0,-0.0121,0,0.9999,19.7807,0,0,0,1
26.29245,-0.052292,0,19.90668,0.052292,-0.052292,0.521865,NaN,NaN,NaN,NaN,0,0.9999,0,0.0122,-0.0523,0,1,0,0,-0.0122,0,0.9999,19.9067,0,0,0,1
26.30698,-0.050735,0,20.03307,0.050735,-0.050735,0.584121,NaN,NaN,NaN,NaN,0,0.9999,0,0.0123,-0.0507,0,1,0,0,-0.0123,0,0.9999,20.0331,0,0,0,1
26.31848,-0.049158,0,20.15986,0.049158,-0.049158,0.657363,NaN,NaN,NaN,NaN,0,0.9999,0,0.0124,-0.0492,0,1,0,0,-0.0124,0,0.9999,20.1599,0,0,0,1
26.32905,-0.047562,0,20.28705,0.047562,-0.047562,0.690322,NaN,NaN,NaN,NaN,0,0.9999,0,0.0126,-0.0476,0,1,0,0,-0.0126,0,0.9999,20.2871,0,0,0,1
26.33842,-0.045944,0,20.41464,0.045944,-0.045944,0.730605,NaN,NaN,NaN,NaN,0,0.9999,0,0.0127,-0.0459,0,1,0,0,-0.0127,0,0.9999,20.4146,0,0,0,1
26.34769,-0.044304,0,20.54263,0.044304,-0.044304,0.752578,NaN,NaN,NaN,NaN,0,0.9999,0,0.0128,-0.0443,0,1,0,0,-0.0128,0,0.9999,20.5426,0,0,0,1
26.35895,-0.042642,0,20.67101,0.042642,-0.042642,0.759902,NaN,NaN,NaN,NaN,0,0.9999,0,0.0129,-0.0426,0,1,0,0,-0.0129,0,0.9999,20.671,0,0,0,1
26.37005,-0.039249,0,20.92899,0.039249,-0.039249,0.778213,NaN,NaN,NaN,NaN,0,0.9999,0,0.0132,-0.0392,0,1,0,0,-0.0132,0,0.9999,20.929,0,0,0,1
26.38109,-0.037519,0,21.05858,0.037519,-0.037519,0.778213,NaN,NaN,NaN,NaN,0,0.9999,0,0.0134,-0.0375,0,1,0,0,-0.0134,0,0.9999,21.0586,0,0,0,1
26.39233,-0.035766,0,21.18857,0.035766,-0.035766,0.778213,NaN,NaN,NaN,NaN,0,0.9999,0,0.0135,-0.0358,0,1,0,0,-0.0135,0,0.9999,21.1886,0,0,0,1
26.40339,-0.033989,0,21.31896,0.033989,-0.033989,0.778213,NaN,NaN,NaN,NaN,0,0.9999,0,0.0136,-0.034,0,1,0,0,-0.0136,0,0.9999,21.319,0,0,0,1
26.41443,-0.032189,0,21.44974,0.032189,-0.032189,0.778213,NaN,NaN,NaN,NaN,0,0.9999,0,0.0138,-0.0322,0,1,0,0,-0.0138,0,0.9999,21.4497,0,0,0,1
26.42567,-0.030366,0,21.58093,0.030366,-0.030366,0.778213,NaN,NaN,NaN,NaN,0,0.9999,0,0.0139,-0.0304,0,1,0,0,-0.0139,0,0.9999,21.5809,0,0,0,1
26.43671,-0.02852,0,21.71252,0.02852,-0.02852,0.778213,NaN,NaN,NaN,NaN,0,0.9999,0,0.014,-0.0285,0,1,0,0,-0.014,0,0.9999,21.7125,0,0,0,1
26.44809,-0.02665,0,21.8445,0.02665,-0.02665,0.781875,NaN,NaN,NaN,NaN,0,0.9999,0,0.0142,-0.0266,0,1,0,0,-0.0142,0,0.9999,21.8445,0,0,0,1
26.45882,-0.024756,0,21.97689,0.024756,-0.024756,0.785537,NaN,NaN,NaN,NaN,0,0.9999,0,0.0143,-0.0248,0,1,0,0,-0.0143,0,0.9999,21.9769,0,0,0,1
26.46992,-0.022838,0,22.10968,0.022838,-0.022838,0.807509,NaN,NaN,NaN,NaN,0,0.9999,0,0.0144,-0.0228,0,1,0,0,-0.0144,0,0.9999,22.1097,0,0,0,1
26.48125,-0.018926,0,22.37645,0.018926,-0.018926,0.82582,NaN,NaN,NaN,NaN,0,0.9999,0,0.0147,-0.0189,0,1,0,0,-0.0147,0,0.9999,22.3765,0,0,0,1
26.4922,-0.016932,0,22.51043,0.016932,-0.016932,0.829482,NaN,NaN,NaN,NaN,0,0.9999,0,0.0149,-0.0169,0,1,0,0,-0.0149,0,0.9999,22.5104,0,0,0,1
26.5033,-0.014913,0,22.64482,0.014913,-0.014913,0.833144,NaN,NaN,NaN,NaN,0,0.9999,0,0.015,-0.0149,0,1,0,0,-0.015,0,0.9999,22.6448,0,0,0,1
26.51445,-0.012868,0,22.7796,0.012868,-0.012868,0.833144,NaN,NaN,NaN,NaN,0,0.9999,0,0.0152,-0.0129,0,1,0,0,-0.0152,0,0.9999,22.7796,0,0,0,1
26.52545,-0.010798,0,22.91479,0.010798,-0.010798,0.833144,NaN,NaN,NaN,NaN,0,0.9999,0,0.0153,-0.0108,0,1,0,0,-0.0153,0,0.9999,22.9148,0,0,0,1
26.53671,-0.008701,0,23.05037,0.008701,-0.008701,0.833144,NaN,NaN,NaN,NaN,0,0.9999,0,0.0155,-0.0087,0,1,0,0,-0.0155,0,0.9999,23.0504,0,0,0,1
26.54767,-0.006579,0,23.18635,0.006579,-0.006579,0.833144,NaN,NaN,NaN,NaN,0,0.9999,0,0.0156,-0.0066,0,1,0,0,-0.0156,0,0.9999,23.1864,0,0,0,1
26.55886,-0.004431,0,23.32273,0.004431,-0.004431,0.833144,NaN,NaN,NaN,NaN,0,0.9999,0,0.0158,-0.0044,0,1,0,0,-0.0158,0,0.9999,23.3227,0,0,0,1
26.573,-0.000055,0,23.5967,0.000055,-0.000055,0.833144,NaN,NaN,NaN,NaN,0,0.9999,0,0.016,-0.0001,0,1,0,0,-0.016,0,0.9999,23.5967,0,0,0,1
26.58367,0.002172,0,23.73428,0.002172,0.002172,0.833144,NaN,NaN,NaN,NaN,0,0.9999,0,0.0162,0.0022,0,1,0,0,-0.0162,0,0.9999,23.7343,0,0,0,1
26.59218,0.004426,0,23.87226,0.004426,0.004426,0.833144,NaN,NaN,NaN,NaN,0,0.9999,0,0.0163,0.0044,0,1,0,0,-0.0163,0,0.9999,23.8723,0,0,0,1
26.60338,0.006706,0,24.01064,0.006706,0.006706,0.833144,NaN,NaN,NaN,NaN,0,0.9999,0,0.0165,0.0067,0,1,0,0,-0.0165,0,0.9999,24.0106,0,0,0,1
26.61442,0.009014,0,24.14943,0.009014,0.009014,0.833144,NaN,NaN,NaN,NaN,0,0.9999,0,0.0166,0.009,0,1,0,0,-0.0166,0,0.9999,24.1494,0,0,0,1
26.6258,0.011348,0,24.28861,0.011348,0.011348,0.833144,NaN,NaN,NaN,NaN,0,0.9999,0,0.0168,0.0113,0,1,0,0,-0.0168,0,0.9999,24.2886,0,0,0,1
26.63702,0.013709,0,24.42819,0.013709,0.013709,0.833144,NaN,NaN,NaN,NaN,0,0.9999,0,0.0169,0.0137,0,1,0,0,-0.0169,0,0.9999,24.4282,0,0,0,1
26.64829,0.016097,0,24.56817,0.016097,0.016097,0.833144,NaN,NaN,NaN,NaN,0,0.9999,0,0.0171,0.0161,0,1,0,0,-0.0171,0,0.9999,24.5682,0,0,0,1
26.65964,0.018513,0,24.70855,0.018513,0.018513,0.833144,NaN,NaN,NaN,NaN,0,0.9999,0,0.0172,0.0185,0,1,0,0,-0.0172,0,0.9999,24.7086,0,0,0,1
26.67131,0.023426,0,24.9905,0.023426,0.023426,0.833144,NaN,NaN,NaN,NaN,0,0.9998,0,0.0175,0.0234,0,1,0,0,-0.0175,0,0.9998,24.9905,0,0,0,1
26.68213,0.025924,0,25.13208,0.025924,0.025924,0.833144,NaN,NaN,NaN,NaN,0,0.9998,0,0.0176,0.0259,0,1,0,0,-0.0176,0,0.9998,25.1321,0,0,0,1
26.69358,0.02845,0,25.27406,0.02845,0.02845,0.833144,NaN,NaN,NaN,NaN,0,0.9998,0,0.0178,0.0284,0,1,0,0,-0.0178,0,0.9998,25.2741,0,0,0,1
26.70498,0.031003,0,25.41644,0.031003,0.031003,0.833144,NaN,NaN,NaN,NaN,0,0.9998,0,0.0179,0.031,0,1,0,0,-0.0179,0,0.9998,25.4164,0,0,0,1
26.71625,0.033585,0,25.55921,0.033585,0.033585,0.833144,NaN,NaN,NaN,NaN,0,0.9998,0,0.0181,0.0336,0,1,0,0,-0.0181,0,0.9998,25.5592,0,0,0,1
26.72742,0.036194,0,25.70239,0.036194,0.036194,0.822158,NaN,NaN,NaN,NaN,0,0.9998,0,0.0182,0.0362,0,1,0,0,-0.0182,0,0.9998,25.7024,0,0,0,1
26.73899,0.03883,0,25.84597,0.03883,0.03883,0.803847,NaN,NaN,NaN,NaN,0,0.9998,0,0.0184,0.0388,0,1,0,0,-0.0184,0,0.9998,25.846,0,0,0,1
26.75008,0.044185,0,26.13432,0.044185,0.044185,0.785537,NaN,NaN,NaN,NaN,0,0.9998,0,0.0186,0.0442,0,1,0,0,-0.0186,0,0.9998,26.1343,0,0,0,1
26.76172,0.046903,0,26.27909,0.046903,0.046903,0.781875,NaN,NaN,NaN,NaN,0,0.9998,0,0.0188,0.0469,0,1,0,0,-0.0188,0,0.9998,26.2791,0,0,0,1
26.77265,0.049648,0,26.42426,0.049648,0.049648,0.759902,NaN,NaN,NaN,NaN,0,0.9998,0,0.0189,0.0496,0,1,0,0,-0.0189,0,0.9998,26.4243,0,0,0,1
26.78384,0.052419,0,26.56984,0.052419,0.052419,0.752578,NaN,NaN,NaN,NaN,0,0.9998,0,0.019,0.0524,0,1,0,0,-0.019,0,0.9998,26.5698,0,0,0,1
26.79534,0.055217,0,26.71581,0.055217,0.055217,0.726943,NaN,NaN,NaN,NaN,0,0.9998,0,0.0192,0.0552,0,1,0,0,-0.0192,0,0.9998,26.7158,0,0,0,1
26.80659,0.05804,0,26.86218,0.05804,0.05804,0.690322,NaN,NaN,NaN,NaN,0,0.9998,0,0.0193,0.058,0,1,0,0,-0.0193,0,0.9998,26.8622,0,0,0,1
26.81775,0.060888,0,27.00895,0.060888,0.060888,0.664687,NaN,NaN,NaN,NaN,0,0.9998,0,0.0194,0.0609,0,1,0,0,-0.0194,0,0.9998,27.009,0,0,0,1
26.82941,0.063759,0,27.15612,0.063759,0.063759,0.63539,NaN,NaN,NaN,NaN,0,0.9998,0,0.0195,0.0638,0,1,0,0,-0.0195,0,0.9998,27.1561,0,0,0,1
26.84055,0.069572,0,27.45166,0.069572,0.069572,0.591445,NaN,NaN,NaN,NaN,0,0.9998,0,0.0197,0.0696,0,1,0,0,-0.0197,0,0.9998,27.4517,0,0,0,1
26.85139,0.072512,0,27.60004,0.072512,0.072512,0.558486,NaN,NaN,NaN,NaN,0,0.9998,0,0.0198,0.0725,0,1,0,0,-0.0198,0,0.9998,27.6,0,0,0,1
26.86259,0.075474,0,27.74881,0.075474,0.075474,0.518203,NaN,NaN,NaN,NaN,0,0.9998,0,0.0199,0.0755,0,1,0,0,-0.0199,0,0.9998,27.7488,0,0,0,1
26.874,0.078456,0,27.89798,0.078456,0.078456,0.474258,NaN,NaN,NaN,NaN,0,0.9998,0,0.02,0.0785,0,1,0,0,-0.02,0,0.9998,27.898,0,0,0,1
26.88455,0.081458,0,28.04755,0.081458,0.081458,0.444946,NaN,NaN,NaN,NaN,0,0.9998,0,0.0201,0.0815,0,1,0,0,-0.0201,0,0.9998,28.0476,0,0,0,1
26.89633,0.084478,0,28.19752,0.084478,0.084478,0.401001,NaN,NaN,NaN,NaN,0,0.9998,0,0.0201,0.0845,0,1,0,0,-0.0201,0,0.9998,28.1975,0,0,0,1
26.91004,0.090571,0,28.49866,0.090571,0.090571,0.371704,NaN,NaN,NaN,NaN,0,0.9998,0,0.0203,0.0906,0,1,0,0,-0.0203,0,0.9998,28.4987,0,0,0,1
26.92109,0.093644,0,28.64982,0.093644,0.093644,0.346069,NaN,NaN,NaN,NaN,0,0.9998,0,0.0203,0.0936,0,1,0,0,-0.0203,0,0.9998,28.6498,0,0,0,1
26.9292,0.093644,0,28.64982,0.093644,0.093644,0.346069,NaN,NaN,NaN,NaN,0,0.9998,0,0.0203,0.0936,0,1,0,0,-0.0203,0,0.9998,28.6498,0,0,0,1
26.94023,0.099839,0,28.95336,0.099839,0.099839,0.298462,NaN,NaN,NaN,NaN,0,0.9998,0,0.0204,0.0998,0,1,0,0,-0.0204,0,0.9998,28.9534,0,0,0,1
26.95135,0.10296,0,29.10573,0.10296,0.10296,0.2948,NaN,NaN,NaN,NaN,0,0.9998,0,0.0205,0.103,0,1,0,0,-0.0205,0,0.9998,29.1057,0,0,0,1
26.96242,0.106097,0,29.2585,0.106097,0.106097,0.283814,NaN,NaN,NaN,NaN,0,0.9998,0,0.0205,0.1061,0,1,0,0,-0.0205,0,0.9998,29.2585,0,0,0,1
26.97371,0.109249,0,29.41166,0.109249,0.109249,0.283814,NaN,NaN,NaN,NaN,0,0.9998,0,0.0206,0.1092,0,1,0,0,-0.0206,0,0.9998,29.4117,0,0,0,1
26.98467,0.112418,0,29.56523,0.112418,0.112418,0.283814,NaN,NaN,NaN,NaN,0,0.9998,0,0.0206,0.1124,0,1,0,0,-0.0206,0,0.9998,29.5652,0,0,0,1
26.9958,0.115602,0,29.7192,0.115602,0.115602,0.283814,NaN,NaN,NaN,NaN,0,0.9998,0,0.0207,0.1156,0,1,0,0,-0.0207,0,0.9998,29.7192,0,0,0,1
27.00714,0.118803,0,29.87356,0.118803,0.118803,0.283814,NaN,NaN,NaN,NaN,0,0.9998,0,0.0207,0.1188,0,1,0,0,-0.0207,0,0.9998,29.8736,0,0,0,1
27.01822,0.122019,0,30.02833,0.122019,0.122019,0.283814,NaN,NaN,NaN,NaN,0,0.9998,0,0.0208,0.122,0,1,0,0,-0.0208,0,0.9998,30.0283,0,0,0,1
27.02916,0.125251,0,30.1835,0.125251,0.125251,0.283814,NaN,NaN,NaN,NaN,0,0.9998,0,0.0208,0.1253,0,1,0,0,-0.0208,0,0.9998,30.1835,0,0,0,1
27.04066,0.131764,0,30.49503,0.131764,0.131764,0.283814,NaN,NaN,NaN,NaN,0,0.9998,0,0.0209,0.1318,0,1,0,0,-0.0209,0,0.9998,30.495,0,0,0,1
27.05128,0.135044,0,30.6514,0.135044,0.135044,0.283814,NaN,NaN,NaN,NaN,0,0.9998,0,0.021,0.135,0,1,0,0,-0.021,0,0.9998,30.6514,0,0,0,1
27.0625,0.138341,0,30.80816,0.138341,0.138341,0.283814,NaN,NaN,NaN,NaN,0,0.9998,0,0.021,0.1383,0,1,0,0,-0.021,0,0.9998,30.8082,0,0,0,1
27.07425,0.141654,0,30.96532,0.141654,0.141654,0.283814,NaN,NaN,NaN,NaN,0,0.9998,0,0.0211,0.1417,0,1,0,0,-0.0211,0,0.9998,30.9653,0,0,0,1
27.08466,0.144983,0,31.12289,0.144983,0.144983,0.283814,NaN,NaN,NaN,NaN,0,0.9998,0,0.0211,0.145,0,1,0,0,-0.0211,0,0.9998,31.1229,0,0,0,1
27.09587,0.148328,0,31.28085,0.148328,0.148328,0.283814,NaN,NaN,NaN,NaN,0,0.9998,0,0.0212,0.1483,0,1,0,0,-0.0212,0,0.9998,31.2809,0,0,0,1
27.10762,0.15169,0,31.43922,0.15169,0.15169,0.283814,NaN,NaN,NaN,NaN,0,0.9998,0,0.0212,0.1517,0,1,0,0,-0.0212,0,0.9998,31.4392,0,0,0,1
27.11794,0.155068,0,31.59798,0.155068,0.155068,0.283814,NaN,NaN,NaN,NaN,0,0.9998,0,0.0213,0.1551,0,1,0,0,-0.0213,0,0.9998,31.598,0,0,0,1
27.12921,0.158462,0,31.75714,0.158462,0.158462,0.283814,NaN,NaN,NaN,NaN,0,0.9998,0,0.0213,0.1585,0,1,0,0,-0.0213,0,0.9998,31.7571,0,0,0,1
27.14016,0.1653,0,32.07667,0.1653,0.1653,0.283814,NaN,NaN,NaN,NaN,0,0.9998,0,0.0214,0.1653,0,1,0,0,-0.0214,0,0.9998,32.0767,0,0,0,1
27.15106,0.168744,0,32.23703,0.168744,0.168744,0.283814,NaN,NaN,NaN,NaN,0,0.9998,0,0.0215,0.1687,0,1,0,0,-0.0215,0,0.9998,32.237,0,0,0,1
27.16228,0.172205,0,32.3978,0.172205,0.172205,0.302124,NaN,NaN,NaN,NaN,0,0.9998,0,0.0215,0.1722,0,1,0,0,-0.0215,0,0.9998,32.3978,0,0,0,1
27.17403,0.175684,0,32.55896,0.175684,0.175684,0.324097,NaN,NaN,NaN,NaN,0,0.9998,0,0.0216,0.1757,0,1,0,0,-0.0216,0,0.9998,32.559,0,0,0,1
27.18432,0.17918,0,32.72052,0.17918,0.17918,0.331421,NaN,NaN,NaN,NaN,0,0.9998,0,0.0216,0.1792,0,1,0,0,-0.0216,0,0.9998,32.7205,0,0,0,1
27.19592,0.182696,0,32.88248,0.182696,0.182696,0.357056,NaN,NaN,NaN,NaN,0,0.9998,0,0.0217,0.1827,0,1,0,0,-0.0217,0,0.9998,32.8825,0,0,0,1
27.2076,0.186231,0,33.04485,0.186231,0.186231,0.397339,NaN,NaN,NaN,NaN,0,0.9998,0,0.0218,0.1862,0,1,0,0,-0.0218,0,0.9998,33.0449,0,0,0,1
27.21789,0.189787,0,33.20761,0.189787,0.189787,0.444946,NaN,NaN,NaN,NaN,0,0.9998,0,0.0218,0.1898,0,1,0,0,-0.0218,0,0.9998,33.2076,0,0,0,1
27.23223,0.196971,0,33.53433,0.196971,0.196971,0.514541,NaN,NaN,NaN,NaN,0,0.9998,0,0.022,0.197,0,1,0,0,-0.022,0,0.9998,33.5343,0,0,0,1
27.24285,0.200599,0,33.69829,0.200599,0.200599,0.56581,NaN,NaN,NaN,NaN,0,0.9998,0,0.0221,0.2006,0,1,0,0,-0.0221,0,0.9998,33.6983,0,0,0,1
27.25109,0.204255,0,33.86265,0.204255,0.204255,0.63539,NaN,NaN,NaN,NaN,0,0.9998,0,0.0222,0.2043,0,1,0,0,-0.0222,0,0.9998,33.8627,0,0,0,1
27.26241,0.20794,0,34.02741,0.20794,0.20794,0.70497,NaN,NaN,NaN,NaN,0,0.9998,0,0.0224,0.2079,0,1,0,0,-0.0224,0,0.9998,34.0274,0,0,0,1
27.27337,0.211656,0,34.19257,0.211656,0.211656,0.77455,NaN,NaN,NaN,NaN,0,0.9997,0,0.0225,0.2117,0,1,0,0,-0.0225,0,0.9997,34.1926,0,0,0,1
27.28436,0.215405,0,34.35812,0.215405,0.215405,0.855117,NaN,NaN,NaN,NaN,0,0.9997,0,0.0226,0.2154,0,1,0,0,-0.0226,0,0.9997,34.3581,0,0,0,1
27.29551,0.219192,0,34.52408,0.219192,0.219192,0.94667,NaN,NaN,NaN,NaN,0,0.9997,0,0.0228,0.2192,0,1,0,0,-0.0228,0,0.9997,34.5241,0,0,0,1
27.30676,0.223017,0,34.69044,0.223017,0.223017,1.045547,NaN,NaN,NaN,NaN,0,0.9997,0,0.023,0.223,0,1,0,0,-0.023,0,0.9997,34.6904,0,0,0,1
27.31777,0.226885,0,34.85719,0.226885,0.226885,1.122451,NaN,NaN,NaN,NaN,0,0.9997,0,0.0232,0.2269,0,1,0,0,-0.0232,0,0.9997,34.8572,0,0,0,1
27.32896,0.230798,0,35.02435,0.230798,0.230798,1.232314,NaN,NaN,NaN,NaN,0,0.9997,0,0.0234,0.2308,0,1,0,0,-0.0234,0,0.9997,35.0244,0,0,0,1
27.34003,0.23877,0,35.35985,0.23877,0.23877,1.353164,NaN,NaN,NaN,NaN,0,0.9997,0,0.0239,0.2388,0,1,0,0,-0.0239,0,0.9997,35.3599,0,0,0,1
27.35111,0.242832,0,35.5282,0.242832,0.242832,1.411772,NaN,NaN,NaN,NaN,0,0.9997,0,0.0241,0.2428,0,1,0,0,-0.0241,0,0.9997,35.5282,0,0,0,1
27.36251,0.246948,0,35.69695,0.246948,0.246948,1.517973,NaN,NaN,NaN,NaN,0,0.9997,0,0.0244,0.2469,0,1,0,0,-0.0244,0,0.9997,35.697,0,0,0,1
27.37337,0.251121,0,35.8661,0.251121,0.251121,1.598539,NaN,NaN,NaN,NaN,0,0.9997,0,0.0247,0.2511,0,1,0,0,-0.0247,0,0.9997,35.8661,0,0,0,1
27.38436,0.255355,0,36.03565,0.255355,0.255355,1.719389,NaN,NaN,NaN,NaN,0,0.9997,0,0.025,0.2554,0,1,0,0,-0.025,0,0.9997,36.0357,0,0,0,1
27.39548,0.259653,0,36.20559,0.259653,0.259653,1.814604,NaN,NaN,NaN,NaN,0,0.9997,0,0.0253,0.2597,0,1,0,0,-0.0253,0,0.9997,36.2056,0,0,0,1
27.40663,0.264019,0,36.37594,0.264019,0.264019,1.961088,NaN,NaN,NaN,NaN,0,0.9997,0,0.0256,0.264,0,1,0,0,-0.0256,0,0.9997,36.3759,0,0,0,1
27.41805,0.268456,0,36.54668,0.268456,0.268456,2.048979,NaN,NaN,NaN,NaN,0,0.9997,0,0.026,0.2685,0,1,0,0,-0.026,0,0.9997,36.5467,0,0,0,1
27.42882,0.272969,0,36.71782,0.272969,0.272969,2.177153,NaN,NaN,NaN,NaN,0,0.9997,0,0.0264,0.273,0,1,0,0,-0.0264,0,0.9997,36.7178,0,0,0,1
27.44008,0.282237,0,37.06129,0.282237,0.282237,2.334623,NaN,NaN,NaN,NaN,0,0.9996,0,0.0272,0.2822,0,1,0,0,-0.0272,0,0.9996,37.0613,0,0,0,1
27.45084,0.286995,0,37.23363,0.286995,0.286995,2.455487,NaN,NaN,NaN,NaN,0,0.9996,0,0.0276,0.287,0,1,0,0,-0.0276,0,0.9996,37.2336,0,0,0,1
27.46206,0.291843,0,37.40636,0.291843,0.291843,2.576337,NaN,NaN,NaN,NaN,0,0.9996,0,0.0281,0.2918,0,1,0,0,-0.0281,0,0.9996,37.4064,0,0,0,1
27.47363,0.296784,0,37.57949,0.296784,0.296784,2.722821,NaN,NaN,NaN,NaN,0,0.9996,0,0.0285,0.2968,0,1,0,0,-0.0285,0,0.9996,37.5795,0,0,0,1
27.48429,0.301823,0,37.75302,0.301823,0.301823,2.861981,NaN,NaN,NaN,NaN,0,0.9996,0,0.029,0.3018,0,1,0,0,-0.029,0,0.9996,37.753,0,0,0,1
27.4955,0.306964,0,37.92694,0.306964,0.306964,2.986493,NaN,NaN,NaN,NaN,0,0.9996,0,0.0295,0.307,0,1,0,0,-0.0295,0,0.9996,37.9269,0,0,0,1
27.5068,0.312213,0,38.10126,0.312213,0.312213,3.13664,NaN,NaN,NaN,NaN,0,0.9995,0,0.0301,0.3122,0,1,0,0,-0.0301,0,0.9995,38.1013,0,0,0,1
27.51753,0.317572,0,38.27598,0.317572,0.317572,3.22453,NaN,NaN,NaN,NaN,0,0.9995,0,0.0307,0.3176,0,1,0,0,-0.0307,0,0.9995,38.276,0,0,0,1
27.52867,0.323045,0,38.45109,0.323045,0.323045,3.341732,NaN,NaN,NaN,NaN,0,0.9995,0,0.0312,0.323,0,1,0,0,-0.0312,0,0.9995,38.4511,0,0,0,1
27.54004,0.334347,0,38.80251,0.334347,0.334347,3.447933,NaN,NaN,NaN,NaN,0,0.9995,0,0.0324,0.3343,0,1,0,0,-0.0324,0,0.9995,38.8025,0,0,0,1
27.55092,0.340178,0,38.97882,0.340178,0.340178,3.521175,NaN,NaN,NaN,NaN,0,0.9995,0,0.0331,0.3402,0,1,0,0,-0.0331,0,0.9995,38.9788,0,0,0,1
27.56197,0.346133,0,39.15551,0.346133,0.346133,3.587093,NaN,NaN,NaN,NaN,0,0.9994,0,0.0337,0.3461,0,1,0,0,-0.0337,0,0.9994,39.1555,0,0,0,1
27.57628,0.352216,0,39.33261,0.352216,0.352216,3.682308,NaN,NaN,NaN,NaN,0,0.9994,0,0.0343,0.3522,0,1,0,0,-0.0343,0,0.9994,39.3326,0,0,0,1
27.58754,0.358428,0,39.5101,0.358428,0.358428,3.726254,NaN,NaN,NaN,NaN,0,0.9994,0,0.035,0.3584,0,1,0,0,-0.035,0,0.9994,39.5101,0,0,0,1
27.59558,0.36477,0,39.68799,0.36477,0.36477,3.751888,NaN,NaN,NaN,NaN,0,0.9994,0,0.0356,0.3648,0,1,0,0,-0.0356,0,0.9994,39.688,0,0,0,1
27.60644,0.371243,0,39.86627,0.371243,0.371243,3.762875,NaN,NaN,NaN,NaN,0,0.9993,0,0.0363,0.3712,0,1,0,0,-0.0363,0,0.9993,39.8663,0,0,0,1
27.61753,0.377849,0,40.04495,0.377849,0.377849,3.773861,NaN,NaN,NaN,NaN,0,0.9993,0,0.0369,0.3778,0,1,0,0,-0.0369,0,0.9993,40.045,0,0,0,1
27.62864,0.384588,0,40.22402,0.384588,0.384588,3.773861,NaN,NaN,NaN,NaN,0,0.9993,0,0.0376,0.3846,0,1,0,0,-0.0376,0,0.9993,40.224,0,0,0,1
27.6398,0.391459,0,40.40349,0.391459,0.391459,3.773861,NaN,NaN,NaN,NaN,0,0.9993,0,0.0383,0.3915,0,1,0,0,-0.0383,0,0.9993,40.4035,0,0,0,1
27.65106,0.405605,0,40.76361,0.405605,0.405605,3.773861,NaN,NaN,NaN,NaN,0,0.9992,0,0.0396,0.4056,0,1,0,0,-0.0396,0,0.9992,40.7636,0,0,0,1
27.66213,0.412879,0,40.94427,0.412879,0.412879,3.773861,NaN,NaN,NaN,NaN,0,0.9992,0,0.0402,0.4129,0,1,0,0,-0.0402,0,0.9992,40.9443,0,0,0,1
27.6733,0.420289,0,41.12532,0.420289,0.420289,3.773861,NaN,NaN,NaN,NaN,0,0.9992,0,0.0409,0.4203,0,1,0,0,-0.0409,0,0.9992,41.1253,0,0,0,1
27.68411,0.427835,0,41.30676,0.427835,0.427835,3.777523,NaN,NaN,NaN,NaN,0,0.9991,0,0.0416,0.4278,0,1,0,0,-0.0416,0,0.9991,41.3068,0,0,0,1
27.69533,0.435518,0,41.4886,0.435518,0.435518,3.777523,NaN,NaN,NaN,NaN,0,0.9991,0,0.0422,0.4355,0,1,0,0,-0.0422,0,0.9991,41.4886,0,0,0,1
27.70654,0.443337,0,41.67083,0.443337,0.443337,3.784847,NaN,NaN,NaN,NaN,0,0.9991,0,0.0429,0.4433,0,1,0,0,-0.0429,0,0.9991,41.6708,0,0,0,1
27.71735,0.451296,0,41.85346,0.451296,0.451296,3.80682,NaN,NaN,NaN,NaN,0,0.9991,0,0.0435,0.4513,0,1,0,0,-0.0435,0,0.9991,41.8535,0,0,0,1
27.72869,0.459394,0,42.03648,0.459394,0.459394,3.850765,NaN,NaN,NaN,NaN,0,0.999,0,0.0442,0.4594,0,1,0,0,-0.0442,0,0.999,42.0365,0,0,0,1
27.73974,0.467635,0,42.21989,0.467635,0.467635,3.902035,NaN,NaN,NaN,NaN,0,0.999,0,0.0449,0.4676,0,1,0,0,-0.0449,0,0.999,42.2199,0,0,0,1
27.75076,0.484554,0,42.58791,0.484554,0.484554,3.967953,NaN,NaN,NaN,NaN,0,0.9989,0,0.0463,0.4846,0,1,0,0,-0.0463,0,0.9989,42.5879,0,0,0,1
27.76213,0.493235,0,42.7725,0.493235,0.493235,4.044857,NaN,NaN,NaN,NaN,0,0.9989,0,0.047,0.4932,0,1,0,0,-0.047,0,0.9989,42.7725,0,0,0,1
27.77329,0.50207,0,42.95749,0.50207,0.50207,4.165707,NaN,NaN,NaN,NaN,0,0.9989,0,0.0477,0.5021,0,1,0,0,-0.0477,0,0.9989,42.9575,0,0,0,1
27.78397,0.511063,0,43.14288,0.511063,0.511063,4.312205,NaN,NaN,NaN,NaN,0,0.9988,0,0.0485,0.5111,0,1,0,0,-0.0485,0,0.9988,43.1429,0,0,0,1
27.79521,0.520219,0,43.32865,0.520219,0.520219,4.433055,NaN,NaN,NaN,NaN,0,0.9988,0,0.0492,0.5202,0,1,0,0,-0.0492,0,0.9988,43.3287,0,0,0,1
27.80645,0.529544,0,43.51482,0.529544,0.529544,4.601512,NaN,NaN,NaN,NaN,0,0.9987,0,0.05,0.5295,0,1,0,0,-0.05,0,0.9987,43.5148,0,0,0,1
27.81742,0.539045,0,43.70138,0.539045,0.539045,4.762645,NaN,NaN,NaN,NaN,0,0.9987,0,0.0509,0.539,0,1,0,0,-0.0509,0,0.9987,43.7014,0,0,0,1
27.82844,0.548727,0,43.88833,0.548727,0.548727,4.956737,NaN,NaN,NaN,NaN,0,0.9987,0,0.0517,0.5487,0,1,0,0,-0.0517,0,0.9987,43.8883,0,0,0,1
27.83976,0.5586,0,44.07567,0.5586,0.5586,5.202112,NaN,NaN,NaN,NaN,0,0.9986,0,0.0526,0.5586,0,1,0,0,-0.0526,0,0.9986,44.0757,0,0,0,1
27.85085,0.578938,0,44.45152,0.578938,0.578938,5.359583,NaN,NaN,NaN,NaN,0,0.9985,0,0.0545,0.5789,0,1,0,0,-0.0545,0,0.9985,44.4515,0,0,0,1
27.86193,0.589411,0,44.64003,0.589411,0.589411,5.604944,NaN,NaN,NaN,NaN,0,0.9985,0,0.0555,0.5894,0,1,0,0,-0.0555,0,0.9985,44.64,0,0,0,1
27.87316,0.600099,0,44.82893,0.600099,0.600099,5.821009,NaN,NaN,NaN,NaN,0,0.9984,0,0.0565,0.6001,0,1,0,0,-0.0565,0,0.9984,44.8289,0,0,0,1
27.88499,0.61101,0,45.01822,0.61101,0.61101,6.081018,NaN,NaN,NaN,NaN,0,0.9983,0,0.0575,0.611,0,1,0,0,-0.0575,0,0.9983,45.0182,0,0,0,1
27.89499,0.622154,0,45.20789,0.622154,0.622154,6.330056,NaN,NaN,NaN,NaN,0,0.9983,0,0.0587,0.6222,0,1,0,0,-0.0587,0,0.9983,45.2079,0,0,0,1
27.90929,0.633539,0,45.39795,0.633539,0.633539,6.557107,NaN,NaN,NaN,NaN,0,0.9982,0,0.0598,0.6335,0,1,0,0,-0.0598,0,0.9982,45.398,0,0,0,1
27.92012,0.657065,0,45.77922,0.657065,0.657065,6.8574,NaN,NaN,NaN,NaN,0,0.9981,0,0.0622,0.6571,0,1,0,0,-0.0622,0,0.9981,45.7792,0,0,0,1
27.92857,0.657065,0,45.77922,0.657065,0.657065,6.8574,NaN,NaN,NaN,NaN,0,0.9981,0,0.0622,0.6571,0,1,0,0,-0.0622,0,0.9981,45.7792,0,0,0,1
27.93944,0.669221,0,45.97044,0.669221,0.669221,7.260246,NaN,NaN,NaN,NaN,0,0.998,0,0.0634,0.6692,0,1,0,0,-0.0634,0,0.998,45.9704,0,0,0,1
27.95074,0.694367,0,46.35402,0.694367,0.694367,7.523918,NaN,NaN,NaN,NaN,0,0.9978,0,0.0661,0.6944,0,1,0,0,-0.0661,0,0.9978,46.354,0,0,0,1
27.96177,0.707364,0,46.54638,0.707364,0.707364,7.739983,NaN,NaN,NaN,NaN,0,0.9977,0,0.0674,0.7074,0,1,0,0,-0.0674,0,0.9977,46.5464,0,0,0,1
27.97295,0.720658,0,46.73912,0.720658,0.720658,7.985358,NaN,NaN,NaN,NaN,0,0.9976,0,0.0688,0.7207,0,1,0,0,-0.0688,0,0.9976,46.7391,0,0,0,1
27.98401,0.734255,0,46.93224,0.734255,0.734255,8.197761,NaN,NaN,NaN,NaN,0,0.9975,0,0.0702,0.7343,0,1,0,0,-0.0702,0,0.9975,46.9322,0,0,0,1
27.99514,0.748165,0,47.12574,0.748165,0.748165,8.410163,NaN,NaN,NaN,NaN,0,0.9974,0,0.0717,0.7482,0,1,0,0,-0.0717,0,0.9974,47.1257,0,0,0,1
28.00647,0.762395,0,47.31962,0.762395,0.762395,8.626227,NaN,NaN,NaN,NaN,0,0.9973,0,0.0732,0.7624,0,1,0,0,-0.0732,0,0.9973,47.3196,0,0,0,1
28.0173,0.77695,0,47.51388,0.77695,0.77695,8.725104,NaN,NaN,NaN,NaN,0,0.9972,0,0.0747,0.777,0,1,0,0,-0.0747,0,0.9972,47.5139,0,0,0,1
28.02843,0.791836,0,47.70851,0.791836,0.791836,8.864264,NaN,NaN,NaN,NaN,0,0.9971,0,0.0763,0.7918,0,1,0,0,-0.0763,0,0.9971,47.7085,0,0,0,1
28.03968,0.807058,0,47.90352,0.807058,0.807058,8.97048,NaN,NaN,NaN,NaN,0,0.997,0,0.0778,0.8071,0,1,0,0,-0.0778,0,0.997,47.9035,0,0,0,1
28.05056,0.838529,0,48.29465,0.838529,0.838529,9.10964,NaN,NaN,NaN,NaN,0,0.9967,0,0.081,0.8385,0,1,0,0,-0.081,0,0.9967,48.2947,0,0,0,1
28.06174,0.854783,0,48.49078,0.854783,0.854783,9.204855,NaN,NaN,NaN,NaN,0,0.9966,0,0.0826,0.8548,0,1,0,0,-0.0826,0,0.9966,48.4908,0,0,0,1
28.07291,0.871392,0,48.68729,0.869465,0.869465,9.373312,NaN,NaN,NaN,NaN,0,0.9964,0,0.0842,0.8714,0,1,0,0,-0.0842,0,0.9964,48.6873,0,0,0,1
28.08393,0.888359,0,48.88416,0.884481,0.884481,9.442892,NaN,NaN,NaN,NaN,0,0.9963,0,0.0859,0.8884,0,1,0,0,-0.0859,0,0.9963,48.8842,0,0,0,1
28.09503,0.905691,0,49.08139,0.899845,0.899845,9.604025,NaN,NaN,NaN,NaN,0,0.9962,0,0.0875,0.9057,0,1,0,0,-0.0875,0,0.9962,49.0814,0,0,0,1
28.10619,0.923397,0,49.279,0.915565,0.915565,9.805441,NaN,NaN,NaN,NaN,0,0.996,0,0.0892,0.9234,0,1,0,0,-0.0892,0,0.996,49.279,0,0,0,1
28.1172,0.941483,0,49.47698,0.931647,0.931647,9.995885,NaN,NaN,NaN,NaN,0,0.9959,0,0.091,0.9415,0,1,0,0,-0.091,0,0.9959,49.477,0,0,0,1
28.12823,0.959962,0,49.67532,0.944295,0.944295,10.28519,NaN,NaN,NaN,NaN,0,0.9957,0,0.0928,0.96,0,1,0,0,-0.0928,0,0.9957,49.6753,0,0,0,1
28.13948,0.978844,0,49.87402,0.957236,0.957236,10.54886,NaN,NaN,NaN,NaN,0,0.9955,0,0.0946,0.9788,0,1,0,0,-0.0946,0,0.9955,49.874,0,0,0,1
28.15057,1.017858,0,50.27252,0.984289,0.984289,10.88945,NaN,NaN,NaN,NaN,0,0.9951,0,0.0984,1.0179,0,1,0,0,-0.0984,0,0.9951,50.2725,0,0,0,1
28.16172,1.038002,0,50.47231,0.998164,0.998164,11.1751,NaN,NaN,NaN,NaN,0,0.995,0,0.1003,1.038,0,1,0,0,-0.1003,0,0.995,50.4723,0,0,0,1
28.17271,1.058595,0,50.67245,1.008781,1.008781,11.68047,NaN,NaN,NaN,NaN,0,0.9947,0,0.1024,1.0586,0,1,0,0,-0.1024,0,0.9947,50.6725,0,0,0,1
28.18391,1.079646,0,50.87295,1.019821,1.019821,11.89289,NaN,NaN,NaN,NaN,0,0.9945,0,0.1044,1.0796,0,1,0,0,-0.1044,0,0.9945,50.873,0,0,0,1
28.19539,1.101169,0,51.0738,1.0313,1.0313,12.31769,NaN,NaN,NaN,NaN,0,0.9943,0,0.1066,1.1012,0,1,0,0,-0.1066,0,0.9943,51.0738,0,0,0,1
28.20634,1.123183,0,51.275,1.043234,1.043234,12.74983,NaN,NaN,NaN,NaN,0,0.9941,0,0.1088,1.1232,0,1,0,0,-0.1088,0,0.9941,51.275,0,0,0,1
28.21721,1.145702,0,51.47655,1.054826,1.054826,13.11238,NaN,NaN,NaN,NaN,0,0.9938,0,0.111,1.1457,0,1,0,0,-0.111,0,0.9938,51.4766,0,0,0,1
28.23129,1.19232,0,51.88067,1.073171,1.073171,13.66538,NaN,NaN,NaN,NaN,0,0.9933,0,0.1158,1.1923,0,1,0,0,-0.1158,0,0.9933,51.8807,0,0,0,1
28.24208,1.216434,0,52.08324,1.083084,1.083084,14.00229,NaN,NaN,NaN,NaN,0,0.993,0,0.1182,1.2164,0,1,0,0,-0.1182,0,0.993,52.0832,0,0,0,1
28.25023,1.241104,0,52.28615,1.093511,1.093511,14.34287,NaN,NaN,NaN,NaN,0,0.9927,0,0.1207,1.2411,0,1,0,0,-0.1207,0,0.9927,52.2862,0,0,0,1
28.26167,1.26634,0,52.48938,1.102861,1.102861,14.60655,NaN,NaN,NaN,NaN,0,0.9924,0,0.1232,1.2663,0,1,0,0,-0.1232,0,0.9924,52.4894,0,0,0,1
28.273,1.292158,0,52.69296,1.110346,1.110346,14.99107,NaN,NaN,NaN,NaN,0,0.9921,0,0.1258,1.2922,0,1,0,0,-0.1258,0,0.9921,52.693,0,0,0,1
28.28382,1.318573,0,52.89685,1.118379,1.118379,15.36827,NaN,NaN,NaN,NaN,0,0.9917,0,0.1285,1.3186,0,1,0,0,-0.1285,0,0.9917,52.8969,0,0,0,1
28.29484,1.345598,0,53.10107,1.126971,1.126971,15.65393,NaN,NaN,NaN,NaN,0,0.9914,0,0.1312,1.3456,0,1,0,0,-0.1312,0,0.9914,53.1011,0,0,0,1
28.30636,1.373245,0,53.30561,1.136136,1.136136,15.97253,NaN,NaN,NaN,NaN,0,0.991,0,0.134,1.3732,0,1,0,0,-0.134,0,0.991,53.3056,0,0,0,1
28.31706,1.401527,0,53.51047,1.143279,1.143279,16.23254,NaN,NaN,NaN,NaN,0,0.9906,0,0.1368,1.4015,0,1,0,0,-0.1368,0,0.9906,53.5105,0,0,0,1
28.3281,1.430455,0,53.71564,1.149584,1.149584,16.52186,NaN,NaN,NaN,NaN,0,0.9902,0,0.1396,1.4305,0,1,0,0,-0.1396,0,0.9902,53.7156,0,0,0,1
28.33931,1.460043,0,53.92113,1.156491,1.156491,16.83314,NaN,NaN,NaN,NaN,0,0.9898,0,0.1425,1.46,0,1,0,0,-0.1425,0,0.9898,53.9211,0,0,0,1
28.35043,1.521223,0,54.33301,1.172137,1.172137,16.99794,NaN,NaN,NaN,NaN,0,0.9889,0,0.1484,1.5212,0,1,0,0,-0.1484,0,0.9889,54.333,0,0,0,1
28.36191,1.552826,0,54.5394,1.177066,1.177066,17.17006,NaN,NaN,NaN,NaN,0,0.9885,0,0.1514,1.5528,0,1,0,0,-0.1514,0,0.9885,54.5394,0,0,0,1
28.37275,1.585117,0,54.7461,1.18237,1.18237,17.38614,NaN,NaN,NaN,NaN,0,0.988,0,0.1544,1.5851,0,1,0,0,-0.1544,0,0.988,54.7461,0,0,0,1
28.38367,1.618105,0,54.95309,1.188306,1.188306,17.57656,NaN,NaN,NaN,NaN,0,0.9875,0,0.1574,1.6181,0,1,0,0,-0.1574,0,0.9875,54.9531,0,0,0,1
28.39472,1.651801,0,55.16037,1.194884,1.194884,17.81094,NaN,NaN,NaN,NaN,0,0.987,0,0.1605,1.6518,0,1,0,0,-0.1605,0,0.987,55.1604,0,0,0,1
28.40621,1.686217,0,55.36794,1.200979,1.200979,18.12588,NaN,NaN,NaN,NaN,0,0.9865,0,0.1636,1.6862,0,1,0,0,-0.1636,0,0.9865,55.3679,0,0,0,1
28.41705,1.721364,0,55.57578,1.204774,1.204774,18.31999,NaN,NaN,NaN,NaN,0,0.986,0,0.1667,1.7214,0,1,0,0,-0.1667,0,0.986,55.5758,0,0,0,1
28.42815,1.757254,0,55.78391,1.209242,1.209242,18.63493,NaN,NaN,NaN,NaN,0,0.9855,0,0.1699,1.7573,0,1,0,0,-0.1699,0,0.9855,55.7839,0,0,0,1
28.43925,1.793902,0,55.99232,1.214396,1.214396,18.94621,NaN,NaN,NaN,NaN,0,0.9849,0,0.1732,1.7939,0,1,0,0,-0.1732,0,0.9849,55.9923,0,0,0,1
28.45027,1.86952,0,56.40993,1.224079,1.224079,19.33075,NaN,NaN,NaN,NaN,0,0.9837,0,0.1798,1.8695,0,1,0,0,-0.1798,0,0.9837,56.4099,0,0,0,1
28.46193,1.908508,0,56.61913,1.227219,1.227219,19.68597,NaN,NaN,NaN,NaN,0,0.9831,0,0.1832,1.9085,0,1,0,0,-0.1832,0,0.9831,56.6191,0,0,0,1
28.47268,1.948305,0,56.82858,1.231092,1.231092,20.12542,NaN,NaN,NaN,NaN,0,0.9824,0,0.1867,1.9483,0,1,0,0,-0.1867,0,0.9824,56.8286,0,0,0,1
28.4835,1.988929,0,57.03828,1.235714,1.235714,20.55024,NaN,NaN,NaN,NaN,0,0.9817,0,0.1902,1.9889,0,1,0,0,-0.1902,0,0.9817,57.0383,0,0,0,1
28.49478,2.030402,0,57.24823,1.240749,1.240749,21.05927,NaN,NaN,NaN,NaN,0,0.981,0,0.1938,2.0304,0,1,0,0,-0.1938,0,0.981,57.2482,0,0,0,1
28.50585,2.072747,0,57.4584,1.242769,1.242769,21.68551,NaN,NaN,NaN,NaN,0,0.9803,0,0.1975,2.0727,0,1,0,0,-0.1975,0,0.9803,57.4584,0,0,0,1
28.51704,2.115982,0,57.66881,1.245596,1.245596,22.06638,NaN,NaN,NaN,NaN,0,0.9795,0,0.2013,2.116,0,1,0,0,-0.2013,0,0.9795,57.6688,0,0,0,1
28.52799,2.160131,0,57.87943,1.249256,1.249256,22.64866,NaN,NaN,NaN,NaN,0,0.9787,0,0.2052,2.1601,0,1,0,0,-0.2052,0,0.9787,57.8794,0,0,0,1
28.53912,2.205212,0,58.09027,1.253769,1.253769,23.09911,NaN,NaN,NaN,NaN,0,0.9779,0,0.2091,2.2052,0,1,0,0,-0.2091,0,0.9779,58.0903,0,0,0,1
28.5501,2.298242,0,58.51254,1.258893,1.258893,23.64477,NaN,NaN,NaN,NaN,0,0.9761,0,0.2172,2.2982,0,1,0,0,-0.2172,0,0.9761,58.5125,0,0,0,1
28.56149,2.346212,0,58.72397,1.261843,1.261843,24.09888,NaN,NaN,NaN,NaN,0,0.9752,0,0.2213,2.3462,0,1,0,0,-0.2213,0,0.9752,58.724,0,0,0,1
28.57564,2.39518,0,58.93558,1.265708,1.265708,24.63721,NaN,NaN,NaN,NaN,0,0.9743,0,0.2255,2.3952,0,1,0,0,-0.2255,0,0.9743,58.9356,0,0,0,1
28.5871,2.445173,0,59.14736,1.270272,1.270272,25.23049,NaN,NaN,NaN,NaN,0,0.9733,0,0.2297,2.4452,0,1,0,0,-0.2297,0,0.9733,59.1474,0,0,0,1
28.59469,2.496208,0,59.3593,1.271799,1.271799,25.71389,NaN,NaN,NaN,NaN,0,0.9722,0,0.2341,2.4962,0,1,0,0,-0.2341,0,0.9722,59.3593,0,0,0,1
28.60566,2.548299,0,59.5714,1.274294,1.274294,25.94828,NaN,NaN,NaN,NaN,0,0.9711,0,0.2385,2.5483,0,1,0,0,-0.2385,0,0.9711,59.5714,0,0,0,1
28.61687,2.601463,0,59.78365,1.277776,1.277776,26.41336,NaN,NaN,NaN,NaN,0,0.97,0,0.243,2.6015,0,1,0,0,-0.243,0,0.97,59.7837,0,0,0,1
28.62808,2.655718,0,59.99602,1.282266,1.282266,26.77227,NaN,NaN,NaN,NaN,0,0.9689,0,0.2475,2.6557,0,1,0,0,-0.2475,0,0.9689,59.996,0,0,0,1
28.6391,2.711082,0,60.20853,1.285216,1.285216,27.19707,NaN,NaN,NaN,NaN,0,0.9677,0,0.2521,2.7111,0,1,0,0,-0.2521,0,0.9677,60.2085,0,0,0,1
28.65037,2.825184,0,60.6339,1.290815,1.290815,27.56694,NaN,NaN,NaN,NaN,0,0.9652,0,0.2614,2.8252,0,1,0,0,-0.2614,0,0.9652,60.6339,0,0,0,1
28.66127,2.883939,0,60.84674,1.295188,1.295188,27.84894,NaN,NaN,NaN,NaN,0,0.9639,0,0.2661,2.8839,0,1,0,0,-0.2661,0,0.9639,60.8467,0,0,0,1
28.67234,2.943849,0,61.05967,1.299858,1.299858,28.20416,NaN,NaN,NaN,NaN,0,0.9626,0,0.2708,2.9438,0,1,0,0,-0.2708,0,0.9626,61.0597,0,0,0,1
28.6835,3.004923,0,61.27269,1.302071,1.302071,28.37995,NaN,NaN,NaN,NaN,0,0.9613,0,0.2756,3.0049,0,1,0,0,-0.2756,0,0.9613,61.2727,0,0,0,1
28.69453,3.067173,0,61.48579,1.305374,1.305374,28.63631,NaN,NaN,NaN,NaN,0,0.9599,0,0.2804,3.0672,0,1,0,0,-0.2804,0,0.9599,61.4858,0,0,0,1
28.70574,3.130609,0,61.69895,1.309777,1.309777,28.8304,NaN,NaN,NaN,NaN,0,0.9585,0,0.2852,3.1306,0,1,0,0,-0.2852,0,0.9585,61.699,0,0,0,1
28.71671,3.19524,0,61.91217,1.315291,1.315291,29.05379,NaN,NaN,NaN,NaN,0,0.957,0,0.2901,3.1952,0,1,0,0,-0.2901,0,0.957,61.9122,0,0,0,1
28.72776,3.261078,0,62.12544,1.318469,1.318469,29.24055,NaN,NaN,NaN,NaN,0,0.9555,0,0.295,3.2611,0,1,0,0,-0.295,0,0.9555,62.1254,0,0,0,1
28.73897,3.32813,0,62.33875,1.321896,1.321896,29.46028,NaN,NaN,NaN,NaN,0,0.954,0,0.2999,3.3281,0,1,0,0,-0.2999,0,0.954,62.3388,0,0,0,1
28.75008,3.465918,0,62.76546,1.332173,1.332173,29.69833,NaN,NaN,NaN,NaN,0,0.9508,0,0.3098,3.4659,0,1,0,0,-0.3098,0,0.9508,62.7655,0,0,0,1
28.7615,3.536664,0,62.97884,1.337077,1.337077,29.86679,NaN,NaN,NaN,NaN,0,0.9492,0,0.3147,3.5367,0,1,0,0,-0.3147,0,0.9492,62.9788,0,0,0,1
28.77246,3.608656,0,63.19221,1.340736,1.340736,30.07919,NaN,NaN,NaN,NaN,0,0.9475,0,0.3197,3.6087,0,1,0,0,-0.3197,0,0.9475,63.1922,0,0,0,1
28.78346,3.681904,0,63.4056,1.345561,1.345561,30.22934,NaN,NaN,NaN,NaN,0,0.9458,0,0.3247,3.6819,0,1,0,0,-0.3247,0,0.9458,63.4056,0,0,0,1
28.79433,3.756414,0,63.61896,1.35157,1.35157,30.41611,NaN,NaN,NaN,NaN,0,0.9441,0,0.3297,3.7564,0,1,0,0,-0.3297,0,0.9441,63.619,0,0,0,1
28.80559,3.832196,0,63.8323,1.358168,1.358168,30.56627,NaN,NaN,NaN,NaN,0,0.9423,0,0.3347,3.8322,0,1,0,0,-0.3347,0,0.9423,63.8323,0,0,0,1
28.81663,3.909258,0,64.04561,1.362162,1.362162,30.75304,NaN,NaN,NaN,NaN,0,0.9405,0,0.3398,3.9093,0,1,0,0,-0.3398,0,0.9405,64.0456,0,0,0,1
28.82779,3.987607,0,64.25887,1.36736,1.36736,30.89586,NaN,NaN,NaN,NaN,0,0.9387,0,0.3448,3.9876,0,1,0,0,-0.3448,0,0.9387,64.2589,0,0,0,1
28.83894,4.067252,0,64.47208,1.373772,1.373772,31.08995,NaN,NaN,NaN,NaN,0,0.9368,0,0.3499,4.0673,0,1,0,0,-0.3499,0,0.9368,64.4721,0,0,0,1
28.84983,4.148198,0,64.68523,1.381406,1.381406,31.16319,NaN,NaN,NaN,NaN,0,0.9349,0,0.355,4.1482,0,1,0,0,-0.355,0,0.9349,64.6852,0,0,0,1
28.86118,4.314007,0,65.11131,1.392133,1.392133,31.25108,NaN,NaN,NaN,NaN,0,0.9309,0,0.3652,4.314,0,1,0,0,-0.3652,0,0.9309,65.1113,0,0,0,1
28.87283,4.398874,0,65.32422,1.399018,1.399018,31.27672,NaN,NaN,NaN,NaN,0,0.9289,0,0.3703,4.3989,0,1,0,0,-0.3703,0,0.9289,65.3242,0,0,0,1
28.88337,4.485053,0,65.53703,1.407146,1.407146,31.27672,NaN,NaN,NaN,NaN,0,0.9269,0,0.3753,4.4851,0,1,0,0,-0.3753,0,0.9269,65.537,0,0,0,1
28.89458,4.572542,0,65.74975,1.413773,1.413773,31.21446,NaN,NaN,NaN,NaN,0,0.9248,0,0.3804,4.5725,0,1,0,0,-0.3804,0,0.9248,65.7498,0,0,0,1
28.90853,4.661339,0,65.96235,1.419901,1.419901,31.11559,NaN,NaN,NaN,NaN,0,0.9227,0,0.3854,4.6613,0,1,0,0,-0.3854,0,0.9227,65.9624,0,0,0,1
28.92013,4.842844,0,66.3872,1.435844,1.435844,30.94713,NaN,NaN,NaN,NaN,0,0.9185,0,0.3953,4.8428,0,1,0,0,-0.3953,0,0.9185,66.3872,0,0,0,1
28.92783,4.842844,0,66.3872,1.435844,1.435844,30.94713,NaN,NaN,NaN,NaN,0,0.9185,0,0.3953,4.8428,0,1,0,0,-0.3953,0,0.9185,66.3872,0,0,0,1
28.93888,4.935536,0,66.59944,1.443846,1.443846,30.46371,NaN,NaN,NaN,NaN,0,0.9164,0,0.4002,4.9355,0,1,0,0,-0.4002,0,0.9164,66.5994,0,0,0,1
28.94991,5.029507,0,66.81156,1.450355,1.450355,30.15244,NaN,NaN,NaN,NaN,0,0.9143,0,0.405,5.0295,0,1,0,0,-0.405,0,0.9143,66.8116,0,0,0,1
28.9609,5.221238,0,67.23541,1.466936,1.466936,29.72763,NaN,NaN,NaN,NaN,0,0.91,0,0.4145,5.2212,0,1,0,0,-0.4145,0,0.91,67.2354,0,0,0,1
28.97222,5.318985,0,67.44714,1.475993,1.475993,29.2845,NaN,NaN,NaN,NaN,0,0.9079,0,0.4192,5.319,0,1,0,0,-0.4192,0,0.9079,67.4471,0,0,0,1
28.98337,5.417968,0,67.65874,1.482686,1.482686,28.88167,NaN,NaN,NaN,NaN,0,0.9058,0,0.4237,5.418,0,1,0,0,-0.4237,0,0.9058,67.6587,0,0,0,1
28.99437,5.518169,0,67.8702,1.490519,1.490519,28.40192,NaN,NaN,NaN,NaN,0,0.9037,0,0.4282,5.5182,0,1,0,0,-0.4282,0,0.9037,67.8702,0,0,0,1
29.00557,5.619571,0,68.08154,1.499469,1.499469,27.84894,NaN,NaN,NaN,NaN,0,0.9016,0,0.4326,5.6196,0,1,0,0,-0.4326,0,0.9016,68.0815,0,0,0,1
29.01667,5.722162,0,68.29274,1.509189,1.509189,27.53765,NaN,NaN,NaN,NaN,0,0.8995,0,0.4369,5.7222,0,1,0,0,-0.4369,0,0.8995,68.2927,0,0,0,1
29.0276,5.825929,0,68.50381,1.515794,1.515794,27.15679,NaN,NaN,NaN,NaN,0,0.8974,0,0.4412,5.8259,0,1,0,0,-0.4412,0,0.8974,68.5038,0,0,0,1
29.03879,5.930858,0,68.71476,1.52348,1.52348,26.74663,NaN,NaN,NaN,NaN,0,0.8953,0,0.4454,5.9309,0,1,0,0,-0.4454,0,0.8953,68.7148,0,0,0,1
29.04991,6.036939,0,68.92558,1.532231,1.532231,26.43167,NaN,NaN,NaN,NaN,0,0.8933,0,0.4495,6.0369,0,1,0,0,-0.4495,0,0.8933,68.9256,0,0,0,1
29.06117,6.252524,0,69.34682,1.548502,1.548502,26.09842,NaN,NaN,NaN,NaN,0,0.8892,0,0.4576,6.2525,0,1,0,0,-0.4576,0,0.8892,69.3468,0,0,0,1
29.07178,6.362018,0,69.55724,1.55583,1.55583,25.76882,NaN,NaN,NaN,NaN,0,0.8871,0,0.4616,6.362,0,1,0,0,-0.4616,0,0.8871,69.5572,0,0,0,1
29.08328,6.472638,0,69.76752,1.564202,1.564202,25.61867,NaN,NaN,NaN,NaN,0,0.885,0,0.4656,6.4726,0,1,0,0,-0.4656,0,0.885,69.7675,0,0,0,1
29.09434,6.584377,0,69.97766,1.573601,1.573601,25.40993,NaN,NaN,NaN,NaN,0,0.8829,0,0.4695,6.5844,0,1,0,0,-0.4695,0,0.8829,69.9777,0,0,0,1
29.1058,6.697231,0,70.18766,1.579987,1.579987,25.2781,NaN,NaN,NaN,NaN,0,0.8809,0,0.4734,6.6972,0,1,0,0,-0.4734,0,0.8809,70.1877,0,0,0,1
29.11635,6.811198,0,70.39751,1.586832,1.586832,25.15725,NaN,NaN,NaN,NaN,0,0.8788,0,0.4772,6.8112,0,1,0,0,-0.4772,0,0.8788,70.3975,0,0,0,1
29.12774,6.926274,0,70.60722,1.594702,1.594702,25.084,NaN,NaN,NaN,NaN,0,0.8767,0,0.4811,6.9263,0,1,0,0,-0.4811,0,0.8767,70.6072,0,0,0,1
29.13874,7.042459,0,70.81676,1.603591,1.603591,25.02541,NaN,NaN,NaN,NaN,0,0.8746,0,0.4849,7.0425,0,1,0,0,-0.4849,0,0.8746,70.8168,0,0,0,1
29.14971,7.159754,0,71.02615,1.609674,1.609674,25.02175,NaN,NaN,NaN,NaN,0,0.8724,0,0.4887,7.1598,0,1,0,0,-0.4887,0,0.8724,71.0262,0,0,0,1
29.16077,7.397676,0,71.44442,1.623295,1.623295,25.02175,NaN,NaN,NaN,NaN,0,0.8681,0,0.4963,7.3977,0,1,0,0,-0.4963,0,0.8681,71.4444,0,0,0,1
29.1719,7.518303,0,71.65329,1.631646,1.631646,25.02175,NaN,NaN,NaN,NaN,0,0.866,0,0.5001,7.5183,0,1,0,0,-0.5001,0,0.866,71.6533,0,0,0,1
29.18323,7.640044,0,71.86198,1.637277,1.637277,25.02175,NaN,NaN,NaN,NaN,0,0.8638,0,0.5039,7.64,0,1,0,0,-0.5039,0,0.8638,71.862,0,0,0,1
29.19413,7.762898,0,72.07047,1.643019,1.643019,25.02175,NaN,NaN,NaN,NaN,0,0.8616,0,0.5077,7.7629,0,1,0,0,-0.5077,0,0.8616,72.0705,0,0,0,1
29.20541,7.886866,0,72.27878,1.649786,1.649786,25.02175,NaN,NaN,NaN,NaN,0,0.8593,0,0.5114,7.8869,0,1,0,0,-0.5114,0,0.8593,72.2788,0,0,0,1
29.21644,8.011949,0,72.48688,1.657589,1.657589,25.04006,NaN,NaN,NaN,NaN,0,0.8571,0,0.5152,8.0119,0,1,0,0,-0.5152,0,0.8571,72.4869,0,0,0,1
29.22738,8.138147,0,72.69477,1.662627,1.662627,25.04372,NaN,NaN,NaN,NaN,0,0.8548,0,0.5189,8.1381,0,1,0,0,-0.5189,0,0.8548,72.6948,0,0,0,1
29.24164,8.393898,0,73.10992,1.674016,1.674016,25.06203,NaN,NaN,NaN,NaN,0,0.8503,0,0.5264,8.3939,0,1,0,0,-0.5264,0,0.8503,73.1099,0,0,0,1
29.25261,8.523451,0,73.31715,1.681268,1.681268,25.06936,NaN,NaN,NaN,NaN,0,0.8479,0,0.5301,8.5235,0,1,0,0,-0.5301,0,0.8479,73.3172,0,0,0,1
29.26104,8.654125,0,73.52416,1.68557,1.68557,25.13894,NaN,NaN,NaN,NaN,0,0.8456,0,0.5338,8.6541,0,1,0,0,-0.5338,0,0.8456,73.5242,0,0,0,1
29.27176,8.785925,0,73.73093,1.690187,1.690187,25.23049,NaN,NaN,NaN,NaN,0,0.8433,0,0.5375,8.7859,0,1,0,0,-0.5375,0,0.8433,73.7309,0,0,0,1
29.28312,8.918855,0,73.93745,1.695857,1.695857,25.35866,NaN,NaN,NaN,NaN,0,0.8409,0,0.5412,8.9189,0,1,0,0,-0.5412,0,0.8409,73.9375,0,0,0,1
29.2941,9.052923,0,74.14371,1.702596,1.702596,25.57106,NaN,NaN,NaN,NaN,0,0.8384,0,0.545,9.0529,0,1,0,0,-0.545,0,0.8384,74.1437,0,0,0,1
29.30544,9.188139,0,74.34969,1.706093,1.706093,25.80912,NaN,NaN,NaN,NaN,0,0.836,0,0.5488,9.1881,0,1,0,0,-0.5488,0,0.836,74.3497,0,0,0,1
29.31632,9.324514,0,74.5554,1.710242,1.710242,26.14969,NaN,NaN,NaN,NaN,0,0.8335,0,0.5526,9.3245,0,1,0,0,-0.5526,0,0.8335,74.5554,0,0,0,1
29.32741,9.462061,0,74.7608,1.715503,1.715503,26.47928,NaN,NaN,NaN,NaN,0,0.8309,0,0.5564,9.4621,0,1,0,0,-0.5564,0,0.8309,74.7608,0,0,0,1
29.33879,9.600798,0,74.96588,1.721891,1.721891,26.98833,NaN,NaN,NaN,NaN,0,0.8283,0,0.5603,9.6008,0,1,0,0,-0.5603,0,0.8283,74.9659,0,0,0,1
29.34948,9.740736,0,75.17063,1.724661,1.724661,27.29961,NaN,NaN,NaN,NaN,0,0.8256,0,0.5643,9.7407,0,1,0,0,-0.5643,0,0.8256,75.1706,0,0,0,1
29.36099,10.02427,0,75.57906,1.733676,1.733676,27.77936,NaN,NaN,NaN,NaN,0,0.8201,0,0.5722,10.0243,0,1,0,0,-0.5722,0,0.8201,75.5791,0,0,0,1
29.37197,10.16788,0,75.78273,1.739418,1.739418,28.25177,NaN,NaN,NaN,NaN,0,0.8173,0,0.5763,10.1679,0,1,0,0,-0.5763,0,0.8173,75.7827,0,0,0,1
29.38306,10.31274,0,75.986,1.742102,1.742102,28.63631,NaN,NaN,NaN,NaN,0,0.8144,0,0.5804,10.3127,0,1,0,0,-0.5804,0,0.8144,75.986,0,0,0,1
29.3941,10.45885,0,76.18886,1.746016,1.746016,29.02815,NaN,NaN,NaN,NaN,0,0.8114,0,0.5845,10.4589,0,1,0,0,-0.5845,0,0.8114,76.1889,0,0,0,1
29.40638,10.60601,0,76.39095,1.751176,1.751176,29.45662,NaN,NaN,NaN,NaN,0,0.8084,0,0.5886,10.606,0,1,0,0,-0.5886,0,0.8084,76.391,0,0,0,1
29.41672,10.75422,0,76.59229,1.756381,1.756381,29.6727,NaN,NaN,NaN,NaN,0,0.8053,0,0.5928,10.7542,0,1,0,0,-0.5928,0,0.8053,76.5923,0,0,0,1
29.42735,10.90347,0,76.79285,1.759227,1.759227,29.89609,NaN,NaN,NaN,NaN,0,0.8022,0,0.597,10.9035,0,1,0,0,-0.597,0,0.8022,76.7929,0,0,0,1
