time,pos_x,pos_y,pos_z,distFromRoadCenter,signedDistFromRoadCenter,wheelAngle,obstacle_pos_x,obstacle_pos_y,obstacle_pos_z,distance_to_obstacle,brake_position,simplecar_4x4_R0C0,simplecar_4x4_R0C1,simplecar_4x4_R0C2,simplecar_4x4_R0C3,simplecar_4x4_R1C0,simplecar_4x4_R1C1,simplecar_4x4_R1C2,simplecar_4x4_R1C3,simplecar_4x4_R2C0,simplecar_4x4_R2C1,simplecar_4x4_R2C2,simplecar_4x4_R2C3,simplecar_4x4_R3C0,simplecar_4x4_R3C1,simplecar_4x4_R3C2,simplecar_4x4_R3C3
281.7067,37.03655,0,-1543.751,1.869922,1.869922,-0.210571,-68.62318,0.25,-1842.867,316.9102,0,0.7778,0,0.6286,37.0366,0,1,0,0,-0.6286,0,0.7778,-1543.751,0,0,0,1
281.7176,37.19368,0,-1543.557,1.862289,1.862289,-0.184937,-68.62318,0.25,-1842.867,317.1459,0,0.7778,0,0.6285,37.1937,0,1,0,0,-0.6285,0,0.7778,-1543.557,0,0,0,1
281.7287,37.35081,0,-1543.362,1.854618,1.854618,-0.140991,-68.62318,0.25,-1842.867,317.3815,0,0.7778,0,0.6285,37.3508,0,1,0,0,-0.6285,0,0.7778,-1543.362,0,0,0,1
281.7403,37.66506,0,-1542.973,1.839389,1.839389,-0.067749,-68.62318,0.25,-1842.867,317.853,0,0.7778,0,0.6285,37.6651,0,1,0,0,-0.6285,0,0.7778,-1542.973,0,0,0,1
281.7544,37.82218,0,-1542.779,1.831736,1.831736,0.03479,-68.62318,0.25,-1842.867,318.0887,0,0.7778,0,0.6285,37.8222,0,1,0,0,-0.6285,0,0.7778,-1542.779,0,0,0,1
281.762,37.97931,0,-1542.584,1.824208,1.824208,0.151978,-68.62318,0.25,-1842.867,318.3244,0,0.7778,0,0.6285,37.9793,0,1,0,0,-0.6285,0,0.7778,-1542.584,0,0,0,1
281.7768,38.13645,0,-1542.39,1.816513,1.816513,0.258179,-68.62318,0.25,-1842.867,318.5603,0,0.7778,0,0.6286,38.1365,0,1,0,0,-0.6286,0,0.7778,-1542.39,0,0,0,1
281.787,38.2936,0,-1542.195,1.808868,1.808868,0.357056,-68.62318,0.25,-1842.867,318.7961,0,0.7777,0,0.6286,38.2936,0,1,0,0,-0.6286,0,0.7777,-1542.195,0,0,0,1
281.7957,38.45077,0,-1542.001,1.801232,1.801232,0.492568,-68.62318,0.25,-1842.867,319.032,0,0.7777,0,0.6287,38.4508,0,1,0,0,-0.6287,0,0.7777,-1542.001,0,0,0,1
281.8065,38.60796,0,-1541.807,1.793604,1.793604,0.613418,-68.62318,0.25,-1842.867,319.2678,0,0.7776,0,0.6288,38.608,0,1,0,0,-0.6288,0,0.7776,-1541.807,0,0,0,1
281.8177,38.76517,0,-1541.612,1.786196,1.786196,0.82582,-68.62318,0.25,-1842.867,319.5036,0,0.7775,0,0.6289,38.7652,0,1,0,0,-0.6289,0,0.7775,-1541.612,0,0,0,1
281.8289,38.92242,0,-1541.418,1.77872,1.77872,1.019912,-68.62318,0.25,-1842.867,319.7394,0,0.7774,0,0.629,38.9224,0,1,0,0,-0.629,0,0.7774,-1541.418,0,0,0,1
281.8403,39.23705,0,-1541.029,1.763955,1.763955,1.261611,-68.62318,0.25,-1842.867,320.2111,0,0.7771,0,0.6293,39.2371,0,1,0,0,-0.6293,0,0.7771,-1541.029,0,0,0,1
281.8514,39.39444,0,-1540.835,1.75662,1.75662,1.543608,-68.62318,0.25,-1842.867,320.447,0,0.777,0,0.6296,39.3944,0,1,0,0,-0.6296,0,0.777,-1540.835,0,0,0,1
281.8626,39.55189,0,-1540.641,1.749356,1.749356,1.792631,-68.62318,0.25,-1842.867,320.6829,0,0.7768,0,0.6298,39.5519,0,1,0,0,-0.6298,0,0.7768,-1540.641,0,0,0,1
281.874,39.70941,0,-1540.447,1.742251,1.742251,2.22476,-68.62318,0.25,-1842.867,320.9187,0,0.7765,0,0.6301,39.7094,0,1,0,0,-0.6301,0,0.7765,-1540.447,0,0,0,1
281.885,39.86702,0,-1540.253,1.735183,1.735183,2.462811,-68.62318,0.25,-1842.867,321.1545,0,0.7762,0,0.6304,39.867,0,1,0,0,-0.6304,0,0.7762,-1540.253,0,0,0,1
281.8967,40.02472,0,-1540.059,1.728361,1.728361,2.774091,-68.62318,0.25,-1842.867,321.3903,0,0.7759,0,0.6308,40.0247,0,1,0,0,-0.6308,0,0.7759,-1540.059,0,0,0,1
281.9078,40.18253,0,-1539.865,1.721631,1.721631,3.184247,-68.62318,0.25,-1842.867,321.626,0,0.7756,0,0.6312,40.1825,0,1,0,0,-0.6312,0,0.7756,-1539.865,0,0,0,1
281.9184,40.34046,0,-1539.671,1.714954,1.714954,3.543148,-68.62318,0.25,-1842.867,321.8618,0,0.7752,0,0.6317,40.3405,0,1,0,0,-0.6317,0,0.7752,-1539.671,0,0,0,1
281.9299,40.49853,0,-1539.477,1.70854,1.70854,4.041195,-68.62318,0.25,-1842.867,322.0976,0,0.7748,0,0.6323,40.4985,0,1,0,0,-0.6323,0,0.7748,-1539.477,0,0,0,1
281.941,40.81511,0,-1539.09,1.696206,1.696206,4.400096,-68.62318,0.25,-1842.867,322.5689,0,0.7738,0,0.6335,40.8151,0,1,0,0,-0.6335,0,0.7738,-1539.09,0,0,0,1
281.9517,40.97363,0,-1538.897,1.690495,1.690495,4.758983,-68.62318,0.25,-1842.867,322.8044,0,0.7733,0,0.6341,40.9736,0,1,0,0,-0.6341,0,0.7733,-1538.897,0,0,0,1
281.9631,41.13233,0,-1538.704,1.68486,1.68486,5.150828,-68.62318,0.25,-1842.867,323.04,0,0.7727,0,0.6348,41.1323,0,1,0,0,-0.6348,0,0.7727,-1538.704,0,0,0,1
281.9739,41.29121,0,-1538.511,1.679477,1.679477,5.484095,-68.62318,0.25,-1842.867,323.2755,0,0.7721,0,0.6355,41.2912,0,1,0,0,-0.6355,0,0.7721,-1538.511,0,0,0,1
281.9851,41.45029,0,-1538.318,1.674304,1.674304,5.872278,-68.62318,0.25,-1842.867,323.5108,0,0.7714,0,0.6363,41.4503,0,1,0,0,-0.6363,0,0.7714,-1538.318,0,0,0,1
281.9962,41.60958,0,-1538.125,1.669552,1.669552,6.17991,-68.62318,0.25,-1842.867,323.7461,0,0.7707,0,0.6372,41.6096,0,1,0,0,-0.6372,0,0.7707,-1538.125,0,0,0,1
282.0075,41.76909,0,-1537.933,1.664945,1.664945,6.535134,-68.62318,0.25,-1842.867,323.9814,0,0.77,0,0.638,41.7691,0,1,0,0,-0.638,0,0.77,-1537.933,0,0,0,1
282.0183,41.92883,0,-1537.74,1.660764,1.660764,6.80613,-68.62318,0.25,-1842.867,324.2165,0,0.7693,0,0.6389,41.9288,0,1,0,0,-0.6389,0,0.7693,-1537.74,0,0,0,1
282.0296,42.0888,0,-1537.548,1.656814,1.656814,7.135735,-68.62318,0.25,-1842.867,324.4516,0,0.7685,0,0.6399,42.0888,0,1,0,0,-0.6399,0,0.7685,-1537.548,0,0,0,1
282.041,42.4095,0,-1537.165,1.649912,1.649912,7.476311,-68.62318,0.25,-1842.867,324.9215,0,0.7668,0,0.6419,42.4095,0,1,0,0,-0.6419,0,0.7668,-1537.165,0,0,0,1
282.0517,42.57024,0,-1536.973,1.647043,1.647043,7.644768,-68.62318,0.25,-1842.867,325.1562,0,0.7659,0,0.6429,42.5702,0,1,0,0,-0.6429,0,0.7659,-1536.973,0,0,0,1
282.0629,42.73123,0,-1536.782,1.644288,1.644288,7.901115,-68.62318,0.25,-1842.867,325.3911,0,0.765,0,0.644,42.7312,0,1,0,0,-0.644,0,0.765,-1536.782,0,0,0,1
282.074,42.8925,0,-1536.591,1.642028,1.642028,8.080573,-68.62318,0.25,-1842.867,325.6257,0,0.7641,0,0.6451,42.8925,0,1,0,0,-0.6451,0,0.7641,-1536.591,0,0,0,1
282.0849,43.05404,0,-1536.4,1.640139,1.640139,8.292975,-68.62318,0.25,-1842.867,325.8603,0,0.7632,0,0.6462,43.054,0,1,0,0,-0.6462,0,0.7632,-1536.4,0,0,0,1
282.0961,43.21586,0,-1536.209,1.638623,1.638623,8.45777,-68.62318,0.25,-1842.867,326.0947,0,0.7622,0,0.6473,43.2159,0,1,0,0,-0.6473,0,0.7622,-1536.209,0,0,0,1
282.1111,43.54037,0,-1535.829,1.636765,1.636765,8.673835,-68.62318,0.25,-1842.867,326.563,0,0.7603,0,0.6496,43.5404,0,1,0,0,-0.6496,0,0.7603,-1535.829,0,0,0,1
282.1208,43.70307,0,-1535.639,1.636258,1.636258,8.791022,-68.62318,0.25,-1842.867,326.7972,0,0.7593,0,0.6508,43.7031,0,1,0,0,-0.6508,0,0.7593,-1535.639,0,0,0,1
282.1294,43.70307,0,-1535.639,1.636258,1.636258,8.791022,-68.62318,0.25,-1842.867,326.7972,0,0.7593,0,0.6508,43.7031,0,1,0,0,-0.6508,0,0.7593,-1535.639,0,0,0,1
282.1405,44.02935,0,-1535.26,1.636631,1.636631,9.018087,-68.62318,0.25,-1842.867,327.2651,0,0.7572,0,0.6532,44.0294,0,1,0,0,-0.6532,0,0.7572,-1535.26,0,0,0,1
282.1518,44.19294,0,-1535.071,1.637389,1.637389,9.17922,-68.62318,0.25,-1842.867,327.4989,0,0.7562,0,0.6544,44.1929,0,1,0,0,-0.6544,0,0.7562,-1535.071,0,0,0,1
282.1625,44.35683,0,-1534.883,1.638658,1.638658,9.30007,-68.62318,0.25,-1842.867,327.7325,0,0.7551,0,0.6556,44.3568,0,1,0,0,-0.6556,0,0.7551,-1534.883,0,0,0,1
282.1739,44.52104,0,-1534.694,1.640231,1.640231,9.446554,-68.62318,0.25,-1842.867,327.9659,0,0.754,0,0.6568,44.521,0,1,0,0,-0.6568,0,0.754,-1534.694,0,0,0,1
282.1848,44.68557,0,-1534.506,1.642275,1.642275,9.589376,-68.62318,0.25,-1842.867,328.1993,0,0.7529,0,0.6581,44.6856,0,1,0,0,-0.6581,0,0.7529,-1534.506,0,0,0,1
282.196,44.85041,0,-1534.318,1.644707,1.644707,9.713888,-68.62318,0.25,-1842.867,328.4326,0,0.7518,0,0.6594,44.8504,0,1,0,0,-0.6594,0,0.7518,-1534.318,0,0,0,1
282.2073,45.01558,0,-1534.13,1.647532,1.647532,9.897008,-68.62318,0.25,-1842.867,328.6658,0,0.7507,0,0.6607,45.0156,0,1,0,0,-0.6607,0,0.7507,-1534.13,0,0,0,1
282.2181,45.18107,0,-1533.943,1.65092,1.65092,9.992223,-68.62318,0.25,-1842.867,328.8987,0,0.7495,0,0.662,45.1811,0,1,0,0,-0.662,0,0.7495,-1533.943,0,0,0,1
282.2303,45.51305,0,-1533.569,1.658918,1.658918,10.13871,-68.62318,0.25,-1842.867,329.3642,0,0.7472,0,0.6646,45.5131,0,1,0,0,-0.6646,0,0.7472,-1533.569,0,0,0,1
282.2404,45.67955,0,-1533.382,1.663449,1.663449,10.32914,-68.62318,0.25,-1842.867,329.597,0,0.746,0,0.666,45.6796,0,1,0,0,-0.666,0,0.746,-1533.382,0,0,0,1
282.2514,45.84638,0,-1533.196,1.668677,1.668677,10.47196,-68.62318,0.25,-1842.867,329.8292,0,0.7448,0,0.6673,45.8464,0,1,0,0,-0.6673,0,0.7448,-1533.196,0,0,0,1
282.2628,46.01356,0,-1533.01,1.674258,1.674258,10.62211,-68.62318,0.25,-1842.867,330.0616,0,0.7435,0,0.6687,46.0136,0,1,0,0,-0.6687,0,0.7435,-1533.01,0,0,0,1
282.2739,46.18109,0,-1532.825,1.680372,1.680372,10.83086,-68.62318,0.25,-1842.867,330.2937,0,0.7423,0,0.6701,46.1811,0,1,0,0,-0.6701,0,0.7423,-1532.825,0,0,0,1
282.2848,46.34897,0,-1532.64,1.686807,1.686807,10.9334,-68.62318,0.25,-1842.867,330.5257,0,0.741,0,0.6715,46.349,0,1,0,0,-0.6715,0,0.741,-1532.64,0,0,0,1
282.2961,46.51721,0,-1532.455,1.693854,1.693854,11.05425,-68.62318,0.25,-1842.867,330.7576,0,0.7397,0,0.673,46.5172,0,1,0,0,-0.673,0,0.7397,-1532.455,0,0,0,1
282.3073,46.68581,0,-1532.27,1.701356,1.701356,11.18975,-68.62318,0.25,-1842.867,330.9892,0,0.7384,0,0.6744,46.6858,0,1,0,0,-0.6744,0,0.7384,-1532.27,0,0,0,1
282.318,46.85477,0,-1532.086,1.70931,1.70931,11.28862,-68.62318,0.25,-1842.867,331.2207,0,0.737,0,0.6759,46.8548,0,1,0,0,-0.6759,0,0.737,-1532.086,0,0,0,1
282.3297,47.02411,0,-1531.902,1.717756,1.717756,11.4168,-68.62318,0.25,-1842.867,331.4521,0,0.7357,0,0.6773,47.0241,0,1,0,0,-0.6773,0,0.7357,-1531.902,0,0,0,1
282.3406,47.36388,0,-1531.535,1.736262,1.736262,11.55596,-68.62318,0.25,-1842.867,331.9143,0,0.7329,0,0.6803,47.3639,0,1,0,0,-0.6803,0,0.7329,-1531.535,0,0,0,1
282.3513,47.53432,0,-1531.352,1.746322,1.746322,11.6585,-68.62318,0.25,-1842.867,332.1451,0,0.7316,0,0.6818,47.5343,0,1,0,0,-0.6818,0,0.7316,-1531.352,0,0,0,1
282.3626,47.70514,0,-1531.17,1.756841,1.756841,11.76837,-68.62318,0.25,-1842.867,332.3758,0,0.7302,0,0.6833,47.7051,0,1,0,0,-0.6833,0,0.7302,-1531.17,0,0,0,1
282.3737,47.87634,0,-1530.988,1.767903,1.767903,11.9112,-68.62318,0.25,-1842.867,332.6062,0,0.7287,0,0.6848,47.8763,0,1,0,0,-0.6848,0,0.7287,-1530.988,0,0,0,1
282.385,48.04792,0,-1530.806,1.779458,1.779458,11.94416,-68.62318,0.25,-1842.867,332.8366,0,0.7273,0,0.6863,48.0479,0,1,0,0,-0.6863,0,0.7273,-1530.806,0,0,0,1
282.3958,48.21988,0,-1530.624,1.791479,1.791479,12.03571,-68.62318,0.25,-1842.867,333.0668,0,0.7259,0,0.6878,48.2199,0,1,0,0,-0.6878,0,0.7259,-1530.624,0,0,0,1
282.4072,48.39222,0,-1530.443,1.804086,1.804086,12.10895,-68.62318,0.25,-1842.867,333.2968,0,0.7244,0,0.6894,48.3922,0,1,0,0,-0.6894,0,0.7244,-1530.443,0,0,0,1
282.418,48.56495,0,-1530.262,1.817146,1.817146,12.14923,-68.62318,0.25,-1842.867,333.5267,0,0.7229,0,0.6909,48.565,0,1,0,0,-0.6909,0,0.7229,-1530.262,0,0,0,1
282.4291,48.73806,0,-1530.082,1.830794,1.830794,12.15656,-68.62318,0.25,-1842.867,333.7564,0,0.7215,0,0.6924,48.7381,0,1,0,0,-0.6924,0,0.7215,-1530.082,0,0,0,1
282.4436,49.08543,0,-1529.722,1.859639,1.859639,12.15656,-68.62318,0.25,-1842.867,334.2152,0,0.7185,0,0.6955,49.0854,0,1,0,0,-0.6955,0,0.7185,-1529.722,0,0,0,1
282.4546,49.25968,0,-1529.543,1.874838,1.874838,12.15656,-68.62318,0.25,-1842.867,334.4444,0,0.7171,0,0.697,49.2597,0,1,0,0,-0.697,0,0.7171,-1529.543,0,0,0,1
282.4633,49.43432,0,-1529.364,1.890828,1.890828,12.15656,-68.62318,0.25,-1842.867,334.6731,0,0.7156,0,0.6985,49.4343,0,1,0,0,-0.6985,0,0.7156,-1529.364,0,0,0,1
282.4735,49.60933,0,-1529.185,1.907106,1.907106,12.15656,-68.62318,0.25,-1842.867,334.9019,0,0.7141,0,0.7001,49.6093,0,1,0,0,-0.7001,0,0.7141,-1529.185,0,0,0,1
282.4847,49.78472,0,-1529.007,1.923973,1.923973,12.14923,-68.62318,0.25,-1842.867,335.1304,0,0.7126,0,0.7016,49.7847,0,1,0,0,-0.7016,0,0.7126,-1529.007,0,0,0,1
282.4958,49.96049,0,-1528.83,1.94138,1.94138,12.13092,-68.62318,0.25,-1842.867,335.3587,0,0.7111,0,0.7031,49.9605,0,1,0,0,-0.7031,0,0.7111,-1528.83,0,0,0,1
282.507,50.13663,0,-1528.652,1.959247,1.959247,12.07965,-68.62318,0.25,-1842.867,335.5868,0,0.7096,0,0.7046,50.1366,0,1,0,0,-0.7046,0,0.7096,-1528.652,0,0,0,1
282.518,50.31315,0,-1528.475,1.97765,1.97765,12.0174,-68.62318,0.25,-1842.867,335.8148,0,0.7082,0,0.7061,50.3132,0,1,0,0,-0.7061,0,0.7082,-1528.475,0,0,0,1
282.5298,50.49003,0,-1528.299,1.996669,1.996669,11.91852,-68.62318,0.25,-1842.867,336.0425,0,0.7067,0,0.7075,50.49,0,1,0,0,-0.7075,0,0.7067,-1528.299,0,0,0,1
282.5405,50.84488,0,-1527.946,2.03615,2.03615,11.75006,-68.62318,0.25,-1842.867,336.4975,0,0.7038,0,0.7104,50.8449,0,1,0,0,-0.7104,0,0.7038,-1527.946,0,0,0,1
282.5513,51.02285,0,-1527.771,2.056566,2.056566,11.6292,-68.62318,0.25,-1842.867,336.7248,0,0.7023,0,0.7118,51.0229,0,1,0,0,-0.7118,0,0.7023,-1527.771,0,0,0,1
282.5624,51.20116,0,-1527.596,2.077599,2.077599,11.46074,-68.62318,0.25,-1842.867,336.9518,0,0.7009,0,0.7133,51.2012,0,1,0,0,-0.7133,0,0.7009,-1527.596,0,0,0,1
282.5738,51.37981,0,-1527.421,2.099068,2.099068,11.22637,-68.62318,0.25,-1842.867,337.1787,0,0.6995,0,0.7146,51.3798,0,1,0,0,-0.7146,0,0.6995,-1527.421,0,0,0,1
282.5845,51.55881,0,-1527.246,2.121025,2.121025,10.97368,-68.62318,0.25,-1842.867,337.4054,0,0.6981,0,0.716,51.5588,0,1,0,0,-0.716,0,0.6981,-1527.246,0,0,0,1
282.5958,51.73812,0,-1527.072,2.143409,2.143409,10.74662,-68.62318,0.25,-1842.867,337.632,0,0.6968,0,0.7173,51.7381,0,1,0,0,-0.7173,0,0.6968,-1527.072,0,0,0,1
282.6071,51.91776,0,-1526.898,2.166274,2.166274,10.42801,-68.62318,0.25,-1842.867,337.8584,0,0.6955,0,0.7185,51.9178,0,1,0,0,-0.7185,0,0.6955,-1526.898,0,0,0,1
282.618,52.09771,0,-1526.725,2.189526,2.189526,10.24125,-68.62318,0.25,-1842.867,338.0847,0,0.6942,0,0.7198,52.0977,0,1,0,0,-0.7198,0,0.6942,-1526.725,0,0,0,1
282.6292,52.27795,0,-1526.551,2.213283,2.213283,9.992223,-68.62318,0.25,-1842.867,338.3108,0,0.6929,0,0.721,52.278,0,1,0,0,-0.721,0,0.6929,-1526.551,0,0,0,1
282.6404,52.63934,0,-1526.206,2.261858,2.261858,9.798117,-68.62318,0.25,-1842.867,338.7627,0,0.6905,0,0.7234,52.6393,0,1,0,0,-0.7234,0,0.6905,-1526.206,0,0,0,1
282.6514,52.82046,0,-1526.033,2.286924,2.286924,9.585714,-68.62318,0.25,-1842.867,338.9883,0,0.6893,0,0.7245,52.8205,0,1,0,0,-0.7245,0,0.6893,-1526.033,0,0,0,1
282.6624,53.00187,0,-1525.862,2.312407,2.312407,9.424582,-68.62318,0.25,-1842.867,339.2137,0,0.6881,0,0.7256,53.0019,0,1,0,0,-0.7256,0,0.6881,-1525.862,0,0,0,1
282.6737,53.18356,0,-1525.69,2.338173,2.338173,9.274435,-68.62318,0.25,-1842.867,339.4392,0,0.6869,0,0.7268,53.1836,0,1,0,0,-0.7268,0,0.6869,-1525.69,0,0,0,1
282.6847,53.36553,0,-1525.518,2.364399,2.364399,9.175558,-68.62318,0.25,-1842.867,339.6644,0,0.6857,0,0.7279,53.3655,0,1,0,0,-0.7279,0,0.6857,-1525.518,0,0,0,1
282.6956,53.54776,0,-1525.347,2.390996,2.390996,9.087667,-68.62318,0.25,-1842.867,339.8896,0,0.6846,0,0.7289,53.5478,0,1,0,0,-0.7289,0,0.6846,-1525.347,0,0,0,1
282.707,53.73027,0,-1525.176,2.41796,2.41796,9.065695,-68.62318,0.25,-1842.867,340.1146,0,0.6834,0,0.73,53.7303,0,1,0,0,-0.73,0,0.6834,-1525.176,0,0,0,1
282.7179,53.91305,0,-1525.006,2.44534,2.44534,9.065695,-68.62318,0.25,-1842.867,340.3394,0,0.6823,0,0.7311,53.9131,0,1,0,0,-0.7311,0,0.6823,-1525.006,0,0,0,1
282.7292,54.09609,0,-1524.835,2.473086,2.473086,9.065695,-68.62318,0.25,-1842.867,340.5641,0,0.6811,0,0.7322,54.0961,0,1,0,0,-0.7322,0,0.6811,-1524.835,0,0,0,1
282.7404,54.46299,0,-1524.496,2.529813,2.529813,9.080343,-68.62318,0.25,-1842.867,341.0131,0,0.6788,0,0.7343,54.463,0,1,0,0,-0.7343,0,0.6788,-1524.496,0,0,0,1
282.7512,54.64685,0,-1524.326,2.558792,2.558792,9.084005,-68.62318,0.25,-1842.867,341.2374,0,0.6776,0,0.7354,54.6469,0,1,0,0,-0.7354,0,0.6776,-1524.326,0,0,0,1
282.7624,54.83097,0,-1524.157,2.588179,2.588179,9.102316,-68.62318,0.25,-1842.867,341.4615,0,0.6764,0,0.7365,54.831,0,1,0,0,-0.7365,0,0.6764,-1524.157,0,0,0,1
282.7767,55.01536,0,-1523.988,2.617939,2.617939,9.113302,-68.62318,0.25,-1842.867,341.6855,0,0.6753,0,0.7376,55.0154,0,1,0,0,-0.7376,0,0.6753,-1523.988,0,0,0,1
282.7872,55.20002,0,-1523.82,2.648064,2.648064,9.131613,-68.62318,0.25,-1842.867,341.9094,0,0.6741,0,0.7386,55.2,0,1,0,0,-0.7386,0,0.6741,-1523.82,0,0,0,1
282.7957,55.38495,0,-1523.652,2.678603,2.678603,9.16091,-68.62318,0.25,-1842.867,342.1331,0,0.6729,0,0.7397,55.385,0,1,0,0,-0.7397,0,0.6729,-1523.652,0,0,0,1
282.807,55.57015,0,-1523.484,2.709591,2.709591,9.182882,-68.62318,0.25,-1842.867,342.3567,0,0.6717,0,0.7408,55.5702,0,1,0,0,-0.7408,0,0.6717,-1523.484,0,0,0,1
282.8178,55.75562,0,-1523.316,2.740914,2.740914,9.2488,-68.62318,0.25,-1842.867,342.5801,0,0.6705,0,0.7419,55.7556,0,1,0,0,-0.7419,0,0.6705,-1523.316,0,0,0,1
282.8292,55.94136,0,-1523.149,2.772607,2.772607,9.31838,-68.62318,0.25,-1842.867,342.8034,0,0.6693,0,0.743,55.9414,0,1,0,0,-0.743,0,0.6693,-1523.149,0,0,0,1
282.8404,56.31367,0,-1522.815,2.837355,2.837355,9.420919,-68.62318,0.25,-1842.867,343.2495,0,0.6669,0,0.7452,56.3137,0,1,0,0,-0.7452,0,0.6669,-1522.815,0,0,0,1
282.8512,56.50023,0,-1522.648,2.870203,2.870203,9.563742,-68.62318,0.25,-1842.867,343.4724,0,0.6656,0,0.7463,56.5002,0,1,0,0,-0.7463,0,0.6656,-1522.648,0,0,0,1
282.8625,56.68709,0,-1522.482,2.903678,2.903678,9.710226,-68.62318,0.25,-1842.867,343.695,0,0.6644,0,0.7474,56.6871,0,1,0,0,-0.7474,0,0.6644,-1522.482,0,0,0,1
282.8737,56.87423,0,-1522.317,2.937529,2.937529,9.948277,-68.62318,0.25,-1842.867,343.9175,0,0.6631,0,0.7486,56.8742,0,1,0,0,-0.7486,0,0.6631,-1522.317,0,0,0,1
282.8846,57.06166,0,-1522.151,2.971931,2.971931,10.11307,-68.62318,0.25,-1842.867,344.1397,0,0.6618,0,0.7497,57.0617,0,1,0,0,-0.7497,0,0.6618,-1522.151,0,0,0,1
282.8958,57.24939,0,-1521.986,3.003981,3.003981,10.39505,-68.62318,0.25,-1842.867,344.362,0,0.6604,0,0.7509,57.2494,0,1,0,0,-0.7509,0,0.6604,-1521.986,0,0,0,1
282.9073,57.43743,0,-1521.821,3.036341,3.036341,10.71732,-68.62318,0.25,-1842.867,344.584,0,0.659,0,0.7522,57.4374,0,1,0,0,-0.7522,0,0.659,-1521.821,0,0,0,1
282.9183,57.62578,0,-1521.657,3.069026,3.069026,11.00298,-68.62318,0.25,-1842.867,344.8059,0,0.6575,0,0.7534,57.6258,0,1,0,0,-0.7534,0,0.6575,-1521.657,0,0,0,1
282.9294,57.81446,0,-1521.493,3.101876,3.101876,11.34356,-68.62318,0.25,-1842.867,345.0276,0,0.656,0,0.7547,57.8145,0,1,0,0,-0.7547,0,0.656,-1521.493,0,0,0,1
282.9408,58.19283,0,-1521.166,3.158636,3.158636,11.7757,-68.62318,0.25,-1842.867,345.4702,0,0.6529,0,0.7574,58.1928,0,1,0,0,-0.7574,0,0.6529,-1521.166,0,0,0,1
282.9518,58.38253,0,-1521.003,3.187597,3.187597,12.03205,-68.62318,0.25,-1842.867,345.6912,0,0.6513,0,0.7588,58.3825,0,1,0,0,-0.7588,0,0.6513,-1521.003,0,0,0,1
282.9627,58.57258,0,-1520.841,3.215316,3.215316,12.39826,-68.62318,0.25,-1842.867,345.9121,0,0.6497,0,0.7602,58.5726,0,1,0,0,-0.7602,0,0.6497,-1520.841,0,0,0,1
282.974,58.76299,0,-1520.679,3.239889,3.239889,12.73152,-68.62318,0.25,-1842.867,346.1326,0,0.648,0,0.7616,58.763,0,1,0,0,-0.7616,0,0.648,-1520.679,0,0,0,1
282.9851,58.95376,0,-1520.517,3.26479,3.26479,13.11604,-68.62318,0.25,-1842.867,346.3531,0,0.6463,0,0.7631,58.9538,0,1,0,0,-0.7631,0,0.6463,-1520.517,0,0,0,1
282.9961,59.14492,0,-1520.356,3.290199,3.290199,13.42732,-68.62318,0.25,-1842.867,346.5732,0,0.6445,0,0.7646,59.1449,0,1,0,0,-0.7646,0,0.6445,-1520.356,0,0,0,1
283.0074,59.33646,0,-1520.195,3.31299,3.31299,13.81186,-68.62318,0.25,-1842.867,346.7931,0,0.6426,0,0.7662,59.3365,0,1,0,0,-0.7662,0,0.6426,-1520.195,0,0,0,1
283.0185,59.5284,0,-1520.035,3.334056,3.334056,14.12314,-68.62318,0.25,-1842.867,347.0127,0,0.6407,0,0.7678,59.5284,0,1,0,0,-0.7678,0,0.6407,-1520.035,0,0,0,1
283.0293,59.72075,0,-1519.876,3.355667,3.355667,14.48935,-68.62318,0.25,-1842.867,347.2321,0,0.6388,0,0.7694,59.7208,0,1,0,0,-0.7694,0,0.6388,-1519.876,0,0,0,1
283.0407,60.10668,0,-1519.558,3.395673,3.395673,14.91417,-68.62318,0.25,-1842.867,347.6701,0,0.6348,0,0.7727,60.1067,0,1,0,0,-0.7727,0,0.6348,-1519.558,0,0,0,1
283.0515,60.30027,0,-1519.4,3.413694,3.413694,15.15587,-68.62318,0.25,-1842.867,347.8884,0,0.6327,0,0.7744,60.3003,0,1,0,0,-0.7744,0,0.6327,-1519.4,0,0,0,1
283.0631,60.49429,0,-1519.242,3.431958,3.431958,15.47082,-68.62318,0.25,-1842.867,348.1068,0,0.6306,0,0.7761,60.4943,0,1,0,0,-0.7761,0,0.6306,-1519.242,0,0,0,1
283.0739,60.68874,0,-1519.085,3.449882,3.449882,15.82239,-68.62318,0.25,-1842.867,348.3248,0,0.6285,0,0.7778,60.6887,0,1,0,0,-0.7778,0,0.6285,-1519.085,0,0,0,1
283.0849,60.88364,0,-1518.928,3.464122,3.464122,16.17029,-68.62318,0.25,-1842.867,348.5425,0,0.6263,0,0.7796,60.8836,0,1,0,0,-0.7796,0,0.6263,-1518.928,0,0,0,1
283.0961,61.07899,0,-1518.772,3.478944,3.478944,16.47059,-68.62318,0.25,-1842.867,348.7599,0,0.6241,0,0.7814,61.079,0,1,0,0,-0.7814,0,0.6241,-1518.772,0,0,0,1
283.1104,61.47105,0,-1518.462,3.507765,3.507765,16.9247,-68.62318,0.25,-1842.867,349.1936,0,0.6194,0,0.7851,61.4711,0,1,0,0,-0.7851,0,0.6194,-1518.462,0,0,0,1
283.121,61.66778,0,-1518.307,3.519033,3.519033,17.19569,-68.62318,0.25,-1842.867,349.41,0,0.6171,0,0.7869,61.6678,0,1,0,0,-0.7869,0,0.6171,-1518.307,0,0,0,1
283.1293,61.66778,0,-1518.307,3.519033,3.519033,17.19569,-68.62318,0.25,-1842.867,349.41,0,0.6171,0,0.7869,61.6678,0,1,0,0,-0.7869,0,0.6171,-1518.307,0,0,0,1
283.1406,62.06266,0,-1518.001,3.543671,3.543671,17.69741,-68.62318,0.25,-1842.867,349.8418,0,0.6122,0,0.7907,62.0627,0,1,0,0,-0.7907,0,0.6122,-1518.001,0,0,0,1
283.1521,62.26082,0,-1517.848,3.552529,3.552529,18.03067,-68.62318,0.25,-1842.867,350.0572,0,0.6097,0,0.7926,62.2608,0,1,0,0,-0.7926,0,0.6097,-1517.848,0,0,0,1
283.1626,62.45947,0,-1517.697,3.561261,3.561261,18.34929,-68.62318,0.25,-1842.867,350.2721,0,0.6072,0,0.7946,62.4595,0,1,0,0,-0.7946,0,0.6072,-1517.697,0,0,0,1
283.174,62.6586,0,-1517.545,3.570565,3.570565,18.63127,-68.62318,0.25,-1842.867,350.4867,0,0.6046,0,0.7965,62.6586,0,1,0,0,-0.7965,0,0.6046,-1517.545,0,0,0,1
283.1847,62.85824,0,-1517.395,3.579787,3.579787,18.94621,-68.62318,0.25,-1842.867,350.7009,0,0.6019,0,0.7985,62.8582,0,1,0,0,-0.7985,0,0.6019,-1517.395,0,0,0,1
283.1959,63.05837,0,-1517.245,3.585217,3.585217,19.19157,-68.62318,0.25,-1842.867,350.9147,0,0.5993,0,0.8006,63.0584,0,1,0,0,-0.8006,0,0.5993,-1517.245,0,0,0,1
283.2072,63.25902,0,-1517.096,3.591311,3.591311,19.52118,-68.62318,0.25,-1842.867,351.1282,0,0.5965,0,0.8026,63.259,0,1,0,0,-0.8026,0,0.5965,-1517.096,0,0,0,1
283.218,63.46018,0,-1516.948,3.598296,3.598296,19.68963,-68.62318,0.25,-1842.867,351.3413,0,0.5938,0,0.8046,63.4602,0,1,0,0,-0.8046,0,0.5938,-1516.948,0,0,0,1
283.2292,63.66186,0,-1516.8,3.60328,3.60328,19.93866,-68.62318,0.25,-1842.867,351.5539,0,0.591,0,0.8067,63.6619,0,1,0,0,-0.8067,0,0.591,-1516.8,0,0,0,1
283.2406,64.06676,0,-1516.506,3.610204,3.610204,20.1474,-68.62318,0.25,-1842.867,351.9779,0,0.5853,0,0.8108,64.0668,0,1,0,0,-0.8108,0,0.5853,-1516.506,0,0,0,1
283.2515,64.26998,0,-1516.361,3.614777,3.614777,20.35981,-68.62318,0.25,-1842.867,352.1893,0,0.5824,0,0.8129,64.27,0,1,0,0,-0.8129,0,0.5824,-1516.361,0,0,0,1
283.2626,64.47373,0,-1516.216,3.615732,3.615732,20.52827,-68.62318,0.25,-1842.867,352.4002,0,0.5795,0,0.815,64.4737,0,1,0,0,-0.815,0,0.5795,-1516.216,0,0,0,1
283.2738,64.678,0,-1516.072,3.6164,3.6164,20.72236,-68.62318,0.25,-1842.867,352.6109,0,0.5765,0,0.8171,64.678,0,1,0,0,-0.8171,0,0.5765,-1516.072,0,0,0,1
283.2847,64.8828,0,-1515.928,3.61798,3.61798,20.84687,-68.62318,0.25,-1842.867,352.821,0,0.5735,0,0.8192,64.8828,0,1,0,0,-0.8192,0,0.5735,-1515.928,0,0,0,1
283.2959,65.08811,0,-1515.786,3.619504,3.619504,20.99336,-68.62318,0.25,-1842.867,353.0306,0,0.5705,0,0.8213,65.0881,0,1,0,0,-0.8213,0,0.5705,-1515.786,0,0,0,1
283.3073,65.29395,0,-1515.644,3.617419,3.617419,21.1545,-68.62318,0.25,-1842.867,353.2398,0,0.5675,0,0.8234,65.294,0,1,0,0,-0.8234,0,0.5675,-1515.644,0,0,0,1
283.318,65.50032,0,-1515.503,3.616098,3.616098,21.27169,-68.62318,0.25,-1842.867,353.4485,0,0.5644,0,0.8255,65.5003,0,1,0,0,-0.8255,0,0.5644,-1515.503,0,0,0,1
283.3292,65.70721,0,-1515.362,3.615549,3.615549,21.41451,-68.62318,0.25,-1842.867,353.6568,0,0.5614,0,0.8276,65.7072,0,1,0,0,-0.8276,0,0.5614,-1515.362,0,0,0,1
283.3408,66.12257,0,-1515.084,3.608915,3.608915,21.51705,-68.62318,0.25,-1842.867,354.072,0,0.5551,0,0.8318,66.1226,0,1,0,0,-0.8318,0,0.5551,-1515.084,0,0,0,1
283.3514,66.33104,0,-1514.946,3.605551,3.605551,21.65987,-68.62318,0.25,-1842.867,354.2788,0,0.552,0,0.8339,66.331,0,1,0,0,-0.8339,0,0.552,-1514.946,0,0,0,1
283.3628,66.54003,0,-1514.809,3.602949,3.602949,21.83199,-68.62318,0.25,-1842.867,354.4852,0,0.5488,0,0.836,66.54,0,1,0,0,-0.836,0,0.5488,-1514.809,0,0,0,1
283.3734,66.74954,0,-1514.673,3.596769,3.596769,21.92355,-68.62318,0.25,-1842.867,354.691,0,0.5456,0,0.8381,66.7495,0,1,0,0,-0.8381,0,0.5456,-1514.673,0,0,0,1
283.3846,66.95958,0,-1514.537,3.590423,3.590423,22.06638,-68.62318,0.25,-1842.867,354.8965,0,0.5424,0,0.8401,66.9596,0,1,0,0,-0.8401,0,0.5424,-1514.537,0,0,0,1
283.396,67.17014,0,-1514.402,3.585056,3.585056,22.27879,-68.62318,0.25,-1842.867,355.1013,0,0.5391,0,0.8422,67.1701,0,1,0,0,-0.8422,0,0.5391,-1514.402,0,0,0,1
283.4069,67.38123,0,-1514.268,3.579548,3.579548,22.49485,-68.62318,0.25,-1842.867,355.3057,0,0.5358,0,0.8444,67.3812,0,1,0,0,-0.8444,0,0.5358,-1514.268,0,0,0,1
283.4179,67.59285,0,-1514.135,3.570637,3.570637,22.67063,-68.62318,0.25,-1842.867,355.5096,0,0.5324,0,0.8465,67.5929,0,1,0,0,-0.8465,0,0.5324,-1514.135,0,0,0,1
283.4292,67.805,0,-1514.003,3.562495,3.562495,22.92332,-68.62318,0.25,-1842.867,355.7129,0,0.529,0,0.8486,67.805,0,1,0,0,-0.8486,0,0.529,-1514.003,0,0,0,1
283.4438,68.2309,0,-1513.741,3.546376,3.546376,23.23827,-68.62318,0.25,-1842.867,356.118,0,0.5221,0,0.8529,68.2309,0,1,0,0,-0.8529,0,0.5221,-1513.741,0,0,0,1
283.454,68.44465,0,-1513.612,3.535611,3.535611,23.54955,-68.62318,0.25,-1842.867,356.3197,0,0.5186,0,0.855,68.4447,0,1,0,0,-0.855,0,0.5186,-1513.612,0,0,0,1
283.4625,68.65894,0,-1513.483,3.525581,3.525581,23.83886,-68.62318,0.25,-1842.867,356.521,0,0.5151,0,0.8571,68.6589,0,1,0,0,-0.8571,0,0.5151,-1513.483,0,0,0,1
283.4737,68.87376,0,-1513.355,3.516809,3.516809,24.08423,-68.62318,0.25,-1842.867,356.7215,0,0.5115,0,0.8593,68.8738,0,1,0,0,-0.8593,0,0.5115,-1513.355,0,0,0,1
283.4846,69.08913,0,-1513.228,3.504398,3.504398,24.41749,-68.62318,0.25,-1842.867,356.9216,0,0.5078,0,0.8615,69.0891,0,1,0,0,-0.8615,0,0.5078,-1513.228,0,0,0,1
283.4958,69.30505,0,-1513.102,3.492075,3.492075,24.8716,-68.62318,0.25,-1842.867,357.121,0,0.5041,0,0.8637,69.3051,0,1,0,0,-0.8637,0,0.5041,-1513.102,0,0,0,1
283.507,69.52153,0,-1512.977,3.480744,3.480744,25.355,-68.62318,0.25,-1842.867,357.3199,0,0.5002,0,0.8659,69.5215,0,1,0,0,-0.8659,0,0.5002,-1512.977,0,0,0,1
283.5178,69.73856,0,-1512.853,3.4696,3.4696,25.78714,-68.62318,0.25,-1842.867,357.5181,0,0.4963,0,0.8681,69.7386,0,1,0,0,-0.8681,0,0.4963,-1512.853,0,0,0,1
283.529,69.95616,0,-1512.73,3.454921,3.454921,26.24491,-68.62318,0.25,-1842.867,357.7157,0,0.4923,0,0.8704,69.9562,0,1,0,0,-0.8704,0,0.4923,-1512.73,0,0,0,1
283.5404,70.39309,0,-1512.487,3.42862,3.42862,27.03228,-68.62318,0.25,-1842.867,358.109,0,0.4841,0,0.875,70.3931,0,1,0,0,-0.875,0,0.4841,-1512.487,0,0,0,1
283.5513,70.61242,0,-1512.367,3.414842,3.414842,27.44609,-68.62318,0.25,-1842.867,358.3045,0,0.4799,0,0.8773,70.6124,0,1,0,0,-0.8773,0,0.4799,-1512.367,0,0,0,1
283.5623,70.83233,0,-1512.248,3.399083,3.399083,27.96979,-68.62318,0.25,-1842.867,358.4995,0,0.4756,0,0.8797,70.8323,0,1,0,0,-0.8797,0,0.4756,-1512.248,0,0,0,1
283.5735,71.05283,0,-1512.13,3.384295,3.384295,28.61433,-68.62318,0.25,-1842.867,358.6938,0,0.4712,0,0.882,71.0528,0,1,0,0,-0.882,0,0.4712,-1512.13,0,0,0,1
283.5848,71.27393,0,-1512.013,3.370851,3.370851,29.11971,-68.62318,0.25,-1842.867,358.8873,0,0.4667,0,0.8844,71.2739,0,1,0,0,-0.8844,0,0.4667,-1512.013,0,0,0,1
283.5957,71.49564,0,-1511.898,3.354567,3.354567,29.72763,-68.62318,0.25,-1842.867,359.0798,0,0.4621,0,0.8868,71.4956,0,1,0,0,-0.8868,0,0.4621,-1511.898,0,0,0,1
283.6069,71.71795,0,-1511.784,3.338125,3.338125,30.41611,-68.62318,0.25,-1842.867,359.2718,0,0.4574,0,0.8892,71.718,0,1,0,0,-0.8892,0,0.4574,-1511.784,0,0,0,1
283.6179,71.94087,0,-1511.671,3.322914,3.322914,30.78233,-68.62318,0.25,-1842.867,359.463,0,0.4526,0,0.8917,71.9409,0,1,0,0,-0.8917,0,0.4526,-1511.671,0,0,0,1
283.6292,72.16441,0,-1511.559,3.308669,3.308669,31.35728,-68.62318,0.25,-1842.867,359.6534,0,0.4478,0,0.8942,72.1644,0,1,0,0,-0.8942,0,0.4478,-1511.559,0,0,0,1
283.6402,72.61334,0,-1511.338,3.273681,3.273681,31.80774,-68.62318,0.25,-1842.867,360.0316,0,0.4378,0,0.8991,72.6133,0,1,0,0,-0.8991,0,0.4378,-1511.338,0,0,0,1
283.6512,72.83872,0,-1511.23,3.258178,3.258178,32.31311,-68.62318,0.25,-1842.867,360.2195,0,0.4327,0,0.9015,72.8387,0,1,0,0,-0.9015,0,0.4327,-1511.23,0,0,0,1
283.6624,73.06472,0,-1511.123,3.242087,3.242087,32.71962,-68.62318,0.25,-1842.867,360.4064,0,0.4276,0,0.904,73.0647,0,1,0,0,-0.904,0,0.4276,-1511.123,0,0,0,1
283.6735,73.29133,0,-1511.018,3.224038,3.224038,33.20668,-68.62318,0.25,-1842.867,360.5924,0,0.4223,0,0.9064,73.2913,0,1,0,0,-0.9064,0,0.4223,-1511.018,0,0,0,1
283.6844,73.51855,0,-1510.913,3.207067,3.207067,33.61319,-68.62318,0.25,-1842.867,360.7777,0,0.417,0,0.9089,73.5186,0,1,0,0,-0.9089,0,0.417,-1510.913,0,0,0,1
283.6957,73.7464,0,-1510.811,3.191672,3.191672,34.0856,-68.62318,0.25,-1842.867,360.962,0,0.4116,0,0.9114,73.7464,0,1,0,0,-0.9114,0,0.4116,-1510.811,0,0,0,1
283.707,73.97486,0,-1510.709,3.173962,3.173962,34.61296,-68.62318,0.25,-1842.867,361.1453,0,0.4061,0,0.9138,73.9749,0,1,0,0,-0.9138,0,0.4061,-1510.709,0,0,0,1
283.7178,74.20393,0,-1510.609,3.15603,3.15603,34.90226,-68.62318,0.25,-1842.867,361.3276,0,0.4005,0,0.9163,74.2039,0,1,0,0,-0.9163,0,0.4005,-1510.609,0,0,0,1
283.7291,74.43362,0,-1510.51,3.139309,3.139309,35.24651,-68.62318,0.25,-1842.867,361.5091,0,0.3948,0,0.9187,74.4336,0,1,0,0,-0.9187,0,0.3948,-1510.51,0,0,0,1
283.7404,74.8948,0,-1510.317,3.105398,3.105398,35.67132,-68.62318,0.25,-1842.867,361.8688,0,0.3834,0,0.9236,74.8948,0,1,0,0,-0.9236,0,0.3834,-1510.317,0,0,0,1
283.7511,75.1263,0,-1510.223,3.087842,3.087842,36.08514,-68.62318,0.25,-1842.867,362.0471,0,0.3776,0,0.926,75.1263,0,1,0,0,-0.926,0,0.3776,-1510.223,0,0,0,1
283.7655,75.3584,0,-1510.13,3.071724,3.071724,36.5832,-68.62318,0.25,-1842.867,362.2245,0,0.3716,0,0.9284,75.3584,0,1,0,0,-0.9284,0,0.3716,-1510.13,0,0,0,1
283.7764,75.59109,0,-1510.038,3.055857,3.055857,36.95307,-68.62318,0.25,-1842.867,362.4008,0,0.3656,0,0.9308,75.5911,0,1,0,0,-0.9308,0,0.3656,-1510.038,0,0,0,1
283.7854,75.82437,0,-1509.948,3.037479,3.037479,37.35592,-68.62318,0.25,-1842.867,362.5759,0,0.3596,0,0.9331,75.8244,0,1,0,0,-0.9331,0,0.3596,-1509.948,0,0,0,1
283.7957,76.05824,0,-1509.86,3.020413,3.020413,37.6379,-68.62318,0.25,-1842.867,362.7501,0,0.3534,0,0.9355,76.0582,0,1,0,0,-0.9355,0,0.3534,-1509.86,0,0,0,1
283.8067,76.29268,0,-1509.773,3.005025,3.005025,37.94918,-68.62318,0.25,-1842.867,362.9231,0,0.3472,0,0.9378,76.2927,0,1,0,0,-0.9378,0,0.3472,-1509.773,0,0,0,1
283.8179,76.5277,0,-1509.688,2.98874,2.98874,38.2971,-68.62318,0.25,-1842.867,363.0948,0,0.3409,0,0.9401,76.5277,0,1,0,0,-0.9401,0,0.3409,-1509.688,0,0,0,1
283.8293,76.76329,0,-1509.604,2.97097,2.97097,38.62669,-68.62318,0.25,-1842.867,363.2657,0,0.3346,0,0.9424,76.7633,0,1,0,0,-0.9424,0,0.3346,-1509.604,0,0,0,1
283.8403,77.23615,0,-1509.442,2.940448,2.940448,38.91601,-68.62318,0.25,-1842.867,363.6038,0,0.3218,0,0.9468,77.2362,0,1,0,0,-0.9468,0,0.3218,-1509.442,0,0,0,1
283.8513,77.4734,0,-1509.363,2.923449,2.923449,39.27489,-68.62318,0.25,-1842.867,363.7711,0,0.3153,0,0.949,77.4734,0,1,0,0,-0.949,0,0.3153,-1509.363,0,0,0,1
283.8624,77.71119,0,-1509.286,2.906771,2.906771,39.68505,-68.62318,0.25,-1842.867,363.9371,0,0.3087,0,0.9512,77.7112,0,1,0,0,-0.9512,0,0.3087,-1509.286,0,0,0,1
283.8734,77.94951,0,-1509.21,2.891749,2.891749,39.90113,-68.62318,0.25,-1842.867,364.1021,0,0.3021,0,0.9533,77.9495,0,1,0,0,-0.9533,0,0.3021,-1509.21,0,0,0,1
283.8846,78.18835,0,-1509.137,2.87836,2.87836,40.17945,-68.62318,0.25,-1842.867,364.2657,0,0.2954,0,0.9554,78.1884,0,1,0,0,-0.9554,0,0.2954,-1509.137,0,0,0,1
283.8963,78.42772,0,-1509.064,2.861214,2.861214,40.46875,-68.62318,0.25,-1842.867,364.4281,0,0.2886,0,0.9574,78.4277,0,1,0,0,-0.9574,0,0.2886,-1509.064,0,0,0,1
283.9068,78.66759,0,-1508.994,2.845848,2.845848,40.68848,-68.62318,0.25,-1842.867,364.5893,0,0.2818,0,0.9595,78.6676,0,1,0,0,-0.9595,0,0.2818,-1508.994,0,0,0,1
283.9178,78.90795,0,-1508.925,2.832022,2.832022,40.83864,-68.62318,0.25,-1842.867,364.7491,0,0.275,0,0.9615,78.908,0,1,0,0,-0.9615,0,0.275,-1508.925,0,0,0,1
283.9288,79.1488,0,-1508.858,2.818489,2.818489,40.95583,-68.62318,0.25,-1842.867,364.9077,0,0.2681,0,0.9634,79.1488,0,1,0,0,-0.9634,0,0.2681,-1508.858,0,0,0,1
283.9399,79.39013,0,-1508.793,2.802769,2.802769,41.00344,-68.62318,0.25,-1842.867,365.0651,0,0.2612,0,0.9653,79.3901,0,1,0,0,-0.9653,0,0.2612,-1508.793,0,0,0,1
283.9508,79.87415,0,-1508.667,2.776161,2.776161,41.02175,-68.62318,0.25,-1842.867,365.3759,0,0.2473,0,0.9689,79.8742,0,1,0,0,-0.9689,0,0.2473,-1508.667,0,0,0,1
283.962,80.11681,0,-1508.607,2.762535,2.762535,41.02175,-68.62318,0.25,-1842.867,365.5294,0,0.2404,0,0.9707,80.1168,0,1,0,0,-0.9707,0,0.2404,-1508.607,0,0,0,1
283.974,80.35991,0,-1508.549,2.748103,2.748103,41.02175,-68.62318,0.25,-1842.867,365.6815,0,0.2334,0,0.9724,80.3599,0,1,0,0,-0.9724,0,0.2334,-1508.549,0,0,0,1
283.9842,80.60342,0,-1508.492,2.735315,2.735315,41.02175,-68.62318,0.25,-1842.867,365.8323,0,0.2265,0,0.974,80.6034,0,1,0,0,-0.974,0,0.2265,-1508.492,0,0,0,1
283.9954,80.84732,0,-1508.438,2.724297,2.724297,41.02175,-68.62318,0.25,-1842.867,365.9818,0,0.2195,0,0.9756,80.8473,0,1,0,0,-0.9756,0,0.2195,-1508.438,0,0,0,1
284.0066,81.09161,0,-1508.385,2.710737,2.710737,41.02175,-68.62318,0.25,-1842.867,366.1299,0,0.2125,0,0.9772,81.0916,0,1,0,0,-0.9772,0,0.2125,-1508.385,0,0,0,1
284.0177,81.33628,0,-1508.333,2.697693,2.697693,41.02175,-68.62318,0.25,-1842.867,366.2768,0,0.2055,0,0.9787,81.3363,0,1,0,0,-0.9787,0,0.2055,-1508.333,0,0,0,1
284.0287,81.58131,0,-1508.284,2.686293,2.686293,41.02175,-68.62318,0.25,-1842.867,366.4222,0,0.1985,0,0.9801,81.5813,0,1,0,0,-0.9801,0,0.1985,-1508.284,0,0,0,1
284.0402,82.0724,0,-1508.19,2.662966,2.662966,41.02175,-68.62318,0.25,-1842.867,366.7092,0,0.1844,0,0.9828,82.0724,0,1,0,0,-0.9828,0,0.1844,-1508.19,0,0,0,1
284.051,82.31843,0,-1508.145,2.651301,2.651301,41.02175,-68.62318,0.25,-1842.867,366.8506,0,0.1774,0,0.9841,82.3184,0,1,0,0,-0.9841,0,0.1774,-1508.145,0,0,0,1
284.062,82.56477,0,-1508.103,2.641148,2.641148,41.02175,-68.62318,0.25,-1842.867,366.9907,0,0.1703,0,0.9854,82.5648,0,1,0,0,-0.9854,0,0.1703,-1508.103,0,0,0,1
284.0733,82.81142,0,-1508.062,2.63142,2.63142,41.02175,-68.62318,0.25,-1842.867,367.1293,0,0.1633,0,0.9866,82.8114,0,1,0,0,-0.9866,0,0.1633,-1508.062,0,0,0,1
284.0843,83.05835,0,-1508.023,2.619485,2.619485,41.02541,-68.62318,0.25,-1842.867,367.2666,0,0.1562,0,0.9877,83.0584,0,1,0,0,-0.9877,0,0.1562,-1508.023,0,0,0,1
284.0953,83.30556,0,-1507.986,2.608936,2.608936,41.09865,-68.62318,0.25,-1842.867,367.4026,0,0.1491,0,0.9888,83.3056,0,1,0,0,-0.9888,0,0.1491,-1507.986,0,0,0,1
284.1097,83.55302,0,-1507.95,2.600264,2.600264,41.28908,-68.62318,0.25,-1842.867,367.5372,0,0.142,0,0.9899,83.553,0,1,0,0,-0.9899,0,0.142,-1507.95,0,0,0,1
284.1207,84.0487,0,-1507.885,2.579824,2.579824,41.45754,-68.62318,0.25,-1842.867,367.802,0,0.1276,0,0.9918,84.0487,0,1,0,0,-0.9918,0,0.1276,-1507.885,0,0,0,1
284.1286,84.0487,0,-1507.885,2.579824,2.579824,41.45754,-68.62318,0.25,-1842.867,367.802,0,0.1276,0,0.9918,84.0487,0,1,0,0,-0.9918,0,0.1276,-1507.885,0,0,0,1
284.1399,84.29688,0,-1507.854,2.570869,2.570869,41.86405,-68.62318,0.25,-1842.867,367.9323,0,0.1204,0,0.9927,84.2969,0,1,0,0,-0.9927,0,0.1204,-1507.854,0,0,0,1
284.1508,84.79388,0,-1507.799,2.553867,2.553867,42.15335,-68.62318,0.25,-1842.867,368.1888,0,0.1058,0,0.9944,84.7939,0,1,0,0,-0.9944,0,0.1058,-1507.799,0,0,0,1
284.1623,85.04266,0,-1507.775,2.54475,2.54475,42.43534,-68.62318,0.25,-1842.867,368.3147,0,0.0984,0,0.9951,85.0427,0,1,0,0,-0.9951,0,0.0984,-1507.775,0,0,0,1
284.173,85.29163,0,-1507.752,2.537382,2.537382,42.7979,-68.62318,0.25,-1842.867,368.4391,0,0.091,0,0.9959,85.2916,0,1,0,0,-0.9959,0,0.091,-1507.752,0,0,0,1
284.1842,85.54076,0,-1507.731,2.531641,2.531641,43.11284,-68.62318,0.25,-1842.867,368.5621,0,0.0835,0,0.9965,85.5408,0,1,0,0,-0.9965,0,0.0835,-1507.731,0,0,0,1
284.1955,85.79003,0,-1507.712,2.522709,2.522709,43.49004,-68.62318,0.25,-1842.867,368.6834,0,0.0759,0,0.9971,85.79,0,1,0,0,-0.9971,0,0.0759,-1507.712,0,0,0,1
284.2064,86.03945,0,-1507.695,2.515291,2.515291,43.90387,-68.62318,0.25,-1842.867,368.8033,0,0.0683,0,0.9977,86.0395,0,1,0,0,-0.9977,0,0.0683,-1507.695,0,0,0,1
284.2175,86.28899,0,-1507.68,2.509744,2.509744,44.11993,-68.62318,0.25,-1842.867,368.9215,0,0.0606,0,0.9982,86.289,0,1,0,0,-0.9982,0,0.0606,-1507.68,0,0,0,1
284.2291,86.53864,0,-1507.667,2.504937,2.504937,44.33966,-68.62318,0.25,-1842.867,369.0382,0,0.0529,0,0.9986,86.5386,0,1,0,0,-0.9986,0,0.0529,-1507.667,0,0,0,1
284.2398,86.78839,0,-1507.656,2.497589,2.497589,44.55574,-68.62318,0.25,-1842.867,369.1533,0,0.0451,0,0.999,86.7884,0,1,0,0,-0.999,0,0.0451,-1507.656,0,0,0,1
284.2508,87.28811,0,-1507.639,2.488501,2.488501,44.6949,-68.62318,0.25,-1842.867,369.3788,0,0.0295,0,0.9996,87.2881,0,1,0,0,-0.9996,0,0.0295,-1507.639,0,0,0,1
284.2619,87.53805,0,-1507.634,2.484486,2.484486,44.79012,-68.62318,0.25,-1842.867,369.489,0,0.0217,0,0.9998,87.5381,0,1,0,0,-0.9998,0,0.0217,-1507.634,0,0,0,1
284.273,87.78802,0,-1507.63,2.479193,2.479193,44.86336,-68.62318,0.25,-1842.867,369.5976,0,0.0139,0,0.9999,87.788,0,1,0,0,-0.9999,0,0.0139,-1507.63,0,0,0,1
284.2841,88.03802,0,-1507.629,2.475771,2.475771,44.86336,-68.62318,0.25,-1842.867,369.7047,0,0.006,0,1,88.038,0,1,0,0,-1,0,0.006,-1507.629,0,0,0,1
284.2954,88.28802,0,-1507.629,2.474219,2.474219,44.86336,-68.62318,0.25,-1842.867,369.8101,0,-0.0018,0,1,88.288,0,1,0,0,-1,0,-0.0018,-1507.629,0,0,0,1
284.3066,88.538,0,-1507.632,2.470973,2.470973,44.8597,-68.62318,0.25,-1842.867,369.9138,0,-0.0096,0,1,88.538,0,1,0,0,-1,0,-0.0096,-1507.632,0,0,0,1
284.3174,88.78796,0,-1507.636,2.467613,2.467613,44.83772,-68.62318,0.25,-1842.867,370.0159,0,-0.0175,0,0.9998,88.788,0,1,0,0,-0.9998,0,-0.0175,-1507.636,0,0,0,1
284.3286,89.03789,0,-1507.643,2.466247,2.466247,44.8011,-68.62318,0.25,-1842.867,370.1164,0,-0.0253,0,0.9997,89.0379,0,1,0,0,-0.9997,0,-0.0253,-1507.643,0,0,0,1
284.3405,89.53754,0,-1507.661,2.463897,2.463897,44.71687,-68.62318,0.25,-1842.867,370.3125,0,-0.0409,0,0.9992,89.5375,0,1,0,0,-0.9992,0,-0.0409,-1507.661,0,0,0,1
284.3511,89.78725,0,-1507.673,2.462837,2.462837,44.55574,-68.62318,0.25,-1842.867,370.4079,0,-0.0486,0,0.9988,89.7873,0,1,0,0,-0.9988,0,-0.0486,-1507.673,0,0,0,1
284.3636,90.03685,0,-1507.688,2.463407,2.463407,44.31769,-68.62318,0.25,-1842.867,370.5018,0,-0.0564,0,0.9984,90.0369,0,1,0,0,-0.9984,0,-0.0564,-1507.688,0,0,0,1
284.3732,90.28634,0,-1507.703,2.464996,2.464996,44.1712,-68.62318,0.25,-1842.867,370.5941,0,-0.0641,0,0.9979,90.2863,0,1,0,0,-0.9979,0,-0.0641,-1507.703,0,0,0,1
284.3831,90.5357,0,-1507.721,2.463753,2.463753,43.96979,-68.62318,0.25,-1842.867,370.6848,0,-0.0717,0,0.9974,90.5357,0,1,0,0,-0.9974,0,-0.0717,-1507.721,0,0,0,1
284.3942,90.78491,0,-1507.741,2.464265,2.464265,43.73907,-68.62318,0.25,-1842.867,370.7738,0,-0.0793,0,0.9968,90.7849,0,1,0,0,-0.9968,0,-0.0793,-1507.741,0,0,0,1
284.4054,91.03397,0,-1507.763,2.466653,2.466653,43.44609,-68.62318,0.25,-1842.867,370.8612,0,-0.0869,0,0.9962,91.034,0,1,0,0,-0.9962,0,-0.0869,-1507.763,0,0,0,1
284.4164,91.28285,0,-1507.786,2.468771,2.468771,43.16045,-68.62318,0.25,-1842.867,370.947,0,-0.0944,0,0.9955,91.2829,0,1,0,0,-0.9955,0,-0.0944,-1507.786,0,0,0,1
284.4276,91.53156,0,-1507.812,2.469224,2.469224,42.82353,-68.62318,0.25,-1842.867,371.0311,0,-0.1018,0,0.9948,91.5316,0,1,0,0,-0.9948,0,-0.1018,-1507.812,0,0,0,1
284.4424,92.02837,0,-1507.868,2.47565,2.47565,42.39505,-68.62318,0.25,-1842.867,371.1945,0,-0.1165,0,0.9932,92.0284,0,1,0,0,-0.9932,0,-0.1165,-1507.868,0,0,0,1
284.4527,92.27644,0,-1507.899,2.478316,2.478316,42.03251,-68.62318,0.25,-1842.867,371.2738,0,-0.1238,0,0.9923,92.2764,0,1,0,0,-0.9923,0,-0.1238,-1507.899,0,0,0,1
284.4611,92.52428,0,-1507.932,2.480229,2.480229,41.73954,-68.62318,0.25,-1842.867,371.3516,0,-0.131,0,0.9914,92.5243,0,1,0,0,-0.9914,0,-0.131,-1507.932,0,0,0,1
