time,pos_x,pos_y,pos_z,distFromRoadCenter,signedDistFromRoadCenter,wheelAngle,obstacle_pos_x,obstacle_pos_y,obstacle_pos_z,distance_to_obstacle,brake_position,simplecar_4x4_R0C0,simplecar_4x4_R0C1,simplecar_4x4_R0C2,simplecar_4x4_R0C3,simplecar_4x4_R1C0,simplecar_4x4_R1C1,simplecar_4x4_R1C2,simplecar_4x4_R1C3,simplecar_4x4_R2C0,simplecar_4x4_R2C1,simplecar_4x4_R2C2,simplecar_4x4_R2C3,simplecar_4x4_R3C0,simplecar_4x4_R3C1,simplecar_4x4_R3C2,simplecar_4x4_R3C3
304.7614,390.0078,0,-1294.995,0.991057,0.991057,1.47769,331.0594,0.25,-1341.399,74.6703,0,0.5329,0,0.8462,390.0078,0,1,0,0,-0.8462,0,0.5329,-1294.995,0,0,0,1
304.775,390.2194,0,-1294.862,0.988317,0.988317,1.47769,331.0594,0.25,-1341.399,74.91899,0,0.5327,0,0.8463,390.2194,0,1,0,0,-0.8463,0,0.5327,-1294.862,0,0,0,1
304.7836,390.431,0,-1294.729,0.985762,0.985762,1.47769,331.0594,0.25,-1341.399,75.16767,0,0.5325,0,0.8464,390.431,0,1,0,0,-0.8464,0,0.5325,-1294.729,0,0,0,1
304.7954,390.6426,0,-1294.596,0.983203,0.983203,1.455717,331.0594,0.25,-1341.399,75.41631,0,0.5323,0,0.8466,390.6426,0,1,0,0,-0.8466,0,0.5323,-1294.596,0,0,0,1
304.8103,391.066,0,-1294.33,0.97846,0.97846,1.430082,331.0594,0.25,-1341.399,75.9136,0,0.5318,0,0.8468,391.066,0,1,0,0,-0.8468,0,0.5318,-1294.33,0,0,0,1
304.8192,391.066,0,-1294.33,0.97846,0.97846,1.430082,331.0594,0.25,-1341.399,75.9136,0,0.5318,0,0.8468,391.066,0,1,0,0,-0.8468,0,0.5318,-1294.33,0,0,0,1
304.8319,391.4894,0,-1294.064,0.97375,0.97375,1.360488,331.0594,0.25,-1341.399,76.41092,0,0.5314,0,0.8471,391.4894,0,1,0,0,-0.8471,0,0.5314,-1294.064,0,0,0,1
304.8411,391.7013,0,-1293.931,0.971719,0.971719,1.312881,331.0594,0.25,-1341.399,76.65954,0,0.5312,0,0.8472,391.7013,0,1,0,0,-0.8472,0,0.5312,-1293.931,0,0,0,1
304.8516,391.9131,0,-1293.798,0.969448,0.969448,1.287246,331.0594,0.25,-1341.399,76.9082,0,0.5311,0,0.8473,391.9131,0,1,0,0,-0.8473,0,0.5311,-1293.798,0,0,0,1
304.8621,392.1249,0,-1293.666,0.967432,0.967432,1.261611,331.0594,0.25,-1341.399,77.15684,0,0.5309,0,0.8475,392.1249,0,1,0,0,-0.8475,0,0.5309,-1293.666,0,0,0,1
304.8734,392.3368,0,-1293.533,0.965417,0.965417,1.235976,331.0594,0.25,-1341.399,77.40549,0,0.5307,0,0.8476,392.3368,0,1,0,0,-0.8476,0,0.5307,-1293.533,0,0,0,1
304.8844,392.5488,0,-1293.401,0.96357,0.96357,1.210341,331.0594,0.25,-1341.399,77.65408,0,0.5305,0,0.8477,392.5488,0,1,0,0,-0.8477,0,0.5305,-1293.401,0,0,0,1
304.8954,392.7607,0,-1293.268,0.961554,0.961554,1.188369,331.0594,0.25,-1341.399,77.9028,0,0.5303,0,0.8478,392.7607,0,1,0,0,-0.8478,0,0.5303,-1293.268,0,0,0,1
304.9066,392.9727,0,-1293.135,0.959691,0.959691,1.170058,331.0594,0.25,-1341.399,78.1515,0,0.5302,0,0.8479,392.9727,0,1,0,0,-0.8479,0,0.5302,-1293.135,0,0,0,1
304.9177,393.1847,0,-1293.003,0.957844,0.957844,1.166396,331.0594,0.25,-1341.399,78.40015,0,0.53,0,0.848,393.1847,0,1,0,0,-0.848,0,0.53,-1293.003,0,0,0,1
304.9289,393.3967,0,-1292.87,0.956116,0.956116,1.166396,331.0594,0.25,-1341.399,78.64883,0,0.5298,0,0.8481,393.3967,0,1,0,0,-0.8481,0,0.5298,-1292.87,0,0,0,1
304.9442,393.8209,0,-1292.606,0.952798,0.952798,1.166396,331.0594,0.25,-1341.399,79.14622,0,0.5295,0,0.8483,393.8209,0,1,0,0,-0.8483,0,0.5295,-1292.606,0,0,0,1
304.9549,394.033,0,-1292.473,0.951118,0.951118,1.166396,331.0594,0.25,-1341.399,79.39491,0,0.5293,0,0.8484,394.033,0,1,0,0,-0.8484,0,0.5293,-1292.473,0,0,0,1
304.9633,394.2451,0,-1292.341,0.949527,0.949527,1.166396,331.0594,0.25,-1341.399,79.64364,0,0.5291,0,0.8485,394.2451,0,1,0,0,-0.8485,0,0.5291,-1292.341,0,0,0,1
304.9731,394.4572,0,-1292.209,0.948087,0.948087,1.166396,331.0594,0.25,-1341.399,79.89229,0,0.5289,0,0.8487,394.4572,0,1,0,0,-0.8487,0,0.5289,-1292.209,0,0,0,1
304.9842,394.6694,0,-1292.077,0.946528,0.946528,1.166396,331.0594,0.25,-1341.399,80.14099,0,0.5288,0,0.8488,394.6694,0,1,0,0,-0.8488,0,0.5288,-1292.077,0,0,0,1
304.9955,394.8817,0,-1291.944,0.945088,0.945088,1.166396,331.0594,0.25,-1341.399,80.38973,0,0.5286,0,0.8489,394.8817,0,1,0,0,-0.8489,0,0.5286,-1291.944,0,0,0,1
305.0067,395.0939,0,-1291.812,0.943801,0.943801,1.166396,331.0594,0.25,-1341.399,80.63845,0,0.5284,0,0.849,395.0939,0,1,0,0,-0.849,0,0.5284,-1291.812,0,0,0,1
305.0185,395.3062,0,-1291.68,0.942497,0.942497,1.166396,331.0594,0.25,-1341.399,80.88715,0,0.5283,0,0.8491,395.3062,0,1,0,0,-0.8491,0,0.5283,-1291.68,0,0,0,1
305.0287,395.5185,0,-1291.548,0.94121,0.94121,1.166396,331.0594,0.25,-1341.399,81.13591,0,0.5281,0,0.8492,395.5185,0,1,0,0,-0.8492,0,0.5281,-1291.548,0,0,0,1
305.0402,395.9431,0,-1291.284,0.938787,0.938787,1.166396,331.0594,0.25,-1341.399,81.63332,0,0.5277,0,0.8494,395.9431,0,1,0,0,-0.8494,0,0.5277,-1291.284,0,0,0,1
305.0509,396.1555,0,-1291.152,0.937771,0.937771,1.166396,331.0594,0.25,-1341.399,81.882,0,0.5276,0,0.8495,396.1555,0,1,0,0,-0.8495,0,0.5276,-1291.152,0,0,0,1
305.0621,396.3679,0,-1291.021,0.936652,0.936652,1.166396,331.0594,0.25,-1341.399,82.13071,0,0.5274,0,0.8496,396.3679,0,1,0,0,-0.8496,0,0.5274,-1291.021,0,0,0,1
305.0732,396.5804,0,-1290.889,0.935636,0.935636,1.166396,331.0594,0.25,-1341.399,82.37946,0,0.5272,0,0.8497,396.5804,0,1,0,0,-0.8497,0,0.5272,-1290.889,0,0,0,1
305.0842,396.7928,0,-1290.757,0.934756,0.934756,1.166396,331.0594,0.25,-1341.399,82.62817,0,0.527,0,0.8498,396.7928,0,1,0,0,-0.8498,0,0.527,-1290.757,0,0,0,1
305.0953,397.0053,0,-1290.625,0.933893,0.933893,1.166396,331.0594,0.25,-1341.399,82.8769,0,0.5269,0,0.8499,397.0053,0,1,0,0,-0.8499,0,0.5269,-1290.625,0,0,0,1
305.1079,397.2178,0,-1290.494,0.932925,0.932925,1.166396,331.0594,0.25,-1341.399,83.12566,0,0.5267,0,0.8501,397.2178,0,1,0,0,-0.8501,0,0.5267,-1290.494,0,0,0,1
305.1186,397.4304,0,-1290.362,0.932197,0.932197,1.166396,331.0594,0.25,-1341.399,83.37439,0,0.5265,0,0.8502,397.4304,0,1,0,0,-0.8502,0,0.5265,-1290.362,0,0,0,1
305.1286,397.6429,0,-1290.23,0.931469,0.931469,1.166396,331.0594,0.25,-1341.399,83.62312,0,0.5264,0,0.8503,397.6429,0,1,0,0,-0.8503,0,0.5264,-1290.23,0,0,0,1
305.1397,397.8555,0,-1290.099,0.930742,0.930742,1.166396,331.0594,0.25,-1341.399,83.87188,0,0.5262,0,0.8504,397.8555,0,1,0,0,-0.8504,0,0.5262,-1290.099,0,0,0,1
305.1508,398.2808,0,-1289.836,0.929486,0.929486,1.166396,331.0594,0.25,-1341.399,84.36938,0,0.5258,0,0.8506,398.2808,0,1,0,0,-0.8506,0,0.5258,-1289.836,0,0,0,1
305.1629,398.4935,0,-1289.704,0.928894,0.928894,1.166396,331.0594,0.25,-1341.399,84.61813,0,0.5257,0,0.8507,398.4935,0,1,0,0,-0.8507,0,0.5257,-1289.704,0,0,0,1
305.173,398.7062,0,-1289.573,0.928455,0.928455,1.184707,331.0594,0.25,-1341.399,84.86687,0,0.5255,0,0.8508,398.7062,0,1,0,0,-0.8508,0,0.5255,-1289.573,0,0,0,1
305.1842,398.9189,0,-1289.442,0.928015,0.928015,1.192031,331.0594,0.25,-1341.399,85.11565,0,0.5253,0,0.8509,398.9189,0,1,0,0,-0.8509,0,0.5253,-1289.442,0,0,0,1
305.1964,399.1317,0,-1289.311,0.927623,0.927623,1.232314,331.0594,0.25,-1341.399,85.36438,0,0.5251,0,0.851,399.1317,0,1,0,0,-0.851,0,0.5251,-1289.311,0,0,0,1
305.2075,399.3445,0,-1289.179,0.927319,0.927319,1.283584,331.0594,0.25,-1341.399,85.61314,0,0.5249,0,0.8511,399.3445,0,1,0,0,-0.8511,0,0.5249,-1289.179,0,0,0,1
305.2177,399.5573,0,-1289.048,0.927031,0.927031,1.327529,331.0594,0.25,-1341.399,85.86193,0,0.5247,0,0.8513,399.5573,0,1,0,0,-0.8513,0,0.5247,-1289.048,0,0,0,1
305.2296,399.7702,0,-1288.917,0.926879,0.926879,1.386123,331.0594,0.25,-1341.399,86.11068,0,0.5245,0,0.8514,399.7702,0,1,0,0,-0.8514,0,0.5245,-1288.917,0,0,0,1
305.2403,400.196,0,-1288.655,0.926607,0.926607,1.496,331.0594,0.25,-1341.399,86.60821,0,0.5241,0,0.8517,400.196,0,1,0,0,-0.8517,0,0.5241,-1288.655,0,0,0,1
305.2517,400.4089,0,-1288.524,0.926607,0.926607,1.576567,331.0594,0.25,-1341.399,86.85697,0,0.5239,0,0.8518,400.4089,0,1,0,0,-0.8518,0,0.5239,-1288.524,0,0,0,1
305.2631,400.6219,0,-1288.393,0.926623,0.926623,1.693754,331.0594,0.25,-1341.399,87.10567,0,0.5236,0,0.852,400.6219,0,1,0,0,-0.852,0,0.5236,-1288.393,0,0,0,1
305.2783,400.835,0,-1288.262,0.926759,0.926759,1.931791,331.0594,0.25,-1341.399,87.35448,0,0.5233,0,0.8521,400.835,0,1,0,0,-0.8521,0,0.5233,-1288.262,0,0,0,1
305.2888,401.048,0,-1288.131,0.927047,0.927047,2.129545,331.0594,0.25,-1341.399,87.60323,0,0.523,0,0.8523,401.048,0,1,0,0,-0.8523,0,0.523,-1288.131,0,0,0,1
305.2972,401.2612,0,-1288.001,0.927455,0.927455,2.338285,331.0594,0.25,-1341.399,87.85195,0,0.5226,0,0.8525,401.2612,0,1,0,0,-0.8525,0,0.5226,-1288.001,0,0,0,1
305.3075,401.4744,0,-1287.87,0.927879,0.927879,2.506757,331.0594,0.25,-1341.399,88.10073,0,0.5223,0,0.8528,401.4744,0,1,0,0,-0.8528,0,0.5223,-1287.87,0,0,0,1
305.3191,401.6876,0,-1287.74,0.928335,0.928335,2.726483,331.0594,0.25,-1341.399,88.34949,0,0.5219,0,0.853,401.6876,0,1,0,0,-0.853,0,0.5219,-1287.74,0,0,0,1
305.3298,401.9009,0,-1287.609,0.929046,0.929046,3.034101,331.0594,0.25,-1341.399,88.59823,0,0.5214,0,0.8533,401.9009,0,1,0,0,-0.8533,0,0.5214,-1287.609,0,0,0,1
305.3409,402.3278,0,-1287.349,0.930894,0.930894,3.349056,331.0594,0.25,-1341.399,89.09571,0,0.5204,0,0.8539,402.3278,0,1,0,0,-0.8539,0,0.5204,-1287.349,0,0,0,1
305.3521,402.5414,0,-1287.219,0.932029,0.932029,3.631039,331.0594,0.25,-1341.399,89.34444,0,0.5199,0,0.8542,402.5414,0,1,0,0,-0.8542,0,0.5199,-1287.219,0,0,0,1
305.3631,402.755,0,-1287.089,0.933453,0.933453,3.967953,331.0594,0.25,-1341.399,89.59312,0,0.5193,0,0.8546,402.755,0,1,0,0,-0.8546,0,0.5193,-1287.089,0,0,0,1
305.3744,402.9688,0,-1286.96,0.935148,0.935148,4.374461,331.0594,0.25,-1341.399,89.84174,0,0.5186,0,0.855,402.9688,0,1,0,0,-0.855,0,0.5186,-1286.96,0,0,0,1
305.3859,403.1826,0,-1286.83,0.936724,0.936724,4.601512,331.0594,0.25,-1341.399,90.0905,0,0.5179,0,0.8554,403.1826,0,1,0,0,-0.8554,0,0.5179,-1286.83,0,0,0,1
305.3967,403.3966,0,-1286.701,0.938619,0.938619,4.887156,331.0594,0.25,-1341.399,90.33914,0,0.5172,0,0.8559,403.3966,0,1,0,0,-0.8559,0,0.5172,-1286.701,0,0,0,1
305.4076,403.6107,0,-1286.572,0.940754,0.940754,5.216761,331.0594,0.25,-1341.399,90.58781,0,0.5164,0,0.8563,403.6107,0,1,0,0,-0.8563,0,0.5164,-1286.572,0,0,0,1
305.4187,403.8249,0,-1286.443,0.943193,0.943193,5.487757,331.0594,0.25,-1341.399,90.83644,0,0.5156,0,0.8568,403.8249,0,1,0,0,-0.8568,0,0.5156,-1286.443,0,0,0,1
305.4305,404.2537,0,-1286.186,0.948783,0.948783,5.799036,331.0594,0.25,-1341.399,91.3336,0,0.5139,0,0.8579,404.2537,0,1,0,0,-0.8579,0,0.5139,-1286.186,0,0,0,1
305.4411,404.4683,0,-1286.057,0.951934,0.951934,6.150613,331.0594,0.25,-1341.399,91.58221,0,0.513,0,0.8584,404.4683,0,1,0,0,-0.8584,0,0.513,-1286.057,0,0,0,1
305.4519,404.683,0,-1285.929,0.955357,0.955357,6.326394,331.0594,0.25,-1341.399,91.83079,0,0.512,0,0.859,404.683,0,1,0,0,-0.859,0,0.512,-1285.929,0,0,0,1
305.4631,404.898,0,-1285.802,0.958979,0.958979,6.593728,331.0594,0.25,-1341.399,92.07938,0,0.511,0,0.8596,404.898,0,1,0,0,-0.8596,0,0.511,-1285.802,0,0,0,1
305.4742,405.113,0,-1285.674,0.963114,0.963114,6.798806,331.0594,0.25,-1341.399,92.32784,0,0.51,0,0.8602,405.113,0,1,0,0,-0.8602,0,0.51,-1285.674,0,0,0,1
305.4857,405.3282,0,-1285.547,0.967432,0.967432,7.018533,331.0594,0.25,-1341.399,92.57629,0,0.5089,0,0.8608,405.3282,0,1,0,0,-0.8608,0,0.5089,-1285.547,0,0,0,1
305.4968,405.5436,0,-1285.42,0.972143,0.972143,7.190666,331.0594,0.25,-1341.399,92.82474,0,0.5079,0,0.8614,405.5436,0,1,0,0,-0.8614,0,0.5079,-1285.42,0,0,0,1
305.5089,405.7591,0,-1285.293,0.977141,0.977141,7.399406,331.0594,0.25,-1341.399,93.07317,0,0.5068,0,0.8621,405.7591,0,1,0,0,-0.8621,0,0.5068,-1285.293,0,0,0,1
305.519,405.9748,0,-1285.167,0.982459,0.982459,7.57885,331.0594,0.25,-1341.399,93.32153,0,0.5056,0,0.8628,405.9748,0,1,0,0,-0.8628,0,0.5056,-1285.167,0,0,0,1
305.5302,406.4067,0,-1284.915,0.994063,0.994063,7.813225,331.0594,0.25,-1341.399,93.81824,0,0.5033,0,0.8641,406.4067,0,1,0,0,-0.8641,0,0.5033,-1284.915,0,0,0,1
305.5414,406.6229,0,-1284.789,1.000396,1.000396,7.956047,331.0594,0.25,-1341.399,94.06656,0,0.5021,0,0.8648,406.6229,0,1,0,0,-0.8648,0,0.5021,-1284.789,0,0,0,1
305.553,406.8393,0,-1284.664,1.007106,1.007106,8.146491,331.0594,0.25,-1341.399,94.31483,0,0.5008,0,0.8655,406.8393,0,1,0,0,-0.8655,0,0.5008,-1284.664,0,0,0,1
305.5633,407.0558,0,-1284.539,1.014135,1.014135,8.406501,331.0594,0.25,-1341.399,94.56305,0,0.4996,0,0.8663,407.0558,0,1,0,0,-0.8663,0,0.4996,-1284.539,0,0,0,1
305.5746,407.2726,0,-1284.415,1.021589,1.021589,8.633552,331.0594,0.25,-1341.399,94.81125,0,0.4983,0,0.867,407.2726,0,1,0,0,-0.867,0,0.4983,-1284.415,0,0,0,1
305.5861,407.4896,0,-1284.291,1.02945,1.02945,8.963156,331.0594,0.25,-1341.399,95.05944,0,0.4969,0,0.8678,407.4896,0,1,0,0,-0.8678,0,0.4969,-1284.291,0,0,0,1
305.5967,407.7068,0,-1284.167,1.037631,1.037631,9.347677,331.0594,0.25,-1341.399,95.30759,0,0.4955,0,0.8686,407.7068,0,1,0,0,-0.8686,0,0.4955,-1284.167,0,0,0,1
305.6118,408.1417,0,-1283.92,1.05528,1.05528,9.845738,331.0594,0.25,-1341.399,95.80377,0,0.4925,0,0.8703,408.1417,0,1,0,0,-0.8703,0,0.4925,-1283.92,0,0,0,1
305.6229,408.3595,0,-1283.797,1.065021,1.065021,10.28519,331.0594,0.25,-1341.399,96.05166,0,0.4909,0,0.8712,408.3595,0,1,0,0,-0.8712,0,0.4909,-1283.797,0,0,0,1
305.6318,408.5775,0,-1283.675,1.074897,1.074897,10.66239,331.0594,0.25,-1341.399,96.29966,0,0.4893,0,0.8721,408.5775,0,1,0,0,-0.8721,0,0.4893,-1283.675,0,0,0,1
305.641,408.7958,0,-1283.553,1.085349,1.085349,11.02495,331.0594,0.25,-1341.399,96.54757,0,0.4876,0,0.8731,408.7958,0,1,0,0,-0.8731,0,0.4876,-1283.553,0,0,0,1
305.6512,409.0143,0,-1283.432,1.096377,1.096377,11.3106,331.0594,0.25,-1341.399,96.7954,0,0.4859,0,0.874,409.0143,0,1,0,0,-0.874,0,0.4859,-1283.432,0,0,0,1
305.6631,409.233,0,-1283.311,1.107845,1.107845,11.67315,331.0594,0.25,-1341.399,97.04312,0,0.4841,0,0.875,409.233,0,1,0,0,-0.875,0,0.4841,-1283.311,0,0,0,1
305.6734,409.4521,0,-1283.19,1.119889,1.119889,12.13459,331.0594,0.25,-1341.399,97.29091,0,0.4823,0,0.876,409.4521,0,1,0,0,-0.876,0,0.4823,-1283.19,0,0,0,1
305.6844,409.6713,0,-1283.07,1.132372,1.132372,12.51911,331.0594,0.25,-1341.399,97.53856,0,0.4804,0,0.8771,409.6713,0,1,0,0,-0.8771,0,0.4804,-1283.07,0,0,0,1
305.6959,409.8909,0,-1282.95,1.145432,1.145432,12.99153,331.0594,0.25,-1341.399,97.78618,0,0.4784,0,0.8782,409.8909,0,1,0,0,-0.8782,0,0.4784,-1282.95,0,0,0,1
305.7076,410.1107,0,-1282.831,1.159307,1.159307,13.54451,331.0594,0.25,-1341.399,98.03369,0,0.4763,0,0.8793,410.1107,0,1,0,0,-0.8793,0,0.4763,-1282.831,0,0,0,1
305.7178,410.3308,0,-1282.713,1.173517,1.173517,13.85947,331.0594,0.25,-1341.399,98.28112,0,0.4742,0,0.8804,410.3308,0,1,0,0,-0.8804,0,0.4742,-1282.713,0,0,0,1
305.7292,410.5512,0,-1282.595,1.188424,1.188424,14.26962,331.0594,0.25,-1341.399,98.52853,0,0.472,0,0.8816,410.5512,0,1,0,0,-0.8816,0,0.472,-1282.595,0,0,0,1
305.7409,410.9929,0,-1282.36,1.220236,1.220236,14.74205,331.0594,0.25,-1341.399,99.02301,0,0.4674,0,0.884,410.9929,0,1,0,0,-0.884,0,0.4674,-1282.36,0,0,0,1
305.7509,411.2142,0,-1282.244,1.237262,1.237262,15.22179,331.0594,0.25,-1341.399,99.2701,0,0.4651,0,0.8853,411.2142,0,1,0,0,-0.8853,0,0.4651,-1282.244,0,0,0,1
305.7622,411.4359,0,-1282.128,1.25476,1.25476,15.61731,331.0594,0.25,-1341.399,99.51719,0,0.4627,0,0.8865,411.4359,0,1,0,0,-0.8865,0,0.4627,-1282.128,0,0,0,1
305.7737,411.6578,0,-1282.013,1.273089,1.273089,16.16663,331.0594,0.25,-1341.399,99.7641,0,0.4602,0,0.8878,411.6578,0,1,0,0,-0.8878,0,0.4602,-1282.013,0,0,0,1
305.7852,411.8801,0,-1281.899,1.292026,1.292026,16.44862,331.0594,0.25,-1341.399,100.0109,0,0.4576,0,0.8892,411.8801,0,1,0,0,-0.8892,0,0.4576,-1281.899,0,0,0,1
305.7966,412.1028,0,-1281.785,1.311779,1.311779,16.86244,331.0594,0.25,-1341.399,100.2577,0,0.455,0,0.8905,412.1028,0,1,0,0,-0.8905,0,0.455,-1281.785,0,0,0,1
305.8065,412.3257,0,-1281.672,1.332276,1.332276,17.23964,331.0594,0.25,-1341.399,100.5043,0,0.4523,0,0.8919,412.3257,0,1,0,0,-0.8919,0,0.4523,-1281.672,0,0,0,1
305.8181,412.549,0,-1281.56,1.353484,1.353484,17.51065,331.0594,0.25,-1341.399,100.7508,0,0.4496,0,0.8932,412.549,0,1,0,0,-0.8932,0,0.4496,-1281.56,0,0,0,1
305.8288,412.7727,0,-1281.448,1.375436,1.375436,17.82193,331.0594,0.25,-1341.399,100.9973,0,0.4468,0,0.8946,412.7727,0,1,0,0,-0.8946,0,0.4468,-1281.448,0,0,0,1
305.8401,413.221,0,-1281.227,1.421835,1.421835,18.03067,331.0594,0.25,-1341.399,101.4898,0,0.4412,0,0.8974,413.221,0,1,0,0,-0.8974,0,0.4412,-1281.227,0,0,0,1
305.8509,413.4457,0,-1281.117,1.44621,1.44621,18.22476,331.0594,0.25,-1341.399,101.7358,0,0.4383,0,0.8988,413.4457,0,1,0,0,-0.8988,0,0.4383,-1281.117,0,0,0,1
305.8623,413.6708,0,-1281.008,1.471313,1.471313,18.32365,331.0594,0.25,-1341.399,101.9818,0,0.4354,0,0.9002,413.6708,0,1,0,0,-0.9002,0,0.4354,-1281.008,0,0,0,1
305.8734,413.8962,0,-1280.9,1.497248,1.497248,18.39323,331.0594,0.25,-1341.399,102.2276,0,0.4325,0,0.9016,413.8962,0,1,0,0,-0.9016,0,0.4325,-1280.9,0,0,0,1
305.8859,414.1219,0,-1280.793,1.52403,1.52403,18.39323,331.0594,0.25,-1341.399,102.4733,0,0.4296,0,0.903,414.1219,0,1,0,0,-0.903,0,0.4296,-1280.793,0,0,0,1
305.8954,414.3481,0,-1280.686,1.551556,1.551556,18.39323,331.0594,0.25,-1341.399,102.7188,0,0.4267,0,0.9044,414.3481,0,1,0,0,-0.9044,0,0.4267,-1280.686,0,0,0,1
305.9065,414.5745,0,-1280.58,1.579914,1.579914,18.37126,331.0594,0.25,-1341.399,102.9643,0,0.4238,0,0.9057,414.5745,0,1,0,0,-0.9057,0,0.4238,-1280.58,0,0,0,1
305.9175,414.8013,0,-1280.475,1.609135,1.609135,18.32365,331.0594,0.25,-1341.399,103.2096,0,0.4209,0,0.9071,414.8013,0,1,0,0,-0.9071,0,0.4209,-1280.475,0,0,0,1
305.9287,415.0284,0,-1280.37,1.639084,1.639084,18.29435,331.0594,0.25,-1341.399,103.4547,0,0.418,0,0.9084,415.0284,0,1,0,0,-0.9084,0,0.418,-1280.37,0,0,0,1
305.9441,415.4836,0,-1280.164,1.700574,1.700574,18.19912,331.0594,0.25,-1341.399,103.9446,0,0.4122,0,0.9111,415.4836,0,1,0,0,-0.9111,0,0.4122,-1280.164,0,0,0,1
305.9545,415.7117,0,-1280.061,1.730689,1.730689,18.10757,331.0594,0.25,-1341.399,104.1894,0,0.4094,0,0.9124,415.7117,0,1,0,0,-0.9124,0,0.4094,-1280.061,0,0,0,1
305.9625,415.9401,0,-1279.96,1.761757,1.761757,18.03433,331.0594,0.25,-1341.399,104.434,0,0.4065,0,0.9137,415.9401,0,1,0,0,-0.9137,0,0.4065,-1279.96,0,0,0,1
305.9734,416.1688,0,-1279.859,1.793383,1.793383,17.98306,331.0594,0.25,-1341.399,104.6785,0,0.4036,0,0.9149,416.1688,0,1,0,0,-0.9149,0,0.4036,-1279.859,0,0,0,1
305.9841,416.3979,0,-1279.759,1.824296,1.824296,17.89517,331.0594,0.25,-1341.399,104.9229,0,0.4008,0,0.9162,416.3979,0,1,0,0,-0.9162,0,0.4008,-1279.759,0,0,0,1
305.9955,416.6272,0,-1279.659,1.853268,1.853268,17.79629,331.0594,0.25,-1341.399,105.1671,0,0.3979,0,0.9174,416.6272,0,1,0,0,-0.9174,0,0.3979,-1279.659,0,0,0,1
306.0068,416.8569,0,-1279.56,1.883038,1.883038,17.67178,331.0594,0.25,-1341.399,105.4112,0,0.3951,0,0.9186,416.8569,0,1,0,0,-0.9186,0,0.3951,-1279.56,0,0,0,1
306.0177,417.0869,0,-1279.462,1.913485,1.913485,17.57656,331.0594,0.25,-1341.399,105.6551,0,0.3923,0,0.9199,417.0869,0,1,0,0,-0.9199,0,0.3923,-1279.462,0,0,0,1
306.0294,417.3171,0,-1279.365,1.942637,1.942637,17.45938,331.0594,0.25,-1341.399,105.8989,0,0.3895,0,0.921,417.3171,0,1,0,0,-0.921,0,0.3895,-1279.365,0,0,0,1
306.0407,417.7785,0,-1279.172,1.998818,1.998818,17.29457,331.0594,0.25,-1341.399,106.3861,0,0.3839,0,0.9234,417.7785,0,1,0,0,-0.9234,0,0.3839,-1279.172,0,0,0,1
306.0517,418.0096,0,-1279.077,2.027837,2.027837,17.21766,331.0594,0.25,-1341.399,106.6296,0,0.3811,0,0.9245,418.0096,0,1,0,0,-0.9245,0,0.3811,-1279.077,0,0,0,1
306.0627,418.241,0,-1278.982,2.05537,2.05537,17.12245,331.0594,0.25,-1341.399,106.8727,0,0.3784,0,0.9257,418.241,0,1,0,0,-0.9257,0,0.3784,-1278.982,0,0,0,1
306.074,418.4727,0,-1278.889,2.081728,2.081728,17.02724,331.0594,0.25,-1341.399,107.1158,0,0.3756,0,0.9268,418.4727,0,1,0,0,-0.9268,0,0.3756,-1278.889,0,0,0,1
306.0858,418.7047,0,-1278.795,2.108714,2.108714,16.97963,331.0594,0.25,-1341.399,107.3588,0,0.3729,0,0.9279,418.7047,0,1,0,0,-0.9279,0,0.3729,-1278.795,0,0,0,1
306.0962,418.937,0,-1278.703,2.136479,2.136479,16.97597,331.0594,0.25,-1341.399,107.6016,0,0.3701,0,0.929,418.937,0,1,0,0,-0.929,0,0.3701,-1278.703,0,0,0,1
306.1073,419.1695,0,-1278.611,2.162057,2.162057,16.97597,331.0594,0.25,-1341.399,107.8443,0,0.3673,0,0.9301,419.1695,0,1,0,0,-0.9301,0,0.3673,-1278.611,0,0,0,1
306.1189,419.4023,0,-1278.52,2.187036,2.187036,16.97963,331.0594,0.25,-1341.399,108.0868,0,0.3646,0,0.9312,419.4023,0,1,0,0,-0.9312,0,0.3646,-1278.52,0,0,0,1
306.1313,419.8687,0,-1278.34,2.239218,2.239218,16.99794,331.0594,0.25,-1341.399,108.5714,0,0.3591,0,0.9333,419.8687,0,1,0,0,-0.9333,0,0.3591,-1278.34,0,0,0,1
306.1408,420.1022,0,-1278.25,2.26282,2.26282,17.00526,331.0594,0.25,-1341.399,108.8135,0,0.3563,0,0.9344,420.1022,0,1,0,0,-0.9344,0,0.3563,-1278.25,0,0,0,1
306.1513,420.3361,0,-1278.162,2.286388,2.286388,17.02724,331.0594,0.25,-1341.399,109.0555,0,0.3535,0,0.9354,420.3361,0,1,0,0,-0.9354,0,0.3535,-1278.162,0,0,0,1
306.1633,420.5702,0,-1278.074,2.310815,2.310815,17.07118,331.0594,0.25,-1341.399,109.2972,0,0.3507,0,0.9365,420.5702,0,1,0,0,-0.9365,0,0.3507,-1278.074,0,0,0,1
306.1736,420.8046,0,-1277.987,2.335771,2.335771,17.12245,331.0594,0.25,-1341.399,109.5389,0,0.3479,0,0.9375,420.8046,0,1,0,0,-0.9375,0,0.3479,-1277.987,0,0,0,1
306.1846,421.0392,0,-1277.901,2.357465,2.357465,17.17372,331.0594,0.25,-1341.399,109.7804,0,0.3451,0,0.9386,421.0392,0,1,0,0,-0.9386,0,0.3451,-1277.901,0,0,0,1
306.1959,421.2741,0,-1277.816,2.379738,2.379738,17.28724,331.0594,0.25,-1341.399,110.0217,0,0.3423,0,0.9396,421.2741,0,1,0,0,-0.9396,0,0.3423,-1277.816,0,0,0,1
306.207,421.5093,0,-1277.731,2.402772,2.402772,17.4374,331.0594,0.25,-1341.399,110.2628,0,0.3394,0,0.9406,421.5093,0,1,0,0,-0.9406,0,0.3394,-1277.731,0,0,0,1
306.2179,421.7447,0,-1277.647,2.42596,2.42596,17.55459,331.0594,0.25,-1341.399,110.5038,0,0.3365,0,0.9417,421.7447,0,1,0,0,-0.9417,0,0.3365,-1277.647,0,0,0,1
306.229,421.9804,0,-1277.563,2.446346,2.446346,17.74136,331.0594,0.25,-1341.399,110.7446,0,0.3336,0,0.9427,421.9804,0,1,0,0,-0.9427,0,0.3336,-1277.563,0,0,0,1
306.2408,422.4525,0,-1277.399,2.489137,2.489137,17.88784,331.0594,0.25,-1341.399,111.2257,0,0.3277,0,0.9448,422.4525,0,1,0,0,-0.9448,0,0.3277,-1277.399,0,0,0,1
306.2512,422.689,0,-1277.318,2.510513,2.510513,18.06363,331.0594,0.25,-1341.399,111.466,0,0.3247,0,0.9458,422.689,0,1,0,0,-0.9458,0,0.3247,-1277.318,0,0,0,1
306.2631,422.9257,0,-1277.237,2.529668,2.529668,18.22476,331.0594,0.25,-1341.399,111.7062,0,0.3217,0,0.9468,422.9257,0,1,0,0,-0.9468,0,0.3217,-1277.237,0,0,0,1
306.278,423.1627,0,-1277.157,2.549334,2.549334,18.37492,331.0594,0.25,-1341.399,111.9462,0,0.3187,0,0.9479,423.1627,0,1,0,0,-0.9479,0,0.3187,-1277.157,0,0,0,1
306.2882,423.3999,0,-1277.078,2.57013,2.57013,18.59098,331.0594,0.25,-1341.399,112.1859,0,0.3156,0,0.9489,423.3999,0,1,0,0,-0.9489,0,0.3156,-1277.078,0,0,0,1
306.2962,423.6374,0,-1277,2.589676,2.589676,18.71183,331.0594,0.25,-1341.399,112.4255,0,0.3125,0,0.9499,423.6374,0,1,0,0,-0.9499,0,0.3125,-1277,0,0,0,1
306.3067,423.8751,0,-1276.923,2.607642,2.607642,18.79972,331.0594,0.25,-1341.399,112.6649,0,0.3094,0,0.9509,423.8751,0,1,0,0,-0.9509,0,0.3094,-1276.923,0,0,0,1
306.318,424.1131,0,-1276.846,2.626489,2.626489,18.8986,331.0594,0.25,-1341.399,112.9041,0,0.3063,0,0.9519,424.1131,0,1,0,0,-0.9519,0,0.3063,-1276.846,0,0,0,1
306.3289,424.3513,0,-1276.771,2.645956,2.645956,18.99748,331.0594,0.25,-1341.399,113.1431,0,0.3031,0,0.953,424.3513,0,1,0,0,-0.953,0,0.3031,-1276.771,0,0,0,1
306.3401,424.8286,0,-1276.621,2.680852,2.680852,19.0634,331.0594,0.25,-1341.399,113.6205,0,0.2967,0,0.955,424.8286,0,1,0,0,-0.955,0,0.2967,-1276.621,0,0,0,1
306.3513,425.0675,0,-1276.548,2.698648,2.698648,19.111,331.0594,0.25,-1341.399,113.8589,0,0.2936,0,0.9559,425.0675,0,1,0,0,-0.9559,0,0.2936,-1276.548,0,0,0,1
306.3621,425.3068,0,-1276.475,2.717165,2.717165,19.11467,331.0594,0.25,-1341.399,114.0971,0,0.2904,0,0.9569,425.3068,0,1,0,0,-0.9569,0,0.2904,-1276.475,0,0,0,1
306.3734,425.5462,0,-1276.404,2.733185,2.733185,19.11467,331.0594,0.25,-1341.399,114.3351,0,0.2872,0,0.9579,425.5462,0,1,0,0,-0.9579,0,0.2872,-1276.404,0,0,0,1
306.3845,425.7859,0,-1276.333,2.749194,2.749194,19.11467,331.0594,0.25,-1341.399,114.573,0,0.284,0,0.9588,425.7859,0,1,0,0,-0.9588,0,0.284,-1276.333,0,0,0,1
306.3964,426.0259,0,-1276.262,2.765954,2.765954,19.11467,331.0594,0.25,-1341.399,114.8106,0,0.2808,0,0.9598,426.0259,0,1,0,0,-0.9598,0,0.2808,-1276.262,0,0,0,1
306.4073,426.2661,0,-1276.193,2.78357,2.78357,19.11467,331.0594,0.25,-1341.399,115.0479,0,0.2776,0,0.9607,426.2661,0,1,0,0,-0.9607,0,0.2776,-1276.193,0,0,0,1
306.4176,426.5065,0,-1276.125,2.797837,2.797837,19.11467,331.0594,0.25,-1341.399,115.2851,0,0.2744,0,0.9616,426.5065,0,1,0,0,-0.9616,0,0.2744,-1276.125,0,0,0,1
306.4289,426.7471,0,-1276.057,2.812858,2.812858,19.11467,331.0594,0.25,-1341.399,115.522,0,0.2712,0,0.9625,426.7471,0,1,0,0,-0.9625,0,0.2712,-1276.057,0,0,0,1
306.44,426.9879,0,-1275.99,2.828588,2.828588,19.11467,331.0594,0.25,-1341.399,115.7588,0,0.2679,0,0.9634,426.9879,0,1,0,0,-0.9634,0,0.2679,-1275.99,0,0,0,1
306.4511,427.4703,0,-1275.858,2.857569,2.857569,19.11467,331.0594,0.25,-1341.399,116.2317,0,0.2615,0,0.9652,427.4703,0,1,0,0,-0.9652,0,0.2615,-1275.858,0,0,0,1
306.4622,427.7119,0,-1275.794,2.871575,2.871575,19.11467,331.0594,0.25,-1341.399,116.4678,0,0.2583,0,0.9661,427.7119,0,1,0,0,-0.9661,0,0.2583,-1275.794,0,0,0,1
306.4734,427.9536,0,-1275.73,2.886435,2.886435,19.11833,331.0594,0.25,-1341.399,116.7037,0,0.2551,0,0.9669,427.9536,0,1,0,0,-0.9669,0,0.2551,-1275.73,0,0,0,1
306.4843,428.1955,0,-1275.667,2.900409,2.900409,19.16227,331.0594,0.25,-1341.399,116.9394,0,0.2518,0,0.9678,428.1955,0,1,0,0,-0.9678,0,0.2518,-1275.667,0,0,0,1
306.4957,428.4377,0,-1275.605,2.912609,2.912609,19.2575,331.0594,0.25,-1341.399,117.1748,0,0.2486,0,0.9686,428.4377,0,1,0,0,-0.9686,0,0.2486,-1275.605,0,0,0,1
306.507,428.6801,0,-1275.543,2.925643,2.925643,19.40399,331.0594,0.25,-1341.399,117.41,0,0.2453,0,0.9694,428.6801,0,1,0,0,-0.9694,0,0.2453,-1275.543,0,0,0,1
306.518,428.9226,0,-1275.483,2.939384,2.939384,19.54681,331.0594,0.25,-1341.399,117.6451,0,0.242,0,0.9703,428.9226,0,1,0,0,-0.9703,0,0.242,-1275.483,0,0,0,1
306.5293,429.1654,0,-1275.423,2.951609,2.951609,19.78851,331.0594,0.25,-1341.399,117.8799,0,0.2386,0,0.9711,429.1654,0,1,0,0,-0.9711,0,0.2386,-1275.423,0,0,0,1
306.5412,429.6516,0,-1275.306,2.974896,2.974896,20.12542,331.0594,0.25,-1341.399,118.3488,0,0.2318,0,0.9728,429.6516,0,1,0,0,-0.9728,0,0.2318,-1275.306,0,0,0,1
306.5515,429.895,0,-1275.249,2.987927,2.987927,20.35981,331.0594,0.25,-1341.399,118.5828,0,0.2283,0,0.9736,429.895,0,1,0,0,-0.9736,0,0.2283,-1275.249,0,0,0,1
306.5624,430.1386,0,-1275.193,2.998625,2.998625,20.65278,331.0594,0.25,-1341.399,118.8166,0,0.2248,0,0.9744,430.1386,0,1,0,0,-0.9744,0,0.2248,-1275.193,0,0,0,1
306.5736,430.3824,0,-1275.138,3.009158,3.009158,21.05561,331.0594,0.25,-1341.399,119.0501,0,0.2213,0,0.9752,430.3824,0,1,0,0,-0.9752,0,0.2213,-1275.138,0,0,0,1
306.5847,430.6264,0,-1275.083,3.020524,3.020524,21.41451,331.0594,0.25,-1341.399,119.2834,0,0.2176,0,0.976,430.6264,0,1,0,0,-0.976,0,0.2176,-1275.083,0,0,0,1
306.5958,430.8706,0,-1275.03,3.032839,3.032839,21.82467,331.0594,0.25,-1341.399,119.5163,0,0.2139,0,0.9769,430.8706,0,1,0,0,-0.9769,0,0.2139,-1275.03,0,0,0,1
306.6104,431.3596,0,-1274.926,3.052165,3.052165,22.39597,331.0594,0.25,-1341.399,119.9814,0,0.2062,0,0.9785,431.3596,0,1,0,0,-0.9785,0,0.2062,-1274.926,0,0,0,1
306.6209,431.6045,0,-1274.875,3.063213,3.063213,22.74021,331.0594,0.25,-1341.399,120.2135,0,0.2024,0,0.9793,431.6045,0,1,0,0,-0.9793,0,0.2024,-1274.875,0,0,0,1
306.6295,431.6045,0,-1274.875,3.063213,3.063213,22.74021,331.0594,0.25,-1341.399,120.2135,0,0.2024,0,0.9793,431.6045,0,1,0,0,-0.9793,0,0.2024,-1274.875,0,0,0,1
306.6411,432.0947,0,-1274.777,3.083153,3.083153,23.34081,331.0594,0.25,-1341.399,120.6768,0,0.1944,0,0.9809,432.0947,0,1,0,0,-0.9809,0,0.1944,-1274.777,0,0,0,1
306.6514,432.3401,0,-1274.729,3.092701,3.092701,23.74364,331.0594,0.25,-1341.399,120.908,0,0.1903,0,0.9817,432.3401,0,1,0,0,-0.9817,0,0.1903,-1274.729,0,0,0,1
306.6631,432.5858,0,-1274.683,3.103566,3.103566,24.05494,331.0594,0.25,-1341.399,121.1388,0,0.1862,0,0.9825,432.5858,0,1,0,0,-0.9825,0,0.1862,-1274.683,0,0,0,1
306.6747,432.8316,0,-1274.638,3.11379,3.11379,24.41749,331.0594,0.25,-1341.399,121.3694,0,0.182,0,0.9833,432.8316,0,1,0,0,-0.9833,0,0.182,-1274.638,0,0,0,1
306.6851,433.0777,0,-1274.593,3.122462,3.122462,24.76172,331.0594,0.25,-1341.399,121.5995,0,0.1777,0,0.9841,433.0777,0,1,0,0,-0.9841,0,0.1777,-1274.593,0,0,0,1
306.6964,433.3239,0,-1274.55,3.132088,3.132088,25.04006,331.0594,0.25,-1341.399,121.8293,0,0.1734,0,0.9848,433.3239,0,1,0,0,-0.9848,0,0.1734,-1274.55,0,0,0,1
306.7076,433.5703,0,-1274.508,3.142894,3.142894,25.35866,331.0594,0.25,-1341.399,122.0588,0,0.1691,0,0.9856,433.5703,0,1,0,0,-0.9856,0,0.1691,-1274.508,0,0,0,1
306.7188,433.8169,0,-1274.466,3.152159,3.152159,25.50148,331.0594,0.25,-1341.399,122.288,0,0.1647,0,0.9863,433.8169,0,1,0,0,-0.9863,0,0.1647,-1274.466,0,0,0,1
306.7298,434.0636,0,-1274.426,3.16104,3.16104,25.71755,331.0594,0.25,-1341.399,122.5166,0,0.1603,0,0.9871,434.0636,0,1,0,0,-0.9871,0,0.1603,-1274.426,0,0,0,1
306.7409,434.5577,0,-1274.35,3.181622,3.181622,25.8787,331.0594,0.25,-1341.399,122.973,0,0.1513,0,0.9885,434.5577,0,1,0,0,-0.9885,0,0.1513,-1274.35,0,0,0,1
306.7521,434.805,0,-1274.313,3.19022,3.19022,25.9556,331.0594,0.25,-1341.399,123.2006,0,0.1469,0,0.9892,434.805,0,1,0,0,-0.9892,0,0.1469,-1274.313,0,0,0,1
306.7631,435.0524,0,-1274.277,3.19906,3.19906,25.98124,331.0594,0.25,-1341.399,123.4279,0,0.1424,0,0.9898,435.0524,0,1,0,0,-0.9898,0,0.1424,-1274.277,0,0,0,1
306.7743,435.3001,0,-1274.243,3.209085,3.209085,25.98124,331.0594,0.25,-1341.399,123.6547,0,0.1379,0,0.9904,435.3001,0,1,0,0,-0.9904,0,0.1379,-1274.243,0,0,0,1
306.7859,435.5479,0,-1274.209,3.220133,3.220133,25.97757,331.0594,0.25,-1341.399,123.8812,0,0.1334,0,0.9911,435.5479,0,1,0,0,-0.9911,0,0.1334,-1274.209,0,0,0,1
306.7965,435.7958,0,-1274.177,3.228127,3.228127,25.9556,331.0594,0.25,-1341.399,124.1072,0,0.1289,0,0.9917,435.7958,0,1,0,0,-0.9917,0,0.1289,-1274.177,0,0,0,1
306.8075,436.0438,0,-1274.146,3.237179,3.237179,25.9263,331.0594,0.25,-1341.399,124.3329,0,0.1244,0,0.9922,436.0438,0,1,0,0,-0.9922,0,0.1244,-1274.146,0,0,0,1
306.8188,436.292,0,-1274.116,3.247279,3.247279,25.88602,331.0594,0.25,-1341.399,124.5582,0,0.1199,0,0.9928,436.292,0,1,0,0,-0.9928,0,0.1199,-1274.116,0,0,0,1
306.8298,436.5403,0,-1274.087,3.257474,3.257474,25.83475,331.0594,0.25,-1341.399,124.7831,0,0.1155,0,0.9933,436.5403,0,1,0,0,-0.9933,0,0.1155,-1274.087,0,0,0,1
306.8409,437.0374,0,-1274.033,3.27494,3.27494,25.78348,331.0594,0.25,-1341.399,125.2316,0,0.1065,0,0.9943,437.0374,0,1,0,0,-0.9943,0,0.1065,-1274.033,0,0,0,1
306.852,437.286,0,-1274.007,3.285249,3.285249,25.73586,331.0594,0.25,-1341.399,125.4553,0,0.102,0,0.9948,437.286,0,1,0,0,-0.9948,0,0.102,-1274.007,0,0,0,1
306.8633,437.5349,0,-1273.983,3.294618,3.294618,25.66994,331.0594,0.25,-1341.399,125.6786,0,0.0976,0,0.9952,437.5349,0,1,0,0,-0.9952,0,0.0976,-1273.983,0,0,0,1
306.8743,437.7838,0,-1273.96,3.302918,3.302918,25.61501,331.0594,0.25,-1341.399,125.9014,0,0.0931,0,0.9957,437.7838,0,1,0,0,-0.9957,0,0.0931,-1273.96,0,0,0,1
306.8852,438.0328,0,-1273.938,3.312262,3.312262,25.5674,331.0594,0.25,-1341.399,126.1239,0,0.0887,0,0.9961,438.0328,0,1,0,0,-0.9961,0,0.0887,-1273.938,0,0,0,1
306.8965,438.2819,0,-1273.916,3.322652,3.322652,25.49782,331.0594,0.25,-1341.399,126.346,0,0.0843,0,0.9964,438.2819,0,1,0,0,-0.9964,0,0.0843,-1273.916,0,0,0,1
306.9082,438.5311,0,-1273.896,3.331237,3.331237,25.42824,331.0594,0.25,-1341.399,126.5677,0,0.0798,0,0.9968,438.5311,0,1,0,0,-0.9968,0,0.0798,-1273.896,0,0,0,1
306.9184,438.7804,0,-1273.878,3.339627,3.339627,25.34768,331.0594,0.25,-1341.399,126.7889,0,0.0754,0,0.9972,438.7804,0,1,0,0,-0.9972,0,0.0754,-1273.878,0,0,0,1
306.933,439.2792,0,-1273.843,3.359663,3.359663,25.2781,331.0594,0.25,-1341.399,127.2301,0,0.0666,0,0.9978,439.2792,0,1,0,0,-0.9978,0,0.0666,-1273.843,0,0,0,1
306.9438,439.5287,0,-1273.828,3.367365,3.367365,25.18288,331.0594,0.25,-1341.399,127.4501,0,0.0622,0,0.9981,439.5287,0,1,0,0,-0.9981,0,0.0622,-1273.828,0,0,0,1
306.9516,439.7783,0,-1273.813,3.375851,3.375851,25.09499,331.0594,0.25,-1341.399,127.6698,0,0.0579,0,0.9983,439.7783,0,1,0,0,-0.9983,0,0.0579,-1273.813,0,0,0,1
306.9636,440.0279,0,-1273.8,3.385254,3.385254,25.04372,331.0594,0.25,-1341.399,127.889,0,0.0535,0,0.9986,440.0279,0,1,0,0,-0.9986,0,0.0535,-1273.8,0,0,0,1
306.974,440.2776,0,-1273.788,3.395008,3.395008,24.97414,331.0594,0.25,-1341.399,128.1078,0,0.0491,0,0.9988,440.2776,0,1,0,0,-0.9988,0,0.0491,-1273.788,0,0,0,1
306.9854,440.5274,0,-1273.776,3.40243,3.40243,24.87526,331.0594,0.25,-1341.399,128.3262,0,0.0448,0,0.999,440.5274,0,1,0,0,-0.999,0,0.0448,-1273.776,0,0,0,1
306.9962,440.7772,0,-1273.766,3.410889,3.410889,24.79835,331.0594,0.25,-1341.399,128.5442,0,0.0405,0,0.9992,440.7772,0,1,0,0,-0.9992,0,0.0405,-1273.766,0,0,0,1
307.0073,441.027,0,-1273.757,3.420386,3.420386,24.68848,331.0594,0.25,-1341.399,128.7618,0,0.0362,0,0.9993,441.027,0,1,0,0,-0.9993,0,0.0362,-1273.757,0,0,0,1
307.0185,441.2769,0,-1273.749,3.429312,3.429312,24.60792,331.0594,0.25,-1341.399,128.9789,0,0.0319,0,0.9995,441.2769,0,1,0,0,-0.9995,0,0.0319,-1273.749,0,0,0,1
307.0298,441.5268,0,-1273.742,3.436588,3.436588,24.53101,331.0594,0.25,-1341.399,129.1957,0,0.0276,0,0.9996,441.5268,0,1,0,0,-0.9996,0,0.0276,-1273.742,0,0,0,1
307.0408,442.0267,0,-1273.732,3.454371,3.454371,24.43946,331.0594,0.25,-1341.399,129.6279,0,0.0191,0,0.9998,442.0267,0,1,0,0,-0.9998,0,0.0191,-1273.732,0,0,0,1
307.052,442.2767,0,-1273.728,3.462255,3.462255,24.37354,331.0594,0.25,-1341.399,129.8434,0,0.0148,0,0.9999,442.2767,0,1,0,0,-0.9999,0,0.0148,-1273.728,0,0,0,1
307.0634,442.5267,0,-1273.725,3.469389,3.469389,24.3003,331.0594,0.25,-1341.399,130.0585,0,0.0106,0,0.9999,442.5267,0,1,0,0,-0.9999,0,0.0106,-1273.725,0,0,0,1
307.0742,442.7767,0,-1273.724,3.477679,3.477679,24.23072,331.0594,0.25,-1341.399,130.2732,0,0.0064,0,1,442.7767,0,1,0,0,-1,0,0.0064,-1273.724,0,0,0,1
307.0854,443.0267,0,-1273.723,3.487004,3.487004,24.15748,331.0594,0.25,-1341.399,130.4874,0,0.0021,0,1,443.0267,0,1,0,0,-1,0,0.0021,-1273.723,0,0,0,1
307.0965,443.2767,0,-1273.724,3.493628,3.493628,24.10621,331.0594,0.25,-1341.399,130.7013,0,-0.0021,0,1,443.2767,0,1,0,0,-1,0,-0.0021,-1273.724,0,0,0,1
307.1076,443.5267,0,-1273.725,3.500864,3.500864,24.03296,331.0594,0.25,-1341.399,130.9147,0,-0.0063,0,1,443.5267,0,1,0,0,-1,0,-0.0063,-1273.725,0,0,0,1
307.1186,443.7767,0,-1273.728,3.50889,3.50889,24.00733,331.0594,0.25,-1341.399,131.1277,0,-0.0105,0,0.9999,443.7767,0,1,0,0,-0.9999,0,-0.0105,-1273.728,0,0,0,1
307.1303,444.2766,0,-1273.736,3.523582,3.523582,23.95606,331.0594,0.25,-1341.399,131.5524,0,-0.0188,0,0.9998,444.2766,0,1,0,0,-0.9998,0,-0.0188,-1273.736,0,0,0,1
307.1411,444.5266,0,-1273.742,3.530558,3.530558,23.91944,331.0594,0.25,-1341.399,131.7642,0,-0.023,0,0.9997,444.5266,0,1,0,0,-0.9997,0,-0.023,-1273.742,0,0,0,1
307.1521,444.7765,0,-1273.749,3.538565,3.538565,23.89013,331.0594,0.25,-1341.399,131.9755,0,-0.0272,0,0.9996,444.7765,0,1,0,0,-0.9996,0,-0.0272,-1273.749,0,0,0,1
307.1639,445.0263,0,-1273.757,3.545976,3.545976,23.86083,331.0594,0.25,-1341.399,132.1864,0,-0.0313,0,0.9995,445.0263,0,1,0,0,-0.9995,0,-0.0313,-1273.757,0,0,0,1
307.1745,445.2762,0,-1273.766,3.551903,3.551903,23.82421,331.0594,0.25,-1341.399,132.3969,0,-0.0355,0,0.9994,445.2762,0,1,0,0,-0.9994,0,-0.0355,-1273.766,0,0,0,1
307.186,445.526,0,-1273.776,3.55874,3.55874,23.80224,331.0594,0.25,-1341.399,132.6069,0,-0.0396,0,0.9992,445.526,0,1,0,0,-0.9992,0,-0.0396,-1273.776,0,0,0,1
307.1965,445.7758,0,-1273.786,3.566488,3.566488,23.79125,331.0594,0.25,-1341.399,132.8166,0,-0.0438,0,0.999,445.7758,0,1,0,0,-0.999,0,-0.0438,-1273.786,0,0,0,1
307.2075,446.0255,0,-1273.798,3.572702,3.572702,23.77294,331.0594,0.25,-1341.399,133.0258,0,-0.0479,0,0.9989,446.0255,0,1,0,0,-0.9989,0,-0.0479,-1273.798,0,0,0,1
307.2184,446.2751,0,-1273.812,3.578371,3.578371,23.75097,331.0594,0.25,-1341.399,133.2345,0,-0.0521,0,0.9986,446.2751,0,1,0,0,-0.9986,0,-0.0521,-1273.812,0,0,0,1
307.2296,446.5247,0,-1273.826,3.584949,3.584949,23.72533,331.0594,0.25,-1341.399,133.4429,0,-0.0562,0,0.9984,446.5247,0,1,0,0,-0.9984,0,-0.0562,-1273.826,0,0,0,1
307.2407,447.0238,0,-1273.857,3.597472,3.597472,23.69604,331.0594,0.25,-1341.399,133.8583,0,-0.0645,0,0.9979,447.0238,0,1,0,0,-0.9979,0,-0.0645,-1273.857,0,0,0,1
307.2524,447.2732,0,-1273.874,3.602883,3.602883,23.65575,331.0594,0.25,-1341.399,134.0654,0,-0.0686,0,0.9976,447.2732,0,1,0,0,-0.9976,0,-0.0686,-1273.874,0,0,0,1
307.263,447.5225,0,-1273.892,3.609206,3.609206,23.6228,331.0594,0.25,-1341.399,134.272,0,-0.0727,0,0.9974,447.5225,0,1,0,0,-0.9974,0,-0.0727,-1273.892,0,0,0,1
307.2779,447.7718,0,-1273.911,3.61618,3.61618,23.57885,331.0594,0.25,-1341.399,134.4782,0,-0.0768,0,0.997,447.7718,0,1,0,0,-0.997,0,-0.0768,-1273.911,0,0,0,1
307.2883,448.021,0,-1273.931,3.620302,3.620302,23.55322,331.0594,0.25,-1341.399,134.684,0,-0.0809,0,0.9967,448.021,0,1,0,0,-0.9967,0,-0.0809,-1273.931,0,0,0,1
307.2964,448.2701,0,-1273.953,3.62558,3.62558,23.53124,331.0594,0.25,-1341.399,134.8893,0,-0.085,0,0.9964,448.2701,0,1,0,0,-0.9964,0,-0.085,-1273.953,0,0,0,1
307.3074,448.519,0,-1273.975,3.631647,3.631647,23.52758,331.0594,0.25,-1341.399,135.0942,0,-0.0891,0,0.996,448.519,0,1,0,0,-0.996,0,-0.0891,-1273.975,0,0,0,1
307.3184,448.7679,0,-1273.998,3.637224,3.637224,23.52392,331.0594,0.25,-1341.399,135.2986,0,-0.0932,0,0.9957,448.7679,0,1,0,0,-0.9957,0,-0.0932,-1273.998,0,0,0,1
307.3296,449.0168,0,-1274.023,3.641212,3.641212,23.52392,331.0594,0.25,-1341.399,135.5026,0,-0.0972,0,0.9953,449.0168,0,1,0,0,-0.9953,0,-0.0972,-1274.023,0,0,0,1
307.3407,449.514,0,-1274.074,3.652049,3.652049,23.52392,331.0594,0.25,-1341.399,135.9093,0,-0.1054,0,0.9944,449.514,0,1,0,0,-0.9944,0,-0.1054,-1274.074,0,0,0,1
307.3517,449.7626,0,-1274.102,3.656473,3.656473,23.52392,331.0594,0.25,-1341.399,136.112,0,-0.1095,0,0.994,449.7626,0,1,0,0,-0.994,0,-0.1095,-1274.102,0,0,0,1
307.363,450.011,0,-1274.13,3.660085,3.660085,23.52392,331.0594,0.25,-1341.399,136.3143,0,-0.1136,0,0.9935,450.011,0,1,0,0,-0.9935,0,-0.1136,-1274.13,0,0,0,1
307.3741,450.2592,0,-1274.16,3.66473,3.66473,23.52392,331.0594,0.25,-1341.399,136.5161,0,-0.1177,0,0.9931,450.2592,0,1,0,0,-0.9931,0,-0.1177,-1274.16,0,0,0,1
307.3851,450.5074,0,-1274.19,3.670411,3.670411,23.52392,331.0594,0.25,-1341.399,136.7174,0,-0.1217,0,0.9926,450.5074,0,1,0,0,-0.9926,0,-0.1217,-1274.19,0,0,0,1
307.3962,450.7554,0,-1274.221,3.673451,3.673451,23.52392,331.0594,0.25,-1341.399,136.9183,0,-0.1258,0,0.9921,450.7554,0,1,0,0,-0.9921,0,-0.1258,-1274.221,0,0,0,1
307.4073,451.0033,0,-1274.254,3.676927,3.676927,23.52392,331.0594,0.25,-1341.399,137.1188,0,-0.1299,0,0.9915,451.0033,0,1,0,0,-0.9915,0,-0.1299,-1274.254,0,0,0,1
307.4185,451.251,0,-1274.287,3.681314,3.681314,23.52392,331.0594,0.25,-1341.399,137.3188,0,-0.1339,0,0.991,451.251,0,1,0,0,-0.991,0,-0.1339,-1274.287,0,0,0,1
307.4296,451.4986,0,-1274.322,3.686215,3.686215,23.52392,331.0594,0.25,-1341.399,137.5183,0,-0.138,0,0.9904,451.4986,0,1,0,0,-0.9904,0,-0.138,-1274.322,0,0,0,1
307.4407,451.9934,0,-1274.394,3.691736,3.691736,23.52392,331.0594,0.25,-1341.399,137.9161,0,-0.1461,0,0.9893,451.9934,0,1,0,0,-0.9893,0,-0.1461,-1274.394,0,0,0,1
307.4517,452.2406,0,-1274.432,3.695875,3.695875,23.50927,331.0594,0.25,-1341.399,138.1143,0,-0.1502,0,0.9887,452.2406,0,1,0,0,-0.9887,0,-0.1502,-1274.432,0,0,0,1
307.4628,452.4875,0,-1274.47,3.699502,3.699502,23.50927,331.0594,0.25,-1341.399,138.312,0,-0.1543,0,0.988,452.4875,0,1,0,0,-0.988,0,-0.1543,-1274.47,0,0,0,1
307.474,452.7344,0,-1274.51,3.701424,3.701424,23.50927,331.0594,0.25,-1341.399,138.5093,0,-0.1583,0,0.9874,452.7344,0,1,0,0,-0.9874,0,-0.1583,-1274.51,0,0,0,1
307.4851,452.9811,0,-1274.55,3.704509,3.704509,23.50561,331.0594,0.25,-1341.399,138.7061,0,-0.1624,0,0.9867,452.9811,0,1,0,0,-0.9867,0,-0.1624,-1274.55,0,0,0,1
307.4961,453.2276,0,-1274.592,3.708393,3.708393,23.50195,331.0594,0.25,-1341.399,138.9024,0,-0.1664,0,0.9861,453.2276,0,1,0,0,-0.9861,0,-0.1664,-1274.592,0,0,0,1
307.5074,453.474,0,-1274.635,3.71064,3.71064,23.47631,331.0594,0.25,-1341.399,139.0983,0,-0.1704,0,0.9854,453.474,0,1,0,0,-0.9854,0,-0.1704,-1274.635,0,0,0,1
307.519,453.7201,0,-1274.678,3.712423,3.712423,23.45068,331.0594,0.25,-1341.399,139.2938,0,-0.1745,0,0.9847,453.7201,0,1,0,0,-0.9847,0,-0.1745,-1274.678,0,0,0,1
