time,pos_x,pos_y,pos_z,distFromRoadCenter,signedDistFromRoadCenter,wheelAngle,obstacle_pos_x,obstacle_pos_y,obstacle_pos_z,distance_to_obstacle,brake_position,simplecar_4x4_R0C0,simplecar_4x4_R0C1,simplecar_4x4_R0C2,simplecar_4x4_R0C3,simplecar_4x4_R1C0,simplecar_4x4_R1C1,simplecar_4x4_R1C2,simplecar_4x4_R1C3,simplecar_4x4_R2C0,simplecar_4x4_R2C1,simplecar_4x4_R2C2,simplecar_4x4_R2C3,simplecar_4x4_R3C0,simplecar_4x4_R3C1,simplecar_4x4_R3C2,simplecar_4x4_R3C3
184.2353,-155.4906,0,-980.8345,2.426481,2.426481,-1.290915,-32.28038,0.25,-826.8574,196.8533,0,-0.9968,0,-0.0805,-155.4906,0,1,0,0,0.0805,0,-0.9968,-980.8345,0,0,0,1
184.2467,-155.5107,0,-981.0837,2.427415,2.427415,-0.928359,-32.28038,0.25,-826.8574,197.0605,0,-0.9968,0,-0.0804,-155.5107,0,1,0,0,0.0804,0,-0.9968,-981.0837,0,0,0,1
184.2576,-155.5307,0,-981.3329,2.428319,2.428319,-0.730605,-32.28038,0.25,-826.8574,197.2678,0,-0.9968,0,-0.0802,-155.5307,0,1,0,0,0.0802,0,-0.9968,-981.3329,0,0,0,1
184.2699,-155.5508,0,-981.5821,2.429191,2.429191,-0.419319,-32.28038,0.25,-826.8574,197.4752,0,-0.9968,0,-0.0802,-155.5508,0,1,0,0,0.0802,0,-0.9968,-981.5821,0,0,0,1
184.2802,-155.5908,0,-982.0804,2.430919,2.430919,-0.108032,-32.28038,0.25,-826.8574,197.8902,0,-0.9968,0,-0.0801,-155.5908,0,1,0,0,0.0801,0,-0.9968,-982.0804,0,0,0,1
184.2915,-155.6109,0,-982.3297,2.431807,2.431807,0.140991,-32.28038,0.25,-826.8574,198.0979,0,-0.9968,0,-0.0802,-155.6109,0,1,0,0,0.0802,0,-0.9968,-982.3297,0,0,0,1
184.303,-155.6309,0,-982.5789,2.432698,2.432698,0.444946,-32.28038,0.25,-826.8574,198.3057,0,-0.9968,0,-0.0802,-155.6309,0,1,0,0,0.0802,0,-0.9968,-982.5789,0,0,0,1
184.3156,-155.651,0,-982.8281,2.433616,2.433616,0.609756,-32.28038,0.25,-826.8574,198.5136,0,-0.9968,0,-0.0803,-155.651,0,1,0,0,0.0803,0,-0.9968,-982.8281,0,0,0,1
184.3256,-155.6711,0,-983.0773,2.434594,2.434594,0.87709,-32.28038,0.25,-826.8574,198.7216,0,-0.9968,0,-0.0805,-155.6711,0,1,0,0,0.0805,0,-0.9968,-983.0773,0,0,0,1
184.337,-155.6913,0,-983.3265,2.435588,2.435588,1.067519,-32.28038,0.25,-826.8574,198.9297,0,-0.9967,0,-0.0807,-155.6913,0,1,0,0,0.0807,0,-0.9967,-983.3265,0,0,0,1
184.3485,-155.7115,0,-983.5757,2.436642,2.436642,1.235976,-32.28038,0.25,-826.8574,199.138,0,-0.9967,0,-0.0809,-155.7115,0,1,0,0,0.0809,0,-0.9967,-983.5757,0,0,0,1
184.3635,-155.7521,0,-984.0741,2.438938,2.438938,1.422758,-32.28038,0.25,-826.8574,199.5549,0,-0.9967,0,-0.0814,-155.7521,0,1,0,0,0.0814,0,-0.9967,-984.0741,0,0,0,1
184.3749,-155.7726,0,-984.3232,2.440206,2.440206,1.642485,-32.28038,0.25,-826.8574,199.7635,0,-0.9967,0,-0.0817,-155.7726,0,1,0,0,0.0817,0,-0.9967,-984.3232,0,0,0,1
184.3823,-155.793,0,-984.5723,2.441539,2.441539,1.715727,-32.28038,0.25,-826.8574,199.9722,0,-0.9966,0,-0.082,-155.793,0,1,0,0,0.082,0,-0.9966,-984.5723,0,0,0,1
184.3911,-155.8136,0,-984.8215,2.442948,2.442948,1.785307,-32.28038,0.25,-826.8574,200.1812,0,-0.9966,0,-0.0823,-155.8136,0,1,0,0,0.0823,0,-0.9966,-984.8215,0,0,0,1
184.4019,-155.8343,0,-985.0706,2.444433,2.444433,1.836576,-32.28038,0.25,-826.8574,200.3902,0,-0.9966,0,-0.0826,-155.8343,0,1,0,0,0.0826,0,-0.9966,-985.0706,0,0,0,1
184.4132,-155.855,0,-985.3198,2.446024,2.446024,1.909819,-32.28038,0.25,-826.8574,200.5995,0,-0.9966,0,-0.0829,-155.855,0,1,0,0,0.0829,0,-0.9966,-985.3198,0,0,0,1
184.4243,-155.8758,0,-985.569,2.447677,2.447677,1.939116,-32.28038,0.25,-826.8574,200.8088,0,-0.9965,0,-0.0833,-155.8758,0,1,0,0,0.0833,0,-0.9965,-985.569,0,0,0,1
184.4356,-155.8967,0,-985.8181,2.449421,2.449421,1.957426,-32.28038,0.25,-826.8574,201.0182,0,-0.9965,0,-0.0836,-155.8967,0,1,0,0,0.0836,0,-0.9965,-985.8181,0,0,0,1
184.447,-155.9177,0,-986.0672,2.451245,2.451245,1.957426,-32.28038,0.25,-826.8574,201.2279,0,-0.9965,0,-0.0839,-155.9177,0,1,0,0,0.0839,0,-0.9965,-986.0672,0,0,0,1
184.4576,-155.9388,0,-986.3163,2.453156,2.453156,1.957426,-32.28038,0.25,-826.8574,201.4376,0,-0.9964,0,-0.0843,-155.9388,0,1,0,0,0.0843,0,-0.9964,-986.3163,0,0,0,1
184.4688,-155.9599,0,-986.5654,2.455163,2.455163,1.957426,-32.28038,0.25,-826.8574,201.6475,0,-0.9964,0,-0.0846,-155.9599,0,1,0,0,0.0846,0,-0.9964,-986.5654,0,0,0,1
184.4798,-155.9812,0,-986.8145,2.457242,2.457242,1.950102,-32.28038,0.25,-826.8574,201.8575,0,-0.9964,0,-0.085,-155.9812,0,1,0,0,0.085,0,-0.9964,-986.8145,0,0,0,1
184.4908,-156.0239,0,-987.3126,2.461667,2.461667,1.935453,-32.28038,0.25,-826.8574,202.278,0,-0.9963,0,-0.0856,-156.0239,0,1,0,0,0.0856,0,-0.9963,-987.3126,0,0,0,1
184.502,-156.0454,0,-987.5617,2.464024,2.464024,1.931791,-32.28038,0.25,-826.8574,202.4884,0,-0.9963,0,-0.086,-156.0454,0,1,0,0,0.086,0,-0.9963,-987.5617,0,0,0,1
184.5138,-156.067,0,-987.8109,2.466441,2.466441,1.913481,-32.28038,0.25,-826.8574,202.6991,0,-0.9963,0,-0.0863,-156.067,0,1,0,0,0.0863,0,-0.9963,-987.8109,0,0,0,1
184.524,-156.0887,0,-988.0599,2.468951,2.468951,1.906157,-32.28038,0.25,-826.8574,202.9098,0,-0.9962,0,-0.0866,-156.0887,0,1,0,0,0.0866,0,-0.9962,-988.0599,0,0,0,1
184.5392,-156.1104,0,-988.3089,2.471536,2.471536,1.906157,-32.28038,0.25,-826.8574,203.1205,0,-0.9962,0,-0.087,-156.1104,0,1,0,0,0.087,0,-0.9962,-988.3089,0,0,0,1
184.5496,-156.1322,0,-988.5579,2.474212,2.474212,1.891508,-32.28038,0.25,-826.8574,203.3315,0,-0.9962,0,-0.0873,-156.1322,0,1,0,0,0.0873,0,-0.9962,-988.5579,0,0,0,1
184.558,-156.1541,0,-988.8069,2.476969,2.476969,1.887846,-32.28038,0.25,-826.8574,203.5426,0,-0.9962,0,-0.0876,-156.1541,0,1,0,0,0.0876,0,-0.9962,-988.8069,0,0,0,1
184.5686,-156.1761,0,-989.056,2.479798,2.479798,1.887846,-32.28038,0.25,-826.8574,203.7538,0,-0.9961,0,-0.088,-156.1761,0,1,0,0,0.088,0,-0.9961,-989.056,0,0,0,1
184.5796,-156.1982,0,-989.305,2.482708,2.482708,1.887846,-32.28038,0.25,-826.8574,203.9652,0,-0.9961,0,-0.0883,-156.1982,0,1,0,0,0.0883,0,-0.9961,-989.305,0,0,0,1
184.5915,-156.2426,0,-989.803,2.488765,2.488765,1.887846,-32.28038,0.25,-826.8574,204.3883,0,-0.996,0,-0.0889,-156.2426,0,1,0,0,0.0889,0,-0.996,-989.803,0,0,0,1
184.6017,-156.2649,0,-990.0521,2.491948,2.491948,1.887846,-32.28038,0.25,-826.8574,204.6002,0,-0.996,0,-0.0893,-156.2649,0,1,0,0,0.0893,0,-0.996,-990.0521,0,0,0,1
184.613,-156.2873,0,-990.3011,2.495197,2.495197,1.884184,-32.28038,0.25,-826.8574,204.812,0,-0.996,0,-0.0896,-156.2873,0,1,0,0,0.0896,0,-0.996,-990.3011,0,0,0,1
184.624,-156.3098,0,-990.55,2.498532,2.498532,1.865873,-32.28038,0.25,-826.8574,205.024,0,-0.9959,0,-0.0899,-156.3098,0,1,0,0,0.0899,0,-0.9959,-990.55,0,0,0,1
184.6352,-156.3323,0,-990.7991,2.501944,2.501944,1.832914,-32.28038,0.25,-826.8574,205.2362,0,-0.9959,0,-0.0902,-156.3323,0,1,0,0,0.0902,0,-0.9959,-990.7991,0,0,0,1
184.6471,-156.355,0,-991.048,2.505451,2.505451,1.80728,-32.28038,0.25,-826.8574,205.4484,0,-0.9959,0,-0.0906,-156.355,0,1,0,0,0.0906,0,-0.9959,-991.048,0,0,0,1
184.6574,-156.3777,0,-991.2969,2.509015,2.509015,1.741362,-32.28038,0.25,-826.8574,205.6608,0,-0.9959,0,-0.0909,-156.3777,0,1,0,0,0.0909,0,-0.9959,-991.2969,0,0,0,1
184.6684,-156.4005,0,-991.5459,2.512644,2.512644,1.668119,-32.28038,0.25,-826.8574,205.8734,0,-0.9958,0,-0.0911,-156.4005,0,1,0,0,0.0911,0,-0.9958,-991.5459,0,0,0,1
184.6795,-156.4233,0,-991.7949,2.516349,2.516349,1.572905,-32.28038,0.25,-826.8574,206.086,0,-0.9958,0,-0.0914,-156.4233,0,1,0,0,0.0914,0,-0.9958,-991.7949,0,0,0,1
184.6908,-156.4692,0,-992.2928,2.523937,2.523937,1.47769,-32.28038,0.25,-826.8574,206.5117,0,-0.9958,0,-0.0919,-156.4692,0,1,0,0,0.0919,0,-0.9958,-992.2928,0,0,0,1
184.7018,-156.4923,0,-992.5417,2.527825,2.527825,1.283584,-32.28038,0.25,-826.8574,206.7247,0,-0.9957,0,-0.0922,-156.4923,0,1,0,0,0.0922,0,-0.9957,-992.5417,0,0,0,1
184.7129,-156.5154,0,-992.7906,2.531758,2.531758,1.166396,-32.28038,0.25,-826.8574,206.9377,0,-0.9957,0,-0.0924,-156.5154,0,1,0,0,0.0924,0,-0.9957,-992.7906,0,0,0,1
184.7241,-156.5385,0,-993.0396,2.535752,2.535752,1.027236,-32.28038,0.25,-826.8574,207.1509,0,-0.9957,0,-0.0925,-156.5385,0,1,0,0,0.0925,0,-0.9957,-993.0396,0,0,0,1
184.7353,-156.5617,0,-993.2885,2.539777,2.539777,0.82582,-32.28038,0.25,-826.8574,207.3642,0,-0.9957,0,-0.0927,-156.5617,0,1,0,0,0.0927,0,-0.9957,-993.2885,0,0,0,1
184.7466,-156.5849,0,-993.5374,2.543832,2.543832,0.639052,-32.28038,0.25,-826.8574,207.5776,0,-0.9957,0,-0.0928,-156.5849,0,1,0,0,0.0928,0,-0.9957,-993.5374,0,0,0,1
184.758,-156.6081,0,-993.7863,2.547887,2.547887,0.393677,-32.28038,0.25,-826.8574,207.7911,0,-0.9957,0,-0.0929,-156.6081,0,1,0,0,0.0929,0,-0.9957,-993.7863,0,0,0,1
184.7693,-156.6313,0,-994.0352,2.551973,2.551973,0.108032,-32.28038,0.25,-826.8574,208.0046,0,-0.9957,0,-0.0929,-156.6313,0,1,0,0,0.0929,0,-0.9957,-994.0352,0,0,0,1
184.7814,-156.6777,0,-994.533,2.560083,2.560083,-0.133667,-32.28038,0.25,-826.8574,208.432,0,-0.9957,0,-0.0928,-156.6777,0,1,0,0,0.0928,0,-0.9957,-994.533,0,0,0,1
184.7918,-156.7009,0,-994.7819,2.564107,2.564107,-0.452278,-32.28038,0.25,-826.8574,208.6458,0,-0.9957,0,-0.0928,-156.7009,0,1,0,0,0.0928,0,-0.9957,-994.7819,0,0,0,1
184.8042,-156.7241,0,-995.0308,2.568147,2.568147,-0.737929,-32.28038,0.25,-826.8574,208.8596,0,-0.9957,0,-0.0926,-156.7241,0,1,0,0,0.0926,0,-0.9957,-995.0308,0,0,0,1
184.8143,-156.7472,0,-995.2797,2.572111,2.572111,-0.997939,-32.28038,0.25,-826.8574,209.0735,0,-0.9957,0,-0.0925,-156.7472,0,1,0,0,0.0925,0,-0.9957,-995.2797,0,0,0,1
184.8258,-156.7702,0,-995.5286,2.576014,2.576014,-1.26528,-32.28038,0.25,-826.8574,209.2875,0,-0.9957,0,-0.0922,-156.7702,0,1,0,0,0.0922,0,-0.9957,-995.5286,0,0,0,1
184.838,-156.7932,0,-995.7776,2.579856,2.579856,-1.57656,-32.28038,0.25,-826.8574,209.5016,0,-0.9958,0,-0.092,-156.7932,0,1,0,0,0.092,0,-0.9958,-995.7776,0,0,0,1
184.8484,-156.8161,0,-996.0266,2.583607,2.583607,-1.913481,-32.28038,0.25,-826.8574,209.7156,0,-0.9958,0,-0.0916,-156.8161,0,1,0,0,0.0916,0,-0.9958,-996.0266,0,0,0,1
184.8598,-156.839,0,-996.2755,2.587266,2.587266,-2.180822,-32.28038,0.25,-826.8574,209.9297,0,-0.9958,0,-0.0912,-156.839,0,1,0,0,0.0912,0,-0.9958,-996.2755,0,0,0,1
184.8755,-156.8842,0,-996.7734,2.594256,2.594256,-2.609296,-32.28038,0.25,-826.8574,210.3579,0,-0.9959,0,-0.0903,-156.8842,0,1,0,0,0.0903,0,-0.9959,-996.7734,0,0,0,1
184.8859,-156.9067,0,-997.0224,2.597581,2.597581,-2.942548,-32.28038,0.25,-826.8574,210.5721,0,-0.996,0,-0.0898,-156.9067,0,1,0,0,0.0898,0,-0.996,-997.0224,0,0,0,1
184.8941,-156.929,0,-997.2714,2.600749,2.600749,-3.206227,-32.28038,0.25,-826.8574,210.7862,0,-0.996,0,-0.0893,-156.929,0,1,0,0,0.0893,0,-0.996,-997.2714,0,0,0,1
184.9042,-156.9512,0,-997.5204,2.60376,2.60376,-3.425953,-32.28038,0.25,-826.8574,211.0004,0,-0.9961,0,-0.0887,-156.9512,0,1,0,0,0.0887,0,-0.9961,-997.5204,0,0,0,1
184.9155,-156.9732,0,-997.7695,2.606609,2.606609,-3.68597,-32.28038,0.25,-826.8574,211.2145,0,-0.9961,0,-0.088,-156.9732,0,1,0,0,0.088,0,-0.9961,-997.7695,0,0,0,1
184.9273,-156.995,0,-998.0186,2.60929,2.60929,-4.000919,-32.28038,0.25,-826.8574,211.4287,0,-0.9962,0,-0.0873,-156.995,0,1,0,0,0.0873,0,-0.9962,-998.0186,0,0,0,1
184.9377,-157.0167,0,-998.2676,2.611779,2.611779,-4.293888,-32.28038,0.25,-826.8574,211.6428,0,-0.9962,0,-0.0866,-157.0167,0,1,0,0,0.0866,0,-0.9962,-998.2676,0,0,0,1
184.9488,-157.0381,0,-998.5167,2.614091,2.614091,-4.550242,-32.28038,0.25,-826.8574,211.8569,0,-0.9963,0,-0.0858,-157.0381,0,1,0,0,0.0858,0,-0.9963,-998.5167,0,0,0,1
184.9609,-157.0804,0,-999.0148,2.618039,2.618039,-4.795604,-32.28038,0.25,-826.8574,212.2849,0,-0.9965,0,-0.0841,-157.0804,0,1,0,0,0.0841,0,-0.9965,-999.0148,0,0,0,1
184.9722,-157.1012,0,-999.2639,2.619707,2.619707,-5.169146,-32.28038,0.25,-826.8574,212.4989,0,-0.9965,0,-0.0832,-157.1012,0,1,0,0,0.0832,0,-0.9965,-999.2639,0,0,0,1
184.9819,-157.1218,0,-999.5131,2.621116,2.621116,-5.341265,-32.28038,0.25,-826.8574,212.7129,0,-0.9966,0,-0.0823,-157.1218,0,1,0,0,0.0823,0,-0.9966,-999.5131,0,0,0,1
184.9932,-157.1422,0,-999.7623,2.622307,2.622307,-5.535364,-32.28038,0.25,-826.8574,212.9268,0,-0.9967,0,-0.0813,-157.1422,0,1,0,0,0.0813,0,-0.9967,-999.7623,0,0,0,1
185.0043,-157.1622,0,-1000.011,2.623225,2.623225,-5.773401,-32.28038,0.25,-826.8574,213.1406,0,-0.9968,0,-0.0803,-157.1622,0,1,0,0,0.0803,0,-0.9968,-1000.011,0,0,0,1
185.0153,-157.1821,0,-1000.261,2.623884,2.623884,-5.963838,-32.28038,0.25,-826.8574,213.3544,0,-0.9969,0,-0.0793,-157.1821,0,1,0,0,0.0793,0,-0.9969,-1000.261,0,0,0,1
185.0265,-157.2016,0,-1000.51,2.624284,2.624284,-6.132295,-32.28038,0.25,-826.8574,213.5681,0,-0.9969,0,-0.0782,-157.2016,0,1,0,0,0.0782,0,-0.9969,-1000.51,0,0,0,1
185.038,-157.2209,0,-1000.759,2.624406,2.624406,-6.374002,-32.28038,0.25,-826.8574,213.7818,0,-0.997,0,-0.0771,-157.2209,0,1,0,0,0.0771,0,-0.997,-1000.759,0,0,0,1
185.0486,-157.2399,0,-1001.008,2.624238,2.624238,-6.491189,-32.28038,0.25,-826.8574,213.9954,0,-0.9971,0,-0.076,-157.2399,0,1,0,0,0.076,0,-0.9971,-1001.008,0,0,0,1
185.06,-157.2586,0,-1001.258,2.623777,2.623777,-6.634011,-32.28038,0.25,-826.8574,214.209,0,-0.9972,0,-0.0748,-157.2586,0,1,0,0,0.0748,0,-0.9972,-1001.258,0,0,0,1
185.071,-157.2951,0,-1001.756,2.621973,2.621973,-6.802475,-32.28038,0.25,-826.8574,214.6358,0,-0.9974,0,-0.0725,-157.2951,0,1,0,0,0.0725,0,-0.9974,-1001.756,0,0,0,1
185.0818,-157.313,0,-1002.006,2.620629,2.620629,-6.94896,-32.28038,0.25,-826.8574,214.8492,0,-0.9975,0,-0.0713,-157.313,0,1,0,0,0.0713,0,-0.9975,-1002.006,0,0,0,1
185.094,-157.3305,0,-1002.255,2.618961,2.618961,-7.143052,-32.28038,0.25,-826.8574,215.0624,0,-0.9975,0,-0.07,-157.3305,0,1,0,0,0.07,0,-0.9975,-1002.255,0,0,0,1
185.1043,-157.3476,0,-1002.505,2.616985,2.616985,-7.362785,-32.28038,0.25,-826.8574,215.2755,0,-0.9976,0,-0.0687,-157.3476,0,1,0,0,0.0687,0,-0.9976,-1002.505,0,0,0,1
185.1154,-157.3645,0,-1002.754,2.614673,2.614673,-7.575188,-32.28038,0.25,-826.8574,215.4885,0,-0.9977,0,-0.0674,-157.3645,0,1,0,0,0.0674,0,-0.9977,-1002.754,0,0,0,1
185.1264,-157.381,0,-1003.003,2.612012,2.612012,-7.868164,-32.28038,0.25,-826.8574,215.7015,0,-0.9978,0,-0.066,-157.381,0,1,0,0,0.066,0,-0.9978,-1003.003,0,0,0,1
185.1375,-157.3972,0,-1003.253,2.608996,2.608996,-8.252692,-32.28038,0.25,-826.8574,215.9143,0,-0.9979,0,-0.0646,-157.3972,0,1,0,0,0.0646,0,-0.9979,-1003.253,0,0,0,1
185.1487,-157.4129,0,-1003.502,2.6056,2.6056,-8.490729,-32.28038,0.25,-826.8574,216.127,0,-0.998,0,-0.0631,-157.4129,0,1,0,0,0.0631,0,-0.998,-1003.502,0,0,0,1
185.1599,-157.4283,0,-1003.752,2.601819,2.601819,-8.805677,-32.28038,0.25,-826.8574,216.3396,0,-0.9981,0,-0.0616,-157.4283,0,1,0,0,0.0616,0,-0.9981,-1003.752,0,0,0,1
185.1709,-157.4579,0,-1004.251,2.593076,2.593076,-9.212179,-32.28038,0.25,-826.8574,216.7644,0,-0.9983,0,-0.0584,-157.4579,0,1,0,0,0.0584,0,-0.9983,-1004.251,0,0,0,1
185.182,-157.4721,0,-1004.501,2.588073,2.588073,-9.589376,-32.28038,0.25,-826.8574,216.9766,0,-0.9984,0,-0.0567,-157.4721,0,1,0,0,0.0567,0,-0.9984,-1004.501,0,0,0,1
185.193,-157.4859,0,-1004.75,2.582639,2.582639,-10.04349,-32.28038,0.25,-826.8574,217.1887,0,-0.9985,0,-0.055,-157.4859,0,1,0,0,0.055,0,-0.9985,-1004.75,0,0,0,1
185.2079,-157.4992,0,-1005,2.576764,2.576764,-10.43534,-32.28038,0.25,-826.8574,217.4005,0,-0.9986,0,-0.0531,-157.4992,0,1,0,0,0.0531,0,-0.9986,-1005,0,0,0,1
185.2186,-157.512,0,-1005.25,2.570398,2.570398,-11.07622,-32.28038,0.25,-826.8574,217.6122,0,-0.9987,0,-0.0512,-157.512,0,1,0,0,0.0512,0,-0.9987,-1005.25,0,0,0,1
185.2287,-157.5243,0,-1005.499,2.563514,2.563514,-11.54132,-32.28038,0.25,-826.8574,217.8237,0,-0.9988,0,-0.0492,-157.5243,0,1,0,0,0.0492,0,-0.9988,-1005.499,0,0,0,1
185.2372,-157.536,0,-1005.749,2.556119,2.556119,-11.8526,-32.28038,0.25,-826.8574,218.035,0,-0.9989,0,-0.0471,-157.536,0,1,0,0,0.0471,0,-0.9989,-1005.749,0,0,0,1
185.2477,-157.5473,0,-1005.999,2.548207,2.548207,-12.18219,-32.28038,0.25,-826.8574,218.2461,0,-0.999,0,-0.045,-157.5473,0,1,0,0,0.045,0,-0.999,-1005.999,0,0,0,1
185.259,-157.558,0,-1006.249,2.539731,2.539731,-12.6656,-32.28038,0.25,-826.8574,218.457,0,-0.9991,0,-0.0428,-157.558,0,1,0,0,0.0428,0,-0.9991,-1006.249,0,0,0,1
185.2699,-157.5681,0,-1006.498,2.530673,2.530673,-13.07576,-32.28038,0.25,-826.8574,218.6677,0,-0.9992,0,-0.0405,-157.5681,0,1,0,0,0.0405,0,-0.9992,-1006.498,0,0,0,1
185.2819,-157.5866,0,-1006.998,2.510808,2.510808,-13.59579,-32.28038,0.25,-826.8574,219.0884,0,-0.9994,0,-0.0358,-157.5866,0,1,0,0,0.0358,0,-0.9994,-1006.998,0,0,0,1
185.2922,-157.5949,0,-1007.248,2.499956,2.499956,-14.10483,-32.28038,0.25,-826.8574,219.2984,0,-0.9994,0,-0.0333,-157.5949,0,1,0,0,0.0333,0,-0.9994,-1007.248,0,0,0,1
185.3032,-157.6026,0,-1007.498,2.48848,2.48848,-14.60654,-32.28038,0.25,-826.8574,219.5079,0,-0.9995,0,-0.0308,-157.6026,0,1,0,0,0.0308,0,-0.9995,-1007.498,0,0,0,1
185.3143,-157.6097,0,-1007.748,2.476346,2.476346,-14.92516,-32.28038,0.25,-826.8574,219.7175,0,-0.9996,0,-0.0282,-157.6097,0,1,0,0,0.0282,0,-0.9996,-1007.748,0,0,0,1
185.3254,-157.6161,0,-1007.998,2.463547,2.463547,-15.3756,-32.28038,0.25,-826.8574,219.9266,0,-0.9997,0,-0.0255,-157.6161,0,1,0,0,0.0255,0,-0.9997,-1007.998,0,0,0,1
185.3366,-157.6217,0,-1008.247,2.450049,2.450049,-15.8114,-32.28038,0.25,-826.8574,220.1354,0,-0.9997,0,-0.0227,-157.6217,0,1,0,0,0.0227,0,-0.9997,-1008.247,0,0,0,1
185.3476,-157.6267,0,-1008.497,2.435846,2.435846,-16.16296,-32.28038,0.25,-826.8574,220.3439,0,-0.9998,0,-0.0199,-157.6267,0,1,0,0,0.0199,0,-0.9998,-1008.497,0,0,0,1
185.3588,-157.631,0,-1008.747,2.420924,2.420924,-16.55115,-32.28038,0.25,-826.8574,220.5522,0,-0.9999,0,-0.017,-157.631,0,1,0,0,0.017,0,-0.9999,-1008.747,0,0,0,1
185.3699,-157.6345,0,-1008.997,2.405271,2.405271,-16.84047,-32.28038,0.25,-826.8574,220.7601,0,-0.9999,0,-0.0141,-157.6345,0,1,0,0,0.0141,0,-0.9999,-1008.997,0,0,0,1
185.3809,-157.6393,0,-1009.497,2.371756,2.371756,-17.17006,-32.28038,0.25,-826.8574,221.175,0,-1,0,-0.0081,-157.6393,0,1,0,0,0.0081,0,-1,-1009.497,0,0,0,1
185.392,-157.6406,0,-1009.747,2.353848,2.353848,-17.39345,-32.28038,0.25,-826.8574,221.3819,0,-1,0,-0.0051,-157.6406,0,1,0,0,0.0051,0,-1,-1009.747,0,0,0,1
185.404,-157.6411,0,-1009.997,2.33518,2.33518,-17.66079,-32.28038,0.25,-826.8574,221.5884,0,-1,0,-0.002,-157.6411,0,1,0,0,0.002,0,-1,-1009.997,0,0,0,1
185.4151,-157.6408,0,-1010.247,2.317278,2.317278,-17.9208,-32.28038,0.25,-826.8574,221.7947,0,-1,0,0.0012,-157.6408,0,1,0,0,-0.0012,0,-1,-1010.247,0,0,0,1
185.4252,-157.6397,0,-1010.497,2.299172,2.299172,-18.13688,-32.28038,0.25,-826.8574,222.0006,0,-1,0,0.0043,-157.6397,0,1,0,0,-0.0043,0,-1,-1010.497,0,0,0,1
185.4373,-157.6378,0,-1010.747,2.280214,2.280214,-18.4152,-32.28038,0.25,-826.8574,222.206,0,-1,0,0.0075,-157.6378,0,1,0,0,-0.0075,0,-1,-1010.747,0,0,0,1
185.4479,-157.6351,0,-1010.997,2.260406,2.260406,-18.66056,-32.28038,0.25,-826.8574,222.4112,0,-0.9999,0,0.0108,-157.6351,0,1,0,0,-0.0108,0,-0.9999,-1010.997,0,0,0,1
185.4591,-157.6316,0,-1011.247,2.242516,2.242516,-19.01946,-32.28038,0.25,-826.8574,222.6159,0,-0.9999,0,0.0141,-157.6316,0,1,0,0,-0.0141,0,-0.9999,-1011.247,0,0,0,1
185.4701,-157.622,0,-1011.747,2.207209,2.207209,-19.47723,-32.28038,0.25,-826.8574,223.0242,0,-0.9998,0,0.0209,-157.622,0,1,0,0,-0.0209,0,-0.9998,-1011.747,0,0,0,1
185.4809,-157.6159,0,-1011.997,2.188207,2.188207,-19.76654,-32.28038,0.25,-826.8574,223.2278,0,-0.9997,0,0.0244,-157.6159,0,1,0,0,-0.0244,0,-0.9997,-1011.997,0,0,0,1
185.4919,-157.6089,0,-1012.247,2.170389,2.170389,-20.1474,-32.28038,0.25,-826.8574,223.4309,0,-0.9996,0,0.0279,-157.6089,0,1,0,0,-0.0279,0,-0.9996,-1012.247,0,0,0,1
185.503,-157.601,0,-1012.497,2.153879,2.153879,-20.60884,-32.28038,0.25,-826.8574,223.6336,0,-0.9995,0,0.0315,-157.601,0,1,0,0,-0.0315,0,-0.9995,-1012.497,0,0,0,1
185.515,-157.5922,0,-1012.747,2.136431,2.136431,-21.01167,-32.28038,0.25,-826.8574,223.8357,0,-0.9994,0,0.0351,-157.5922,0,1,0,0,-0.0351,0,-0.9994,-1012.747,0,0,0,1
185.5253,-157.5825,0,-1012.997,2.118016,2.118016,-21.49142,-32.28038,0.25,-826.8574,224.0376,0,-0.9992,0,0.0389,-157.5825,0,1,0,0,-0.0389,0,-0.9992,-1012.997,0,0,0,1
185.5402,-157.5602,0,-1013.496,2.083943,2.083943,-22.09567,-32.28038,0.25,-826.8574,224.4398,0,-0.9989,0,0.0466,-157.5602,0,1,0,0,-0.0466,0,-0.9989,-1013.496,0,0,0,1
185.5505,-157.5476,0,-1013.746,2.066859,2.066859,-22.47288,-32.28038,0.25,-826.8574,224.6402,0,-0.9987,0,0.0505,-157.5476,0,1,0,0,-0.0505,0,-0.9987,-1013.746,0,0,0,1
185.5598,-157.5476,0,-1013.746,2.066859,2.066859,-22.47288,-32.28038,0.25,-826.8574,224.6402,0,-0.9987,0,0.0505,-157.5476,0,1,0,0,-0.0505,0,-0.9987,-1013.746,0,0,0,1
185.5696,-157.534,0,-1013.995,2.048748,2.048748,-23.1284,-32.28038,0.25,-826.8574,224.84,0,-0.9985,0,0.0545,-157.534,0,1,0,0,-0.0545,0,-0.9985,-1013.995,0,0,0,1
185.5807,-157.5036,0,-1014.495,2.014437,2.014437,-23.39574,-32.28038,0.25,-826.8574,225.2382,0,-0.998,0,0.0627,-157.5036,0,1,0,0,-0.0627,0,-0.998,-1014.495,0,0,0,1
185.5923,-157.4869,0,-1014.744,1.997468,1.997468,-23.65209,-32.28038,0.25,-826.8574,225.4366,0,-0.9978,0,0.0668,-157.4869,0,1,0,0,-0.0668,0,-0.9978,-1014.744,0,0,0,1
185.6034,-157.4692,0,-1014.993,1.979411,1.979411,-23.88647,-32.28038,0.25,-826.8574,225.6343,0,-0.9975,0,0.071,-157.4692,0,1,0,0,-0.071,0,-0.9975,-1014.993,0,0,0,1
185.6156,-157.4504,0,-1015.243,1.960512,1.960512,-24.03662,-32.28038,0.25,-826.8574,225.8315,0,-0.9972,0,0.0751,-157.4504,0,1,0,0,-0.0751,0,-0.9972,-1015.243,0,0,0,1
185.6264,-157.4306,0,-1015.492,1.944572,1.944572,-24.15381,-32.28038,0.25,-826.8574,226.0282,0,-0.9968,0,0.0794,-157.4306,0,1,0,0,-0.0794,0,-0.9968,-1015.492,0,0,0,1
185.6373,-157.4097,0,-1015.741,1.927606,1.927606,-24.15381,-32.28038,0.25,-826.8574,226.2244,0,-0.9965,0,0.0836,-157.4097,0,1,0,0,-0.0836,0,-0.9965,-1015.741,0,0,0,1
185.6483,-157.3877,0,-1015.99,1.909552,1.909552,-24.15381,-32.28038,0.25,-826.8574,226.42,0,-0.9961,0,0.0878,-157.3877,0,1,0,0,-0.0878,0,-0.9961,-1015.99,0,0,0,1
185.6597,-157.3647,0,-1016.239,1.890428,1.890428,-24.1355,-32.28038,0.25,-826.8574,226.615,0,-0.9958,0,0.0919,-157.3647,0,1,0,0,-0.0919,0,-0.9958,-1016.239,0,0,0,1
185.6717,-157.3156,0,-1016.737,1.857121,1.857121,-24.08789,-32.28038,0.25,-826.8574,227.0034,0,-0.995,0,0.1003,-157.3156,0,1,0,0,-0.1003,0,-0.995,-1016.737,0,0,0,1
185.6823,-157.2895,0,-1016.985,1.839079,1.839079,-23.99267,-32.28038,0.25,-826.8574,227.1969,0,-0.9945,0,0.1045,-157.2895,0,1,0,0,-0.1045,0,-0.9945,-1016.985,0,0,0,1
185.6932,-157.2623,0,-1017.234,1.819969,1.819969,-23.87549,-32.28038,0.25,-826.8574,227.3897,0,-0.9941,0,0.1086,-157.2623,0,1,0,0,-0.1086,0,-0.9941,-1017.234,0,0,0,1
185.7045,-157.2341,0,-1017.482,1.80305,1.80305,-23.65575,-32.28038,0.25,-826.8574,227.582,0,-0.9936,0,0.1127,-157.2341,0,1,0,0,-0.1127,0,-0.9936,-1017.482,0,0,0,1
185.7156,-157.2049,0,-1017.73,1.786165,1.786165,-23.4873,-32.28038,0.25,-826.8574,227.7738,0,-0.9932,0,0.1168,-157.2049,0,1,0,0,-0.1168,0,-0.9932,-1017.73,0,0,0,1
185.7275,-157.1747,0,-1017.979,1.768206,1.768206,-23.19798,-32.28038,0.25,-826.8574,227.965,0,-0.9927,0,0.1208,-157.1747,0,1,0,0,-0.1208,0,-0.9927,-1017.979,0,0,0,1
185.7377,-157.1435,0,-1018.227,1.749227,1.749227,-22.88304,-32.28038,0.25,-826.8574,228.1557,0,-0.9922,0,0.1248,-157.1435,0,1,0,0,-0.1248,0,-0.9922,-1018.227,0,0,0,1
185.7489,-157.1113,0,-1018.475,1.731945,1.731945,-22.59373,-32.28038,0.25,-826.8574,228.3458,0,-0.9917,0,0.1287,-157.1113,0,1,0,0,-0.1287,0,-0.9917,-1018.475,0,0,0,1
185.7603,-157.0441,0,-1018.97,1.69761,1.69761,-22.28245,-32.28038,0.25,-826.8574,228.7246,0,-0.9907,0,0.1364,-157.0441,0,1,0,0,-0.1364,0,-0.9907,-1018.97,0,0,0,1
185.7709,-157.0091,0,-1019.218,1.678969,1.678969,-21.90524,-32.28038,0.25,-826.8574,228.9133,0,-0.9901,0,0.1402,-157.0091,0,1,0,0,-0.1402,0,-0.9901,-1019.218,0,0,0,1
185.7821,-156.9731,0,-1019.465,1.661508,1.661508,-21.59762,-32.28038,0.25,-826.8574,229.1014,0,-0.9896,0,0.1439,-156.9731,0,1,0,0,-0.1439,0,-0.9896,-1019.465,0,0,0,1
185.7932,-156.9362,0,-1019.712,1.645263,1.645263,-21.20943,-32.28038,0.25,-826.8574,229.289,0,-0.989,0,0.1476,-156.9362,0,1,0,0,-0.1476,0,-0.989,-1019.712,0,0,0,1
185.8044,-156.8984,0,-1019.959,1.628057,1.628057,-20.75166,-32.28038,0.25,-826.8574,229.4761,0,-0.9885,0,0.1512,-156.8984,0,1,0,0,-0.1512,0,-0.9885,-1019.959,0,0,0,1
185.8153,-156.8597,0,-1020.206,1.60993,1.60993,-20.49165,-32.28038,0.25,-826.8574,229.6628,0,-0.988,0,0.1547,-156.8597,0,1,0,0,-0.1547,0,-0.988,-1020.206,0,0,0,1
185.8265,-156.8201,0,-1020.453,1.592561,1.592561,-20.17304,-32.28038,0.25,-826.8574,229.8489,0,-0.9874,0,0.1582,-156.8201,0,1,0,0,-0.1582,0,-0.9874,-1020.453,0,0,0,1
185.8378,-156.7798,0,-1020.7,1.576949,1.576949,-19.7702,-32.28038,0.25,-826.8574,230.0347,0,-0.9869,0,0.1616,-156.7798,0,1,0,0,-0.1616,0,-0.9869,-1020.7,0,0,0,1
185.8487,-156.7385,0,-1020.946,1.56049,1.56049,-19.38567,-32.28038,0.25,-826.8574,230.22,0,-0.9863,0,0.1649,-156.7385,0,1,0,0,-0.1649,0,-0.9863,-1020.946,0,0,0,1
185.8598,-156.6965,0,-1021.193,1.543164,1.543164,-19.07073,-32.28038,0.25,-826.8574,230.4049,0,-0.9858,0,0.1682,-156.6965,0,1,0,0,-0.1682,0,-0.9858,-1021.193,0,0,0,1
185.8747,-156.61,0,-1021.685,1.511447,1.511447,-18.59098,-32.28038,0.25,-826.8574,230.7734,0,-0.9846,0,0.1746,-156.61,0,1,0,0,-0.1746,0,-0.9846,-1021.685,0,0,0,1
185.8855,-156.5655,0,-1021.931,1.495926,1.495926,-18.29801,-32.28038,0.25,-826.8574,230.957,0,-0.9841,0,0.1777,-156.5655,0,1,0,0,-0.1777,0,-0.9841,-1021.931,0,0,0,1
185.8934,-156.5203,0,-1022.177,1.479578,1.479578,-17.93545,-32.28038,0.25,-826.8574,231.1402,0,-0.9835,0,0.1808,-156.5203,0,1,0,0,-0.1808,0,-0.9835,-1022.177,0,0,0,1
185.9042,-156.4743,0,-1022.423,1.463122,1.463122,-17.75601,-32.28038,0.25,-826.8574,231.3229,0,-0.983,0,0.1839,-156.4743,0,1,0,0,-0.1839,0,-0.983,-1022.423,0,0,0,1
185.9154,-156.4276,0,-1022.669,1.449515,1.449515,-17.38613,-32.28038,0.25,-826.8574,231.5053,0,-0.9824,0,0.1869,-156.4276,0,1,0,0,-0.1869,0,-0.9824,-1022.669,0,0,0,1
185.9263,-156.3802,0,-1022.914,1.435148,1.435148,-17.05653,-32.28038,0.25,-826.8574,231.6874,0,-0.9818,0,0.1898,-156.3802,0,1,0,0,-0.1898,0,-0.9818,-1022.914,0,0,0,1
185.9378,-156.332,0,-1023.159,1.420006,1.420006,-16.65004,-32.28038,0.25,-826.8574,231.869,0,-0.9813,0,0.1926,-156.332,0,1,0,0,-0.1926,0,-0.9813,-1023.159,0,0,0,1
185.949,-156.2832,0,-1023.405,1.40437,1.40437,-16.23621,-32.28038,0.25,-826.8574,232.0503,0,-0.9807,0,0.1954,-156.2832,0,1,0,0,-0.1954,0,-0.9807,-1023.405,0,0,0,1
185.9606,-156.1835,0,-1023.895,1.37911,1.37911,-15.85901,-32.28038,0.25,-826.8574,232.4119,0,-0.9796,0,0.2008,-156.1835,0,1,0,0,-0.2008,0,-0.9796,-1023.895,0,0,0,1
185.9713,-156.1326,0,-1024.139,1.36542,1.36542,-15.25475,-32.28038,0.25,-826.8574,232.5921,0,-0.9791,0,0.2034,-156.1326,0,1,0,0,-0.2034,0,-0.9791,-1024.139,0,0,0,1
185.9822,-156.0811,0,-1024.384,1.351063,1.351063,-15.01671,-32.28038,0.25,-826.8574,232.772,0,-0.9786,0,0.206,-156.0811,0,1,0,0,-0.206,0,-0.9786,-1024.384,0,0,0,1
185.9934,-156.029,0,-1024.628,1.340145,1.340145,-14.55527,-32.28038,0.25,-826.8574,232.9516,0,-0.978,0,0.2085,-156.029,0,1,0,0,-0.2085,0,-0.978,-1024.628,0,0,0,1
186.0047,-155.9763,0,-1024.873,1.328775,1.328775,-14.10849,-32.28038,0.25,-826.8574,233.131,0,-0.9775,0,0.2109,-155.9763,0,1,0,0,-0.2109,0,-0.9775,-1024.873,0,0,0,1
186.0154,-155.9229,0,-1025.117,1.31678,1.31678,-13.74594,-32.28038,0.25,-826.8574,233.31,0,-0.977,0,0.2132,-155.9229,0,1,0,0,-0.2132,0,-0.977,-1025.117,0,0,0,1
186.0268,-155.8691,0,-1025.361,1.304184,1.304184,-13.42733,-32.28038,0.25,-826.8574,233.4888,0,-0.9765,0,0.2155,-155.8691,0,1,0,0,-0.2155,0,-0.9765,-1025.361,0,0,0,1
186.0379,-155.8146,0,-1025.605,1.294693,1.294693,-12.94759,-32.28038,0.25,-826.8574,233.6673,0,-0.976,0,0.2177,-155.8146,0,1,0,0,-0.2177,0,-0.976,-1025.605,0,0,0,1
186.0488,-155.7597,0,-1025.849,1.28523,1.28523,-12.71687,-32.28038,0.25,-826.8574,233.8456,0,-0.9755,0,0.2199,-155.7597,0,1,0,0,-0.2199,0,-0.9755,-1025.849,0,0,0,1
186.0602,-155.6481,0,-1026.337,1.264578,1.264578,-12.47151,-32.28038,0.25,-826.8574,234.2013,0,-0.9746,0,0.2242,-155.6481,0,1,0,0,-0.2242,0,-0.9746,-1026.337,0,0,0,1
186.0711,-155.5916,0,-1026.58,1.256755,1.256755,-12.22248,-32.28038,0.25,-826.8574,234.3788,0,-0.9741,0,0.2262,-155.5916,0,1,0,0,-0.2262,0,-0.9741,-1026.58,0,0,0,1
186.083,-155.5345,0,-1026.823,1.249348,1.249348,-12.05768,-32.28038,0.25,-826.8574,234.556,0,-0.9736,0,0.2283,-155.5345,0,1,0,0,-0.2283,0,-0.9736,-1026.823,0,0,0,1
186.0933,-155.4769,0,-1027.067,1.241386,1.241386,-11.89654,-32.28038,0.25,-826.8574,234.7331,0,-0.9731,0,0.2303,-155.4769,0,1,0,0,-0.2303,0,-0.9731,-1027.067,0,0,0,1
186.1045,-155.4188,0,-1027.31,1.232884,1.232884,-11.81964,-32.28038,0.25,-826.8574,234.9099,0,-0.9726,0,0.2323,-155.4188,0,1,0,0,-0.2323,0,-0.9726,-1027.31,0,0,0,1
186.1156,-155.3603,0,-1027.553,1.226817,1.226817,-11.80499,-32.28038,0.25,-826.8574,235.0864,0,-0.9722,0,0.2343,-155.3603,0,1,0,0,-0.2343,0,-0.9722,-1027.553,0,0,0,1
186.1274,-155.3012,0,-1027.796,1.221521,1.221521,-11.80499,-32.28038,0.25,-826.8574,235.2627,0,-0.9717,0,0.2363,-155.3012,0,1,0,0,-0.2363,0,-0.9717,-1027.796,0,0,0,1
186.138,-155.2416,0,-1028.039,1.215697,1.215697,-11.84161,-32.28038,0.25,-826.8574,235.4388,0,-0.9712,0,0.2383,-155.2416,0,1,0,0,-0.2383,0,-0.9712,-1028.039,0,0,0,1
186.1487,-155.1815,0,-1028.281,1.209334,1.209334,-11.88922,-32.28038,0.25,-826.8574,235.6147,0,-0.9707,0,0.2403,-155.1815,0,1,0,0,-0.2403,0,-0.9707,-1028.281,0,0,0,1
186.1601,-155.0598,0,-1028.766,1.20188,1.20188,-11.96247,-32.28038,0.25,-826.8574,235.9657,0,-0.9697,0,0.2444,-155.0598,0,1,0,0,-0.2444,0,-0.9697,-1028.766,0,0,0,1
186.171,-154.9982,0,-1029.009,1.198135,1.198135,-12.09064,-32.28038,0.25,-826.8574,236.1409,0,-0.9692,0,0.2464,-154.9982,0,1,0,0,-0.2464,0,-0.9692,-1029.009,0,0,0,1
186.1821,-154.9361,0,-1029.251,1.193878,1.193878,-12.2298,-32.28038,0.25,-826.8574,236.3158,0,-0.9686,0,0.2485,-154.9361,0,1,0,0,-0.2485,0,-0.9686,-1029.251,0,0,0,1
186.1933,-154.8734,0,-1029.493,1.1913,1.1913,-12.44221,-32.28038,0.25,-826.8574,236.4905,0,-0.9681,0,0.2506,-154.8734,0,1,0,0,-0.2506,0,-0.9681,-1029.493,0,0,0,1
186.2074,-154.8102,0,-1029.735,1.19021,1.19021,-12.68757,-32.28038,0.25,-826.8574,236.6649,0,-0.9675,0,0.2527,-154.8102,0,1,0,0,-0.2527,0,-0.9675,-1029.735,0,0,0,1
186.2209,-154.6822,0,-1030.218,1.186193,1.186193,-13.0428,-32.28038,0.25,-826.8574,237.0128,0,-0.9664,0,0.2571,-154.6822,0,1,0,0,-0.2571,0,-0.9664,-1030.218,0,0,0,1
186.2321,-154.6174,0,-1030.46,1.185233,1.185233,-13.50057,-32.28038,0.25,-826.8574,237.1864,0,-0.9658,0,0.2594,-154.6174,0,1,0,0,-0.2594,0,-0.9658,-1030.46,0,0,0,1
186.2391,-154.6174,0,-1030.46,1.185233,1.185233,-13.50057,-32.28038,0.25,-826.8574,237.1864,0,-0.9658,0,0.2594,-154.6174,0,1,0,0,-0.2594,0,-0.9658,-1030.46,0,0,0,1
186.2454,-154.5519,0,-1030.701,1.185997,1.185997,-13.95834,-32.28038,0.25,-826.8574,237.3596,0,-0.9651,0,0.2618,-154.5519,0,1,0,0,-0.2618,0,-0.9651,-1030.701,0,0,0,1
186.2558,-154.4859,0,-1030.942,1.186102,1.186102,-14.24399,-32.28038,0.25,-826.8574,237.5325,0,-0.9645,0,0.2642,-154.4859,0,1,0,0,-0.2642,0,-0.9645,-1030.942,0,0,0,1
186.2666,-154.4192,0,-1031.183,1.185551,1.185551,-14.60288,-32.28038,0.25,-826.8574,237.7052,0,-0.9638,0,0.2666,-154.4192,0,1,0,0,-0.2666,0,-0.9638,-1031.183,0,0,0,1
186.2786,-154.3519,0,-1031.424,1.18585,1.18585,-14.98741,-32.28038,0.25,-826.8574,237.8774,0,-0.9631,0,0.2692,-154.3519,0,1,0,0,-0.2692,0,-0.9631,-1031.424,0,0,0,1
186.2889,-154.284,0,-1031.664,1.188233,1.188233,-15.44884,-32.28038,0.25,-826.8574,238.0493,0,-0.9624,0,0.2717,-154.284,0,1,0,0,-0.2717,0,-0.9624,-1031.664,0,0,0,1
186.2999,-154.2154,0,-1031.905,1.189848,1.189848,-15.84802,-32.28038,0.25,-826.8574,238.2209,0,-0.9616,0,0.2744,-154.2154,0,1,0,0,-0.2744,0,-0.9616,-1031.905,0,0,0,1
186.3111,-154.0761,0,-1032.385,1.192203,1.192203,-16.41199,-32.28038,0.25,-826.8574,238.5629,0,-0.96,0,0.2799,-154.0761,0,1,0,0,-0.2799,0,-0.96,-1032.385,0,0,0,1
186.3223,-154.0054,0,-1032.625,1.195848,1.195848,-16.74159,-32.28038,0.25,-826.8574,238.7331,0,-0.9592,0,0.2827,-154.0054,0,1,0,0,-0.2827,0,-0.9592,-1032.625,0,0,0,1
186.3333,-153.9341,0,-1032.864,1.198846,1.198846,-17.20302,-32.28038,0.25,-826.8574,238.9032,0,-0.9584,0,0.2856,-153.9341,0,1,0,0,-0.2856,0,-0.9584,-1032.864,0,0,0,1
186.3445,-153.8619,0,-1033.104,1.200949,1.200949,-17.65347,-32.28038,0.25,-826.8574,239.0727,0,-0.9575,0,0.2885,-153.8619,0,1,0,0,-0.2885,0,-0.9575,-1033.104,0,0,0,1
186.3556,-153.789,0,-1033.343,1.20324,1.20324,-17.99771,-32.28038,0.25,-826.8574,239.2419,0,-0.9566,0,0.2916,-153.789,0,1,0,0,-0.2916,0,-0.9566,-1033.343,0,0,0,1
186.3667,-153.7154,0,-1033.582,1.208031,1.208031,-18.39688,-32.28038,0.25,-826.8574,239.4106,0,-0.9556,0,0.2946,-153.7154,0,1,0,0,-0.2946,0,-0.9556,-1033.582,0,0,0,1
186.3779,-153.6409,0,-1033.82,1.211985,1.211985,-18.83635,-32.28038,0.25,-826.8574,239.5788,0,-0.9546,0,0.2978,-153.6409,0,1,0,0,-0.2978,0,-0.9546,-1033.82,0,0,0,1
186.3888,-153.5657,0,-1034.059,1.215088,1.215088,-19.08904,-32.28038,0.25,-826.8574,239.7466,0,-0.9536,0,0.3009,-153.5657,0,1,0,0,-0.3009,0,-0.9536,-1034.059,0,0,0,1
186.3999,-153.4896,0,-1034.297,1.217865,1.217865,-19.37468,-32.28038,0.25,-826.8574,239.9138,0,-0.9526,0,0.3042,-153.4896,0,1,0,0,-0.3042,0,-0.9526,-1034.297,0,0,0,1
186.4113,-153.3351,0,-1034.772,1.228322,1.228322,-19.70062,-32.28038,0.25,-826.8574,240.2469,0,-0.9505,0,0.3107,-153.3351,0,1,0,0,-0.3107,0,-0.9505,-1034.772,0,0,0,1
186.4227,-153.2566,0,-1035.01,1.232155,1.232155,-19.99726,-32.28038,0.25,-826.8574,240.4126,0,-0.9494,0,0.314,-153.2566,0,1,0,0,-0.314,0,-0.9494,-1035.01,0,0,0,1
186.4332,-153.1772,0,-1035.247,1.235293,1.235293,-20.22064,-32.28038,0.25,-826.8574,240.5779,0,-0.9483,0,0.3174,-153.1772,0,1,0,0,-0.3174,0,-0.9483,-1035.247,0,0,0,1
186.4446,-153.0971,0,-1035.484,1.24164,1.24164,-20.46601,-32.28038,0.25,-826.8574,240.7426,0,-0.9472,0,0.3208,-153.0971,0,1,0,0,-0.3208,0,-0.9472,-1035.484,0,0,0,1
186.4554,-153.016,0,-1035.72,1.247079,1.247079,-20.65644,-32.28038,0.25,-826.8574,240.9068,0,-0.946,0,0.3242,-153.016,0,1,0,0,-0.3242,0,-0.946,-1035.72,0,0,0,1
186.4666,-152.9341,0,-1035.956,1.251583,1.251583,-20.83955,-32.28038,0.25,-826.8574,241.0704,0,-0.9448,0,0.3276,-152.9341,0,1,0,0,-0.3276,0,-0.9448,-1035.956,0,0,0,1
186.4783,-152.8513,0,-1036.192,1.255107,1.255107,-21.08125,-32.28038,0.25,-826.8574,241.2335,0,-0.9436,0,0.3311,-152.8513,0,1,0,0,-0.3311,0,-0.9436,-1036.192,0,0,0,1
186.4886,-152.7677,0,-1036.428,1.261797,1.261797,-21.18746,-32.28038,0.25,-826.8574,241.396,0,-0.9424,0,0.3346,-152.7677,0,1,0,0,-0.3346,0,-0.9424,-1036.428,0,0,0,1
186.4998,-152.6832,0,-1036.663,1.26774,1.26774,-21.31929,-32.28038,0.25,-826.8574,241.558,0,-0.9411,0,0.3381,-152.6832,0,1,0,0,-0.3381,0,-0.9411,-1036.663,0,0,0,1
186.5111,-152.5115,0,-1037.133,1.276773,1.276773,-21.46578,-32.28038,0.25,-826.8574,241.8802,0,-0.9386,0,0.3451,-152.5115,0,1,0,0,-0.3451,0,-0.9386,-1037.133,0,0,0,1
186.5224,-152.4243,0,-1037.367,1.283549,1.283549,-21.56832,-32.28038,0.25,-826.8574,242.0405,0,-0.9373,0,0.3486,-152.4243,0,1,0,0,-0.3486,0,-0.9373,-1037.367,0,0,0,1
186.5333,-152.3363,0,-1037.601,1.289954,1.289954,-21.68185,-32.28038,0.25,-826.8574,242.2002,0,-0.9359,0,0.3522,-152.3363,0,1,0,0,-0.3522,0,-0.9359,-1037.601,0,0,0,1
186.5477,-152.2474,0,-1037.834,1.295379,1.295379,-21.77706,-32.28038,0.25,-826.8574,242.3594,0,-0.9346,0,0.3557,-152.2474,0,1,0,0,-0.3557,0,-0.9346,-1037.834,0,0,0,1
186.5581,-152.1575,0,-1038.068,1.299777,1.299777,-21.87961,-32.28038,0.25,-826.8574,242.5179,0,-0.9332,0,0.3593,-152.1575,0,1,0,0,-0.3593,0,-0.9332,-1038.068,0,0,0,1
186.567,-152.0668,0,-1038.301,1.306569,1.306569,-21.9675,-32.28038,0.25,-826.8574,242.6758,0,-0.9318,0,0.3629,-152.0668,0,1,0,0,-0.3629,0,-0.9318,-1038.301,0,0,0,1
186.5777,-151.9752,0,-1038.533,1.313381,1.313381,-22.04807,-32.28038,0.25,-826.8574,242.8333,0,-0.9304,0,0.3665,-151.9752,0,1,0,0,-0.3665,0,-0.9304,-1038.533,0,0,0,1
186.5886,-151.8827,0,-1038.766,1.31915,1.31915,-22.14694,-32.28038,0.25,-826.8574,242.9901,0,-0.929,0,0.3701,-151.8827,0,1,0,0,-0.3701,0,-0.929,-1038.766,0,0,0,1
186.6,-151.7893,0,-1038.998,1.323923,1.323923,-22.24216,-32.28038,0.25,-826.8574,243.1463,0,-0.9276,0,0.3737,-151.7893,0,1,0,0,-0.3737,0,-0.9276,-1038.998,0,0,0,1
186.6111,-151.5997,0,-1039.46,1.337777,1.337777,-22.38499,-32.28038,0.25,-826.8574,243.457,0,-0.9246,0,0.3809,-151.5997,0,1,0,0,-0.3809,0,-0.9246,-1039.46,0,0,0,1
186.6225,-151.5036,0,-1039.691,1.343904,1.343904,-22.52048,-32.28038,0.25,-826.8574,243.6114,0,-0.9231,0,0.3845,-151.5036,0,1,0,0,-0.3845,0,-0.9231,-1039.691,0,0,0,1
186.6339,-151.4065,0,-1039.922,1.348944,1.348944,-22.69627,-32.28038,0.25,-826.8574,243.765,0,-0.9216,0,0.3882,-151.4065,0,1,0,0,-0.3882,0,-0.9216,-1039.922,0,0,0,1
186.6453,-151.3086,0,-1040.151,1.35557,1.35557,-22.916,-32.28038,0.25,-826.8574,243.9181,0,-0.92,0,0.3919,-151.3086,0,1,0,0,-0.3919,0,-0.92,-1040.151,0,0,0,1
186.6565,-151.2097,0,-1040.381,1.362871,1.362871,-23.05516,-32.28038,0.25,-826.8574,244.0706,0,-0.9184,0,0.3956,-151.2097,0,1,0,0,-0.3956,0,-0.9184,-1040.381,0,0,0,1
186.6679,-151.1098,0,-1040.61,1.369163,1.369163,-23.26391,-32.28038,0.25,-826.8574,244.2225,0,-0.9168,0,0.3993,-151.1098,0,1,0,0,-0.3993,0,-0.9168,-1040.61,0,0,0,1
186.6795,-151.0091,0,-1040.839,1.374353,1.374353,-23.47997,-32.28038,0.25,-826.8574,244.3736,0,-0.9152,0,0.4031,-151.0091,0,1,0,0,-0.4031,0,-0.9152,-1040.839,0,0,0,1
186.6907,-150.8047,0,-1041.295,1.388083,1.388083,-23.68139,-32.28038,0.25,-826.8574,244.674,0,-0.9118,0,0.4106,-150.8047,0,1,0,0,-0.4106,0,-0.9118,-1041.295,0,0,0,1
186.702,-150.7011,0,-1041.523,1.394431,1.394431,-24.03662,-32.28038,0.25,-826.8574,244.8231,0,-0.9101,0,0.4144,-150.7011,0,1,0,0,-0.4144,0,-0.9101,-1041.523,0,0,0,1
186.7135,-150.5965,0,-1041.75,1.399621,1.399621,-24.20875,-32.28038,0.25,-826.8574,244.9716,0,-0.9083,0,0.4183,-150.5965,0,1,0,0,-0.4183,0,-0.9083,-1041.75,0,0,0,1
186.7249,-150.491,0,-1041.977,1.405599,1.405599,-24.44312,-32.28038,0.25,-826.8574,245.1194,0,-0.9065,0,0.4221,-150.491,0,1,0,0,-0.4221,0,-0.9065,-1041.977,0,0,0,1
186.7362,-150.3845,0,-1042.203,1.412969,1.412969,-24.7068,-32.28038,0.25,-826.8574,245.2665,0,-0.9047,0,0.426,-150.3845,0,1,0,0,-0.426,0,-0.9047,-1042.203,0,0,0,1
186.7475,-150.277,0,-1042.429,1.419196,1.419196,-24.97413,-32.28038,0.25,-826.8574,245.4129,0,-0.9028,0,0.43,-150.277,0,1,0,0,-0.43,0,-0.9028,-1042.429,0,0,0,1
186.7589,-150.1685,0,-1042.654,1.424306,1.424306,-25.2195,-32.28038,0.25,-826.8574,245.5585,0,-0.9009,0,0.434,-150.1685,0,1,0,0,-0.434,0,-0.9009,-1042.654,0,0,0,1
186.7702,-149.9486,0,-1043.103,1.436798,1.436798,-25.40261,-32.28038,0.25,-826.8574,245.8476,0,-0.8971,0,0.4419,-149.9486,0,1,0,0,-0.4419,0,-0.8971,-1043.103,0,0,0,1
186.7813,-149.8371,0,-1043.327,1.442824,1.442824,-25.60037,-32.28038,0.25,-826.8574,245.9911,0,-0.8951,0,0.4459,-149.8371,0,1,0,0,-0.4459,0,-0.8951,-1043.327,0,0,0,1
186.7928,-149.7246,0,-1043.55,1.447692,1.447692,-25.71756,-32.28038,0.25,-826.8574,246.1337,0,-0.8931,0,0.4499,-149.7246,0,1,0,0,-0.4499,0,-0.8931,-1043.55,0,0,0,1
186.8041,-149.6111,0,-1043.773,1.452358,1.452358,-25.80911,-32.28038,0.25,-826.8574,246.2757,0,-0.891,0,0.454,-149.6111,0,1,0,0,-0.454,0,-0.891,-1043.773,0,0,0,1
186.8155,-149.4966,0,-1043.995,1.459248,1.459248,-25.81277,-32.28038,0.25,-826.8574,246.4169,0,-0.889,0,0.458,-149.4966,0,1,0,0,-0.458,0,-0.889,-1043.995,0,0,0,1
186.8266,-149.3811,0,-1044.217,1.464969,1.464969,-25.81277,-32.28038,0.25,-826.8574,246.5573,0,-0.8869,0,0.462,-149.3811,0,1,0,0,-0.462,0,-0.8869,-1044.217,0,0,0,1
186.8376,-149.2646,0,-1044.438,1.469527,1.469527,-25.81277,-32.28038,0.25,-826.8574,246.6969,0,-0.8848,0,0.466,-149.2646,0,1,0,0,-0.466,0,-0.8848,-1044.438,0,0,0,1
186.8497,-149.1471,0,-1044.658,1.473436,1.473436,-25.81277,-32.28038,0.25,-826.8574,246.8359,0,-0.8827,0,0.4699,-149.1471,0,1,0,0,-0.4699,0,-0.8827,-1044.658,0,0,0,1
186.8606,-148.9092,0,-1045.098,1.485421,1.485421,-25.81277,-32.28038,0.25,-826.8574,247.1113,0,-0.8784,0,0.4779,-148.9092,0,1,0,0,-0.4779,0,-0.8784,-1045.098,0,0,0,1
186.8746,-148.7887,0,-1045.317,1.489668,1.489668,-25.81277,-32.28038,0.25,-826.8574,247.248,0,-0.8763,0,0.4818,-148.7887,0,1,0,0,-0.4818,0,-0.8763,-1045.317,0,0,0,1
186.8852,-148.6673,0,-1045.536,1.492924,1.492924,-25.81277,-32.28038,0.25,-826.8574,247.3838,0,-0.8741,0,0.4858,-148.6673,0,1,0,0,-0.4858,0,-0.8741,-1045.536,0,0,0,1
186.893,-148.5449,0,-1045.754,1.499212,1.499212,-25.81277,-32.28038,0.25,-826.8574,247.519,0,-0.8719,0,0.4897,-148.5449,0,1,0,0,-0.4897,0,-0.8719,-1045.754,0,0,0,1
