time,pos_x,pos_y,pos_z,distFromRoadCenter,signedDistFromRoadCenter,wheelAngle,obstacle_pos_x,obstacle_pos_y,obstacle_pos_z,distance_to_obstacle,brake_position,simplecar_4x4_R0C0,simplecar_4x4_R0C1,simplecar_4x4_R0C2,simplecar_4x4_R0C3,simplecar_4x4_R1C0,simplecar_4x4_R1C1,simplecar_4x4_R1C2,simplecar_4x4_R1C3,simplecar_4x4_R2C0,simplecar_4x4_R2C1,simplecar_4x4_R2C2,simplecar_4x4_R2C3,simplecar_4x4_R3C0,simplecar_4x4_R3C1,simplecar_4x4_R3C2,simplecar_4x4_R3C3
154.3834,206.7309,0,-804.9194,0.296231,0.296231,0.474258,215.6535,0.25,-745.7065,59.59736,0,0.9677,0,0.252,206.7309,0,1,0,0,-0.252,0,0.9677,-804.9194,0,0,0,1
154.3946,206.7939,0,-804.6775,0.301353,0.301353,0.56581,215.6535,0.25,-745.7065,59.34882,0,0.9677,0,0.2521,206.7939,0,1,0,0,-0.2521,0,0.9677,-804.6775,0,0,0,1
154.4055,206.857,0,-804.4355,0.306503,0.306503,0.609756,215.6535,0.25,-745.7065,59.1003,0,0.9677,0,0.2522,206.857,0,1,0,0,-0.2522,0,0.9677,-804.4355,0,0,0,1
154.4166,206.92,0,-804.1937,0.311684,0.311684,0.63539,215.6535,0.25,-745.7065,58.85184,0,0.9676,0,0.2523,206.92,0,1,0,0,-0.2523,0,0.9676,-804.1937,0,0,0,1
154.4278,206.9832,0,-803.9518,0.316895,0.316895,0.63539,215.6535,0.25,-745.7065,58.60339,0,0.9676,0,0.2525,206.9832,0,1,0,0,-0.2525,0,0.9676,-803.9518,0,0,0,1
154.4398,207.0463,0,-803.7099,0.322136,0.322136,0.63539,215.6535,0.25,-745.7065,58.35496,0,0.9676,0,0.2526,207.0463,0,1,0,0,-0.2526,0,0.9676,-803.7099,0,0,0,1
154.4507,207.1727,0,-803.2261,0.332691,0.332691,0.63539,215.6535,0.25,-745.7065,57.85805,0,0.9675,0,0.2528,207.1727,0,1,0,0,-0.2528,0,0.9675,-803.2261,0,0,0,1
154.4609,207.2359,0,-802.9843,0.338021,0.338021,0.63539,215.6535,0.25,-745.7065,57.6097,0,0.9675,0,0.2529,207.2359,0,1,0,0,-0.2529,0,0.9675,-802.9843,0,0,0,1
154.4723,207.2991,0,-802.7424,0.34335,0.34335,0.63539,215.6535,0.25,-745.7065,57.3613,0,0.9675,0,0.253,207.2991,0,1,0,0,-0.253,0,0.9675,-802.7424,0,0,0,1
154.4832,207.3624,0,-802.5005,0.348724,0.348724,0.61708,215.6535,0.25,-745.7065,57.11291,0,0.9674,0,0.2531,207.3624,0,1,0,0,-0.2531,0,0.9674,-802.5005,0,0,0,1
154.4944,207.4257,0,-802.2587,0.354142,0.354142,0.609756,215.6535,0.25,-745.7065,56.86459,0,0.9674,0,0.2532,207.4257,0,1,0,0,-0.2532,0,0.9674,-802.2587,0,0,0,1
154.509,207.489,0,-802.0168,0.359575,0.359575,0.595107,215.6535,0.25,-745.7065,56.61623,0,0.9674,0,0.2533,207.489,0,1,0,0,-0.2533,0,0.9674,-802.0168,0,0,0,1
154.5165,207.5524,0,-801.775,0.365053,0.365053,0.587783,215.6535,0.25,-745.7065,56.36799,0,0.9674,0,0.2534,207.5524,0,1,0,0,-0.2534,0,0.9674,-801.775,0,0,0,1
154.528,207.6158,0,-801.5331,0.3705,0.3705,0.587783,215.6535,0.25,-745.7065,56.11965,0,0.9673,0,0.2535,207.6158,0,1,0,0,-0.2535,0,0.9673,-801.5331,0,0,0,1
154.5392,207.6792,0,-801.2913,0.376022,0.376022,0.587783,215.6535,0.25,-745.7065,55.87137,0,0.9673,0,0.2536,207.6792,0,1,0,0,-0.2536,0,0.9673,-801.2913,0,0,0,1
154.5503,207.806,0,-800.8077,0.387096,0.387096,0.587783,215.6535,0.25,-745.7065,55.37487,0,0.9673,0,0.2538,207.806,0,1,0,0,-0.2538,0,0.9673,-800.8077,0,0,0,1
154.5611,207.8695,0,-800.5659,0.392677,0.392677,0.587783,215.6535,0.25,-745.7065,55.12669,0,0.9672,0,0.2539,207.8695,0,1,0,0,-0.2539,0,0.9672,-800.5659,0,0,0,1
154.5726,207.933,0,-800.3241,0.398273,0.398273,0.587783,215.6535,0.25,-745.7065,54.87847,0,0.9672,0,0.254,207.933,0,1,0,0,-0.254,0,0.9672,-800.3241,0,0,0,1
154.584,207.9965,0,-800.0822,0.403898,0.403898,0.587783,215.6535,0.25,-745.7065,54.6302,0,0.9672,0,0.2541,207.9965,0,1,0,0,-0.2541,0,0.9672,-800.0822,0,0,0,1
154.5956,208.0601,0,-799.8405,0.409554,0.409554,0.587783,215.6535,0.25,-745.7065,54.38206,0,0.9672,0,0.2542,208.0601,0,1,0,0,-0.2542,0,0.9672,-799.8405,0,0,0,1
154.6106,208.1872,0,-799.3569,0.420967,0.420967,0.587783,215.6535,0.25,-745.7065,53.88584,0,0.9671,0,0.2544,208.1872,0,1,0,0,-0.2544,0,0.9671,-799.3569,0,0,0,1
154.6217,208.2509,0,-799.1152,0.426697,0.426697,0.587783,215.6535,0.25,-745.7065,53.63774,0,0.9671,0,0.2545,208.2509,0,1,0,0,-0.2545,0,0.9671,-799.1152,0,0,0,1
154.6297,208.2509,0,-799.1152,0.426712,0.426712,0.587783,215.6535,0.25,-745.7065,53.6378,0,0.9671,0,0.2545,208.2509,0,1,0,0,-0.2545,0,0.9671,-799.1152,0,0,0,1
154.639,208.3145,0,-798.8734,0.432456,0.432456,0.587783,215.6535,0.25,-745.7065,53.38966,0,0.967,0,0.2546,208.3145,0,1,0,0,-0.2546,0,0.967,-798.8734,0,0,0,1
154.6505,208.4419,0,-798.3899,0.444047,0.444047,0.587783,215.6535,0.25,-745.7065,52.89355,0,0.967,0,0.2548,208.4419,0,1,0,0,-0.2548,0,0.967,-798.3899,0,0,0,1
154.6623,208.5056,0,-798.1481,0.449894,0.449894,0.587783,215.6535,0.25,-745.7065,52.64551,0,0.967,0,0.2549,208.5056,0,1,0,0,-0.2549,0,0.967,-798.1481,0,0,0,1
154.6726,208.5694,0,-797.9064,0.455772,0.455772,0.587783,215.6535,0.25,-745.7065,52.39755,0,0.9669,0,0.255,208.5694,0,1,0,0,-0.255,0,0.9669,-797.9064,0,0,0,1
154.6841,208.6331,0,-797.6647,0.461635,0.461635,0.587783,215.6535,0.25,-745.7065,52.14955,0,0.9669,0,0.2551,208.6331,0,1,0,0,-0.2551,0,0.9669,-797.6647,0,0,0,1
154.6954,208.6969,0,-797.423,0.467556,0.467556,0.587783,215.6535,0.25,-745.7065,51.90163,0,0.9669,0,0.2552,208.6969,0,1,0,0,-0.2552,0,0.9669,-797.423,0,0,0,1
154.7065,208.7607,0,-797.1813,0.473493,0.473493,0.587783,215.6535,0.25,-745.7065,51.65371,0,0.9669,0,0.2553,208.7607,0,1,0,0,-0.2553,0,0.9669,-797.1813,0,0,0,1
154.7173,208.8246,0,-796.9396,0.479473,0.479473,0.587783,215.6535,0.25,-745.7065,51.40582,0,0.9668,0,0.2554,208.8246,0,1,0,0,-0.2554,0,0.9668,-796.9396,0,0,0,1
154.7283,208.8885,0,-796.6979,0.485469,0.485469,0.587783,215.6535,0.25,-745.7065,51.15795,0,0.9668,0,0.2555,208.8885,0,1,0,0,-0.2555,0,0.9668,-796.6979,0,0,0,1
154.7396,208.9523,0,-796.4562,0.491479,0.491479,0.587783,215.6535,0.25,-745.7065,50.91009,0,0.9668,0,0.2556,208.9523,0,1,0,0,-0.2556,0,0.9668,-796.4562,0,0,0,1
154.7505,209.0802,0,-795.9728,0.503589,0.503589,0.587783,215.6535,0.25,-745.7065,50.41443,0,0.9667,0,0.2558,209.0802,0,1,0,0,-0.2558,0,0.9667,-795.9728,0,0,0,1
154.7616,209.1442,0,-795.7311,0.509673,0.509673,0.587783,215.6535,0.25,-745.7065,50.16663,0,0.9667,0,0.2559,209.1442,0,1,0,0,-0.2559,0,0.9667,-795.7311,0,0,0,1
154.773,209.2082,0,-795.4894,0.515758,0.515758,0.587783,215.6535,0.25,-745.7065,49.91884,0,0.9667,0,0.256,209.2082,0,1,0,0,-0.256,0,0.9667,-795.4894,0,0,0,1
154.7839,209.2722,0,-795.2478,0.521975,0.521975,0.587783,215.6535,0.25,-745.7065,49.6712,0,0.9667,0,0.2561,209.2722,0,1,0,0,-0.2561,0,0.9667,-795.2478,0,0,0,1
154.7949,209.3362,0,-795.0061,0.528105,0.528105,0.587783,215.6535,0.25,-745.7065,49.42345,0,0.9666,0,0.2562,209.3362,0,1,0,0,-0.2562,0,0.9666,-795.0061,0,0,0,1
154.8062,209.4003,0,-794.7645,0.534307,0.534307,0.587783,215.6535,0.25,-745.7065,49.17579,0,0.9666,0,0.2563,209.4003,0,1,0,0,-0.2563,0,0.9666,-794.7645,0,0,0,1
154.8172,209.4644,0,-794.5228,0.540525,0.540525,0.587783,215.6535,0.25,-745.7065,48.92815,0,0.9666,0,0.2564,209.4644,0,1,0,0,-0.2564,0,0.9666,-794.5228,0,0,0,1
154.8284,209.5285,0,-794.2812,0.546772,0.546772,0.587783,215.6535,0.25,-745.7065,48.68052,0,0.9666,0,0.2565,209.5285,0,1,0,0,-0.2565,0,0.9666,-794.2812,0,0,0,1
154.8401,209.6568,0,-793.7979,0.559341,0.559341,0.587783,215.6535,0.25,-745.7065,48.18534,0,0.9665,0,0.2567,209.6568,0,1,0,0,-0.2567,0,0.9665,-793.7979,0,0,0,1
154.8505,209.721,0,-793.5563,0.565662,0.565662,0.587783,215.6535,0.25,-745.7065,47.93779,0,0.9665,0,0.2568,209.721,0,1,0,0,-0.2568,0,0.9665,-793.5563,0,0,0,1
154.8614,209.7852,0,-793.3146,0.572028,0.572028,0.587783,215.6535,0.25,-745.7065,47.69025,0,0.9664,0,0.2569,209.7852,0,1,0,0,-0.2569,0,0.9664,-793.3146,0,0,0,1
154.8727,209.8495,0,-793.0731,0.578408,0.578408,0.587783,215.6535,0.25,-745.7065,47.4428,0,0.9664,0,0.257,209.8495,0,1,0,0,-0.257,0,0.9664,-793.0731,0,0,0,1
154.8844,209.9138,0,-792.8315,0.584833,0.584833,0.587783,215.6535,0.25,-745.7065,47.19537,0,0.9664,0,0.2571,209.9138,0,1,0,0,-0.2571,0,0.9664,-792.8315,0,0,0,1
154.8947,209.978,0,-792.5898,0.591228,0.591228,0.587783,215.6535,0.25,-745.7065,46.94791,0,0.9664,0,0.2572,209.978,0,1,0,0,-0.2572,0,0.9664,-792.5898,0,0,0,1
154.906,210.0424,0,-792.3483,0.597712,0.597712,0.587783,215.6535,0.25,-745.7065,46.7006,0,0.9663,0,0.2573,210.0424,0,1,0,0,-0.2573,0,0.9663,-792.3483,0,0,0,1
154.9177,210.1067,0,-792.1068,0.604197,0.604197,0.587783,215.6535,0.25,-745.7065,46.45324,0,0.9663,0,0.2574,210.1067,0,1,0,0,-0.2574,0,0.9663,-792.1068,0,0,0,1
154.9288,210.1711,0,-791.8652,0.610681,0.610681,0.587783,215.6535,0.25,-745.7065,46.20592,0,0.9663,0,0.2575,210.1711,0,1,0,0,-0.2575,0,0.9663,-791.8652,0,0,0,1
154.9435,210.2999,0,-791.3821,0.623797,0.623797,0.587783,215.6535,0.25,-745.7065,45.7114,0,0.9662,0,0.2577,210.2999,0,1,0,0,-0.2577,0,0.9662,-791.3821,0,0,0,1
154.9533,210.3643,0,-791.1405,0.630355,0.630355,0.587783,215.6535,0.25,-745.7065,45.46416,0,0.9662,0,0.2578,210.3643,0,1,0,0,-0.2578,0,0.9662,-791.1405,0,0,0,1
154.9623,210.4288,0,-790.8989,0.636958,0.636958,0.587783,215.6535,0.25,-745.7065,45.21694,0,0.9662,0,0.2579,210.4288,0,1,0,0,-0.2579,0,0.9662,-790.8989,0,0,0,1
154.9725,210.4933,0,-790.6573,0.643576,0.643576,0.587783,215.6535,0.25,-745.7065,44.96975,0,0.9662,0,0.258,210.4933,0,1,0,0,-0.258,0,0.9662,-790.6573,0,0,0,1
154.9836,210.5578,0,-790.4159,0.650267,0.650267,0.587783,215.6535,0.25,-745.7065,44.72271,0,0.9661,0,0.2581,210.5578,0,1,0,0,-0.2581,0,0.9661,-790.4159,0,0,0,1
154.9947,210.6223,0,-790.1743,0.656914,0.656914,0.587783,215.6535,0.25,-745.7065,44.47558,0,0.9661,0,0.2582,210.6223,0,1,0,0,-0.2582,0,0.9661,-790.1743,0,0,0,1
155.006,210.6869,0,-789.9329,0.66365,0.66365,0.587783,215.6535,0.25,-745.7065,44.2286,0,0.9661,0,0.2583,210.6869,0,1,0,0,-0.2583,0,0.9661,-789.9329,0,0,0,1
155.0171,210.7515,0,-789.6913,0.670401,0.670401,0.587783,215.6535,0.25,-745.7065,43.98159,0,0.966,0,0.2584,210.7515,0,1,0,0,-0.2584,0,0.966,-789.6913,0,0,0,1
155.0284,210.8161,0,-789.4498,0.677151,0.677151,0.587783,215.6535,0.25,-745.7065,43.73461,0,0.966,0,0.2585,210.8161,0,1,0,0,-0.2585,0,0.966,-789.4498,0,0,0,1
155.0396,210.8807,0,-789.2083,0.683931,0.683931,0.587783,215.6535,0.25,-745.7065,43.48766,0,0.966,0,0.2586,210.8807,0,1,0,0,-0.2586,0,0.966,-789.2083,0,0,0,1
155.0507,211.0101,0,-788.7253,0.697551,0.697551,0.587783,215.6535,0.25,-745.7065,42.99387,0,0.9659,0,0.2588,211.0101,0,1,0,0,-0.2588,0,0.9659,-788.7253,0,0,0,1
155.0617,211.0748,0,-788.4839,0.70445,0.70445,0.587783,215.6535,0.25,-745.7065,42.74714,0,0.9659,0,0.2589,211.0748,0,1,0,0,-0.2589,0,0.9659,-788.4839,0,0,0,1
155.0737,211.1395,0,-788.2424,0.711334,0.711334,0.587783,215.6535,0.25,-745.7065,42.50033,0,0.9659,0,0.259,211.1395,0,1,0,0,-0.259,0,0.9659,-788.2424,0,0,0,1
155.0842,211.2043,0,-788.0009,0.718232,0.718232,0.587783,215.6535,0.25,-745.7065,42.25362,0,0.9659,0,0.2591,211.2043,0,1,0,0,-0.2591,0,0.9659,-788.0009,0,0,0,1
155.095,211.2691,0,-787.7595,0.72519,0.72519,0.587783,215.6535,0.25,-745.7065,42.00694,0,0.9658,0,0.2592,211.2691,0,1,0,0,-0.2592,0,0.9658,-787.7595,0,0,0,1
155.107,211.3339,0,-787.518,0.732148,0.732148,0.587783,215.6535,0.25,-745.7065,41.7603,0,0.9658,0,0.2593,211.3339,0,1,0,0,-0.2593,0,0.9658,-787.518,0,0,0,1
155.1179,211.3987,0,-787.2766,0.73915,0.73915,0.587783,215.6535,0.25,-745.7065,41.51369,0,0.9658,0,0.2593,211.3987,0,1,0,0,-0.2593,0,0.9658,-787.2766,0,0,0,1
155.1285,211.4636,0,-787.0351,0.746153,0.746153,0.587783,215.6535,0.25,-745.7065,41.26712,0,0.9658,0,0.2594,211.4636,0,1,0,0,-0.2594,0,0.9658,-787.0351,0,0,0,1
155.1395,211.5285,0,-786.7936,0.753185,0.753185,0.587783,215.6535,0.25,-745.7065,41.0206,0,0.9657,0,0.2595,211.5285,0,1,0,0,-0.2595,0,0.9657,-786.7936,0,0,0,1
155.1509,211.6583,0,-786.3108,0.767352,0.767352,0.587783,215.6535,0.25,-745.7065,40.52773,0,0.9657,0,0.2597,211.6583,0,1,0,0,-0.2597,0,0.9657,-786.3108,0,0,0,1
155.1617,211.7233,0,-786.0694,0.774473,0.774473,0.587783,215.6535,0.25,-745.7065,40.28139,0,0.9657,0,0.2598,211.7233,0,1,0,0,-0.2598,0,0.9657,-786.0694,0,0,0,1
155.1728,211.7883,0,-785.8279,0.781609,0.781609,0.587783,215.6535,0.25,-745.7065,40.03503,0,0.9656,0,0.2599,211.7883,0,1,0,0,-0.2599,0,0.9656,-785.8279,0,0,0,1
155.184,211.8533,0,-785.5867,0.788818,0.788818,0.587783,215.6535,0.25,-745.7065,39.78889,0,0.9656,0,0.26,211.8533,0,1,0,0,-0.26,0,0.9656,-785.5867,0,0,0,1
155.195,211.9183,0,-785.3452,0.795998,0.795998,0.587783,215.6535,0.25,-745.7065,39.54262,0,0.9656,0,0.2601,211.9183,0,1,0,0,-0.2601,0,0.9656,-785.3452,0,0,0,1
155.2061,211.9834,0,-785.1038,0.803208,0.803208,0.587783,215.6535,0.25,-745.7065,39.29646,0,0.9655,0,0.2602,211.9834,0,1,0,0,-0.2602,0,0.9655,-785.1038,0,0,0,1
155.2176,212.0485,0,-784.8624,0.810461,0.810461,0.587783,215.6535,0.25,-745.7065,39.05034,0,0.9655,0,0.2603,212.0485,0,1,0,0,-0.2603,0,0.9655,-784.8624,0,0,0,1
155.2282,212.1136,0,-784.621,0.817701,0.817701,0.587783,215.6535,0.25,-745.7065,38.80421,0,0.9655,0,0.2604,212.1136,0,1,0,0,-0.2604,0,0.9655,-784.621,0,0,0,1
155.2396,212.1787,0,-784.3796,0.825014,0.825014,0.587783,215.6535,0.25,-745.7065,38.55825,0,0.9655,0,0.2605,212.1787,0,1,0,0,-0.2605,0,0.9655,-784.3796,0,0,0,1
155.2505,212.3091,0,-783.897,0.8397,0.8397,0.587783,215.6535,0.25,-745.7065,38.06648,0,0.9654,0,0.2607,212.3091,0,1,0,0,-0.2607,0,0.9654,-783.897,0,0,0,1
155.2617,212.3743,0,-783.6556,0.847102,0.847102,0.587783,215.6535,0.25,-745.7065,37.82067,0,0.9654,0,0.2608,212.3743,0,1,0,0,-0.2608,0,0.9654,-783.6556,0,0,0,1
155.276,212.4395,0,-783.4143,0.854489,0.854489,0.543838,215.6535,0.25,-745.7065,37.57491,0,0.9654,0,0.2609,212.4395,0,1,0,0,-0.2609,0,0.9654,-783.4143,0,0,0,1
155.2871,212.5048,0,-783.173,0.861905,0.861905,0.466919,215.6535,0.25,-745.7065,37.32922,0,0.9653,0,0.261,212.5048,0,1,0,0,-0.261,0,0.9653,-783.173,0,0,0,1
155.2958,212.57,0,-782.9316,0.869337,0.869337,0.349731,215.6535,0.25,-745.7065,37.08357,0,0.9653,0,0.2611,212.57,0,1,0,0,-0.2611,0,0.9653,-782.9316,0,0,0,1
155.306,212.6353,0,-782.6903,0.876784,0.876784,0.232544,215.6535,0.25,-745.7065,36.83799,0,0.9653,0,0.2611,212.6353,0,1,0,0,-0.2611,0,0.9653,-782.6903,0,0,0,1
155.3174,212.7006,0,-782.449,0.884216,0.884216,0.060425,215.6535,0.25,-745.7065,36.59246,0,0.9653,0,0.2611,212.7006,0,1,0,0,-0.2611,0,0.9653,-782.449,0,0,0,1
155.3285,212.7659,0,-782.2076,0.891676,0.891676,-0.210571,215.6535,0.25,-745.7065,36.347,0,0.9653,0,0.2611,212.7659,0,1,0,0,-0.2611,0,0.9653,-782.2076,0,0,0,1
155.3397,212.8311,0,-781.9663,0.899078,0.899078,-0.452278,215.6535,0.25,-745.7065,36.1016,0,0.9653,0,0.261,212.8311,0,1,0,0,-0.261,0,0.9653,-781.9663,0,0,0,1
155.351,212.9615,0,-781.4836,0.913823,0.913823,-0.785537,215.6535,0.25,-745.7065,35.61099,0,0.9654,0,0.2607,212.9615,0,1,0,0,-0.2607,0,0.9654,-781.4836,0,0,0,1
155.3627,213.0266,0,-781.2422,0.921122,0.921122,-1.115127,215.6535,0.25,-745.7065,35.36567,0,0.9655,0,0.2605,213.0266,0,1,0,0,-0.2605,0,0.9655,-781.2422,0,0,0,1
155.3732,213.0917,0,-781.0009,0.928346,0.928346,-1.679106,215.6535,0.25,-745.7065,35.12054,0,0.9655,0,0.2603,213.0917,0,1,0,0,-0.2603,0,0.9655,-781.0009,0,0,0,1
155.3843,213.1567,0,-780.7594,0.935467,0.935467,-1.913481,215.6535,0.25,-745.7065,34.87537,0,0.9656,0,0.2599,213.1567,0,1,0,0,-0.2599,0,0.9656,-780.7594,0,0,0,1
155.3954,213.2216,0,-780.518,0.942529,0.942529,-2.393224,215.6535,0.25,-745.7065,34.63033,0,0.9657,0,0.2595,213.2216,0,1,0,0,-0.2595,0,0.9657,-780.518,0,0,0,1
155.4064,213.2863,0,-780.2766,0.949427,0.949427,-2.898602,215.6535,0.25,-745.7065,34.38531,0.015686,0.9659,0,0.2591,213.2863,0,1,0,0,-0.2591,0,0.9659,-780.2766,0,0,0,1
155.4175,213.351,0,-780.035,0.956208,0.956208,-3.345387,215.6535,0.25,-745.7065,34.14031,0.054902,0.966,0,0.2585,213.351,0,1,0,0,-0.2585,0,0.966,-780.035,0,0,0,1
155.4287,213.4154,0,-779.7936,0.962795,0.962795,-3.905697,215.6535,0.25,-745.7065,33.89546,0.101961,0.9662,0,0.2578,213.4154,0,1,0,0,-0.2578,0,0.9662,-779.7936,0,0,0,1
155.4397,213.4796,0,-779.5523,0.969205,0.969205,-4.400089,215.6535,0.25,-745.7065,33.65087,0.156863,0.9664,0,0.2571,213.4796,0,1,0,0,-0.2571,0,0.9664,-779.5523,0,0,0,1
155.4507,213.6071,0,-779.0704,0.98133,0.98133,-5.011675,215.6535,0.25,-745.7065,33.16265,0.211765,0.9668,0,0.2554,213.6071,0,1,0,0,-0.2554,0,0.9668,-779.0704,0,0,0,1
155.4618,213.6703,0,-778.83,0.987015,0.987015,-5.531702,215.6535,0.25,-745.7065,32.91919,0.258824,0.9671,0,0.2545,213.6703,0,1,0,0,-0.2545,0,0.9671,-778.83,0,0,0,1
155.4731,213.7332,0,-778.5901,0.992477,0.992477,-6.150606,215.6535,0.25,-745.7065,32.67632,0.282353,0.9674,0,0.2534,213.7332,0,1,0,0,-0.2534,0,0.9674,-778.5901,0,0,0,1
155.4841,213.7957,0,-778.3505,0.99757,0.99757,-6.66697,215.6535,0.25,-745.7065,32.43386,0.298039,0.9676,0,0.2523,213.7957,0,1,0,0,-0.2523,0,0.9676,-778.3505,0,0,0,1
155.4953,213.8577,0,-778.1114,1.002337,1.002337,-7.311516,215.6535,0.25,-745.7065,32.19204,0.298039,0.968,0,0.2511,213.8577,0,1,0,0,-0.2511,0,0.968,-778.1114,0,0,0,1
155.5065,213.9192,0,-777.8729,1.006792,1.006792,-7.956054,215.6535,0.25,-745.7065,31.95088,0.298039,0.9683,0,0.2497,213.9192,0,1,0,0,-0.2497,0,0.9683,-777.8729,0,0,0,1
155.5176,213.9802,0,-777.6348,1.010834,1.010834,-8.487067,215.6535,0.25,-745.7065,31.71024,0.298039,0.9687,0,0.2483,213.9802,0,1,0,0,-0.2483,0,0.9687,-777.6348,0,0,0,1
155.5287,214.0407,0,-777.3972,1.01452,1.01452,-9.113295,215.6535,0.25,-745.7065,31.47026,0.298039,0.9691,0,0.2467,214.0407,0,1,0,0,-0.2467,0,0.9691,-777.3972,0,0,0,1
155.5398,214.1007,0,-777.16,1.017733,1.017733,-9.831083,215.6535,0.25,-745.7065,31.23074,0.298039,0.9695,0,0.2451,214.1007,0,1,0,0,-0.2451,0,0.9695,-777.16,0,0,0,1
155.5513,214.2188,0,-776.6873,1.022885,1.022885,-10.25956,215.6535,0.25,-745.7065,30.7536,0.298039,0.9704,0,0.2416,214.2188,0,1,0,0,-0.2416,0,0.9704,-776.6873,0,0,0,1
155.5618,214.2771,0,-776.4515,1.024765,1.024765,-10.88212,215.6535,0.25,-745.7065,30.51586,0.298039,0.9708,0,0.2398,214.2771,0,1,0,0,-0.2398,0,0.9708,-776.4515,0,0,0,1
155.5732,214.3347,0,-776.2162,1.027885,1.027885,-11.3875,215.6535,0.25,-745.7065,30.27864,0.298039,0.9713,0,0.2378,214.3347,0,1,0,0,-0.2378,0,0.9713,-776.2162,0,0,0,1
155.5844,214.3916,0,-775.9815,1.030829,1.030829,-11.89288,215.6535,0.25,-745.7065,30.04207,0.298039,0.9718,0,0.2358,214.3916,0,1,0,0,-0.2358,0,0.9718,-775.9815,0,0,0,1
155.5953,214.448,0,-775.7472,1.033223,1.033223,-12.52278,215.6535,0.25,-745.7065,29.80603,0.282353,0.9723,0,0.2337,214.448,0,1,0,0,-0.2337,0,0.9723,-775.7472,0,0,0,1
155.6095,214.5036,0,-775.5133,1.035037,1.035037,-13.17098,215.6535,0.25,-745.7065,29.57052,0.282353,0.9728,0,0.2315,214.5036,0,1,0,0,-0.2315,0,0.9728,-775.5133,0,0,0,1
155.6211,214.6128,0,-775.0468,1.043626,1.043626,-13.94003,215.6535,0.25,-745.7065,29.10102,0.282353,0.974,0,0.2267,214.6128,0,1,0,0,-0.2267,0,0.974,-775.0468,0,0,0,1
155.6289,214.6128,0,-775.0468,1.043626,1.043626,-13.94003,215.6535,0.25,-745.7065,29.10102,0.282353,0.974,0,0.2267,214.6128,0,1,0,0,-0.2267,0,0.974,-775.0468,0,0,0,1
155.6396,214.6663,0,-774.8141,1.047656,1.047656,-14.9691,215.6535,0.25,-745.7065,28.86702,0.282353,0.9745,0,0.2242,214.6663,0,1,0,0,-0.2242,0,0.9745,-774.8141,0,0,0,1
155.6509,214.7711,0,-774.35,1.055306,1.055306,-15.66125,215.6535,0.25,-745.7065,28.40054,0.282353,0.9758,0,0.2188,214.7711,0,1,0,0,-0.2188,0,0.9758,-774.35,0,0,0,1
155.6622,214.8223,0,-774.1185,1.061345,1.061345,-16.25818,215.6535,0.25,-745.7065,28.16805,0.313726,0.9764,0,0.2161,214.8223,0,1,0,0,-0.2161,0,0.9764,-774.1185,0,0,0,1
155.6732,214.8727,0,-773.8876,1.066685,1.066685,-16.98329,215.6535,0.25,-745.7065,27.93613,0.321569,0.977,0,0.2132,214.8727,0,1,0,0,-0.2132,0,0.977,-773.8876,0,0,0,1
155.6848,214.9223,0,-773.657,1.07125,1.07125,-17.6022,215.6535,0.25,-745.7065,27.70474,0.329412,0.9777,0,0.2102,214.9223,0,1,0,0,-0.2102,0,0.9777,-773.657,0,0,0,1
155.6953,214.9709,0,-773.427,1.075369,1.075369,-18.3273,215.6535,0.25,-745.7065,27.47393,0.329412,0.9783,0,0.207,214.9709,0,1,0,0,-0.207,0,0.9783,-773.427,0,0,0,1
155.7065,215.0187,0,-773.1974,1.082355,1.082355,-19.23919,215.6535,0.25,-745.7065,27.24368,0.337255,0.979,0,0.2038,215.0187,0,1,0,0,-0.2038,0,0.979,-773.1974,0,0,0,1
155.7176,215.0656,0,-772.9684,1.08848,1.08848,-19.79217,215.6535,0.25,-745.7065,27.01402,0.345098,0.9797,0,0.2004,215.0656,0,1,0,0,-0.2004,0,0.9797,-772.9684,0,0,0,1
155.7287,215.1115,0,-772.7399,1.093726,1.093726,-20.60151,215.6535,0.25,-745.7065,26.78498,0.345098,0.9804,0,0.1969,215.1115,0,1,0,0,-0.1969,0,0.9804,-772.7399,0,0,0,1
155.7402,215.2003,0,-772.2844,1.10445,1.10445,-21.27901,215.6535,0.25,-745.7065,26.32866,0.345098,0.9819,0,0.1896,215.2003,0,1,0,0,-0.1896,0,0.9819,-772.2844,0,0,0,1
155.7511,215.2432,0,-772.0574,1.110958,1.110958,-22.12131,215.6535,0.25,-745.7065,26.10138,0.352941,0.9826,0,0.1858,215.2432,0,1,0,0,-0.1858,0,0.9826,-772.0574,0,0,0,1
155.7623,215.2851,0,-771.8309,1.116502,1.116502,-22.84276,215.6535,0.25,-745.7065,25.87466,0.352941,0.9833,0,0.1819,215.2851,0,1,0,0,-0.1819,0,0.9833,-771.8309,0,0,0,1
155.7735,215.3259,0,-771.6049,1.12109,1.12109,-23.9707,215.6535,0.25,-745.7065,25.64856,0.352941,0.9841,0,0.1777,215.3259,0,1,0,0,-0.1777,0,0.9841,-771.6049,0,0,0,1
155.7848,215.3656,0,-771.3795,1.125783,1.125783,-24.52003,215.6535,0.25,-745.7065,25.42306,0.352941,0.9848,0,0.1735,215.3656,0,1,0,0,-0.1735,0,0.9848,-771.3795,0,0,0,1
155.7957,215.4042,0,-771.1546,1.13222,1.13222,-25.23781,215.6535,0.25,-745.7065,25.19812,0.352941,0.9856,0,0.1692,215.4042,0,1,0,0,-0.1692,0,0.9856,-771.1546,0,0,0,1
155.8069,215.4417,0,-770.9302,1.137558,1.137558,-26.07645,215.6535,0.25,-745.7065,24.97375,0.352941,0.9863,0,0.1647,215.4417,0,1,0,0,-0.1647,0,0.9863,-770.9302,0,0,0,1
155.8182,215.478,0,-770.7064,1.141819,1.141819,-26.74662,215.6535,0.25,-745.7065,24.74988,0.352941,0.9871,0,0.1601,215.478,0,1,0,0,-0.1601,0,0.9871,-770.7064,0,0,0,1
155.8289,215.5131,0,-770.483,1.144973,1.144973,-27.49005,215.6535,0.25,-745.7065,24.52655,0.352941,0.9879,0,0.1554,215.5131,0,1,0,0,-0.1554,0,0.9879,-770.483,0,0,0,1
155.8401,215.5798,0,-770.038,1.15486,1.15486,-28.05036,215.6535,0.25,-745.7065,24.08148,0.352941,0.9893,0,0.1457,215.5798,0,1,0,0,-0.1457,0,0.9893,-770.038,0,0,0,1
155.8519,215.6113,0,-769.8162,1.158425,1.158425,-28.6656,215.6535,0.25,-745.7065,23.85974,0.352941,0.99,0,0.1407,215.6113,0,1,0,0,-0.1407,0,0.99,-769.8162,0,0,0,1
155.8623,215.6416,0,-769.595,1.160884,1.160884,-29.17464,215.6535,0.25,-745.7065,23.63855,0.352941,0.9908,0,0.1357,215.6416,0,1,0,0,-0.1357,0,0.9908,-769.595,0,0,0,1
155.8732,215.6706,0,-769.3744,1.163108,1.163108,-29.67635,215.6535,0.25,-745.7065,23.41791,0.352941,0.9914,0,0.1305,215.6706,0,1,0,0,-0.1305,0,0.9914,-769.3744,0,0,0,1
155.8844,215.6984,0,-769.1543,1.166987,1.166987,-29.86679,215.6535,0.25,-745.7065,23.19781,0.352941,0.9921,0,0.1254,215.6984,0,1,0,0,-0.1254,0,0.9921,-769.1543,0,0,0,1
155.8959,215.725,0,-768.9348,1.169668,1.169668,-30.17807,215.6535,0.25,-745.7065,22.97827,0.360784,0.9928,0,0.1202,215.725,0,1,0,0,-0.1202,0,0.9928,-768.9348,0,0,0,1
155.9067,215.7503,0,-768.7158,1.171152,1.171152,-30.46372,215.6535,0.25,-745.7065,22.75934,0.360784,0.9934,0,0.1149,215.7503,0,1,0,0,-0.1149,0,0.9934,-768.7158,0,0,0,1
155.9176,215.7744,0,-768.4974,1.171432,1.171432,-30.6395,215.6535,0.25,-745.7065,22.54095,0.360784,0.994,0,0.1096,215.7744,0,1,0,0,-0.1096,0,0.994,-768.4974,0,0,0,1
155.9288,215.7972,0,-768.2797,1.17292,1.17292,-30.82628,215.6535,0.25,-745.7065,22.32318,0.360784,0.9946,0,0.1042,215.7972,0,1,0,0,-0.1042,0,0.9946,-768.2797,0,0,0,1
155.9432,215.8391,0,-767.8459,1.17501,1.17501,-30.97643,215.6535,0.25,-745.7065,21.88947,0.360784,0.9956,0,0.0934,215.8391,0,1,0,0,-0.0934,0,0.9956,-767.8459,0,0,0,1
155.9539,215.8582,0,-767.63,1.174272,1.174272,-31.06432,215.6535,0.25,-745.7065,21.67352,0.360784,0.9961,0,0.088,215.8582,0,1,0,0,-0.088,0,0.9961,-767.63,0,0,0,1
155.9621,215.876,0,-767.4147,1.172333,1.172333,-31.11192,215.6535,0.25,-745.7065,21.45819,0.360784,0.9966,0,0.0826,215.876,0,1,0,0,-0.0826,0,0.9966,-767.4147,0,0,0,1
155.9734,215.8927,0,-767.2,1.17275,1.17275,-31.12291,215.6535,0.25,-745.7065,21.24347,0.360784,0.997,0,0.0772,215.8927,0,1,0,0,-0.0772,0,0.997,-767.2,0,0,0,1
155.9847,215.9081,0,-766.9858,1.172125,1.172125,-31.12291,215.6535,0.25,-745.7065,21.02936,0.360784,0.9974,0,0.0718,215.9081,0,1,0,0,-0.0718,0,0.9974,-766.9858,0,0,0,1
155.9955,215.9223,0,-766.7724,1.17036,1.17036,-31.12291,215.6535,0.25,-745.7065,20.81593,0.360784,0.9978,0,0.0664,215.9223,0,1,0,0,-0.0664,0,0.9978,-766.7724,0,0,0,1
156.0065,215.9353,0,-766.5596,1.167409,1.167409,-31.12291,215.6535,0.25,-745.7065,20.60311,0.360784,0.9981,0,0.061,215.9353,0,1,0,0,-0.061,0,0.9981,-766.5596,0,0,0,1
156.0178,215.9471,0,-766.3474,1.163979,1.163979,-31.12291,215.6535,0.25,-745.7065,20.39098,0.360784,0.9985,0,0.0555,215.9471,0,1,0,0,-0.0555,0,0.9985,-766.3474,0,0,0,1
156.0288,215.9577,0,-766.1359,1.162352,1.162352,-31.12291,215.6535,0.25,-745.7065,20.17952,0.360784,0.9987,0,0.0501,215.9577,0,1,0,0,-0.0501,0,0.9987,-766.1359,0,0,0,1
156.0407,215.9754,0,-765.715,1.155651,1.155651,-31.12291,215.6535,0.25,-745.7065,19.75861,0.360784,0.9992,0,0.0393,215.9754,0,1,0,0,-0.0393,0,0.9992,-765.715,0,0,0,1
156.0512,215.9825,0,-765.5055,1.150591,1.150591,-31.12291,215.6535,0.25,-745.7065,19.54917,0.360784,0.9994,0,0.0338,215.9825,0,1,0,0,-0.0338,0,0.9994,-765.5055,0,0,0,1
156.0619,215.9884,0,-765.2967,1.145607,1.145607,-31.12291,215.6535,0.25,-745.7065,19.3404,0.360784,0.9996,0,0.0284,215.9884,0,1,0,0,-0.0284,0,0.9996,-765.2967,0,0,0,1
156.073,215.9932,0,-765.0886,1.141856,1.141856,-31.12291,215.6535,0.25,-745.7065,19.13235,0.360784,0.9997,0,0.023,215.9932,0,1,0,0,-0.023,0,0.9997,-765.0886,0,0,0,1
156.0846,215.9968,0,-764.8812,1.136963,1.136963,-31.12291,215.6535,0.25,-745.7065,18.92497,0.360784,0.9998,0,0.0175,215.9968,0,1,0,0,-0.0175,0,0.9998,-764.8812,0,0,0,1
156.0955,215.9993,0,-764.6746,1.130971,1.130971,-31.12291,215.6535,0.25,-745.7065,18.71832,0.360784,0.9999,0,0.0121,215.9993,0,1,0,0,-0.0121,0,0.9999,-764.6746,0,0,0,1
156.1063,216.0007,0,-764.4686,1.123866,1.123866,-31.12291,215.6535,0.25,-745.7065,18.51234,0.360784,1,0,0.0067,216.0007,0,1,0,0,-0.0067,0,1,-764.4686,0,0,0,1
156.1175,216.001,0,-764.2633,1.117108,1.117108,-31.12291,215.6535,0.25,-745.7065,18.30708,0.360784,1,0,0.0013,216.001,0,1,0,0,-0.0013,0,1,-764.2633,0,0,0,1
156.1286,216.0001,0,-764.0588,1.111299,1.111299,-31.12291,215.6535,0.25,-745.7065,18.10255,0.360784,1,0,-0.0042,216.0001,0,1,0,0,0.0042,0,1,-764.0588,0,0,0,1
156.1398,215.9982,0,-763.855,1.104391,1.104391,-31.12291,215.6535,0.25,-745.7065,17.89875,0.360784,1,0,-0.0096,215.9982,0,1,0,0,0.0096,0,1,-763.855,0,0,0,1
156.1507,215.991,0,-763.4495,1.087305,1.087305,-31.12291,215.6535,0.25,-745.7065,17.49326,0.360784,0.9998,0,-0.0205,215.991,0,1,0,0,0.0205,0,0.9998,-763.4495,0,0,0,1
156.162,215.9857,0,-763.2479,1.078555,1.078555,-31.12291,215.6535,0.25,-745.7065,17.29164,0.360784,0.9997,0,-0.0259,215.9857,0,1,0,0,0.0259,0,0.9997,-763.2479,0,0,0,1
156.1732,215.9794,0,-763.0472,1.070747,1.070747,-31.12291,215.6535,0.25,-745.7065,17.09087,0.360784,0.9995,0,-0.0313,215.9794,0,1,0,0,0.0313,0,0.9995,-763.0472,0,0,0,1
156.1842,215.9721,0,-762.8471,1.061904,1.061904,-31.12291,215.6535,0.25,-745.7065,16.89076,0.360784,0.9993,0,-0.0368,215.9721,0,1,0,0,0.0368,0,0.9993,-762.8471,0,0,0,1
156.1957,215.9637,0,-762.6478,1.051982,1.051982,-31.12291,215.6535,0.25,-745.7065,16.69139,0.360784,0.9991,0,-0.0422,215.9637,0,1,0,0,0.0422,0,0.9991,-762.6478,0,0,0,1
156.2074,215.9542,0,-762.4492,1.041025,1.041025,-31.12291,215.6535,0.25,-745.7065,16.49282,0.360784,0.9989,0,-0.0476,215.9542,0,1,0,0,0.0476,0,0.9989,-762.4492,0,0,0,1
156.2177,215.9437,0,-762.2515,1.030044,1.030044,-31.12291,215.6535,0.25,-745.7065,16.29503,0.360784,0.9986,0,-0.053,215.9437,0,1,0,0,0.053,0,0.9986,-762.2515,0,0,0,1
156.2285,215.9322,0,-762.0545,1.020344,1.020344,-31.1339,215.6535,0.25,-745.7065,16.09805,0.360784,0.9983,0,-0.0585,215.9322,0,1,0,0,0.0585,0,0.9983,-762.0545,0,0,0,1
156.2395,215.9196,0,-761.8583,1.009626,1.009626,-31.1339,215.6535,0.25,-745.7065,15.9018,0.360784,0.998,0,-0.0639,215.9196,0,1,0,0,0.0639,0,0.998,-761.8583,0,0,0,1
156.2507,215.8914,0,-761.4683,0.985058,0.985058,-31.1339,215.6535,0.25,-745.7065,15.51178,0.360784,0.9972,0,-0.0747,215.8914,0,1,0,0,0.0747,0,0.9972,-761.4683,0,0,0,1
156.2617,215.8759,0,-761.2744,0.971611,0.971611,-31.1339,215.6535,0.25,-745.7065,15.31793,0.360784,0.9968,0,-0.0801,215.8759,0,1,0,0,0.0801,0,0.9968,-761.2744,0,0,0,1
156.2758,215.8593,0,-761.0814,0.960109,0.960109,-31.1339,215.6535,0.25,-745.7065,15.12494,0.360784,0.9963,0,-0.0856,215.8593,0,1,0,0,0.0856,0,0.9963,-761.0814,0,0,0,1
156.2876,215.8417,0,-760.8892,0.947571,0.947571,-31.1339,215.6535,0.25,-745.7065,14.93268,0.360784,0.9959,0,-0.091,215.8417,0,1,0,0,0.091,0,0.9959,-760.8892,0,0,0,1
156.2962,215.8232,0,-760.6978,0.934034,0.934034,-31.14488,215.6535,0.25,-745.7065,14.74133,0.360784,0.9953,0,-0.0964,215.8232,0,1,0,0,0.0964,0,0.9953,-760.6978,0,0,0,1
156.3062,215.8037,0,-760.5073,0.919507,0.919507,-31.16685,215.6535,0.25,-745.7065,14.55078,0.360784,0.9948,0,-0.1018,215.8037,0,1,0,0,0.1018,0,0.9948,-760.5073,0,0,0,1
156.3174,215.7832,0,-760.3175,0.903982,0.903982,-31.21081,215.6535,0.25,-745.7065,14.36102,0.360784,0.9942,0,-0.1072,215.7832,0,1,0,0,0.1072,0,0.9942,-760.3175,0,0,0,1
156.3284,215.7618,0,-760.1286,0.890087,0.890087,-31.28771,215.6535,0.25,-745.7065,14.17212,0.360784,0.9936,0,-0.1126,215.7618,0,1,0,0,0.1126,0,0.9936,-760.1286,0,0,0,1
156.3395,215.7395,0,-759.9406,0.875819,0.875819,-31.37926,215.6535,0.25,-745.7065,13.98407,0.360784,0.993,0,-0.1181,215.7395,0,1,0,0,0.1181,0,0.993,-759.9406,0,0,0,1
156.3506,215.6919,0,-759.567,0.844322,0.844322,-31.52941,215.6535,0.25,-745.7065,13.61047,0.360784,0.9916,0,-0.129,215.6919,0,1,0,0,0.129,0,0.9916,-759.567,0,0,0,1
156.3618,215.6667,0,-759.3814,0.827097,0.827097,-31.69787,215.6535,0.25,-745.7065,13.42493,0.360784,0.9909,0,-0.1345,215.6667,0,1,0,0,0.1345,0,0.9909,-759.3814,0,0,0,1
156.3728,215.6406,0,-759.1967,0.810199,0.810199,-31.97619,215.6535,0.25,-745.7065,13.24023,0.360784,0.9901,0,-0.14,215.6406,0,1,0,0,0.14,0,0.9901,-759.1967,0,0,0,1
156.3839,215.6136,0,-759.0129,0.794177,0.794177,-32.15198,215.6535,0.25,-745.7065,13.05646,0.368627,0.9893,0,-0.1456,215.6136,0,1,0,0,0.1456,0,0.9893,-759.0129,0,0,0,1
156.3951,215.5856,0,-758.83,0.777188,0.777188,-32.45594,215.6535,0.25,-745.7065,12.87354,0.368627,0.9885,0,-0.1512,215.5856,0,1,0,0,0.1512,0,0.9885,-758.83,0,0,0,1
156.4063,215.5567,0,-758.648,0.759209,0.759209,-32.77455,215.6535,0.25,-745.7065,12.69153,0.368627,0.9876,0,-0.1568,215.5567,0,1,0,0,0.1568,0,0.9876,-758.648,0,0,0,1
156.4172,215.5269,0,-758.4669,0.740214,0.740214,-33.04188,215.6535,0.25,-745.7065,12.51044,0.368627,0.9867,0,-0.1625,215.5269,0,1,0,0,0.1625,0,0.9867,-758.4669,0,0,0,1
156.4291,215.4961,0,-758.2866,0.720253,0.720253,-33.3312,215.6535,0.25,-745.7065,12.33014,0.368627,0.9857,0,-0.1683,215.4961,0,1,0,0,0.1683,0,0.9857,-758.2866,0,0,0,1
156.4405,215.4318,0,-757.9289,0.683146,0.683146,-33.73404,215.6535,0.25,-745.7065,11.97241,0.368627,0.9837,0,-0.1799,215.4318,0,1,0,0,0.1799,0,0.9837,-757.9289,0,0,0,1
156.4505,215.3982,0,-757.7514,0.663273,0.663273,-34.038,215.6535,0.25,-745.7065,11.79492,0.368627,0.9826,0,-0.1857,215.3982,0,1,0,0,0.1857,0,0.9826,-757.7514,0,0,0,1
156.4616,215.3638,0,-757.5748,0.642427,0.642427,-34.33463,215.6535,0.25,-745.7065,11.61841,0.368627,0.9815,0,-0.1916,215.3638,0,1,0,0,0.1916,0,0.9815,-757.5748,0,0,0,1
156.4735,215.3284,0,-757.3992,0.620547,0.620547,-34.71183,215.6535,0.25,-745.7065,11.443,0.368627,0.9803,0,-0.1975,215.3284,0,1,0,0,0.1975,0,0.9803,-757.3992,0,0,0,1
156.4837,215.2921,0,-757.2245,0.598413,0.598413,-35.07439,215.6535,0.25,-745.7065,11.26862,0.368627,0.9791,0,-0.2035,215.2921,0,1,0,0,0.2035,0,0.9791,-757.2245,0,0,0,1
156.4951,215.2549,0,-757.0508,0.57755,0.57755,-35.38201,215.6535,0.25,-745.7065,11.09536,0.368627,0.9778,0,-0.2096,215.2549,0,1,0,0,0.2096,0,0.9778,-757.0508,0,0,0,1
156.5059,215.2167,0,-756.8781,0.555653,0.555653,-35.67864,215.6535,0.25,-745.7065,10.92317,0.368627,0.9765,0,-0.2156,215.2167,0,1,0,0,0.2156,0,0.9765,-756.8781,0,0,0,1
156.5172,215.1776,0,-756.7062,0.532742,0.532742,-36.05585,215.6535,0.25,-745.7065,10.75213,0.368627,0.9751,0,-0.2218,215.1776,0,1,0,0,0.2218,0,0.9751,-756.7062,0,0,0,1
156.5289,215.1376,0,-756.5354,0.508848,0.508848,-36.34516,215.6535,0.25,-745.7065,10.58226,0.368627,0.9737,0,-0.228,215.1376,0,1,0,0,0.228,0,0.9737,-756.5354,0,0,0,1
156.5398,215.0967,0,-756.3655,0.483922,0.483922,-36.80293,215.6535,0.25,-745.7065,10.41358,0.368627,0.9722,0,-0.2342,215.0967,0,1,0,0,0.2342,0,0.9722,-756.3655,0,0,0,1
156.5507,215.0121,0,-756.0287,0.435297,0.435297,-37.019,215.6535,0.25,-745.7065,10.07987,0.368627,0.9691,0,-0.2468,215.0121,0,1,0,0,0.2468,0,0.9691,-756.0287,0,0,0,1
156.5614,214.9685,0,-755.8618,0.410256,0.410256,-37.25703,215.6535,0.25,-745.7065,9.914886,0.368627,0.9675,0,-0.2531,214.9685,0,1,0,0,0.2531,0,0.9675,-755.8618,0,0,0,1
156.5726,214.9239,0,-755.696,0.384188,0.384188,-37.47677,215.6535,0.25,-745.7065,9.751306,0.368627,0.9658,0,-0.2594,214.9239,0,1,0,0,0.2594,0,0.9658,-755.696,0,0,0,1
156.5838,214.8785,0,-755.5311,0.35714,0.35714,-37.61593,215.6535,0.25,-745.7065,9.589033,0.368627,0.9641,0,-0.2657,214.8785,0,1,0,0,0.2657,0,0.9641,-755.5311,0,0,0,1
156.5961,214.8321,0,-755.3672,0.329084,0.329084,-37.67452,215.6535,0.25,-745.7065,9.428039,0.368627,0.9623,0,-0.272,214.8321,0,1,0,0,0.272,0,0.9623,-755.3672,0,0,0,1
156.6111,214.7369,0,-755.0425,0.274406,0.274406,-37.67452,215.6535,0.25,-745.7065,9.110424,0.368627,0.9586,0,-0.2847,214.7369,0,1,0,0,0.2847,0,0.9586,-755.0425,0,0,0,1
156.6207,214.688,0,-754.8817,0.246238,0.246238,-37.67452,215.6535,0.25,-745.7065,8.953812,0.368627,0.9567,0,-0.291,214.688,0,1,0,0,0.291,0,0.9567,-754.8817,0,0,0,1
156.6288,214.688,0,-754.8817,0.246253,0.246253,-37.67452,215.6535,0.25,-745.7065,8.953811,0.368627,0.9567,0,-0.291,214.688,0,1,0,0,0.291,0,0.9567,-754.8817,0,0,0,1
156.6384,214.6382,0,-754.7219,0.217137,0.217137,-37.67452,215.6535,0.25,-745.7065,8.798728,0.368627,0.9548,0,-0.2973,214.6382,0,1,0,0,0.2973,0,0.9548,-754.7219,0,0,0,1
156.6494,214.5877,0,-754.5631,0.187081,0.187081,-37.67452,215.6535,0.25,-745.7065,8.645214,0.368627,0.9528,0,-0.3035,214.5877,0,1,0,0,0.3035,0,0.9528,-754.5631,0,0,0,1
156.6606,214.4841,0,-754.2487,0.125327,0.125327,-37.67452,215.6535,0.25,-745.7065,8.343057,0.368627,0.9487,0,-0.316,214.4841,0,1,0,0,0.316,0,0.9487,-754.2487,0,0,0,1
156.6719,214.4311,0,-754.0931,0.095215,0.095215,-37.6672,215.6535,0.25,-745.7065,8.194499,0.368627,0.9466,0,-0.3223,214.4311,0,1,0,0,0.3223,0,0.9466,-754.0931,0,0,0,1
156.6826,214.3773,0,-753.9385,0.064133,0.064133,-37.64523,215.6535,0.25,-745.7065,8.04769,0.368627,0.9445,0,-0.3285,214.3773,0,1,0,0,0.3285,0,0.9445,-753.9385,0,0,0,1
156.6939,214.3228,0,-753.7849,0.032157,0.032157,-37.61593,215.6535,0.25,-745.7065,7.902677,0.368627,0.9423,0,-0.3347,214.3228,0,1,0,0,0.3347,0,0.9423,-753.7849,0,0,0,1
156.7052,214.2675,0,-753.6325,0.000712,-0.000712,-37.52438,215.6535,0.25,-745.7065,7.759631,0.368627,0.9401,0,-0.3408,214.2675,0,1,0,0,0.3408,0,0.9401,-753.6325,0,0,0,1
156.7162,214.2115,0,-753.4811,0.034459,-0.034459,-37.45113,215.6535,0.25,-745.7065,7.618429,0.368627,0.9379,0,-0.347,214.2115,0,1,0,0,0.347,0,0.9379,-753.4811,0,0,0,1
156.7272,214.1548,0,-753.3307,0.068617,-0.068617,-37.30831,215.6535,0.25,-745.7065,7.479193,0.368627,0.9356,0,-0.3531,214.1548,0,1,0,0,0.3531,0,0.9356,-753.3307,0,0,0,1
156.7384,214.0973,0,-753.1814,0.101465,-0.101465,-37.12154,215.6535,0.25,-745.7065,7.342042,0.368627,0.9333,0,-0.3591,214.0973,0,1,0,0,0.3591,0,0.9333,-753.1814,0,0,0,1
156.7495,214.0392,0,-753.0331,0.135176,-0.135176,-36.93111,215.6535,0.25,-745.7065,7.206984,0.368627,0.931,0,-0.3651,214.0392,0,1,0,0,0.3651,0,0.931,-753.0331,0,0,0,1
156.7604,213.9209,0,-752.7399,0.205059,-0.205059,-36.69306,215.6535,0.25,-745.7065,6.943528,0.368627,0.9262,0,-0.377,213.9209,0,1,0,0,0.377,0,0.9262,-752.7399,0,0,0,1
156.7718,213.8608,0,-752.5948,0.24123,-0.24123,-36.39277,215.6535,0.25,-745.7065,6.815225,0.368627,0.9238,0,-0.3829,213.8608,0,1,0,0,0.3829,0,0.9238,-752.5948,0,0,0,1
156.783,213.8,0,-752.4508,0.278201,-0.278201,-36.20233,215.6535,0.25,-745.7065,6.689365,0.368627,0.9213,0,-0.3887,213.8,0,1,0,0,0.3887,0,0.9213,-752.4508,0,0,0,1
156.7938,213.7386,0,-752.3079,0.31414,-0.31414,-35.96796,215.6535,0.25,-745.7065,6.56597,0.368627,0.9189,0,-0.3945,213.7386,0,1,0,0,0.3945,0,0.9189,-752.3079,0,0,0,1
156.8051,213.6767,0,-752.166,0.350124,-0.350124,-35.66033,215.6535,0.25,-745.7065,6.445187,0.368627,0.9164,0,-0.4002,213.6767,0,1,0,0,0.4002,0,0.9164,-752.166,0,0,0,1
156.816,213.6141,0,-752.0252,0.386834,-0.386834,-35.38567,215.6535,0.25,-745.7065,6.32704,0.368627,0.9139,0,-0.4059,213.6141,0,1,0,0,0.4059,0,0.9139,-752.0252,0,0,0,1
156.8273,213.551,0,-751.8854,0.424284,-0.424284,-35.02678,215.6535,0.25,-745.7065,6.21163,0.368627,0.9114,0,-0.4115,213.551,0,1,0,0,0.4115,0,0.9114,-751.8854,0,0,0,1
156.8384,213.4874,0,-751.7467,0.462428,-0.462428,-34.61296,215.6535,0.25,-745.7065,6.099037,0.368627,0.9089,0,-0.417,213.4874,0,1,0,0,0.417,0,0.9089,-751.7467,0,0,0,1
156.8502,213.3586,0,-751.4725,0.540776,-0.540776,-34.23209,215.6535,0.25,-745.7065,5.88285,0.368627,0.9039,0,-0.4278,213.3586,0,1,0,0,0.4278,0,0.9039,-751.4725,0,0,0,1
156.8604,213.2935,0,-751.3369,0.578539,-0.578539,-33.7084,215.6535,0.25,-745.7065,5.779401,0.352941,0.9013,0,-0.4331,213.2935,0,1,0,0,0.4331,0,0.9013,-751.3369,0,0,0,1
156.8717,213.2279,0,-751.2024,0.616947,-0.616947,-33.01258,215.6535,0.25,-745.7065,5.679179,0.352941,0.8988,0,-0.4383,213.2279,0,1,0,0,0.4383,0,0.8988,-751.2024,0,0,0,1
156.8832,213.1618,0,-751.0688,0.656009,-0.656009,-32.55848,215.6535,0.25,-745.7065,5.582261,0.352941,0.8963,0,-0.4434,213.1618,0,1,0,0,0.4434,0,0.8963,-751.0688,0,0,0,1
156.8943,213.0953,0,-750.9363,0.695674,-0.695674,-31.95422,215.6535,0.25,-745.7065,5.488791,0.352941,0.8938,0,-0.4484,213.0953,0,1,0,0,0.4484,0,0.8938,-750.9363,0,0,0,1
156.9052,213.0285,0,-750.8048,0.735925,-0.735925,-31.1925,215.6535,0.25,-745.7065,5.398828,0.352941,0.8914,0,-0.4532,213.0285,0,1,0,0,0.4532,0,0.8914,-750.8048,0,0,0,1
156.9161,212.9612,0,-750.6743,0.776721,-0.776721,-30.52232,215.6535,0.25,-745.7065,5.312482,0.345098,0.889,0,-0.458,212.9612,0,1,0,0,0.458,0,0.889,-750.6743,0,0,0,1
156.9271,212.8936,0,-750.5447,0.817807,-0.817807,-29.68002,215.6535,0.25,-745.7065,5.229862,0.345098,0.8866,0,-0.4626,212.8936,0,1,0,0,0.4626,0,0.8866,-750.5447,0,0,0,1
156.9421,212.7574,0,-750.2883,0.897323,-0.897323,-28.48249,215.6535,0.25,-745.7065,5.076122,0.345098,0.8819,0,-0.4714,212.7574,0,1,0,0,0.4714,0,0.8819,-750.2883,0,0,0,1
156.9522,212.6888,0,-750.1616,0.937823,-0.937823,-27.72808,215.6535,0.25,-745.7065,5.005229,0.345098,0.8796,0,-0.4756,212.6888,0,1,0,0,0.4756,0,0.8796,-750.1616,0,0,0,1
156.9607,212.6201,0,-750.0357,0.978718,-0.978718,-26.94072,215.6535,0.25,-745.7065,4.938411,0.345098,0.8774,0,-0.4798,212.6201,0,1,0,0,0.4798,0,0.8774,-750.0357,0,0,0,1
156.9723,212.551,0,-749.9108,1.020096,-1.020096,-26.31449,215.6535,0.25,-745.7065,4.87585,0.337255,0.8752,0,-0.4838,212.551,0,1,0,0,0.4838,0,0.8752,-749.9108,0,0,0,1
156.983,212.4817,0,-749.7868,1.061853,-1.061853,-25.35866,215.6535,0.25,-745.7065,4.817506,0.329412,0.873,0,-0.4877,212.4817,0,1,0,0,0.4877,0,0.873,-749.7868,0,0,0,1
156.9942,212.4123,0,-749.6637,1.10399,-1.10399,-24.57129,215.6535,0.25,-745.7065,4.763532,0.321569,0.8709,0,-0.4914,212.4123,0,1,0,0,0.4914,0,0.8709,-749.6637,0,0,0,1
157.0053,212.3426,0,-749.5413,1.144362,-1.144362,-23.60815,215.6535,0.25,-745.7065,4.713867,0.321569,0.8689,0,-0.495,212.3426,0,1,0,0,0.495,0,0.8689,-749.5413,0,0,0,1
157.0167,212.2728,0,-749.4199,1.184985,-1.184985,-22.8098,215.6535,0.25,-745.7065,4.668704,0.313726,0.8669,0,-0.4984,212.2728,0,1,0,0,0.4984,0,0.8669,-749.4199,0,0,0,1
157.0279,212.2028,0,-749.2992,1.225915,-1.225915,-21.832,215.6535,0.25,-745.7065,4.628022,0.305882,0.865,0,-0.5017,212.2028,0,1,0,0,0.5017,0,0.865,-749.2992,0,0,0,1
157.0391,212.1327,0,-749.1793,1.267149,-1.267149,-20.72236,215.6535,0.25,-745.7065,4.591864,0.298039,0.8632,0,-0.5049,212.1327,0,1,0,0,0.5049,0,0.8632,-749.1793,0,0,0,1
157.0502,211.9921,0,-748.9418,1.350427,-1.350427,-20.05951,215.6535,0.25,-745.7065,4.533214,0.298039,0.8596,0,-0.5109,211.9921,0,1,0,0,0.5109,0,0.8596,-748.9418,0,0,0,1
