time,pos_x,pos_y,pos_z,distFromRoadCenter,signedDistFromRoadCenter,wheelAngle,obstacle_pos_x,obstacle_pos_y,obstacle_pos_z,distance_to_obstacle,brake_position,simplecar_4x4_R0C0,simplecar_4x4_R0C1,simplecar_4x4_R0C2,simplecar_4x4_R0C3,simplecar_4x4_R1C0,simplecar_4x4_R1C1,simplecar_4x4_R1C2,simplecar_4x4_R1C3,simplecar_4x4_R2C0,simplecar_4x4_R2C1,simplecar_4x4_R2C2,simplecar_4x4_R2C3,simplecar_4x4_R3C0,simplecar_4x4_R3C1,simplecar_4x4_R3C2,simplecar_4x4_R3C3
248.274,-427.1909,0,-1627.681,2.14917,2.14917,-2.565343,-389.8341,0.25,-1674.605,59.62758,0,-0.8574,0,0.5146,-427.1909,0,1,0,0,-0.5146,0,-0.8574,-1627.681,0,0,0,1
248.2847,-427.0621,0,-1627.895,2.156136,2.156136,-2.539709,-389.8341,0.25,-1674.605,59.37967,0,-0.8572,0,0.515,-427.0621,0,1,0,0,-0.515,0,-0.8572,-1627.895,0,0,0,1
248.296,-426.9333,0,-1628.109,2.16295,2.16295,-2.536047,-389.8341,0.25,-1674.605,59.13182,0,-0.857,0,0.5154,-426.9333,0,1,0,0,-0.5154,0,-0.857,-1628.109,0,0,0,1
248.307,-426.8044,0,-1628.323,2.169756,2.169756,-2.536047,-389.8341,0.25,-1674.605,58.88384,0,-0.8567,0,0.5157,-426.8044,0,1,0,0,-0.5157,0,-0.8567,-1628.323,0,0,0,1
248.3181,-426.6753,0,-1628.537,2.176265,2.176265,-2.536047,-389.8341,0.25,-1674.605,58.63608,0,-0.8565,0,0.5161,-426.6753,0,1,0,0,-0.5161,0,-0.8565,-1628.537,0,0,0,1
248.3296,-426.5462,0,-1628.752,2.182826,2.182826,-2.536047,-389.8341,0.25,-1674.605,58.38823,0,-0.8563,0,0.5165,-426.5462,0,1,0,0,-0.5165,0,-0.8563,-1628.752,0,0,0,1
248.3411,-426.2877,0,-1629.18,2.195533,2.195533,-2.536047,-389.8341,0.25,-1674.605,57.89256,0,-0.8558,0,0.5173,-426.2877,0,1,0,0,-0.5173,0,-0.8558,-1629.18,0,0,0,1
248.3519,-426.1583,0,-1629.394,2.201731,2.201731,-2.536047,-389.8341,0.25,-1674.605,57.64466,0,-0.8556,0,0.5176,-426.1583,0,1,0,0,-0.5176,0,-0.8556,-1629.394,0,0,0,1
248.3643,-426.0288,0,-1629.607,2.207749,2.207749,-2.536047,-389.8341,0.25,-1674.605,57.39691,0,-0.8554,0,0.518,-426.0288,0,1,0,0,-0.518,0,-0.8554,-1629.607,0,0,0,1
248.3744,-425.8992,0,-1629.821,2.213675,2.213675,-2.536047,-389.8341,0.25,-1674.605,57.14911,0,-0.8551,0,0.5184,-425.8992,0,1,0,0,-0.5184,0,-0.8551,-1629.821,0,0,0,1
248.3863,-425.7695,0,-1630.035,2.219459,2.219459,-2.536047,-389.8341,0.25,-1674.605,56.90127,0,-0.8549,0,0.5188,-425.7695,0,1,0,0,-0.5188,0,-0.8549,-1630.035,0,0,0,1
248.3966,-425.6397,0,-1630.248,2.225205,2.225205,-2.536047,-389.8341,0.25,-1674.605,56.65349,0,-0.8547,0,0.5191,-425.6397,0,1,0,0,-0.5191,0,-0.8547,-1630.248,0,0,0,1
248.4076,-425.5098,0,-1630.462,2.230834,2.230834,-2.536047,-389.8341,0.25,-1674.605,56.40567,0,-0.8545,0,0.5195,-425.5098,0,1,0,0,-0.5195,0,-0.8545,-1630.462,0,0,0,1
248.4187,-425.3798,0,-1630.676,2.236295,2.236295,-2.536047,-389.8341,0.25,-1674.605,56.15791,0,-0.8542,0,0.5199,-425.3798,0,1,0,0,-0.5199,0,-0.8542,-1630.676,0,0,0,1
248.4335,-425.1196,0,-1631.102,2.246944,2.246944,-2.532384,-389.8341,0.25,-1674.605,55.66235,0,-0.8538,0,0.5207,-425.1196,0,1,0,0,-0.5207,0,-0.8538,-1631.102,0,0,0,1
248.4423,-424.9893,0,-1631.316,2.252185,2.252185,-2.532384,-389.8341,0.25,-1674.605,55.41447,0,-0.8535,0,0.521,-424.9893,0,1,0,0,-0.521,0,-0.8535,-1631.316,0,0,0,1
248.4527,-424.859,0,-1631.529,2.257323,2.257323,-2.532384,-389.8341,0.25,-1674.605,55.16668,0,-0.8533,0,0.5214,-424.859,0,1,0,0,-0.5214,0,-0.8533,-1631.529,0,0,0,1
248.4632,-424.7285,0,-1631.743,2.262226,2.262226,-2.532384,-389.8341,0.25,-1674.605,54.9189,0,-0.8531,0,0.5218,-424.7285,0,1,0,0,-0.5218,0,-0.8531,-1631.743,0,0,0,1
248.4743,-424.598,0,-1631.956,2.267052,2.267052,-2.517736,-389.8341,0.25,-1674.605,54.67108,0,-0.8528,0,0.5222,-424.598,0,1,0,0,-0.5222,0,-0.8528,-1631.956,0,0,0,1
248.4853,-424.4673,0,-1632.169,2.271775,2.271775,-2.514074,-389.8341,0.25,-1674.605,54.42332,0,-0.8526,0,0.5225,-424.4673,0,1,0,0,-0.5225,0,-0.8526,-1632.169,0,0,0,1
248.4962,-424.3366,0,-1632.382,2.276448,2.276448,-2.495763,-389.8341,0.25,-1674.605,54.17552,0,-0.8524,0,0.5229,-424.3366,0,1,0,0,-0.5229,0,-0.8524,-1632.382,0,0,0,1
248.5085,-424.2058,0,-1632.595,2.280885,2.280885,-2.466466,-389.8341,0.25,-1674.605,53.92778,0,-0.8522,0,0.5233,-424.2058,0,1,0,0,-0.5233,0,-0.8522,-1632.595,0,0,0,1
248.5186,-424.0749,0,-1632.808,2.285337,2.285337,-2.459142,-389.8341,0.25,-1674.605,53.68,0,-0.8519,0,0.5236,-424.0749,0,1,0,0,-0.5236,0,-0.8519,-1632.808,0,0,0,1
248.5299,-423.9438,0,-1633.021,2.28962,2.28962,-2.43717,-389.8341,0.25,-1674.605,53.43228,0,-0.8517,0,0.524,-423.9438,0,1,0,0,-0.524,0,-0.8517,-1633.021,0,0,0,1
248.5409,-423.6815,0,-1633.447,2.297798,2.297798,-2.415197,-389.8341,0.25,-1674.605,52.93692,0,-0.8513,0,0.5247,-423.6815,0,1,0,0,-0.5247,0,-0.8513,-1633.447,0,0,0,1
248.5517,-423.5503,0,-1633.659,2.301862,2.301862,-2.393224,-389.8341,0.25,-1674.605,52.68911,0,-0.8511,0,0.5251,-423.5503,0,1,0,0,-0.5251,0,-0.8511,-1633.659,0,0,0,1
248.5629,-423.4189,0,-1633.872,2.305731,2.305731,-2.367589,-389.8341,0.25,-1674.605,52.44144,0,-0.8508,0,0.5254,-423.4189,0,1,0,0,-0.5254,0,-0.8508,-1633.872,0,0,0,1
248.5783,-423.2875,0,-1634.085,2.309497,2.309497,-2.341955,-389.8341,0.25,-1674.605,52.19373,0,-0.8506,0,0.5258,-423.2875,0,1,0,0,-0.5258,0,-0.8506,-1634.085,0,0,0,1
248.5887,-423.156,0,-1634.297,2.313249,2.313249,-2.319982,-389.8341,0.25,-1674.605,51.94592,0,-0.8504,0,0.5261,-423.156,0,1,0,0,-0.5261,0,-0.8504,-1634.297,0,0,0,1
248.5968,-423.0244,0,-1634.51,2.31682,2.31682,-2.298009,-389.8341,0.25,-1674.605,51.69825,0,-0.8502,0,0.5265,-423.0244,0,1,0,0,-0.5265,0,-0.8502,-1634.51,0,0,0,1
248.6075,-422.8926,0,-1634.723,2.320275,2.320275,-2.276037,-389.8341,0.25,-1674.605,51.45053,0,-0.85,0,0.5268,-422.8926,0,1,0,0,-0.5268,0,-0.85,-1634.723,0,0,0,1
248.6185,-422.7609,0,-1634.935,2.323653,2.323653,-2.268713,-389.8341,0.25,-1674.605,51.2029,0,-0.8498,0,0.5271,-422.7609,0,1,0,0,-0.5271,0,-0.8498,-1634.935,0,0,0,1
248.6298,-422.629,0,-1635.147,2.326861,2.326861,-2.268713,-389.8341,0.25,-1674.605,50.95533,0,-0.8496,0,0.5275,-422.629,0,1,0,0,-0.5275,0,-0.8496,-1635.147,0,0,0,1
248.6413,-422.365,0,-1635.572,2.333294,2.333294,-2.268713,-389.8341,0.25,-1674.605,50.45988,0,-0.8492,0,0.5281,-422.365,0,1,0,0,-0.5281,0,-0.8492,-1635.572,0,0,0,1
248.6526,-422.2329,0,-1635.784,2.336257,2.336257,-2.268713,-389.8341,0.25,-1674.605,50.21231,0,-0.8489,0,0.5285,-422.2329,0,1,0,0,-0.5285,0,-0.8489,-1635.784,0,0,0,1
248.6637,-422.1007,0,-1635.996,2.339169,2.339169,-2.268713,-389.8341,0.25,-1674.605,49.96473,0,-0.8487,0,0.5288,-422.1007,0,1,0,0,-0.5288,0,-0.8487,-1635.996,0,0,0,1
248.6752,-421.9684,0,-1636.208,2.341912,2.341912,-2.276037,-389.8341,0.25,-1674.605,49.71708,0,-0.8485,0,0.5292,-421.9684,0,1,0,0,-0.5292,0,-0.8485,-1636.208,0,0,0,1
248.6864,-421.836,0,-1636.421,2.344629,2.344629,-2.298009,-389.8341,0.25,-1674.605,49.4694,0,-0.8483,0,0.5295,-421.836,0,1,0,0,-0.5295,0,-0.8483,-1636.421,0,0,0,1
248.6979,-421.7035,0,-1636.633,2.347126,2.347126,-2.367589,-389.8341,0.25,-1674.605,49.22188,0,-0.8481,0,0.5298,-421.7035,0,1,0,0,-0.5298,0,-0.8481,-1636.633,0,0,0,1
248.7093,-421.5709,0,-1636.844,2.349507,2.349507,-2.484777,-389.8341,0.25,-1674.605,48.9743,0,-0.8479,0,0.5302,-421.5709,0,1,0,0,-0.5302,0,-0.8479,-1636.844,0,0,0,1
248.7203,-421.3055,0,-1637.268,2.354087,2.354087,-2.609296,-389.8341,0.25,-1674.605,48.47921,0,-0.8474,0,0.531,-421.3055,0,1,0,0,-0.531,0,-0.8474,-1637.268,0,0,0,1
248.7319,-421.1727,0,-1637.48,2.356287,2.356287,-2.829022,-389.8341,0.25,-1674.605,48.23166,0,-0.8471,0,0.5314,-421.1727,0,1,0,0,-0.5314,0,-0.8471,-1637.48,0,0,0,1
248.7431,-421.0397,0,-1637.692,2.358242,2.358242,-3.158619,-389.8341,0.25,-1674.605,47.9841,0,-0.8468,0,0.5319,-421.0397,0,1,0,0,-0.5319,0,-0.8468,-1637.692,0,0,0,1
248.7541,-420.9066,0,-1637.903,2.360105,2.360105,-3.374684,-389.8341,0.25,-1674.605,47.73654,0,-0.8465,0,0.5324,-420.9066,0,1,0,0,-0.5324,0,-0.8465,-1637.903,0,0,0,1
248.7653,-420.7734,0,-1638.115,2.361748,2.361748,-3.729916,-389.8341,0.25,-1674.605,47.48898,0,-0.8462,0,0.5329,-420.7734,0,1,0,0,-0.5329,0,-0.8462,-1638.115,0,0,0,1
248.7769,-420.64,0,-1638.326,2.363262,2.363262,-4.140079,-389.8341,0.25,-1674.605,47.24145,0,-0.8458,0,0.5335,-420.64,0,1,0,0,-0.5335,0,-0.8458,-1638.326,0,0,0,1
248.7875,-420.5065,0,-1638.538,2.364557,2.364557,-4.509959,-389.8341,0.25,-1674.605,46.99393,0,-0.8454,0,0.5342,-420.5065,0,1,0,0,-0.5342,0,-0.8454,-1638.538,0,0,0,1
248.7986,-420.3727,0,-1638.749,2.365657,2.365657,-4.909129,-389.8341,0.25,-1674.605,46.74641,0.023529,-0.8449,0,0.5349,-420.3727,0,1,0,0,-0.5349,0,-0.8449,-1638.749,0,0,0,1
248.81,-420.1047,0,-1639.171,2.367054,2.367054,-5.385211,-389.8341,0.25,-1674.605,46.25134,0.039216,-0.8439,0,0.5365,-420.1047,0,1,0,0,-0.5365,0,-0.8439,-1639.171,0,0,0,1
248.8209,-419.9703,0,-1639.382,2.367377,2.367377,-5.872285,-389.8341,0.25,-1674.605,46.00379,0.054902,-0.8433,0,0.5374,-419.9703,0,1,0,0,-0.5374,0,-0.8433,-1639.382,0,0,0,1
248.8323,-419.8358,0,-1639.592,2.367429,2.367429,-6.275117,-389.8341,0.25,-1674.605,45.75632,0.094118,-0.8428,0,0.5383,-419.8358,0,1,0,0,-0.5383,0,-0.8428,-1639.592,0,0,0,1
248.8436,-419.7012,0,-1639.802,2.367234,2.367234,-6.824448,-389.8341,0.25,-1674.605,45.509,0.094118,-0.8421,0,0.5393,-419.7012,0,1,0,0,-0.5393,0,-0.8421,-1639.802,0,0,0,1
248.8545,-419.5663,0,-1640.012,2.366717,2.366717,-7.13939,-389.8341,0.25,-1674.605,45.26183,0.141177,-0.8414,0,0.5404,-419.5663,0,1,0,0,-0.5404,0,-0.8414,-1640.012,0,0,0,1
248.8657,-419.4314,0,-1640.222,2.365863,2.365863,-7.615471,-389.8341,0.25,-1674.605,45.01491,0.164706,-0.8407,0,0.5415,-419.4314,0,1,0,0,-0.5415,0,-0.8407,-1640.222,0,0,0,1
248.8768,-419.2963,0,-1640.431,2.364711,2.364711,-8.076904,-389.8341,0.25,-1674.605,44.76831,0.188235,-0.84,0,0.5427,-419.2963,0,1,0,0,-0.5427,0,-0.84,-1640.431,0,0,0,1
248.888,-419.1611,0,-1640.64,2.363119,2.363119,-8.43946,-389.8341,0.25,-1674.605,44.52213,0.219608,-0.8392,0,0.5439,-419.1611,0,1,0,0,-0.5439,0,-0.8392,-1640.64,0,0,0,1
248.8998,-419.0259,0,-1640.848,2.361205,2.361205,-8.867933,-389.8341,0.25,-1674.605,44.27629,0.25098,-0.8383,0,0.5452,-419.0259,0,1,0,0,-0.5452,0,-0.8383,-1640.848,0,0,0,1
248.9155,-418.7552,0,-1641.262,2.356067,2.356067,-9.395285,-389.8341,0.25,-1674.605,43.78613,0.27451,-0.8365,0,0.5479,-418.7552,0,1,0,0,-0.5479,0,-0.8365,-1641.262,0,0,0,1
248.9258,-418.6198,0,-1641.468,2.352976,2.352976,-9.710234,-389.8341,0.25,-1674.605,43.54173,0.290196,-0.8356,0,0.5494,-418.6198,0,1,0,0,-0.5494,0,-0.8356,-1641.468,0,0,0,1
248.9346,-418.4843,0,-1641.673,2.349378,2.349378,-10.07278,-389.8341,0.25,-1674.605,43.29797,0.290196,-0.8346,0,0.5508,-418.4843,0,1,0,0,-0.5508,0,-0.8346,-1641.673,0,0,0,1
248.9421,-418.3487,0,-1641.878,2.345366,2.345366,-10.30716,-389.8341,0.25,-1674.605,43.05454,0.290196,-0.8336,0,0.5523,-418.3487,0,1,0,0,-0.5523,0,-0.8336,-1641.878,0,0,0,1
248.9523,-418.2132,0,-1642.081,2.34098,2.34098,-10.5452,-389.8341,0.25,-1674.605,42.8118,0.290196,-0.8326,0,0.5539,-418.2132,0,1,0,0,-0.5539,0,-0.8326,-1642.081,0,0,0,1
248.9635,-418.0775,0,-1642.284,2.335945,2.335945,-10.79423,-389.8341,0.25,-1674.605,42.56963,0.290196,-0.8316,0,0.5554,-418.0775,0,1,0,0,-0.5554,0,-0.8316,-1642.284,0,0,0,1
248.975,-417.9418,0,-1642.487,2.330756,2.330756,-11.03228,-389.8341,0.25,-1674.605,42.32775,0.290196,-0.8305,0,0.557,-417.9418,0,1,0,0,-0.557,0,-0.8305,-1642.487,0,0,0,1
248.9865,-417.806,0,-1642.688,2.32483,2.32483,-11.29595,-389.8341,0.25,-1674.605,42.08674,0.298039,-0.8294,0,0.5587,-417.806,0,1,0,0,-0.5587,0,-0.8294,-1642.688,0,0,0,1
248.9967,-417.6702,0,-1642.889,2.318438,2.318438,-11.5523,-389.8341,0.25,-1674.605,41.84626,0.298039,-0.8283,0,0.5603,-417.6702,0,1,0,0,-0.5603,0,-0.8283,-1642.889,0,0,0,1
249.0099,-417.5342,0,-1643.089,2.311774,2.311774,-11.84527,-389.8341,0.25,-1674.605,41.60613,0.298039,-0.8271,0,0.562,-417.5342,0,1,0,0,-0.562,0,-0.8271,-1643.089,0,0,0,1
249.019,-417.3982,0,-1643.289,2.304436,2.304436,-12.06134,-389.8341,0.25,-1674.605,41.3667,0.305882,-0.8259,0,0.5638,-417.3982,0,1,0,0,-0.5638,0,-0.8259,-1643.289,0,0,0,1
249.0304,-417.1259,0,-1643.685,2.2883,2.2883,-12.22248,-389.8341,0.25,-1674.605,40.88956,0.305882,-0.8235,0,0.5673,-417.1259,0,1,0,0,-0.5673,0,-0.8235,-1643.685,0,0,0,1
249.0414,-416.9897,0,-1643.882,2.279656,2.279656,-12.48982,-389.8341,0.25,-1674.605,40.65169,0.305882,-0.8223,0,0.5691,-416.9897,0,1,0,0,-0.5691,0,-0.8223,-1643.882,0,0,0,1
249.0523,-416.8533,0,-1644.078,2.270444,2.270444,-12.70954,-389.8341,0.25,-1674.605,40.41438,0.313726,-0.821,0,0.5709,-416.8533,0,1,0,0,-0.5709,0,-0.821,-1644.078,0,0,0,1
249.0634,-416.7169,0,-1644.273,2.260506,2.260506,-13.00252,-389.8341,0.25,-1674.605,40.17787,0.313726,-0.8197,0,0.5728,-416.7169,0,1,0,0,-0.5728,0,-0.8197,-1644.273,0,0,0,1
249.0747,-416.5804,0,-1644.467,2.250179,2.250179,-13.35774,-389.8341,0.25,-1674.605,39.94178,0.321569,-0.8184,0,0.5747,-416.5804,0,1,0,0,-0.5747,0,-0.8184,-1644.467,0,0,0,1
249.0859,-416.4437,0,-1644.661,2.239309,2.239309,-13.57015,-389.8341,0.25,-1674.605,39.70628,0.321569,-0.817,0,0.5766,-416.4437,0,1,0,0,-0.5766,0,-0.817,-1644.661,0,0,0,1
249.0967,-416.307,0,-1644.854,2.227999,2.227999,-13.8851,-389.8341,0.25,-1674.605,39.47129,0.329412,-0.8156,0,0.5786,-416.307,0,1,0,0,-0.5786,0,-0.8156,-1644.854,0,0,0,1
249.1079,-416.1702,0,-1645.045,2.215952,2.215952,-14.15244,-389.8341,0.25,-1674.605,39.23716,0.329412,-0.8142,0,0.5806,-416.1702,0,1,0,0,-0.5806,0,-0.8142,-1645.045,0,0,0,1
249.119,-416.0333,0,-1645.236,2.20344,2.20344,-14.48569,-389.8341,0.25,-1674.605,39.00354,0.337255,-0.8127,0,0.5827,-416.0333,0,1,0,0,-0.5827,0,-0.8127,-1645.236,0,0,0,1
249.13,-415.7592,0,-1645.616,2.176782,2.176782,-14.75303,-389.8341,0.25,-1674.605,38.53807,0.345098,-0.8097,0,0.5868,-415.7592,0,1,0,0,-0.5868,0,-0.8097,-1645.616,0,0,0,1
249.1421,-415.622,0,-1645.804,2.162601,2.162601,-15.08629,-389.8341,0.25,-1674.605,38.30631,0.345098,-0.8081,0,0.589,-415.622,0,1,0,0,-0.589,0,-0.8081,-1645.804,0,0,0,1
249.1523,-415.4848,0,-1645.991,2.147862,2.147862,-15.40124,-389.8341,0.25,-1674.605,38.07514,0.345098,-0.8066,0,0.5911,-415.4848,0,1,0,0,-0.5911,0,-0.8066,-1645.991,0,0,0,1
249.1634,-415.3474,0,-1646.177,2.132463,2.132463,-15.66125,-389.8341,0.25,-1674.605,37.84475,0.345098,-0.8049,0,0.5934,-415.3474,0,1,0,0,-0.5934,0,-0.8049,-1646.177,0,0,0,1
249.1813,-415.0723,0,-1646.547,2.099854,2.099854,-16.04578,-389.8341,0.25,-1674.605,37.38572,0.345098,-0.8016,0,0.5979,-415.0723,0,1,0,0,-0.5979,0,-0.8016,-1646.547,0,0,0,1
249.1885,-415.0723,0,-1646.547,2.099854,2.099854,-16.04578,-389.8341,0.25,-1674.605,37.38572,0.345098,-0.8016,0,0.5979,-415.0723,0,1,0,0,-0.5979,0,-0.8016,-1646.547,0,0,0,1
249.197,-414.9346,0,-1646.731,2.082669,2.082669,-16.50355,-389.8341,0.25,-1674.605,37.15711,0.352941,-0.7999,0,0.6002,-414.9346,0,1,0,0,-0.6002,0,-0.7999,-1646.731,0,0,0,1
249.2077,-414.7968,0,-1646.914,2.064942,2.064942,-16.67567,-389.8341,0.25,-1674.605,36.92918,0.352941,-0.7981,0,0.6025,-414.7968,0,1,0,0,-0.6025,0,-0.7981,-1646.914,0,0,0,1
249.2196,-414.6588,0,-1647.095,2.046489,2.046489,-16.86976,-389.8341,0.25,-1674.605,36.7019,0.352941,-0.7964,0,0.6048,-414.6588,0,1,0,0,-0.6048,0,-0.7964,-1647.095,0,0,0,1
249.2302,-414.3826,0,-1647.456,2.007876,2.007876,-17.0785,-389.8341,0.25,-1674.605,36.24932,0.352941,-0.7927,0,0.6096,-414.3826,0,1,0,0,-0.6096,0,-0.7927,-1647.456,0,0,0,1
249.2413,-414.2443,0,-1647.634,1.987585,1.987585,-17.24697,-389.8341,0.25,-1674.605,36.02402,0.352941,-0.7909,0,0.612,-414.2443,0,1,0,0,-0.612,0,-0.7909,-1647.634,0,0,0,1
249.2521,-414.106,0,-1647.812,1.966725,1.966725,-17.36049,-389.8341,0.25,-1674.605,35.79939,0.352941,-0.789,0,0.6143,-414.106,0,1,0,0,-0.6143,0,-0.789,-1647.812,0,0,0,1
249.2634,-413.9675,0,-1647.989,1.945272,1.945272,-17.4374,-389.8341,0.25,-1674.605,35.57541,0.352941,-0.7872,0,0.6167,-413.9675,0,1,0,0,-0.6167,0,-0.7872,-1647.989,0,0,0,1
249.2748,-413.8289,0,-1648.165,1.923144,1.923144,-17.46303,-389.8341,0.25,-1674.605,35.3521,0.352941,-0.7853,0,0.6191,-413.8289,0,1,0,0,-0.6191,0,-0.7853,-1648.165,0,0,0,1
249.2855,-413.6902,0,-1648.339,1.900473,1.900473,-17.46303,-389.8341,0.25,-1674.605,35.12946,0.352941,-0.7834,0,0.6215,-413.6902,0,1,0,0,-0.6215,0,-0.7834,-1648.339,0,0,0,1
249.2968,-413.5515,0,-1648.513,1.877233,1.877233,-17.46303,-389.8341,0.25,-1674.605,34.90748,0.352941,-0.7815,0,0.6239,-413.5515,0,1,0,0,-0.6239,0,-0.7815,-1648.513,0,0,0,1
249.309,-413.4126,0,-1648.686,1.853293,1.853293,-17.46303,-389.8341,0.25,-1674.605,34.68617,0.352941,-0.7796,0,0.6263,-413.4126,0,1,0,0,-0.6263,0,-0.7796,-1648.686,0,0,0,1
249.3201,-413.1346,0,-1649.029,1.803694,1.803694,-17.46303,-389.8341,0.25,-1674.605,34.24557,0.352941,-0.7758,0,0.631,-413.1346,0,1,0,0,-0.631,0,-0.7758,-1649.029,0,0,0,1
249.3305,-412.9956,0,-1649.199,1.778111,1.778111,-17.46303,-389.8341,0.25,-1674.605,34.02623,0.352941,-0.7738,0,0.6334,-412.9956,0,1,0,0,-0.6334,0,-0.7738,-1649.199,0,0,0,1
249.3419,-412.8564,0,-1649.368,1.751765,1.751765,-17.46303,-389.8341,0.25,-1674.605,33.80767,0.352941,-0.7719,0,0.6358,-412.8564,0,1,0,0,-0.6358,0,-0.7719,-1649.368,0,0,0,1
249.3527,-412.7172,0,-1649.536,1.724914,1.724914,-17.45937,-389.8341,0.25,-1674.605,33.58978,0.352941,-0.77,0,0.6381,-412.7172,0,1,0,0,-0.6381,0,-0.77,-1649.536,0,0,0,1
249.3637,-412.5779,0,-1649.703,1.697494,1.697494,-17.45937,-389.8341,0.25,-1674.605,33.37255,0.352941,-0.768,0,0.6404,-412.5779,0,1,0,0,-0.6404,0,-0.768,-1649.703,0,0,0,1
249.3754,-412.4386,0,-1649.869,1.669531,1.669531,-17.45937,-389.8341,0.25,-1674.605,33.15598,0.352941,-0.7661,0,0.6428,-412.4386,0,1,0,0,-0.6428,0,-0.7661,-1649.869,0,0,0,1
249.3869,-412.2992,0,-1650.034,1.640985,1.640985,-17.45937,-389.8341,0.25,-1674.605,32.94012,0.352941,-0.7641,0,0.6451,-412.2992,0,1,0,0,-0.6451,0,-0.7641,-1650.034,0,0,0,1
249.3972,-412.1597,0,-1650.198,1.61187,1.61187,-17.45937,-389.8341,0.25,-1674.605,32.72493,0.352941,-0.7621,0,0.6474,-412.1597,0,1,0,0,-0.6474,0,-0.7621,-1650.198,0,0,0,1
249.4082,-412.0203,0,-1650.361,1.582199,1.582199,-17.45937,-389.8341,0.25,-1674.605,32.51048,0.352941,-0.7601,0,0.6498,-412.0203,0,1,0,0,-0.6498,0,-0.7601,-1650.361,0,0,0,1
249.4195,-411.8808,0,-1650.523,1.552087,1.552087,-17.45937,-389.8341,0.25,-1674.605,32.29653,0.352941,-0.7582,0,0.6521,-411.8808,0,1,0,0,-0.6521,0,-0.7582,-1650.523,0,0,0,1
249.4305,-411.6017,0,-1650.845,1.490169,1.490169,-17.45937,-389.8341,0.25,-1674.605,31.87092,0.352941,-0.7542,0,0.6567,-411.6017,0,1,0,0,-0.6567,0,-0.7542,-1650.845,0,0,0,1
249.4417,-411.4621,0,-1651.004,1.458297,1.458297,-17.45937,-389.8341,0.25,-1674.605,31.65916,0.352941,-0.7522,0,0.659,-411.4621,0,1,0,0,-0.659,0,-0.7522,-1651.004,0,0,0,1
249.4528,-411.3225,0,-1651.162,1.426025,1.426025,-17.45937,-389.8341,0.25,-1674.605,31.44813,0.352941,-0.7502,0,0.6613,-411.3225,0,1,0,0,-0.6613,0,-0.7502,-1651.162,0,0,0,1
249.4637,-411.1829,0,-1651.32,1.39317,1.39317,-17.48501,-389.8341,0.25,-1674.605,31.2377,0.352941,-0.7481,0,0.6635,-411.1829,0,1,0,0,-0.6635,0,-0.7481,-1651.32,0,0,0,1
249.4749,-411.0433,0,-1651.476,1.359823,1.359823,-17.55459,-389.8341,0.25,-1674.605,31.028,0.352941,-0.7461,0,0.6658,-411.0433,0,1,0,0,-0.6658,0,-0.7461,-1651.476,0,0,0,1
249.4861,-410.9037,0,-1651.632,1.325894,1.325894,-17.65713,-389.8341,0.25,-1674.605,30.81899,0.352941,-0.744,0,0.6681,-410.9037,0,1,0,0,-0.6681,0,-0.744,-1651.632,0,0,0,1
249.4971,-410.764,0,-1651.786,1.291447,1.291447,-17.86953,-389.8341,0.25,-1674.605,30.61071,0.352941,-0.742,0,0.6705,-410.764,0,1,0,0,-0.6705,0,-0.742,-1651.786,0,0,0,1
249.5129,-410.4847,0,-1652.093,1.222464,1.222464,-18.20279,-389.8341,0.25,-1674.605,30.19628,0.352941,-0.7377,0,0.6752,-410.4847,0,1,0,0,-0.6752,0,-0.7377,-1652.093,0,0,0,1
249.5232,-410.345,0,-1652.244,1.188026,1.188026,-18.56169,-389.8341,0.25,-1674.605,29.99015,0.352941,-0.7355,0,0.6775,-410.345,0,1,0,0,-0.6775,0,-0.7355,-1652.244,0,0,0,1
249.5314,-410.2053,0,-1652.395,1.152915,1.152915,-18.90226,-389.8341,0.25,-1674.605,29.78469,0.352941,-0.7332,0,0.68,-410.2053,0,1,0,0,-0.68,0,-0.7332,-1652.395,0,0,0,1
249.5414,-410.0656,0,-1652.544,1.117369,1.117369,-19.20989,-389.8341,0.25,-1674.605,29.57994,0.352941,-0.731,0,0.6824,-410.0656,0,1,0,0,-0.6824,0,-0.731,-1652.544,0,0,0,1
249.5527,-409.9258,0,-1652.693,1.081164,1.081164,-19.62371,-389.8341,0.25,-1674.605,29.37589,0.352941,-0.7286,0,0.6849,-409.9258,0,1,0,0,-0.6849,0,-0.7286,-1652.693,0,0,0,1
249.5642,-409.7859,0,-1652.841,1.047345,1.047345,-20.17304,-389.8341,0.25,-1674.605,29.17253,0.352941,-0.7262,0,0.6875,-409.7859,0,1,0,0,-0.6875,0,-0.7262,-1652.841,0,0,0,1
249.5756,-409.6461,0,-1652.987,1.013034,1.013034,-20.72968,-389.8341,0.25,-1674.605,28.96999,0.352941,-0.7237,0,0.6901,-409.6461,0,1,0,0,-0.6901,0,-0.7237,-1652.987,0,0,0,1
249.5866,-409.5063,0,-1653.133,0.978171,0.978171,-21.20943,-389.8341,0.25,-1674.605,28.76811,0.352941,-0.7212,0,0.6928,-409.5063,0,1,0,0,-0.6928,0,-0.7212,-1653.133,0,0,0,1
249.598,-409.3663,0,-1653.278,0.942571,0.942571,-21.78439,-389.8341,0.25,-1674.605,28.56701,0.352941,-0.7185,0,0.6955,-409.3663,0,1,0,0,-0.6955,0,-0.7185,-1653.278,0,0,0,1
249.6093,-409.2263,0,-1653.421,0.906397,0.906397,-22.43259,-389.8341,0.25,-1674.605,28.36656,0.352941,-0.7158,0,0.6983,-409.2263,0,1,0,0,-0.6983,0,-0.7158,-1653.421,0,0,0,1
249.6211,-408.946,0,-1653.705,0.837597,0.837597,-22.76952,-389.8341,0.25,-1674.605,27.96798,0.352941,-0.7102,0,0.704,-408.946,0,1,0,0,-0.704,0,-0.7102,-1653.705,0,0,0,1
249.6316,-408.8057,0,-1653.845,0.802467,0.802467,-23.26391,-389.8341,0.25,-1674.605,27.76974,0.352941,-0.7074,0,0.7069,-408.8057,0,1,0,0,-0.7069,0,-0.7074,-1653.845,0,0,0,1
249.6432,-408.6654,0,-1653.985,0.766575,0.766575,-23.68139,-389.8341,0.25,-1674.605,27.57227,0.352941,-0.7044,0,0.7098,-408.6654,0,1,0,0,-0.7098,0,-0.7044,-1653.985,0,0,0,1
249.6545,-408.525,0,-1654.123,0.730088,0.730088,-24.00732,-389.8341,0.25,-1674.605,27.37556,0.352941,-0.7014,0,0.7127,-408.525,0,1,0,0,-0.7127,0,-0.7014,-1654.123,0,0,0,1
249.665,-408.3845,0,-1654.26,0.694801,0.694801,-24.3296,-389.8341,0.25,-1674.605,27.17962,0.352941,-0.6984,0,0.7157,-408.3845,0,1,0,0,-0.7157,0,-0.6984,-1654.26,0,0,0,1
249.6762,-408.244,0,-1654.396,0.659816,0.659816,-24.63722,-389.8341,0.25,-1674.605,26.98443,0.352941,-0.6953,0,0.7187,-408.244,0,1,0,0,-0.7187,0,-0.6953,-1654.396,0,0,0,1
249.6875,-408.1033,0,-1654.531,0.624094,0.624094,-24.78004,-389.8341,0.25,-1674.605,26.79001,0.352941,-0.6922,0,0.7217,-408.1033,0,1,0,0,-0.7217,0,-0.6922,-1654.531,0,0,0,1
249.6982,-407.9626,0,-1654.665,0.587754,0.587754,-24.87892,-389.8341,0.25,-1674.605,26.59636,0.352941,-0.6891,0,0.7247,-407.9626,0,1,0,0,-0.7247,0,-0.6891,-1654.665,0,0,0,1
249.7094,-407.8218,0,-1654.797,0.550678,0.550678,-24.9485,-389.8341,0.25,-1674.605,26.40349,0.352941,-0.6859,0,0.7277,-407.8218,0,1,0,0,-0.7277,0,-0.6859,-1654.797,0,0,0,1
249.7204,-407.5401,0,-1655.059,0.478375,0.478375,-24.9485,-389.8341,0.25,-1674.605,26.02011,0.337255,-0.6795,0,0.7336,-407.5401,0,1,0,0,-0.7336,0,-0.6795,-1655.059,0,0,0,1
249.7315,-407.3991,0,-1655.189,0.442098,0.442098,-24.94484,-389.8341,0.25,-1674.605,25.82959,0.337255,-0.6763,0,0.7366,-407.3991,0,1,0,0,-0.7366,0,-0.6763,-1655.189,0,0,0,1
249.7427,-407.2581,0,-1655.317,0.405183,0.405183,-24.89357,-389.8341,0.25,-1674.605,25.63977,0.337255,-0.6731,0,0.7395,-407.2581,0,1,0,0,-0.7395,0,-0.6731,-1655.317,0,0,0,1
249.7539,-407.117,0,-1655.444,0.367556,0.367556,-24.80568,-389.8341,0.25,-1674.605,25.45083,0.337255,-0.6699,0,0.7424,-407.117,0,1,0,0,-0.7424,0,-0.6699,-1655.444,0,0,0,1
249.7649,-406.9759,0,-1655.571,0.32932,0.32932,-24.63722,-389.8341,0.25,-1674.605,25.26252,0.329412,-0.6667,0,0.7453,-406.9759,0,1,0,0,-0.7453,0,-0.6667,-1655.571,0,0,0,1
249.7831,-406.6935,0,-1655.82,0.256431,0.256431,-24.3003,-389.8341,0.25,-1674.605,24.88829,0.329412,-0.6604,0,0.7509,-406.6935,0,1,0,0,-0.7509,0,-0.6604,-1655.82,0,0,0,1
249.7904,-406.5523,0,-1655.943,0.219077,0.219077,-23.96704,-389.8341,0.25,-1674.605,24.70225,0.329412,-0.6572,0,0.7537,-406.5523,0,1,0,0,-0.7537,0,-0.6572,-1655.943,0,0,0,1
249.7985,-406.5523,0,-1655.943,0.219028,0.219028,-23.96704,-389.8341,0.25,-1674.605,24.70234,0.329412,-0.6572,0,0.7537,-406.5523,0,1,0,0,-0.7537,0,-0.6572,-1655.943,0,0,0,1
249.8074,-406.411,0,-1656.065,0.181037,0.181037,-23.41772,-389.8341,0.25,-1674.605,24.51711,0.321569,-0.6542,0,0.7564,-406.411,0,1,0,0,-0.7564,0,-0.6542,-1656.065,0,0,0,1
249.8187,-406.2698,0,-1656.187,0.142412,0.142412,-23.11742,-389.8341,0.25,-1674.605,24.33276,0.321569,-0.6511,0,0.759,-406.2698,0,1,0,0,-0.759,0,-0.6511,-1656.187,0,0,0,1
249.8307,-405.9874,0,-1656.426,0.067598,0.067598,-22.59739,-389.8341,0.25,-1674.605,23.96609,0.321569,-0.6451,0,0.7641,-405.9874,0,1,0,0,-0.7641,0,-0.6451,-1656.426,0,0,0,1
249.8407,-405.8462,0,-1656.544,0.030088,0.030088,-22.04807,-389.8341,0.25,-1674.605,23.78395,0.313726,-0.6421,0,0.7666,-405.8462,0,1,0,0,-0.7666,0,-0.6421,-1656.544,0,0,0,1
249.8519,-405.7051,0,-1656.662,0.008083,-0.008083,-21.57198,-389.8341,0.25,-1674.605,23.6026,0.305882,-0.6393,0,0.769,-405.7051,0,1,0,0,-0.769,0,-0.6393,-1656.662,0,0,0,1
249.8633,-405.564,0,-1656.778,0.046741,-0.046741,-20.96407,-389.8341,0.25,-1674.605,23.42194,0.298039,-0.6364,0,0.7713,-405.564,0,1,0,0,-0.7713,0,-0.6364,-1656.778,0,0,0,1
249.8743,-405.423,0,-1656.894,0.085936,-0.085936,-20.23895,-389.8341,0.25,-1674.605,23.2421,0.290196,-0.6337,0,0.7736,-405.423,0,1,0,0,-0.7736,0,-0.6337,-1656.894,0,0,0,1
249.8853,-405.282,0,-1657.008,0.123019,-0.123019,-19.81414,-389.8341,0.25,-1674.605,23.06295,0.282353,-0.631,0,0.7758,-405.282,0,1,0,0,-0.7758,0,-0.631,-1657.008,0,0,0,1
249.8964,-405.1411,0,-1657.122,0.160478,-0.160478,-19.29045,-389.8341,0.25,-1674.605,22.88444,0.27451,-0.6284,0,0.7779,-405.1411,0,1,0,0,-0.7779,0,-0.6284,-1657.122,0,0,0,1
249.9083,-405.0002,0,-1657.235,0.198375,-0.198375,-18.70451,-389.8341,0.25,-1674.605,22.70665,0.266667,-0.6259,0,0.7799,-405.0002,0,1,0,0,-0.7799,0,-0.6259,-1657.235,0,0,0,1
249.9185,-404.8594,0,-1657.347,0.236684,-0.236684,-18.13688,-389.8341,0.25,-1674.605,22.5295,0.258824,-0.6234,0,0.7819,-404.8594,0,1,0,0,-0.7819,0,-0.6234,-1657.347,0,0,0,1
249.9312,-404.578,0,-1657.57,0.313921,-0.313921,-17.69375,-389.8341,0.25,-1674.605,22.17731,0.258824,-0.6186,0,0.7857,-404.578,0,1,0,0,-0.7857,0,-0.6186,-1657.57,0,0,0,1
249.9423,-404.4374,0,-1657.68,0.350772,-0.350772,-17.00892,-389.8341,0.25,-1674.605,22.00214,0.25098,-0.6162,0,0.7876,-404.4374,0,1,0,0,-0.7876,0,-0.6162,-1657.68,0,0,0,1
249.9519,-404.2968,0,-1657.789,0.388231,-0.388231,-16.69398,-389.8341,0.25,-1674.605,21.82775,0.243137,-0.6139,0,0.7894,-404.2968,0,1,0,0,-0.7894,0,-0.6139,-1657.789,0,0,0,1
249.9629,-404.1564,0,-1657.898,0.42586,-0.42586,-16.30579,-389.8341,0.25,-1674.605,21.65377,0.235294,-0.6117,0,0.7911,-404.1564,0,1,0,0,-0.7911,0,-0.6117,-1657.898,0,0,0,1
249.9743,-404.016,0,-1658.005,0.464047,-0.464047,-15.95056,-389.8341,0.25,-1674.605,21.48065,0.219608,-0.6095,0,0.7928,-404.016,0,1,0,0,-0.7928,0,-0.6095,-1658.005,0,0,0,1
249.9854,-403.8757,0,-1658.113,0.502528,-0.502528,-15.54772,-389.8341,0.25,-1674.605,21.308,0.196078,-0.6073,0,0.7945,-403.8757,0,1,0,0,-0.7945,0,-0.6073,-1658.113,0,0,0,1
249.9962,-403.7354,0,-1658.219,0.539741,-0.539741,-15.22545,-389.8341,0.25,-1674.605,21.13581,0.164706,-0.6052,0,0.7961,-403.7354,0,1,0,0,-0.7961,0,-0.6052,-1658.219,0,0,0,1
250.0074,-403.5951,0,-1658.325,0.576484,-0.576484,-14.84459,-389.8341,0.25,-1674.605,20.96433,0.12549,-0.6031,0,0.7976,-403.5951,0,1,0,0,-0.7976,0,-0.6031,-1658.325,0,0,0,1
250.0185,-403.4547,0,-1658.431,0.613521,-0.613521,-14.51133,-389.8341,0.25,-1674.605,20.79316,0.086275,-0.6011,0,0.7992,-403.4547,0,1,0,0,-0.7992,0,-0.6011,-1658.431,0,0,0,1
250.0297,-403.3142,0,-1658.536,0.650888,-0.650888,-14.0975,-389.8341,0.25,-1674.605,20.62235,0.015686,-0.5991,0,0.8006,-403.3142,0,1,0,0,-0.8006,0,-0.5991,-1658.536,0,0,0,1
250.0409,-403.0315,0,-1658.746,0.727087,-0.727087,-13.59579,-389.8341,0.25,-1674.605,20.28002,0,-0.5953,0,0.8035,-403.0315,0,1,0,0,-0.8035,0,-0.5953,-1658.746,0,0,0,1
250.0518,-402.8893,0,-1658.851,0.763858,-0.763858,-13.30647,-389.8341,0.25,-1674.605,20.10854,0,-0.5935,0,0.8049,-402.8893,0,1,0,0,-0.8049,0,-0.5935,-1658.851,0,0,0,1
250.0629,-402.7465,0,-1658.956,0.800569,-0.800569,-12.83772,-389.8341,0.25,-1674.605,19.93694,0,-0.5917,0,0.8062,-402.7465,0,1,0,0,-0.8062,0,-0.5917,-1658.956,0,0,0,1
250.0741,-402.6031,0,-1659.061,0.837746,-0.837746,-12.4532,-389.8341,0.25,-1674.605,19.76503,0,-0.5899,0,0.8075,-402.6031,0,1,0,0,-0.8075,0,-0.5899,-1659.061,0,0,0,1
250.0861,-402.4593,0,-1659.165,0.87533,-0.87533,-11.96979,-389.8341,0.25,-1674.605,19.59303,0,-0.5882,0,0.8087,-402.4593,0,1,0,0,-0.8087,0,-0.5882,-1659.165,0,0,0,1
250.0962,-402.3149,0,-1659.27,0.913402,-0.913402,-11.48639,-389.8341,0.25,-1674.605,19.42079,0,-0.5866,0,0.8099,-402.3149,0,1,0,0,-0.8099,0,-0.5866,-1659.27,0,0,0,1
250.1108,-402.0246,0,-1659.479,0.987754,-0.987754,-10.91508,-389.8341,0.25,-1674.605,19.07582,0,-0.5835,0,0.8121,-402.0246,0,1,0,0,-0.8121,0,-0.5835,-1659.479,0,0,0,1
250.1214,-401.8786,0,-1659.583,1.024348,-1.024348,-10.52689,-389.8341,0.25,-1674.605,18.90302,0,-0.582,0,0.8132,-401.8786,0,1,0,0,-0.8132,0,-0.582,-1659.583,0,0,0,1
250.1297,-401.8786,0,-1659.583,1.024348,-1.024348,-10.52689,-389.8341,0.25,-1674.605,18.90302,0,-0.582,0,0.8132,-401.8786,0,1,0,0,-0.8132,0,-0.582,-1659.583,0,0,0,1
250.1407,-401.5852,0,-1659.792,1.098746,-1.098746,-9.809111,-389.8341,0.25,-1674.605,18.55698,0,-0.5792,0,0.8152,-401.5852,0,1,0,0,-0.8152,0,-0.5792,-1659.792,0,0,0,1
250.1519,-401.4377,0,-1659.896,1.136464,-1.136464,-9.475851,-389.8341,0.25,-1674.605,18.38375,0,-0.5779,0,0.8161,-401.4377,0,1,0,0,-0.8161,0,-0.5779,-1659.896,0,0,0,1
250.1633,-401.2897,0,-1660.001,1.173227,-1.173227,-9.113295,-389.8341,0.25,-1674.605,18.21045,0,-0.5766,0,0.817,-401.2897,0,1,0,0,-0.817,0,-0.5766,-1660.001,0,0,0,1
250.1748,-401.1413,0,-1660.105,1.208987,-1.208987,-8.772718,-389.8341,0.25,-1674.605,18.03683,0,-0.5753,0,0.8179,-401.1413,0,1,0,0,-0.8179,0,-0.5753,-1660.105,0,0,0,1
250.1859,-400.9924,0,-1660.21,1.24515,-1.24515,-8.512702,-389.8341,0.25,-1674.605,17.86316,0,-0.5741,0,0.8188,-400.9924,0,1,0,0,-0.8188,0,-0.5741,-1660.21,0,0,0,1
250.1972,-400.843,0,-1660.314,1.281543,-1.281543,-8.219733,-389.8341,0.25,-1674.605,17.68924,0,-0.5729,0,0.8196,-400.843,0,1,0,0,-0.8196,0,-0.5729,-1660.314,0,0,0,1
250.2085,-400.6931,0,-1660.419,1.318249,-1.318249,-7.930419,-389.8341,0.25,-1674.605,17.51525,0,-0.5718,0,0.8204,-400.6931,0,1,0,0,-0.8204,0,-0.5718,-1660.419,0,0,0,1
250.22,-400.3919,0,-1660.628,1.38998,-1.38998,-7.772949,-389.8341,0.25,-1674.605,17.16691,0,-0.5696,0,0.8219,-400.3919,0,1,0,0,-0.8219,0,-0.5696,-1660.628,0,0,0,1
250.2311,-400.2407,0,-1660.732,1.424954,-1.424954,-7.57885,-389.8341,0.25,-1674.605,16.99262,0,-0.5685,0,0.8227,-400.2407,0,1,0,0,-0.8227,0,-0.5685,-1660.732,0,0,0,1
250.2423,-400.0889,0,-1660.837,1.460303,-1.460303,-7.432365,-389.8341,0.25,-1674.605,16.81812,0,-0.5674,0,0.8234,-400.0889,0,1,0,0,-0.8234,0,-0.5674,-1660.837,0,0,0,1
250.2536,-399.9366,0,-1660.941,1.496031,-1.496031,-7.285881,-389.8341,0.25,-1674.605,16.64369,0,-0.5664,0,0.8241,-399.9366,0,1,0,0,-0.8241,0,-0.5664,-1660.941,0,0,0,1
250.2648,-399.784,0,-1661.046,1.531811,-1.531811,-7.165024,-389.8341,0.25,-1674.605,16.46902,0,-0.5653,0,0.8249,-399.784,0,1,0,0,-0.8249,0,-0.5653,-1661.046,0,0,0,1
250.2761,-399.6309,0,-1661.151,1.566208,-1.566208,-7.003891,-389.8341,0.25,-1674.605,16.2943,0,-0.5643,0,0.8255,-399.6309,0,1,0,0,-0.8255,0,-0.5643,-1661.151,0,0,0,1
250.2871,-399.4773,0,-1661.255,1.599934,-1.599934,-6.94896,-389.8341,0.25,-1674.605,16.11956,0,-0.5633,0,0.8262,-399.4773,0,1,0,0,-0.8262,0,-0.5633,-1661.255,0,0,0,1
250.298,-399.3232,0,-1661.36,1.633971,-1.633971,-6.875718,-389.8341,0.25,-1674.605,15.9448,0,-0.5623,0,0.8269,-399.3232,0,1,0,0,-0.8269,0,-0.5623,-1661.36,0,0,0,1
250.3093,-399.1687,0,-1661.465,1.668211,-1.668211,-6.78782,-389.8341,0.25,-1674.605,15.76995,0,-0.5614,0,0.8276,-399.1687,0,1,0,0,-0.8276,0,-0.5614,-1661.465,0,0,0,1
250.3205,-398.8583,0,-1661.675,1.736802,-1.736802,-6.73655,-389.8341,0.25,-1674.605,15.42031,0,-0.5594,0,0.8289,-398.8583,0,1,0,0,-0.8289,0,-0.5594,-1661.675,0,0,0,1
250.332,-398.7025,0,-1661.78,1.769201,-1.769201,-6.681619,-389.8341,0.25,-1674.605,15.24555,0,-0.5585,0,0.8295,-398.7025,0,1,0,0,-0.8295,0,-0.5585,-1661.78,0,0,0,1
250.3429,-398.5462,0,-1661.885,1.801675,-1.801675,-6.634011,-389.8341,0.25,-1674.605,15.07057,0,-0.5575,0,0.8302,-398.5462,0,1,0,0,-0.8302,0,-0.5575,-1661.885,0,0,0,1
250.3542,-398.3894,0,-1661.99,1.834674,-1.834674,-6.615701,-389.8341,0.25,-1674.605,14.89582,0,-0.5565,0,0.8308,-398.3894,0,1,0,0,-0.8308,0,-0.5565,-1661.99,0,0,0,1
250.3664,-398.2322,0,-1662.095,1.867893,-1.867893,-6.615701,-389.8341,0.25,-1674.605,14.72119,0,-0.5556,0,0.8315,-398.2322,0,1,0,0,-0.8315,0,-0.5556,-1662.095,0,0,0,1
250.3769,-398.0745,0,-1662.2,1.901165,-1.901165,-6.615701,-389.8341,0.25,-1674.605,14.54666,0,-0.5546,0,0.8321,-398.0745,0,1,0,0,-0.8321,0,-0.5546,-1662.2,0,0,0,1
250.3876,-397.9164,0,-1662.305,1.932073,-1.932073,-6.615701,-389.8341,0.25,-1674.605,14.37206,0,-0.5536,0,0.8328,-397.9164,0,1,0,0,-0.8328,0,-0.5536,-1662.305,0,0,0,1
250.3987,-397.7578,0,-1662.41,1.96329,-1.96329,-6.615701,-389.8341,0.25,-1674.605,14.1976,0,-0.5527,0,0.8334,-397.7578,0,1,0,0,-0.8334,0,-0.5527,-1662.41,0,0,0,1
250.41,-397.5987,0,-1662.515,1.994795,-1.994795,-6.615701,-389.8341,0.25,-1674.605,14.02333,0,-0.5517,0,0.834,-397.5987,0,1,0,0,-0.834,0,-0.5517,-1662.515,0,0,0,1
250.4209,-397.2793,0,-1662.726,2.058658,-2.058658,-6.615701,-389.8341,0.25,-1674.605,13.67538,0,-0.5498,0,0.8353,-397.2793,0,1,0,0,-0.8353,0,-0.5498,-1662.726,0,0,0,1
250.432,-397.1189,0,-1662.831,2.088333,-2.088333,-6.615701,-389.8341,0.25,-1674.605,13.50164,0,-0.5488,0,0.8359,-397.1189,0,1,0,0,-0.8359,0,-0.5488,-1662.831,0,0,0,1
250.447,-396.958,0,-1662.937,2.118016,-2.118016,-6.615701,-389.8341,0.25,-1674.605,13.32817,0,-0.5479,0,0.8366,-396.958,0,1,0,0,-0.8366,0,-0.5479,-1662.937,0,0,0,1
250.4567,-396.7967,0,-1663.042,2.148138,-2.148138,-6.615701,-389.8341,0.25,-1674.605,13.15509,0,-0.5469,0,0.8372,-396.7967,0,1,0,0,-0.8372,0,-0.5469,-1663.042,0,0,0,1
250.4654,-396.6349,0,-1663.147,2.178352,-2.178352,-6.615701,-389.8341,0.25,-1674.605,12.98201,0,-0.5459,0,0.8378,-396.6349,0,1,0,0,-0.8378,0,-0.5459,-1663.147,0,0,0,1
250.4772,-396.4727,0,-1663.253,2.208821,-2.208821,-6.615701,-389.8341,0.25,-1674.605,12.80938,0,-0.545,0,0.8385,-396.4727,0,1,0,0,-0.8385,0,-0.545,-1663.253,0,0,0,1
250.4876,-396.31,0,-1663.358,2.237296,-2.237296,-6.615701,-389.8341,0.25,-1674.605,12.63712,0,-0.544,0,0.8391,-396.31,0,1,0,0,-0.8391,0,-0.544,-1663.358,0,0,0,1
250.4986,-396.1469,0,-1663.464,2.265562,-2.265562,-6.615701,-389.8341,0.25,-1674.605,12.46532,0,-0.543,0,0.8397,-396.1469,0,1,0,0,-0.8397,0,-0.543,-1663.464,0,0,0,1
250.5098,-395.9833,0,-1663.569,2.294001,-2.294001,-6.615701,-389.8341,0.25,-1674.605,12.29381,0,-0.5421,0,0.8403,-395.9833,0,1,0,0,-0.8403,0,-0.5421,-1663.569,0,0,0,1
250.5208,-395.6547,0,-1663.781,2.351843,-2.351843,-6.615701,-389.8341,0.25,-1674.605,11.95234,0,-0.5401,0,0.8416,-395.6547,0,1,0,0,-0.8416,0,-0.5401,-1663.781,0,0,0,1
250.532,-395.4897,0,-1663.886,2.378699,-2.378699,-6.615701,-389.8341,0.25,-1674.605,11.78241,0,-0.5391,0,0.8422,-395.4897,0,1,0,0,-0.8422,0,-0.5391,-1663.886,0,0,0,1
250.5438,-395.3243,0,-1663.992,2.405462,-2.405462,-6.615701,-389.8341,0.25,-1674.605,11.61311,0,-0.5382,0,0.8428,-395.3243,0,1,0,0,-0.8428,0,-0.5382,-1663.992,0,0,0,1
250.5542,-395.1584,0,-1664.097,2.432376,-2.432376,-6.615701,-389.8341,0.25,-1674.605,11.44435,0,-0.5372,0,0.8435,-395.1584,0,1,0,0,-0.8435,0,-0.5372,-1664.097,0,0,0,1
250.5654,-394.992,0,-1664.203,2.459593,-2.459593,-6.615701,-389.8341,0.25,-1674.605,11.27631,0,-0.5362,0,0.8441,-394.992,0,1,0,0,-0.8441,0,-0.5362,-1664.203,0,0,0,1
250.5764,-394.8252,0,-1664.309,2.487092,-2.487092,-6.615701,-389.8341,0.25,-1674.605,11.10902,0,-0.5352,0,0.8447,-394.8252,0,1,0,0,-0.8447,0,-0.5352,-1664.309,0,0,0,1
250.5876,-394.658,0,-1664.415,2.512213,-2.512213,-6.615701,-389.8341,0.25,-1674.605,10.94254,0,-0.5343,0,0.8453,-394.658,0,1,0,0,-0.8453,0,-0.5343,-1664.415,0,0,0,1
250.5988,-394.4902,0,-1664.52,2.537272,-2.537272,-6.634011,-389.8341,0.25,-1674.605,10.77695,0,-0.5333,0,0.8459,-394.4902,0,1,0,0,-0.8459,0,-0.5333,-1664.52,0,0,0,1
250.6095,-394.322,0,-1664.626,2.562726,-2.562726,-6.663308,-389.8341,0.25,-1674.605,10.61227,0,-0.5323,0,0.8466,-394.322,0,1,0,0,-0.8466,0,-0.5323,-1664.626,0,0,0,1
250.6206,-393.9842,0,-1664.838,2.614108,-2.614108,-6.732888,-389.8341,0.25,-1674.605,10.28577,0,-0.5303,0,0.8478,-393.9842,0,1,0,0,-0.8478,0,-0.5303,-1664.838,0,0,0,1
250.6325,-393.8146,0,-1664.943,2.637297,-2.637297,-6.853745,-389.8341,0.25,-1674.605,10.12422,0,-0.5293,0,0.8484,-393.8146,0,1,0,0,-0.8484,0,-0.5293,-1664.943,0,0,0,1
250.6431,-393.6446,0,-1665.049,2.660843,-2.660843,-7.01854,-389.8341,0.25,-1674.605,9.963887,0,-0.5283,0,0.8491,-393.6446,0,1,0,0,-0.8491,0,-0.5283,-1665.049,0,0,0,1
250.655,-393.474,0,-1665.155,2.684595,-2.684595,-7.194321,-389.8341,0.25,-1674.605,9.804844,0,-0.5272,0,0.8497,-393.474,0,1,0,0,-0.8497,0,-0.5272,-1665.155,0,0,0,1
250.6652,-393.303,0,-1665.261,2.708645,-2.708645,-7.432365,-389.8341,0.25,-1674.605,9.647203,0,-0.5261,0,0.8504,-393.303,0,1,0,0,-0.8504,0,-0.5261,-1665.261,0,0,0,1
250.6765,-393.1315,0,-1665.367,2.732334,-2.732334,-7.652092,-389.8341,0.25,-1674.605,9.491059,0,-0.525,0,0.8511,-393.1315,0,1,0,0,-0.8511,0,-0.525,-1665.367,0,0,0,1
250.6873,-392.9595,0,-1665.473,2.754036,-2.754036,-7.941406,-389.8341,0.25,-1674.605,9.336609,0,-0.5238,0,0.8519,-392.9595,0,1,0,0,-0.8519,0,-0.5238,-1665.473,0,0,0,1
250.6992,-392.787,0,-1665.578,2.776095,-2.776095,-8.205085,-389.8341,0.25,-1674.605,9.183856,0,-0.5226,0,0.8526,-392.787,0,1,0,0,-0.8526,0,-0.5226,-1665.578,0,0,0,1
250.7101,-392.4406,0,-1665.79,2.821106,-2.821106,-8.655524,-389.8341,0.25,-1674.605,8.884022,0,-0.52,0,0.8542,-392.4406,0,1,0,0,-0.8542,0,-0.52,-1665.79,0,0,0,1
250.7208,-392.2666,0,-1665.895,2.84273,-2.84273,-8.893568,-389.8341,0.25,-1674.605,8.737301,0,-0.5187,0,0.855,-392.2666,0,1,0,0,-0.855,0,-0.5187,-1665.895,0,0,0,1
250.7316,-392.0921,0,-1666.001,2.863044,-2.863044,-9.17922,-389.8341,0.25,-1674.605,8.592651,0,-0.5173,0,0.8558,-392.0921,0,1,0,0,-0.8558,0,-0.5173,-1666.001,0,0,0,1
250.743,-391.9171,0,-1666.106,2.883826,-2.883826,-9.541769,-389.8341,0.25,-1674.605,8.450576,0,-0.5159,0,0.8567,-391.9171,0,1,0,0,-0.8567,0,-0.5159,-1666.106,0,0,0,1
250.7545,-391.7416,0,-1666.211,2.904866,-2.904866,-9.812773,-389.8341,0.25,-1674.605,8.310989,0,-0.5144,0,0.8576,-391.7416,0,1,0,0,-0.8576,0,-0.5144,-1666.211,0,0,0,1
250.7652,-391.5655,0,-1666.317,2.926317,-2.926317,-10.14237,-389.8341,0.25,-1674.605,8.174172,0,-0.5129,0,0.8585,-391.5655,0,1,0,0,-0.8585,0,-0.5129,-1666.317,0,0,0,1
250.78,-391.2118,0,-1666.527,2.965113,-2.965113,-10.51957,-389.8341,0.25,-1674.605,7.909533,0,-0.5097,0,0.8603,-391.2118,0,1,0,0,-0.8603,0,-0.5097,-1666.527,0,0,0,1
250.7912,-391.0341,0,-1666.631,2.984734,-2.984734,-10.79423,-389.8341,0.25,-1674.605,7.782074,0,-0.5081,0,0.8613,-391.0341,0,1,0,0,-0.8613,0,-0.5081,-1666.631,0,0,0,1
250.799,-391.0341,0,-1666.631,2.984716,-2.984716,-10.79423,-389.8341,0.25,-1674.605,7.782078,0,-0.5081,0,0.8613,-391.0341,0,1,0,0,-0.8613,0,-0.5081,-1666.631,0,0,0,1
250.8095,-390.8559,0,-1666.736,3.004783,-3.004783,-11.17144,-389.8341,0.25,-1674.605,7.658249,0,-0.5064,0,0.8623,-390.8559,0,1,0,0,-0.8623,0,-0.5064,-1666.736,0,0,0,1
250.8206,-390.4978,0,-1666.945,3.042815,-3.042815,-11.36553,-389.8341,0.25,-1674.605,7.421937,0,-0.503,0,0.8643,-390.4978,0,1,0,0,-0.8643,0,-0.503,-1666.945,0,0,0,1
250.8319,-390.3179,0,-1667.049,3.061057,-3.061057,-11.56329,-389.8341,0.25,-1674.605,7.309891,0,-0.5012,0,0.8653,-390.3179,0,1,0,0,-0.8653,0,-0.5012,-1667.049,0,0,0,1
250.843,-390.1375,0,-1667.153,3.079979,-3.079979,-11.75006,-389.8341,0.25,-1674.605,7.202468,0,-0.4995,0,0.8663,-390.1375,0,1,0,0,-0.8663,0,-0.4995,-1667.153,0,0,0,1
250.8547,-389.9565,0,-1667.257,3.098939,-3.098939,-11.9002,-389.8341,0.25,-1674.605,7.098267,0,-0.4977,0,0.8674,-389.9565,0,1,0,0,-0.8674,0,-0.4977,-1667.257,0,0,0,1
250.8652,-389.7749,0,-1667.361,3.11704,-3.11704,-12.06501,-389.8341,0.25,-1674.605,6.994629,0,-0.4958,0,0.8684,-389.7749,0,1,0,0,-0.8684,0,-0.4958,-1667.361,0,0,0,1
