time,pos_x,pos_y,pos_z,distFromRoadCenter,signedDistFromRoadCenter,wheelAngle,obstacle_pos_x,obstacle_pos_y,obstacle_pos_z,distance_to_obstacle,brake_position,simplecar_4x4_R0C0,simplecar_4x4_R0C1,simplecar_4x4_R0C2,simplecar_4x4_R0C3,simplecar_4x4_R1C0,simplecar_4x4_R1C1,simplecar_4x4_R1C2,simplecar_4x4_R1C3,simplecar_4x4_R2C0,simplecar_4x4_R2C1,simplecar_4x4_R2C2,simplecar_4x4_R2C3,simplecar_4x4_R3C0,simplecar_4x4_R3C1,simplecar_4x4_R3C2,simplecar_4x4_R3C3
254.1412,-313.3558,0,-1688.5,2.427357,2.427357,-0.829482,-258.6401,0.25,-1702.919,56.27848,0,-0.1043,0,0.9945,-313.3558,0,1,0,0,-0.9945,0,-0.1043,-1688.5,0,0,0,1
254.152,-313.1071,0,-1688.526,2.427873,2.427873,-0.902724,-258.6401,0.25,-1702.919,56.0313,0,-0.1041,0,0.9946,-313.1071,0,1,0,0,-0.9946,0,-0.1041,-1688.526,0,0,0,1
254.163,-312.8585,0,-1688.552,2.428301,2.428301,-0.950332,-258.6401,0.25,-1702.919,55.78421,0,-0.104,0,0.9946,-312.8585,0,1,0,0,-0.9946,0,-0.104,-1688.552,0,0,0,1
254.1742,-312.6098,0,-1688.578,2.428915,2.428915,-0.997939,-258.6401,0.25,-1702.919,55.53705,0,-0.1038,0,0.9946,-312.6098,0,1,0,0,-0.9946,0,-0.1038,-1688.578,0,0,0,1
254.1854,-312.3612,0,-1688.604,2.429282,2.429282,-1.052871,-258.6401,0.25,-1702.919,55.28997,0,-0.1036,0,0.9946,-312.3612,0,1,0,0,-0.9946,0,-0.1036,-1688.604,0,0,0,1
254.1998,-312.1125,0,-1688.63,2.42965,2.42965,-1.100478,-258.6401,0.25,-1702.919,55.04293,0,-0.1034,0,0.9946,-312.1125,0,1,0,0,-0.9946,0,-0.1034,-1688.63,0,0,0,1
254.2106,-311.6152,0,-1688.682,2.430263,2.430263,-1.170058,-258.6401,0.25,-1702.919,54.54898,0,-0.103,0,0.9947,-311.6152,0,1,0,0,-0.9947,0,-0.103,-1688.682,0,0,0,1
254.2185,-311.6152,0,-1688.682,2.430263,2.430263,-1.170058,-258.6401,0.25,-1702.919,54.54898,0,-0.103,0,0.9947,-311.6152,0,1,0,0,-0.9947,0,-0.103,-1688.682,0,0,0,1
254.2279,-311.3665,0,-1688.707,2.430512,2.430512,-1.1957,-258.6401,0.25,-1702.919,54.30201,0,-0.1028,0,0.9947,-311.3665,0,1,0,0,-0.9947,0,-0.1028,-1688.707,0,0,0,1
254.2393,-311.1178,0,-1688.733,2.430634,2.430634,-1.214011,-258.6401,0.25,-1702.919,54.05511,0,-0.1026,0,0.9947,-311.1178,0,1,0,0,-0.9947,0,-0.1026,-1688.733,0,0,0,1
254.2507,-310.6205,0,-1688.784,2.430879,2.430879,-1.214011,-258.6401,0.25,-1702.919,53.56142,0,-0.1022,0,0.9948,-310.6205,0,1,0,0,-0.9948,0,-0.1022,-1688.784,0,0,0,1
254.2611,-310.3718,0,-1688.81,2.430879,2.430879,-1.214011,-258.6401,0.25,-1702.919,53.31464,0,-0.102,0,0.9948,-310.3718,0,1,0,0,-0.9948,0,-0.102,-1688.81,0,0,0,1
254.2724,-310.1231,0,-1688.835,2.430876,2.430876,-1.214011,-258.6401,0.25,-1702.919,53.06791,0,-0.1018,0,0.9948,-310.1231,0,1,0,0,-0.9948,0,-0.1018,-1688.835,0,0,0,1
254.2835,-309.8744,0,-1688.861,2.430876,2.430876,-1.214011,-258.6401,0.25,-1702.919,52.82116,0,-0.1015,0,0.9948,-309.8744,0,1,0,0,-0.9948,0,-0.1015,-1688.861,0,0,0,1
254.2952,-309.6256,0,-1688.886,2.430634,2.430634,-1.214011,-258.6401,0.25,-1702.919,52.5745,0,-0.1013,0,0.9949,-309.6256,0,1,0,0,-0.9949,0,-0.1013,-1688.886,0,0,0,1
254.3064,-309.3769,0,-1688.911,2.430387,2.430387,-1.214011,-258.6401,0.25,-1702.919,52.32787,0,-0.1011,0,0.9949,-309.3769,0,1,0,0,-0.9949,0,-0.1011,-1688.911,0,0,0,1
254.3168,-309.1282,0,-1688.936,2.430141,2.430141,-1.214011,-258.6401,0.25,-1702.919,52.08128,0,-0.1009,0,0.9949,-309.1282,0,1,0,0,-0.9949,0,-0.1009,-1688.936,0,0,0,1
254.3278,-308.8795,0,-1688.962,2.429774,2.429774,-1.214011,-258.6401,0.25,-1702.919,51.83475,0,-0.1007,0,0.9949,-308.8795,0,1,0,0,-0.9949,0,-0.1007,-1688.962,0,0,0,1
254.3391,-308.6307,0,-1688.987,2.429407,2.429407,-1.214011,-258.6401,0.25,-1702.919,51.58822,0,-0.1005,0,0.9949,-308.6307,0,1,0,0,-0.9949,0,-0.1005,-1688.987,0,0,0,1
254.3503,-308.1333,0,-1689.037,2.428544,2.428544,-1.214011,-258.6401,0.25,-1702.919,51.09536,0,-0.1001,0,0.995,-308.1333,0,1,0,0,-0.995,0,-0.1001,-1689.037,0,0,0,1
254.3611,-307.8845,0,-1689.062,2.428055,2.428055,-1.214011,-258.6401,0.25,-1702.919,50.84894,0,-0.0999,0,0.995,-307.8845,0,1,0,0,-0.995,0,-0.0999,-1689.062,0,0,0,1
254.3723,-307.6357,0,-1689.087,2.42732,2.42732,-1.214011,-258.6401,0.25,-1702.919,50.60265,0,-0.0996,0,0.995,-307.6357,0,1,0,0,-0.995,0,-0.0996,-1689.087,0,0,0,1
254.3837,-307.387,0,-1689.112,2.426829,2.426829,-1.214011,-258.6401,0.25,-1702.919,50.35633,0,-0.0994,0,0.995,-307.387,0,1,0,0,-0.995,0,-0.0994,-1689.112,0,0,0,1
254.3944,-307.1382,0,-1689.136,2.426094,2.426094,-1.214011,-258.6401,0.25,-1702.919,50.11009,0,-0.0992,0,0.9951,-307.1382,0,1,0,0,-0.9951,0,-0.0992,-1689.136,0,0,0,1
254.4057,-306.8894,0,-1689.161,2.42548,2.42548,-1.214011,-258.6401,0.25,-1702.919,49.86388,0,-0.099,0,0.9951,-306.8894,0,1,0,0,-0.9951,0,-0.099,-1689.161,0,0,0,1
254.4165,-306.6407,0,-1689.186,2.424621,2.424621,-1.214011,-258.6401,0.25,-1702.919,49.61774,0,-0.0988,0,0.9951,-306.6407,0,1,0,0,-0.9951,0,-0.0988,-1689.186,0,0,0,1
254.4277,-306.3919,0,-1689.21,2.423762,2.423762,-1.214011,-258.6401,0.25,-1702.919,49.37164,0,-0.0986,0,0.9951,-306.3919,0,1,0,0,-0.9951,0,-0.0986,-1689.21,0,0,0,1
254.4424,-305.8943,0,-1689.26,2.421921,2.421921,-1.214011,-258.6401,0.25,-1702.919,48.87963,0,-0.0982,0,0.9952,-305.8943,0,1,0,0,-0.9952,0,-0.0982,-1689.26,0,0,0,1
254.4527,-305.6455,0,-1689.284,2.420938,2.420938,-1.214011,-258.6401,0.25,-1702.919,48.63366,0,-0.098,0,0.9952,-305.6455,0,1,0,0,-0.9952,0,-0.098,-1689.284,0,0,0,1
254.4612,-305.3967,0,-1689.308,2.419835,2.419835,-1.214011,-258.6401,0.25,-1702.919,48.38776,0,-0.0978,0,0.9952,-305.3967,0,1,0,0,-0.9952,0,-0.0978,-1689.308,0,0,0,1
254.4722,-305.1479,0,-1689.333,2.418851,2.418851,-1.214011,-258.6401,0.25,-1702.919,48.14187,0,-0.0975,0,0.9952,-305.1479,0,1,0,0,-0.9952,0,-0.0975,-1689.333,0,0,0,1
254.4836,-304.8991,0,-1689.357,2.417624,2.417624,-1.214011,-258.6401,0.25,-1702.919,47.89612,0,-0.0973,0,0.9953,-304.8991,0,1,0,0,-0.9953,0,-0.0973,-1689.357,0,0,0,1
254.4951,-304.6503,0,-1689.381,2.416398,2.416398,-1.210349,-258.6401,0.25,-1702.919,47.65039,0,-0.0971,0,0.9953,-304.6503,0,1,0,0,-0.9953,0,-0.0971,-1689.381,0,0,0,1
254.5055,-304.4015,0,-1689.406,2.415046,2.415046,-1.210349,-258.6401,0.25,-1702.919,47.40473,0,-0.0969,0,0.9953,-304.4015,0,1,0,0,-0.9953,0,-0.0969,-1689.406,0,0,0,1
254.5174,-304.1526,0,-1689.43,2.413695,2.413695,-1.173728,-258.6401,0.25,-1702.919,47.15912,0,-0.0967,0,0.9953,-304.1526,0,1,0,0,-0.9953,0,-0.0967,-1689.43,0,0,0,1
254.5281,-303.9038,0,-1689.454,2.412471,2.412471,-1.162734,-258.6401,0.25,-1702.919,46.91349,0.023529,-0.0965,0,0.9953,-303.9038,0,1,0,0,-0.9953,0,-0.0965,-1689.454,0,0,0,1
254.5389,-303.655,0,-1689.478,2.410999,2.410999,-1.140761,-258.6401,0.25,-1702.919,46.66801,0.039216,-0.0963,0,0.9954,-303.655,0,1,0,0,-0.9954,0,-0.0963,-1689.478,0,0,0,1
254.5501,-303.1573,0,-1689.526,2.407932,2.407932,-1.122451,-258.6401,0.25,-1702.919,46.17713,0.047059,-0.0959,0,0.9954,-303.1573,0,1,0,0,-0.9954,0,-0.0959,-1689.526,0,0,0,1
254.5609,-302.9084,0,-1689.55,2.406337,2.406337,-1.096816,-258.6401,0.25,-1702.919,45.9318,0.054902,-0.0957,0,0.9954,-302.9084,0,1,0,0,-0.9954,0,-0.0957,-1689.55,0,0,0,1
254.5724,-302.6597,0,-1689.574,2.404743,2.404743,-1.071181,-258.6401,0.25,-1702.919,45.6866,0.070588,-0.0955,0,0.9954,-302.6597,0,1,0,0,-0.9954,0,-0.0955,-1689.574,0,0,0,1
254.5837,-302.4111,0,-1689.598,2.403146,2.403146,-1.041884,-258.6401,0.25,-1702.919,45.44164,0.086275,-0.0954,0,0.9954,-302.4111,0,1,0,0,-0.9954,0,-0.0954,-1689.598,0,0,0,1
254.5956,-302.1626,0,-1689.621,2.40143,2.40143,-1.001601,-258.6401,0.25,-1702.919,45.19688,0.101961,-0.0952,0,0.9955,-302.1626,0,1,0,0,-0.9955,0,-0.0952,-1689.621,0,0,0,1
254.6063,-301.9144,0,-1689.645,2.399712,2.399712,-0.950332,-258.6401,0.25,-1702.919,44.9524,0.117647,-0.095,0,0.9955,-301.9144,0,1,0,0,-0.9955,0,-0.095,-1689.645,0,0,0,1
254.6174,-301.6664,0,-1689.669,2.397993,2.397993,-0.910049,-258.6401,0.25,-1702.919,44.70819,0.12549,-0.0949,0,0.9955,-301.6664,0,1,0,0,-0.9955,0,-0.0949,-1689.669,0,0,0,1
254.6287,-301.4186,0,-1689.692,2.396153,2.396153,-0.87709,-258.6401,0.25,-1702.919,44.4643,0.14902,-0.0947,0,0.9955,-301.4186,0,1,0,0,-0.9955,0,-0.0947,-1689.692,0,0,0,1
254.6401,-300.924,0,-1689.739,2.392469,2.392469,-0.82582,-258.6401,0.25,-1702.919,43.97758,0.188235,-0.0944,0,0.9955,-300.924,0,1,0,0,-0.9955,0,-0.0944,-1689.739,0,0,0,1
254.6512,-300.6772,0,-1689.763,2.390507,2.390507,-0.763564,-258.6401,0.25,-1702.919,43.73486,0.203922,-0.0943,0,0.9955,-300.6772,0,1,0,0,-0.9955,0,-0.0943,-1689.763,0,0,0,1
254.6627,-300.4308,0,-1689.786,2.388667,2.388667,-0.715957,-258.6401,0.25,-1702.919,43.49258,0.219608,-0.0942,0,0.9956,-300.4308,0,1,0,0,-0.9956,0,-0.0942,-1689.786,0,0,0,1
254.6746,-300.1848,0,-1689.809,2.386581,2.386581,-0.66468,-258.6401,0.25,-1702.919,43.25081,0.235294,-0.094,0,0.9956,-300.1848,0,1,0,0,-0.9956,0,-0.094,-1689.809,0,0,0,1
254.6854,-299.9393,0,-1689.832,2.38462,2.38462,-0.609748,-258.6401,0.25,-1702.919,43.00954,0.25098,-0.0939,0,0.9956,-299.9393,0,1,0,0,-0.9956,0,-0.0939,-1689.832,0,0,0,1
254.6962,-299.6943,0,-1689.855,2.382655,2.382655,-0.547493,-258.6401,0.25,-1702.919,42.76885,0.266667,-0.0938,0,0.9956,-299.6943,0,1,0,0,-0.9956,0,-0.0938,-1689.855,0,0,0,1
254.7082,-299.4498,0,-1689.879,2.38069,2.38069,-0.45594,-258.6401,0.25,-1702.919,42.52872,0.266667,-0.0938,0,0.9956,-299.4498,0,1,0,0,-0.9956,0,-0.0938,-1689.879,0,0,0,1
254.719,-299.2058,0,-1689.901,2.378604,2.378604,-0.401008,-258.6401,0.25,-1702.919,42.28919,0.266667,-0.0937,0,0.9956,-299.2058,0,1,0,0,-0.9956,0,-0.0937,-1689.901,0,0,0,1
254.7299,-298.9624,0,-1689.924,2.376642,2.376642,-0.331428,-258.6401,0.25,-1702.919,42.05025,0.27451,-0.0936,0,0.9956,-298.9624,0,1,0,0,-0.9956,0,-0.0936,-1689.924,0,0,0,1
254.7414,-298.4772,0,-1689.97,2.372591,2.372591,-0.254524,-258.6401,0.25,-1702.919,41.57413,0.27451,-0.0936,0,0.9956,-298.4772,0,1,0,0,-0.9956,0,-0.0936,-1689.97,0,0,0,1
254.7526,-298.2354,0,-1689.993,2.370505,2.370505,-0.184937,-258.6401,0.25,-1702.919,41.33699,0.27451,-0.0935,0,0.9956,-298.2354,0,1,0,0,-0.9956,0,-0.0935,-1689.993,0,0,0,1
254.7634,-297.9942,0,-1690.015,2.368419,2.368419,-0.089722,-258.6401,0.25,-1702.919,41.10049,0.27451,-0.0935,0,0.9956,-297.9942,0,1,0,0,-0.9956,0,-0.0935,-1690.015,0,0,0,1
254.7774,-297.7535,0,-1690.038,2.366454,2.366454,0.009155,-258.6401,0.25,-1702.919,40.86453,0.282353,-0.0935,0,0.9956,-297.7535,0,1,0,0,-0.9956,0,-0.0935,-1690.038,0,0,0,1
254.7892,-297.5134,0,-1690.061,2.36449,2.36449,0.089722,-258.6401,0.25,-1702.919,40.62923,0.282353,-0.0935,0,0.9956,-297.5134,0,1,0,0,-0.9956,0,-0.0935,-1690.061,0,0,0,1
254.7968,-297.2738,0,-1690.083,2.362282,2.362282,0.177612,-258.6401,0.25,-1702.919,40.3946,0.290196,-0.0936,0,0.9956,-297.2738,0,1,0,0,-0.9956,0,-0.0936,-1690.083,0,0,0,1
254.8086,-297.0348,0,-1690.106,2.360442,2.360442,0.228882,-258.6401,0.25,-1702.919,40.16051,0.298039,-0.0936,0,0.9956,-297.0348,0,1,0,0,-0.9956,0,-0.0936,-1690.106,0,0,0,1
254.819,-296.7964,0,-1690.128,2.358356,2.358356,0.298462,-258.6401,0.25,-1702.919,39.92708,0.298039,-0.0936,0,0.9956,-296.7964,0,1,0,0,-0.9956,0,-0.0936,-1690.128,0,0,0,1
254.8302,-296.3214,0,-1690.173,2.354429,2.354429,0.353394,-258.6401,0.25,-1702.919,39.46222,0.298039,-0.0938,0,0.9956,-296.3214,0,1,0,0,-0.9956,0,-0.0938,-1690.173,0,0,0,1
254.8411,-296.0848,0,-1690.195,2.352468,2.352468,0.419312,-258.6401,0.25,-1702.919,39.23076,0.305882,-0.0938,0,0.9956,-296.0848,0,1,0,0,-0.9956,0,-0.0938,-1690.195,0,0,0,1
254.8522,-295.8488,0,-1690.217,2.350506,2.350506,0.470595,-258.6401,0.25,-1702.919,38.99999,0.305882,-0.0939,0,0.9956,-295.8488,0,1,0,0,-0.9956,0,-0.0939,-1690.217,0,0,0,1
254.8634,-295.6134,0,-1690.239,2.348541,2.348541,0.536513,-258.6401,0.25,-1702.919,38.76991,0.305882,-0.094,0,0.9956,-295.6134,0,1,0,0,-0.9956,0,-0.094,-1690.239,0,0,0,1
254.8745,-295.3787,0,-1690.262,2.346823,2.346823,0.595107,-258.6401,0.25,-1702.919,38.54041,0.305882,-0.0941,0,0.9956,-295.3787,0,1,0,0,-0.9956,0,-0.0941,-1690.262,0,0,0,1
254.8856,-295.1445,0,-1690.284,2.344983,2.344983,0.639052,-258.6401,0.25,-1702.919,38.3116,0.313726,-0.0942,0,0.9956,-295.1445,0,1,0,0,-0.9956,0,-0.0942,-1690.284,0,0,0,1
254.8968,-294.911,0,-1690.306,2.343264,2.343264,0.68666,-258.6401,0.25,-1702.919,38.08347,0.329412,-0.0943,0,0.9955,-294.911,0,1,0,0,-0.9955,0,-0.0943,-1690.306,0,0,0,1
254.908,-294.6781,0,-1690.328,2.341424,2.341424,0.752578,-258.6401,0.25,-1702.919,37.85611,0.329412,-0.0945,0,0.9955,-294.6781,0,1,0,0,-0.9955,0,-0.0945,-1690.328,0,0,0,1
254.9189,-294.4459,0,-1690.35,2.339705,2.339705,0.807509,-258.6401,0.25,-1702.919,37.62943,0.329412,-0.0946,0,0.9955,-294.4459,0,1,0,0,-0.9955,0,-0.0946,-1690.35,0,0,0,1
254.93,-294.2143,0,-1690.372,2.338111,2.338111,0.873427,-258.6401,0.25,-1702.919,37.4034,0.329412,-0.0948,0,0.9955,-294.2143,0,1,0,0,-0.9955,0,-0.0948,-1690.372,0,0,0,1
254.9413,-293.7532,0,-1690.416,2.334798,2.334798,0.968642,-258.6401,0.25,-1702.919,36.95366,0.329412,-0.0951,0,0.9955,-293.7532,0,1,0,0,-0.9955,0,-0.0951,-1690.416,0,0,0,1
254.9522,-293.5236,0,-1690.438,2.333322,2.333322,1.019912,-258.6401,0.25,-1702.919,36.72982,0.329412,-0.0953,0,0.9955,-293.5236,0,1,0,0,-0.9955,0,-0.0953,-1690.438,0,0,0,1
254.9634,-293.2947,0,-1690.46,2.331974,2.331974,1.111465,-258.6401,0.25,-1702.919,36.50666,0.329412,-0.0955,0,0.9954,-293.2947,0,1,0,0,-0.9954,0,-0.0955,-1690.46,0,0,0,1
254.9745,-293.0664,0,-1690.482,2.330379,2.330379,1.206679,-258.6401,0.25,-1702.919,36.28426,0.329412,-0.0957,0,0.9954,-293.0664,0,1,0,0,-0.9954,0,-0.0957,-1690.482,0,0,0,1
254.986,-292.8388,0,-1690.504,2.329028,2.329028,1.283584,-258.6401,0.25,-1702.919,36.06255,0.329412,-0.0959,0,0.9954,-292.8388,0,1,0,0,-0.9954,0,-0.0959,-1690.504,0,0,0,1
254.9968,-292.6119,0,-1690.526,2.327801,2.327801,1.400771,-258.6401,0.25,-1702.919,35.84155,0.329412,-0.0962,0,0.9954,-292.6119,0,1,0,0,-0.9954,0,-0.0962,-1690.526,0,0,0,1
255.0078,-292.3856,0,-1690.548,2.326575,2.326575,1.481352,-258.6401,0.25,-1702.919,35.62125,0.329412,-0.0964,0,0.9953,-292.3856,0,1,0,0,-0.9953,0,-0.0964,-1690.548,0,0,0,1
255.019,-292.16,0,-1690.57,2.325472,2.325472,1.594877,-258.6401,0.25,-1702.919,35.40166,0.329412,-0.0967,0,0.9953,-292.16,0,1,0,0,-0.9953,0,-0.0967,-1690.57,0,0,0,1
255.0298,-291.9351,0,-1690.592,2.324367,2.324367,1.697416,-258.6401,0.25,-1702.919,35.1828,0.329412,-0.097,0,0.9953,-291.9351,0,1,0,0,-0.9953,0,-0.097,-1690.592,0,0,0,1
255.0413,-291.4872,0,-1690.636,2.322402,2.322402,1.840239,-258.6401,0.25,-1702.919,34.74721,0.329412,-0.0976,0,0.9952,-291.4872,0,1,0,0,-0.9952,0,-0.0976,-1690.636,0,0,0,1
255.0531,-291.2642,0,-1690.658,2.321543,2.321543,1.935453,-258.6401,0.25,-1702.919,34.53048,0.329412,-0.098,0,0.9952,-291.2642,0,1,0,0,-0.9952,0,-0.098,-1690.658,0,0,0,1
255.0635,-291.0419,0,-1690.68,2.320808,2.320808,2.052641,-258.6401,0.25,-1702.919,34.31447,0.329412,-0.0983,0,0.9952,-291.0419,0,1,0,0,-0.9952,0,-0.0983,-1690.68,0,0,0,1
255.0745,-290.8203,0,-1690.702,2.32007,2.32007,2.195463,-258.6401,0.25,-1702.919,34.09916,0.329412,-0.0987,0,0.9951,-290.8203,0,1,0,0,-0.9951,0,-0.0987,-1690.702,0,0,0,1
255.0856,-290.5993,0,-1690.724,2.319335,2.319335,2.298002,-258.6401,0.25,-1702.919,33.88458,0.329412,-0.0991,0,0.9951,-290.5993,0,1,0,0,-0.9951,0,-0.0991,-1690.724,0,0,0,1
255.0967,-290.379,0,-1690.746,2.318722,2.318722,2.411542,-258.6401,0.25,-1702.919,33.67072,0.329412,-0.0995,0,0.995,-290.379,0,1,0,0,-0.995,0,-0.0995,-1690.746,0,0,0,1
255.1109,-289.9404,0,-1690.79,2.317984,2.317984,2.59831,-258.6401,0.25,-1702.919,33.24509,0.329412,-0.1004,0,0.9949,-289.9404,0,1,0,0,-0.9949,0,-0.1004,-1690.79,0,0,0,1
255.1219,-289.722,0,-1690.812,2.317863,2.317863,2.700849,-258.6401,0.25,-1702.919,33.03329,0.337255,-0.1009,0,0.9949,-289.722,0,1,0,0,-0.9949,0,-0.1009,-1690.812,0,0,0,1
255.1302,-289.5044,0,-1690.834,2.317616,2.317616,2.843671,-258.6401,0.25,-1702.919,32.82229,0.337255,-0.1014,0,0.9948,-289.5044,0,1,0,0,-0.9948,0,-0.1014,-1690.834,0,0,0,1
255.1411,-289.2875,0,-1690.857,2.317616,2.317616,2.935224,-258.6401,0.25,-1702.919,32.61198,0.337255,-0.1019,0,0.9948,-289.2875,0,1,0,0,-0.9948,0,-0.1019,-1690.857,0,0,0,1
255.1522,-289.0712,0,-1690.879,2.317616,2.317616,3.041425,-258.6401,0.25,-1702.919,32.40242,0.337255,-0.1024,0,0.9947,-289.0712,0,1,0,0,-0.9947,0,-0.1024,-1690.879,0,0,0,1
255.1634,-288.8557,0,-1690.901,2.317863,2.317863,3.180585,-258.6401,0.25,-1702.919,32.19354,0.337255,-0.103,0,0.9947,-288.8557,0,1,0,0,-0.9947,0,-0.103,-1690.901,0,0,0,1
255.1745,-288.6407,0,-1690.923,2.318108,2.318108,3.301449,-258.6401,0.25,-1702.919,31.9854,0.337255,-0.1035,0,0.9946,-288.6407,0,1,0,0,-0.9946,0,-0.1035,-1690.923,0,0,0,1
255.1855,-288.4265,0,-1690.946,2.318722,2.318722,3.414974,-258.6401,0.25,-1702.919,31.77796,0.337255,-0.1041,0,0.9946,-288.4265,0,1,0,0,-0.9946,0,-0.1041,-1690.946,0,0,0,1
255.1966,-288.213,0,-1690.968,2.319214,2.319214,3.517513,-258.6401,0.25,-1702.919,31.57126,0.337255,-0.1047,0,0.9945,-288.213,0,1,0,0,-0.9945,0,-0.1047,-1690.968,0,0,0,1
255.2081,-288.0002,0,-1690.991,2.320073,2.320073,3.663998,-258.6401,0.25,-1702.919,31.36527,0.337255,-0.1054,0,0.9944,-288.0002,0,1,0,0,-0.9944,0,-0.1054,-1690.991,0,0,0,1
255.2188,-287.788,0,-1691.014,2.320808,2.320808,3.729916,-258.6401,0.25,-1702.919,31.16002,0.337255,-0.106,0,0.9944,-287.788,0,1,0,0,-0.9944,0,-0.106,-1691.014,0,0,0,1
255.2299,-287.5766,0,-1691.036,2.321913,2.321913,3.810482,-258.6401,0.25,-1702.919,30.95547,0.337255,-0.1067,0,0.9943,-287.5766,0,1,0,0,-0.9943,0,-0.1067,-1691.036,0,0,0,1
255.2411,-287.1557,0,-1691.082,2.324245,2.324245,3.902035,-258.6401,0.25,-1702.919,30.54856,0.337255,-0.108,0,0.9941,-287.1557,0,1,0,0,-0.9941,0,-0.108,-1691.082,0,0,0,1
255.2521,-286.9463,0,-1691.105,2.325837,2.325837,3.967953,-258.6401,0.25,-1702.919,30.34615,0.337255,-0.1087,0,0.9941,-286.9463,0,1,0,0,-0.9941,0,-0.1087,-1691.105,0,0,0,1
255.2631,-286.7376,0,-1691.128,2.327312,2.327312,4.026546,-258.6401,0.25,-1702.919,30.1445,0.337255,-0.1094,0,0.994,-286.7376,0,1,0,0,-0.994,0,-0.1094,-1691.128,0,0,0,1
255.2745,-286.5295,0,-1691.151,2.328907,2.328907,4.099789,-258.6401,0.25,-1702.919,29.94358,0.337255,-0.1101,0,0.9939,-286.5295,0,1,0,0,-0.9939,0,-0.1101,-1691.151,0,0,0,1
255.2856,-286.3222,0,-1691.174,2.330868,2.330868,4.140072,-258.6401,0.25,-1702.919,29.74334,0.337255,-0.1109,0,0.9938,-286.3222,0,1,0,0,-0.9938,0,-0.1109,-1691.174,0,0,0,1
255.2964,-286.1155,0,-1691.197,2.332954,2.332954,4.187679,-258.6401,0.25,-1702.919,29.54383,0.337255,-0.1116,0,0.9938,-286.1155,0,1,0,0,-0.9938,0,-0.1116,-1691.197,0,0,0,1
255.3076,-285.9096,0,-1691.22,2.335041,2.335041,4.238963,-258.6401,0.25,-1702.919,29.34508,0.337255,-0.1123,0,0.9937,-285.9096,0,1,0,0,-0.9937,0,-0.1123,-1691.22,0,0,0,1
255.3191,-285.7043,0,-1691.244,2.337373,2.337373,4.279246,-258.6401,0.25,-1702.919,29.14697,0.337255,-0.1131,0,0.9936,-285.7043,0,1,0,0,-0.9936,0,-0.1131,-1691.244,0,0,0,1
255.3298,-285.4997,0,-1691.267,2.339829,2.339829,4.312205,-258.6401,0.25,-1702.919,28.94963,0.337255,-0.1138,0,0.9935,-285.4997,0,1,0,0,-0.9935,0,-0.1138,-1691.267,0,0,0,1
255.3411,-285.0926,0,-1691.314,2.345228,2.345228,4.33784,-258.6401,0.25,-1702.919,28.55708,0.337255,-0.1153,0,0.9933,-285.0926,0,1,0,0,-0.9933,0,-0.1153,-1691.314,0,0,0,1
255.3522,-284.89,0,-1691.338,2.348049,2.348049,4.356151,-258.6401,0.25,-1702.919,28.36193,0.337255,-0.1161,0,0.9932,-284.89,0,1,0,0,-0.9932,0,-0.1161,-1691.338,0,0,0,1
255.3629,-284.6882,0,-1691.362,2.351116,2.351116,4.381785,-258.6401,0.25,-1702.919,28.16745,0.337255,-0.1168,0,0.9932,-284.6882,0,1,0,0,-0.9932,0,-0.1168,-1691.362,0,0,0,1
255.3743,-284.487,0,-1691.385,2.354429,2.354429,4.411082,-258.6401,0.25,-1702.919,27.97366,0.337255,-0.1176,0,0.9931,-284.487,0,1,0,0,-0.9931,0,-0.1176,-1691.385,0,0,0,1
255.3855,-284.2865,0,-1691.409,2.357742,2.357742,4.429393,-258.6401,0.25,-1702.919,27.78063,0.337255,-0.1184,0,0.993,-284.2865,0,1,0,0,-0.993,0,-0.1184,-1691.409,0,0,0,1
255.3964,-284.0868,0,-1691.433,2.360316,2.360316,4.455028,-258.6401,0.25,-1702.919,27.58837,0.337255,-0.1191,0,0.9929,-284.0868,0,1,0,0,-0.9929,0,-0.1191,-1691.433,0,0,0,1
255.4075,-283.8877,0,-1691.457,2.362093,2.362093,4.491649,-258.6401,0.25,-1702.919,27.3968,0.337255,-0.1199,0,0.9928,-283.8877,0,1,0,0,-0.9928,0,-0.1199,-1691.457,0,0,0,1
255.4187,-283.6893,0,-1691.482,2.363836,2.363836,4.524608,-258.6401,0.25,-1702.919,27.20596,0.337255,-0.1207,0,0.9927,-283.6893,0,1,0,0,-0.9927,0,-0.1207,-1691.482,0,0,0,1
255.43,-283.4915,0,-1691.506,2.365784,2.365784,4.575877,-258.6401,0.25,-1702.919,27.01585,0.337255,-0.1215,0,0.9926,-283.4915,0,1,0,0,-0.9926,0,-0.1215,-1691.506,0,0,0,1
255.4443,-283.0982,0,-1691.554,2.367965,2.367965,4.68574,-258.6401,0.25,-1702.919,26.63777,0.337255,-0.1231,0,0.9924,-283.0982,0,1,0,0,-0.9924,0,-0.1231,-1691.554,0,0,0,1
255.4556,-282.9025,0,-1691.579,2.366418,2.366418,4.762645,-258.6401,0.25,-1702.919,26.44985,0.321569,-0.1239,0,0.9923,-282.9025,0,1,0,0,-0.9923,0,-0.1239,-1691.579,0,0,0,1
255.4636,-282.7075,0,-1691.603,2.364951,2.364951,4.879832,-258.6401,0.25,-1702.919,26.26264,0.313726,-0.1248,0,0.9922,-282.7075,0,1,0,0,-0.9922,0,-0.1248,-1691.603,0,0,0,1
255.4747,-282.5132,0,-1691.628,2.36407,2.36407,4.934764,-258.6401,0.25,-1702.919,26.076,0.305882,-0.1256,0,0.9921,-282.5132,0,1,0,0,-0.9921,0,-0.1256,-1691.628,0,0,0,1
255.4859,-282.3195,0,-1691.653,2.362902,2.362902,5.077586,-258.6401,0.25,-1702.919,25.89018,0.290196,-0.1265,0,0.992,-282.3195,0,1,0,0,-0.992,0,-0.1265,-1691.653,0,0,0,1
255.497,-282.1264,0,-1691.677,2.359305,2.359305,5.220423,-258.6401,0.25,-1702.919,25.70495,0.282353,-0.1274,0,0.9918,-282.1264,0,1,0,0,-0.9918,0,-0.1274,-1691.677,0,0,0,1
255.5082,-281.9338,0,-1691.702,2.354784,2.354784,5.363245,-258.6401,0.25,-1702.919,25.52032,0.266667,-0.1283,0,0.9917,-281.9338,0,1,0,0,-0.9917,0,-0.1283,-1691.702,0,0,0,1
255.5199,-281.7419,0,-1691.727,2.350468,2.350468,5.550013,-258.6401,0.25,-1702.919,25.33628,0.227451,-0.1293,0,0.9916,-281.7419,0,1,0,0,-0.9916,0,-0.1293,-1691.727,0,0,0,1
255.5304,-281.3593,0,-1691.778,2.342234,2.342234,5.773401,-258.6401,0.25,-1702.919,24.96977,0.203922,-0.1313,0,0.9913,-281.3593,0,1,0,0,-0.9913,0,-0.1313,-1691.778,0,0,0,1
255.5412,-281.1687,0,-1691.803,2.335665,2.335665,5.912561,-258.6401,0.25,-1702.919,24.78725,0.164706,-0.1323,0,0.9912,-281.1687,0,1,0,0,-0.9912,0,-0.1323,-1691.803,0,0,0,1
255.5523,-280.9785,0,-1691.829,2.328402,2.328402,6.084681,-258.6401,0.25,-1702.919,24.60509,0.117647,-0.1334,0,0.9911,-280.9785,0,1,0,0,-0.9911,0,-0.1334,-1691.829,0,0,0,1
255.5632,-280.7885,0,-1691.854,2.3211,2.3211,6.282449,-258.6401,0.25,-1702.919,24.42333,0.078431,-0.1345,0,0.9909,-280.7885,0,1,0,0,-0.9909,0,-0.1345,-1691.854,0,0,0,1
255.5745,-280.5987,0,-1691.881,2.31438,2.31438,6.450906,-258.6401,0.25,-1702.919,24.24167,0.031373,-0.1356,0,0.9908,-280.5987,0,1,0,0,-0.9908,0,-0.1356,-1691.881,0,0,0,1
255.5865,-280.4085,0,-1691.907,2.307632,2.307632,6.663308,-258.6401,0.25,-1702.919,24.05979,0,-0.1367,0,0.9906,-280.4085,0,1,0,0,-0.9906,0,-0.1367,-1691.907,0,0,0,1
255.5966,-280.218,0,-1691.933,2.298126,2.298126,6.872048,-258.6401,0.25,-1702.919,23.87762,0,-0.1379,0,0.9904,-280.218,0,1,0,0,-0.9904,0,-0.1379,-1691.933,0,0,0,1
255.6077,-280.0271,0,-1691.96,2.2881,2.2881,7.113762,-258.6401,0.25,-1702.919,23.69512,0,-0.1392,0,0.9903,-280.0271,0,1,0,0,-0.9903,0,-0.1392,-1691.96,0,0,0,1
255.6185,-279.8359,0,-1691.987,2.278279,2.278279,7.212639,-258.6401,0.25,-1702.919,23.51235,0,-0.1404,0,0.9901,-279.8359,0,1,0,0,-0.9901,0,-0.1404,-1691.987,0,0,0,1
255.6296,-279.6443,0,-1692.015,2.268675,2.268675,7.425041,-258.6401,0.25,-1702.919,23.32925,0,-0.1417,0,0.9899,-279.6443,0,1,0,0,-0.9899,0,-0.1417,-1692.015,0,0,0,1
255.6409,-279.2599,0,-1692.071,2.246855,2.246855,7.615471,-258.6401,0.25,-1702.919,22.96223,0,-0.1443,0,0.9895,-279.2599,0,1,0,0,-0.9895,0,-0.1443,-1692.071,0,0,0,1
255.6521,-279.0673,0,-1692.099,2.234029,2.234029,7.78759,-258.6401,0.25,-1702.919,22.77831,0,-0.1457,0,0.9893,-279.0673,0,1,0,0,-0.9893,0,-0.1457,-1692.099,0,0,0,1
255.6631,-278.8742,0,-1692.128,2.221553,2.221553,8.000007,-258.6401,0.25,-1702.919,22.59403,0,-0.147,0,0.9891,-278.8742,0,1,0,0,-0.9891,0,-0.147,-1692.128,0,0,0,1
255.6742,-278.6808,0,-1692.157,2.209157,2.209157,8.153815,-258.6401,0.25,-1702.919,22.40957,0,-0.1484,0,0.9889,-278.6808,0,1,0,0,-0.9889,0,-0.1484,-1692.157,0,0,0,1
255.6856,-278.4871,0,-1692.186,2.197111,2.197111,8.340583,-258.6401,0.25,-1702.919,22.22475,0,-0.1499,0,0.9887,-278.4871,0,1,0,0,-0.9887,0,-0.1499,-1692.186,0,0,0,1
255.6965,-278.293,0,-1692.216,2.181743,2.181743,8.483405,-258.6401,0.25,-1702.919,22.03966,0,-0.1514,0,0.9885,-278.293,0,1,0,0,-0.9885,0,-0.1514,-1692.216,0,0,0,1
255.7076,-278.0985,0,-1692.246,2.166099,2.166099,8.673835,-258.6401,0.25,-1702.919,21.85444,0,-0.1528,0,0.9882,-278.0985,0,1,0,0,-0.9882,0,-0.1528,-1692.246,0,0,0,1
255.7186,-277.9037,0,-1692.276,2.15105,2.15105,8.772712,-258.6401,0.25,-1702.919,21.66877,0,-0.1544,0,0.988,-277.9037,0,1,0,0,-0.988,0,-0.1544,-1692.276,0,0,0,1
255.7298,-277.7086,0,-1692.307,2.136212,2.136212,8.933859,-258.6401,0.25,-1702.919,21.48288,0,-0.1559,0,0.9878,-277.7086,0,1,0,0,-0.9878,0,-0.1559,-1692.307,0,0,0,1
255.741,-277.3172,0,-1692.37,2.103146,2.103146,9.105978,-258.6401,0.25,-1702.919,21.11024,0,-0.159,0,0.9873,-277.3172,0,1,0,0,-0.9873,0,-0.159,-1692.37,0,0,0,1
255.7519,-277.121,0,-1692.401,2.085033,2.085033,9.226828,-258.6401,0.25,-1702.919,20.92355,0,-0.1606,0,0.987,-277.121,0,1,0,0,-0.987,0,-0.1606,-1692.401,0,0,0,1
255.763,-276.9245,0,-1692.434,2.0675,2.0675,9.391623,-258.6401,0.25,-1702.919,20.73654,0,-0.1622,0,0.9868,-276.9245,0,1,0,0,-0.9868,0,-0.1622,-1692.434,0,0,0,1
255.7779,-276.7276,0,-1692.467,2.050069,2.050069,9.563742,-258.6401,0.25,-1702.919,20.5493,0,-0.1639,0,0.9865,-276.7276,0,1,0,0,-0.9865,0,-0.1639,-1692.467,0,0,0,1
255.7887,-276.5304,0,-1692.5,2.032006,2.032006,9.713888,-258.6401,0.25,-1702.919,20.36181,0,-0.1656,0,0.9862,-276.5304,0,1,0,0,-0.9862,0,-0.1656,-1692.5,0,0,0,1
255.7964,-276.3329,0,-1692.533,2.011284,2.011284,9.827414,-258.6401,0.25,-1702.919,20.17402,0,-0.1673,0,0.9859,-276.3329,0,1,0,0,-0.9859,0,-0.1673,-1692.533,0,0,0,1
255.8082,-276.135,0,-1692.567,1.990907,1.990907,9.918981,-258.6401,0.25,-1702.919,19.98601,0,-0.169,0,0.9856,-276.135,0,1,0,0,-0.9856,0,-0.169,-1692.567,0,0,0,1
255.8184,-275.9368,0,-1692.601,1.970741,1.970741,10.02518,-258.6401,0.25,-1702.919,19.79777,0,-0.1707,0,0.9853,-275.9368,0,1,0,0,-0.9853,0,-0.1707,-1692.601,0,0,0,1
255.8297,-275.7383,0,-1692.636,1.95093,1.95093,10.13505,-258.6401,0.25,-1702.919,19.60925,0,-0.1724,0,0.985,-275.7383,0,1,0,0,-0.985,0,-0.1724,-1692.636,0,0,0,1
255.8407,-275.3401,0,-1692.707,1.90658,1.90658,10.23758,-258.6401,0.25,-1702.919,19.23145,0,-0.176,0,0.9844,-275.3401,0,1,0,0,-0.9844,0,-0.176,-1692.707,0,0,0,1
255.8517,-275.1406,0,-1692.743,1.883654,1.883654,10.35477,-258.6401,0.25,-1702.919,19.0423,0,-0.1777,0,0.9841,-275.1406,0,1,0,0,-0.9841,0,-0.1777,-1692.743,0,0,0,1
255.8628,-274.9407,0,-1692.78,1.861074,1.861074,10.45731,-258.6401,0.25,-1702.919,18.85286,0,-0.1795,0,0.9838,-274.9407,0,1,0,0,-0.9838,0,-0.1795,-1692.78,0,0,0,1
255.8741,-274.7405,0,-1692.816,1.838725,1.838725,10.59281,-258.6401,0.25,-1702.919,18.66323,0,-0.1813,0,0.9834,-274.7405,0,1,0,0,-0.9834,0,-0.1813,-1692.816,0,0,0,1
255.8855,-274.54,0,-1692.854,1.814277,1.814277,10.66971,-258.6401,0.25,-1702.919,18.47334,0,-0.1832,0,0.9831,-274.54,0,1,0,0,-0.9831,0,-0.1832,-1692.854,0,0,0,1
255.8962,-274.3392,0,-1692.892,1.78867,1.78867,10.74662,-258.6401,0.25,-1702.919,18.28325,0,-0.185,0,0.9827,-274.3392,0,1,0,0,-0.9827,0,-0.185,-1692.892,0,0,0,1
255.9074,-274.138,0,-1692.93,1.76341,1.76341,10.83818,-258.6401,0.25,-1702.919,18.09299,0,-0.1869,0,0.9824,-274.138,0,1,0,0,-0.9824,0,-0.1869,-1692.93,0,0,0,1
255.9185,-273.9365,0,-1692.969,1.738497,1.738497,10.92607,-258.6401,0.25,-1702.919,17.90252,0,-0.1888,0,0.982,-273.9365,0,1,0,0,-0.982,0,-0.1888,-1692.969,0,0,0,1
255.9295,-273.7347,0,-1693.008,1.713827,1.713827,11.00664,-258.6401,0.25,-1702.919,17.71184,0,-0.1906,0,0.9817,-273.7347,0,1,0,0,-0.9817,0,-0.1906,-1693.008,0,0,0,1
255.9409,-273.3302,0,-1693.088,1.658063,1.658063,11.07988,-258.6401,0.25,-1702.919,17.32992,0,-0.1944,0,0.9809,-273.3302,0,1,0,0,-0.9809,0,-0.1944,-1693.088,0,0,0,1
255.952,-273.1274,0,-1693.128,1.630441,1.630441,11.1458,-258.6401,0.25,-1702.919,17.13867,0,-0.1963,0,0.9805,-273.1274,0,1,0,0,-0.9805,0,-0.1963,-1693.128,0,0,0,1
255.9631,-272.9243,0,-1693.169,1.603032,1.603032,11.21904,-258.6401,0.25,-1702.919,16.9474,0,-0.1983,0,0.9801,-272.9243,0,1,0,0,-0.9801,0,-0.1983,-1693.169,0,0,0,1
255.9742,-272.721,0,-1693.211,1.575282,1.575282,11.28862,-258.6401,0.25,-1702.919,16.75585,0,-0.2002,0,0.9798,-272.721,0,1,0,0,-0.9798,0,-0.2002,-1693.211,0,0,0,1
255.9854,-272.5173,0,-1693.253,1.544643,1.544643,11.43145,-258.6401,0.25,-1702.919,16.56422,0,-0.2021,0,0.9794,-272.5173,0,1,0,0,-0.9794,0,-0.2021,-1693.253,0,0,0,1
255.9962,-272.3133,0,-1693.295,1.514238,1.514238,11.55962,-258.6401,0.25,-1702.919,16.37246,0,-0.2041,0,0.9789,-272.3133,0,1,0,0,-0.9789,0,-0.2041,-1693.295,0,0,0,1
256.0077,-272.109,0,-1693.338,1.484328,1.484328,11.76837,-258.6401,0.25,-1702.919,16.18051,0,-0.2061,0,0.9785,-272.109,0,1,0,0,-0.9785,0,-0.2061,-1693.338,0,0,0,1
256.0187,-271.9044,0,-1693.382,1.45478,1.45478,11.99176,-258.6401,0.25,-1702.919,15.98844,0,-0.2082,0,0.9781,-271.9044,0,1,0,0,-0.9781,0,-0.2082,-1693.382,0,0,0,1
256.0295,-271.6996,0,-1693.426,1.423492,1.423492,12.22248,-258.6401,0.25,-1702.919,15.79628,0,-0.2103,0,0.9776,-271.6996,0,1,0,0,-0.9776,0,-0.2103,-1693.426,0,0,0,1
256.0414,-271.2889,0,-1693.516,1.358031,1.358031,12.58136,-258.6401,0.25,-1702.919,15.41169,0,-0.2146,0,0.9767,-271.2889,0,1,0,0,-0.9767,0,-0.2146,-1693.516,0,0,0,1
256.0519,-271.0832,0,-1693.561,1.325917,1.325917,12.80477,-258.6401,0.25,-1702.919,15.21929,0,-0.2167,0,0.9762,-271.0832,0,1,0,0,-0.9762,0,-0.2167,-1693.561,0,0,0,1
256.063,-270.8771,0,-1693.608,1.294178,1.294178,13.18196,-258.6401,0.25,-1702.919,15.02677,0,-0.219,0,0.9757,-270.8771,0,1,0,0,-0.9757,0,-0.219,-1693.608,0,0,0,1
256.0741,-270.6708,0,-1693.654,1.259558,1.259558,13.50423,-258.6401,0.25,-1702.919,14.83417,0,-0.2213,0,0.9752,-270.6708,0,1,0,0,-0.9752,0,-0.2213,-1693.654,0,0,0,1
256.0853,-270.4642,0,-1693.702,1.224465,1.224465,13.93637,-258.6401,0.25,-1702.919,14.64157,0,-0.2237,0,0.9747,-270.4642,0,1,0,0,-0.9747,0,-0.2237,-1693.702,0,0,0,1
256.0963,-270.2573,0,-1693.75,1.189861,1.189861,14.3392,-258.6401,0.25,-1702.919,14.44893,0,-0.2261,0,0.9741,-270.2573,0,1,0,0,-0.9741,0,-0.2261,-1693.75,0,0,0,1
256.1109,-269.8428,0,-1693.848,1.121633,1.121633,15.01305,-258.6401,0.25,-1702.919,14.06336,0,-0.2312,0,0.9729,-269.8428,0,1,0,0,-0.9729,0,-0.2312,-1693.848,0,0,0,1
256.1212,-269.6351,0,-1693.898,1.084358,1.084358,15.47082,-258.6401,0.25,-1702.919,13.87071,0,-0.2338,0,0.9723,-269.6351,0,1,0,0,-0.9723,0,-0.2338,-1693.898,0,0,0,1
256.1295,-269.6351,0,-1693.898,1.084358,1.084358,15.47082,-258.6401,0.25,-1702.919,13.87071,0,-0.2338,0,0.9723,-269.6351,0,1,0,0,-0.9723,0,-0.2338,-1693.898,0,0,0,1
256.1411,-269.2191,0,-1694,1.011385,1.011385,16.31311,-258.6401,0.25,-1702.919,13.48524,0,-0.2394,0,0.9709,-269.2191,0,1,0,0,-0.9709,0,-0.2394,-1694,0,0,0,1
256.152,-269.0107,0,-1694.052,0.975677,0.975677,16.90272,-258.6401,0.25,-1702.919,13.29254,0,-0.2422,0,0.9702,-269.0107,0,1,0,0,-0.9702,0,-0.2422,-1694.052,0,0,0,1
256.1629,-268.8022,0,-1694.104,0.938357,0.938357,17.51065,-258.6401,0.25,-1702.919,13.09988,0,-0.2452,0,0.9695,-268.8022,0,1,0,0,-0.9695,0,-0.2452,-1694.104,0,0,0,1
256.1741,-268.5933,0,-1694.158,0.899668,0.899668,18.05264,-258.6401,0.25,-1702.919,12.90727,0,-0.2482,0,0.9687,-268.5933,0,1,0,0,-0.9687,0,-0.2482,-1694.158,0,0,0,1
256.1853,-268.3843,0,-1694.212,0.861631,0.861631,18.71183,-258.6401,0.25,-1702.919,12.71467,0,-0.2514,0,0.9679,-268.3843,0,1,0,0,-0.9679,0,-0.2514,-1694.212,0,0,0,1
256.1964,-268.175,0,-1694.267,0.824013,0.824013,19.28314,-258.6401,0.25,-1702.919,12.52228,0,-0.2547,0,0.967,-268.175,0,1,0,0,-0.967,0,-0.2547,-1694.267,0,0,0,1
256.2076,-267.9656,0,-1694.323,0.787298,0.787298,20.09979,-258.6401,0.25,-1702.919,12.32979,0,-0.258,0,0.9661,-267.9656,0,1,0,0,-0.9661,0,-0.258,-1694.323,0,0,0,1
256.2192,-267.756,0,-1694.38,0.747306,0.747306,20.57588,-258.6401,0.25,-1702.919,12.13748,0,-0.2615,0,0.9652,-267.756,0,1,0,0,-0.9652,0,-0.2615,-1694.38,0,0,0,1
256.2295,-267.5462,0,-1694.438,0.707709,0.707709,21.29366,-258.6401,0.25,-1702.919,11.94532,0,-0.2651,0,0.9642,-267.5462,0,1,0,0,-0.9642,0,-0.2651,-1694.438,0,0,0,1
256.2409,-267.1261,0,-1694.556,0.630646,0.630646,21.99313,-258.6401,0.25,-1702.919,11.56137,0,-0.2725,0,0.9622,-267.1261,0,1,0,0,-0.9622,0,-0.2725,-1694.556,0,0,0,1
256.252,-266.9159,0,-1694.616,0.591986,0.591986,22.54978,-258.6401,0.25,-1702.919,11.36966,0,-0.2763,0,0.9611,-266.9159,0,1,0,0,-0.9611,0,-0.2763,-1694.616,0,0,0,1
256.2629,-266.7055,0,-1694.677,0.551181,0.551181,23.19067,-258.6401,0.25,-1702.919,11.17815,0,-0.2802,0,0.96,-266.7055,0,1,0,0,-0.96,0,-0.2802,-1694.677,0,0,0,1
256.2743,-266.495,0,-1694.74,0.511183,0.511183,23.93775,-258.6401,0.25,-1702.919,10.9869,0,-0.2842,0,0.9588,-266.495,0,1,0,0,-0.9588,0,-0.2842,-1694.74,0,0,0,1
256.2854,-266.2843,0,-1694.803,0.471994,0.471994,24.34791,-258.6401,0.25,-1702.919,10.79592,0,-0.2882,0,0.9576,-266.2843,0,1,0,0,-0.9576,0,-0.2882,-1694.803,0,0,0,1
256.2961,-266.0736,0,-1694.868,0.433753,0.433753,24.87526,-258.6401,0.25,-1702.919,10.60519,0,-0.2924,0,0.9563,-266.0736,0,1,0,0,-0.9563,0,-0.2924,-1694.868,0,0,0,1
256.3075,-265.8628,0,-1694.933,0.39305,0.39305,25.47951,-258.6401,0.25,-1702.919,10.41483,0,-0.2966,0,0.955,-265.8628,0,1,0,0,-0.955,0,-0.2966,-1694.933,0,0,0,1
256.3186,-265.6519,0,-1695,0.352222,0.352222,25.97391,-258.6401,0.25,-1702.919,10.22483,0,-0.301,0,0.9536,-265.6519,0,1,0,0,-0.9536,0,-0.301,-1695,0,0,0,1
256.3298,-265.4409,0,-1695.067,0.312342,0.312342,26.52689,-258.6401,0.25,-1702.919,10.03521,0,-0.3054,0,0.9522,-265.4409,0,1,0,0,-0.9522,0,-0.3054,-1695.067,0,0,0,1
256.3408,-265.0187,0,-1695.206,0.234713,0.234713,27.03594,-258.6401,0.25,-1702.919,9.657328,0,-0.3144,0,0.9493,-265.0187,0,1,0,0,-0.9493,0,-0.3144,-1695.206,0,0,0,1
256.3518,-264.8076,0,-1695.277,0.19343,0.19343,27.44609,-258.6401,0.25,-1702.919,9.469159,0,-0.3189,0,0.9478,-264.8076,0,1,0,0,-0.9478,0,-0.3189,-1695.277,0,0,0,1
256.3632,-264.5964,0,-1695.349,0.153125,0.153125,27.87091,-258.6401,0.25,-1702.919,9.281543,0,-0.3235,0,0.9462,-264.5964,0,1,0,0,-0.9462,0,-0.3235,-1695.349,0,0,0,1
256.3742,-264.3852,0,-1695.422,0.113666,0.113666,28.32868,-258.6401,0.25,-1702.919,9.094755,0,-0.3282,0,0.9446,-264.3852,0,1,0,0,-0.9446,0,-0.3282,-1695.422,0,0,0,1
256.3854,-264.174,0,-1695.497,0.075447,0.075447,28.58869,-258.6401,0.25,-1702.919,8.908579,0,-0.3329,0,0.943,-264.174,0,1,0,0,-0.943,0,-0.3329,-1695.497,0,0,0,1
256.3963,-263.9629,0,-1695.573,0.035401,0.035401,28.87801,-258.6401,0.25,-1702.919,8.723186,0,-0.3376,0,0.9413,-263.9629,0,1,0,0,-0.9413,0,-0.3376,-1695.573,0,0,0,1
256.4076,-263.7517,0,-1695.65,0.005088,-0.005088,29.19661,-258.6401,0.25,-1702.919,8.538559,0,-0.3424,0,0.9395,-263.7517,0,1,0,0,-0.9395,0,-0.3424,-1695.65,0,0,0,1
256.4184,-263.5405,0,-1695.728,0.044609,-0.044609,29.48225,-258.6401,0.25,-1702.919,8.355109,0,-0.3473,0,0.9378,-263.5405,0,1,0,0,-0.9378,0,-0.3473,-1695.728,0,0,0,1
256.4297,-263.3294,0,-1695.807,0.083098,-0.083098,29.83749,-258.6401,0.25,-1702.919,8.172632,0,-0.3521,0,0.9359,-263.3294,0,1,0,0,-0.9359,0,-0.3521,-1695.807,0,0,0,1
256.444,-262.9073,0,-1695.97,0.161619,-0.161619,30.34286,-258.6401,0.25,-1702.919,7.811283,0,-0.362,0,0.9322,-262.9073,0,1,0,0,-0.9322,0,-0.362,-1695.97,0,0,0,1
256.4552,-262.6964,0,-1696.053,0.201191,-0.201191,30.68712,-258.6401,0.25,-1702.919,7.632757,0,-0.367,0,0.9302,-262.6964,0,1,0,0,-0.9302,0,-0.367,-1696.053,0,0,0,1
256.463,-262.4856,0,-1696.138,0.239695,-0.239695,31.06432,-258.6401,0.25,-1702.919,7.455733,0,-0.3721,0,0.9282,-262.4856,0,1,0,0,-0.9282,0,-0.3721,-1696.138,0,0,0,1
256.474,-262.2748,0,-1696.224,0.276937,-0.276937,31.37193,-258.6401,0.25,-1702.919,7.280316,0,-0.3771,0,0.9262,-262.2748,0,1,0,0,-0.9262,0,-0.3771,-1696.224,0,0,0,1
256.4853,-262.0641,0,-1696.311,0.315848,-0.315848,31.85901,-258.6401,0.25,-1702.919,7.10671,0,-0.3823,0,0.924,-262.0641,0,1,0,0,-0.924,0,-0.3823,-1696.311,0,0,0,1
256.4961,-261.8536,0,-1696.399,0.355049,-0.355049,32.29114,-258.6401,0.25,-1702.919,6.93498,0,-0.3875,0,0.9219,-261.8536,0,1,0,0,-0.9219,0,-0.3875,-1696.399,0,0,0,1
256.5074,-261.6432,0,-1696.489,0.393347,-0.393347,32.82215,-258.6401,0.25,-1702.919,6.765664,0,-0.3928,0,0.9196,-261.6432,0,1,0,0,-0.9196,0,-0.3928,-1696.489,0,0,0,1
256.5188,-261.433,0,-1696.58,0.430213,-0.430213,33.27626,-258.6401,0.25,-1702.919,6.598637,0,-0.3981,0,0.9173,-261.433,0,1,0,0,-0.9173,0,-0.3981,-1696.58,0,0,0,1
256.5302,-261.0131,0,-1696.767,0.505436,-0.505436,33.82559,-258.6401,0.25,-1702.919,6.272528,0,-0.4089,0,0.9126,-261.0131,0,1,0,0,-0.9126,0,-0.4089,-1696.767,0,0,0,1
256.5409,-260.8034,0,-1696.862,0.543056,-0.543056,34.47013,-258.6401,0.25,-1702.919,6.11397,0,-0.4144,0,0.9101,-260.8034,0,1,0,0,-0.9101,0,-0.4144,-1696.862,0,0,0,1
256.5524,-260.594,0,-1696.959,0.579227,-0.579227,34.81437,-258.6401,0.25,-1702.919,5.958757,0,-0.4199,0,0.9076,-260.594,0,1,0,0,-0.9076,0,-0.4199,-1696.959,0,0,0,1
256.5627,-260.3848,0,-1697.058,0.614147,-0.614147,35.34173,-258.6401,0.25,-1702.919,5.807215,0,-0.4255,0,0.905,-260.3848,0,1,0,0,-0.905,0,-0.4255,-1697.058,0,0,0,1
256.5741,-260.1758,0,-1697.158,0.65084,-0.65084,35.79217,-258.6401,0.25,-1702.919,5.65957,0,-0.4311,0,0.9023,-260.1758,0,1,0,0,-0.9023,0,-0.4311,-1697.158,0,0,0,1
256.5853,-259.9671,0,-1697.259,0.687665,-0.687665,36.27192,-258.6401,0.25,-1702.919,5.516559,0,-0.4368,0,0.8995,-259.9671,0,1,0,0,-0.8995,0,-0.4368,-1697.259,0,0,0,1
256.5962,-259.7588,0,-1697.362,0.722969,-0.722969,36.6601,-258.6401,0.25,-1702.919,5.378109,0,-0.4426,0,0.8967,-259.7588,0,1,0,0,-0.8967,0,-0.4426,-1697.362,0,0,0,1
256.6073,-259.5507,0,-1697.466,0.756919,-0.756919,37.19112,-258.6401,0.25,-1702.919,5.245012,0,-0.4484,0,0.8938,-259.5507,0,1,0,0,-0.8938,0,-0.4484,-1697.466,0,0,0,1
256.6185,-259.343,0,-1697.572,0.790768,-0.790768,37.47311,-258.6401,0.25,-1702.919,5.117366,0,-0.4542,0,0.8909,-259.343,0,1,0,0,-0.8909,0,-0.4542,-1697.572,0,0,0,1
256.6295,-259.1356,0,-1697.679,0.82634,-0.82634,37.8796,-258.6401,0.25,-1702.919,4.995903,0,-0.4601,0,0.8879,-259.1356,0,1,0,0,-0.8879,0,-0.4601,-1697.679,0,0,0,1
256.6407,-258.722,0,-1697.899,0.893107,-0.893107,38.26414,-258.6401,0.25,-1702.919,4.770264,0,-0.4719,0,0.8816,-258.722,0,1,0,0,-0.8816,0,-0.4719,-1697.899,0,0,0,1
256.6518,-258.5157,0,-1698.011,0.924101,-0.924101,38.55344,-258.6401,0.25,-1702.919,4.658081,0,-0.4779,0,0.8784,-258.5157,0,1,0,0,-0.8784,0,-0.4779,-1698.011,0,0,0,1
256.6629,-258.3099,0,-1698.125,0.958042,-0.958042,38.89402,-258.6401,0.25,-1702.919,4.545019,0,-0.4838,0,0.8752,-258.3099,0,1,0,0,-0.8752,0,-0.4838,-1698.125,0,0,0,1
256.674,-258.1045,0,-1698.24,0.990645,-0.990645,39.17236,-258.6401,0.25,-1702.919,4.438153,0,-0.4898,0,0.8718,-258.1045,0,1,0,0,-0.8718,0,-0.4898,-1698.24,0,0,0,1
256.6853,-257.8996,0,-1698.357,1.021781,-1.021781,39.48363,-258.6401,0.25,-1702.919,4.339821,0,-0.4958,0,0.8685,-257.8996,0,1,0,0,-0.8685,0,-0.4958,-1698.357,0,0,0,1
256.6967,-257.6951,0,-1698.476,1.051234,-1.051234,39.72533,-258.6401,0.25,-1702.919,4.250559,0,-0.5018,0,0.865,-257.6951,0,1,0,0,-0.865,0,-0.5018,-1698.476,0,0,0,1
256.7074,-257.4911,0,-1698.596,1.081831,-1.081831,40.09156,-258.6401,0.25,-1702.919,4.171143,0,-0.5078,0,0.8615,-257.4911,0,1,0,0,-0.8615,0,-0.5078,-1698.596,0,0,0,1
256.7184,-257.2877,0,-1698.718,1.11299,-1.11299,40.23438,-258.6401,0.25,-1702.919,4.102201,0,-0.5139,0,0.8579,-257.2877,0,1,0,0,-0.8579,0,-0.5139,-1698.718,0,0,0,1
256.7295,-257.0847,0,-1698.842,1.142313,-1.142313,40.51636,-258.6401,0.25,-1702.919,4.044218,0,-0.5199,0,0.8542,-257.0847,0,1,0,0,-0.8542,0,-0.5199,-1698.842,0,0,0,1
256.7408,-256.6805,0,-1699.094,1.197316,-1.197316,40.76172,-258.6401,0.25,-1702.919,3.963471,0,-0.532,0,0.8467,-256.6805,0,1,0,0,-0.8467,0,-0.532,-1699.094,0,0,0,1
256.7516,-256.4792,0,-1699.222,1.22664,-1.22664,40.95217,-258.6401,0.25,-1702.919,3.941556,0,-0.5381,0,0.8429,-256.4792,0,1,0,0,-0.8429,0,-0.5381,-1699.222,0,0,0,1
256.7628,-256.2786,0,-1699.352,1.254203,-1.254203,41.12795,-258.6401,0.25,-1702.919,3.93228,0,-0.5441,0,0.839,-256.2786,0,1,0,0,-0.839,0,-0.5441,-1699.352,0,0,0,1
