time,pos_x,pos_y,pos_z,distFromRoadCenter,signedDistFromRoadCenter,wheelAngle,obstacle_pos_x,obstacle_pos_y,obstacle_pos_z,distance_to_obstacle,brake_position,simplecar_4x4_R0C0,simplecar_4x4_R0C1,simplecar_4x4_R0C2,simplecar_4x4_R0C3,simplecar_4x4_R1C0,simplecar_4x4_R1C1,simplecar_4x4_R1C2,simplecar_4x4_R1C3,simplecar_4x4_R2C0,simplecar_4x4_R2C1,simplecar_4x4_R2C2,simplecar_4x4_R2C3,simplecar_4x4_R3C0,simplecar_4x4_R3C1,simplecar_4x4_R3C2,simplecar_4x4_R3C3
178.7285,-93.93948,0,-869.5194,1.95611,1.95611,-2.517736,-32.28038,0.25,-826.8574,74.63148,0,-0.455,0,-0.8905,-93.9395,0,1,0,0,0.8905,0,-0.455,-869.5194,0,0,0,1
178.7406,-94.38456,0,-869.7472,1.970893,1.970893,-2.891278,-32.28038,0.25,-826.8574,75.12719,0,-0.4559,0,-0.8901,-94.3846,0,1,0,0,0.8901,0,-0.4559,-869.7472,0,0,0,1
178.7508,-94.60701,0,-869.8613,1.97807,1.97807,-3.067067,-32.28038,0.25,-826.8574,75.37509,0,-0.4563,0,-0.8898,-94.607,0,1,0,0,0.8898,0,-0.4563,-869.8613,0,0,0,1
178.7659,-94.8294,0,-869.9755,1.985108,1.985108,-3.275807,-32.28038,0.25,-826.8574,75.62302,0,-0.4568,0,-0.8895,-94.8294,0,1,0,0,0.8895,0,-0.4568,-869.9755,0,0,0,1
178.7774,-95.05171,0,-870.0898,1.991991,1.991991,-3.550472,-32.28038,0.25,-826.8574,75.87102,0,-0.4574,0,-0.8893,-95.0517,0,1,0,0,0.8893,0,-0.4574,-870.0898,0,0,0,1
178.7845,-95.27396,0,-870.2043,1.998748,1.998748,-3.642025,-32.28038,0.25,-826.8574,76.119,0,-0.458,0,-0.889,-95.274,0,1,0,0,0.889,0,-0.458,-870.2043,0,0,0,1
178.7932,-95.49612,0,-870.3189,2.005301,2.005301,-3.711605,-32.28038,0.25,-826.8574,76.36702,0,-0.4585,0,-0.8887,-95.4961,0,1,0,0,0.8887,0,-0.4585,-870.3189,0,0,0,1
178.8054,-95.71822,0,-870.4337,2.01165,2.01165,-3.75555,-32.28038,0.25,-826.8574,76.61511,0,-0.4591,0,-0.8884,-95.7182,0,1,0,0,0.8884,0,-0.4591,-870.4337,0,0,0,1
178.8155,-95.94023,0,-870.5486,2.017908,2.017908,-3.781185,-32.28038,0.25,-826.8574,76.86322,0,-0.4597,0,-0.8881,-95.9402,0,1,0,0,0.8881,0,-0.4597,-870.5486,0,0,0,1
178.8265,-96.16217,0,-870.6637,2.023972,2.023972,-3.781185,-32.28038,0.25,-826.8574,77.11134,0,-0.4603,0,-0.8878,-96.1622,0,1,0,0,0.8878,0,-0.4603,-870.6637,0,0,0,1
178.8379,-96.38403,0,-870.7789,2.029882,2.029882,-3.781185,-32.28038,0.25,-826.8574,77.35952,0,-0.4609,0,-0.8875,-96.384,0,1,0,0,0.8875,0,-0.4609,-870.7789,0,0,0,1
178.8487,-96.60582,0,-870.8943,2.035602,2.035602,-3.762875,-32.28038,0.25,-826.8574,77.60771,0,-0.4615,0,-0.8872,-96.6058,0,1,0,0,0.8872,0,-0.4615,-870.8943,0,0,0,1
178.8597,-96.82755,0,-871.0098,2.041182,2.041182,-3.729916,-32.28038,0.25,-826.8574,77.85593,0,-0.462,0,-0.8869,-96.8276,0,1,0,0,0.8869,0,-0.462,-871.0098,0,0,0,1
178.8717,-97.27075,0,-871.2412,2.051893,2.051893,-3.66766,-32.28038,0.25,-826.8574,78.35249,0,-0.4632,0,-0.8863,-97.2708,0,1,0,0,0.8863,0,-0.4632,-871.2412,0,0,0,1
178.882,-97.49226,0,-871.3571,2.056988,2.056988,-3.59808,-32.28038,0.25,-826.8574,78.6008,0,-0.4637,0,-0.886,-97.4923,0,1,0,0,0.886,0,-0.4637,-871.3571,0,0,0,1
178.8933,-97.71366,0,-871.4731,2.061939,2.061939,-3.54681,-32.28038,0.25,-826.8574,78.84911,0,-0.4643,0,-0.8857,-97.7137,0,1,0,0,0.8857,0,-0.4643,-871.4731,0,0,0,1
178.9044,-97.93502,0,-871.5894,2.066675,2.066675,-3.491871,-32.28038,0.25,-826.8574,79.09753,0,-0.4648,0,-0.8854,-97.935,0,1,0,0,0.8854,0,-0.4648,-871.5894,0,0,0,1
178.9154,-98.1563,0,-871.7057,2.071336,2.071336,-3.429615,-32.28038,0.25,-826.8574,79.34594,0,-0.4653,0,-0.8851,-98.1563,0,1,0,0,0.8851,0,-0.4653,-871.7057,0,0,0,1
178.9264,-98.37752,0,-871.8222,2.075856,2.075856,-3.374684,-32.28038,0.25,-826.8574,79.59436,0,-0.4659,0,-0.8849,-98.3775,0,1,0,0,0.8849,0,-0.4659,-871.8222,0,0,0,1
178.9442,-98.81975,0,-872.0555,2.084363,2.084363,-3.283131,-32.28038,0.25,-826.8574,80.09132,0,-0.4669,0,-0.8843,-98.8198,0,1,0,0,0.8843,0,-0.4669,-872.0555,0,0,0,1
178.9546,-99.04076,0,-872.1723,2.088531,2.088531,-3.235524,-32.28038,0.25,-826.8574,80.33978,0,-0.4674,0,-0.8841,-99.0408,0,1,0,0,0.8841,0,-0.4674,-872.1723,0,0,0,1
178.9627,-99.2617,0,-872.2892,2.092495,2.092495,-3.228199,-32.28038,0.25,-826.8574,80.58829,0,-0.4679,0,-0.8838,-99.2617,0,1,0,0,0.8838,0,-0.4679,-872.2892,0,0,0,1
178.9707,-99.48259,0,-872.4064,2.096258,2.096258,-3.228199,-32.28038,0.25,-826.8574,80.83687,0,-0.4684,0,-0.8835,-99.4826,0,1,0,0,0.8835,0,-0.4684,-872.4064,0,0,0,1
178.982,-99.70341,0,-872.5236,2.099946,2.099946,-3.228199,-32.28038,0.25,-826.8574,81.08543,0,-0.4689,0,-0.8833,-99.7034,0,1,0,0,0.8833,0,-0.4689,-872.5236,0,0,0,1
178.9931,-99.92416,0,-872.6409,2.103493,2.103493,-3.228199,-32.28038,0.25,-826.8574,81.33401,0,-0.4694,0,-0.883,-99.9242,0,1,0,0,0.883,0,-0.4694,-872.6409,0,0,0,1
179.0042,-100.1449,0,-872.7584,2.106767,2.106767,-3.228199,-32.28038,0.25,-826.8574,81.5827,0,-0.4699,0,-0.8827,-100.1449,0,1,0,0,0.8827,0,-0.4699,-872.7584,0,0,0,1
179.0153,-100.3655,0,-872.876,2.109981,2.109981,-3.228199,-32.28038,0.25,-826.8574,81.83132,0,-0.4704,0,-0.8825,-100.3655,0,1,0,0,0.8825,0,-0.4704,-872.876,0,0,0,1
179.0265,-100.586,0,-872.9937,2.113112,2.113112,-3.228199,-32.28038,0.25,-826.8574,82.07996,0,-0.4709,0,-0.8822,-100.586,0,1,0,0,0.8822,0,-0.4709,-872.9937,0,0,0,1
179.0388,-100.8065,0,-873.1116,2.11597,2.11597,-3.228199,-32.28038,0.25,-826.8574,82.3287,0,-0.4714,0,-0.8819,-100.8065,0,1,0,0,0.8819,0,-0.4714,-873.1116,0,0,0,1
179.0485,-101.0269,0,-873.2296,2.118757,2.118757,-3.228199,-32.28038,0.25,-826.8574,82.57743,0,-0.4719,0,-0.8817,-101.0269,0,1,0,0,0.8817,0,-0.4719,-873.2296,0,0,0,1
179.0598,-101.2473,0,-873.3477,2.121403,2.121403,-3.228199,-32.28038,0.25,-826.8574,82.82618,0,-0.4724,0,-0.8814,-101.2473,0,1,0,0,0.8814,0,-0.4724,-873.3477,0,0,0,1
179.071,-101.6878,0,-873.5843,2.126211,2.126211,-3.228199,-32.28038,0.25,-826.8574,83.32377,0,-0.4733,0,-0.8809,-101.6878,0,1,0,0,0.8809,0,-0.4733,-873.5843,0,0,0,1
179.0819,-101.9079,0,-873.7027,2.128505,2.128505,-3.228199,-32.28038,0.25,-826.8574,83.57254,0,-0.4738,0,-0.8806,-101.9079,0,1,0,0,0.8806,0,-0.4738,-873.7027,0,0,0,1
179.093,-102.128,0,-873.8213,2.130591,2.130591,-3.228199,-32.28038,0.25,-826.8574,83.82136,0,-0.4743,0,-0.8803,-102.128,0,1,0,0,0.8803,0,-0.4743,-873.8213,0,0,0,1
179.1043,-102.348,0,-873.9399,2.132609,2.132609,-3.228199,-32.28038,0.25,-826.8574,84.07018,0,-0.4748,0,-0.8801,-102.348,0,1,0,0,0.8801,0,-0.4748,-873.9399,0,0,0,1
179.1154,-102.568,0,-874.0588,2.134354,2.134354,-3.228199,-32.28038,0.25,-826.8574,84.31908,0,-0.4753,0,-0.8798,-102.568,0,1,0,0,0.8798,0,-0.4753,-874.0588,0,0,0,1
179.1263,-102.7879,0,-874.1779,2.135959,2.135959,-3.228199,-32.28038,0.25,-826.8574,84.568,0,-0.4758,0,-0.8795,-102.7879,0,1,0,0,0.8795,0,-0.4758,-874.1779,0,0,0,1
179.1378,-103.0077,0,-874.2969,2.137557,2.137557,-3.228199,-32.28038,0.25,-826.8574,84.81687,0,-0.4763,0,-0.8793,-103.0077,0,1,0,0,0.8793,0,-0.4763,-874.2969,0,0,0,1
179.1491,-103.2274,0,-874.4161,2.13895,2.13895,-3.228199,-32.28038,0.25,-826.8574,85.06579,0,-0.4768,0,-0.879,-103.2274,0,1,0,0,0.879,0,-0.4768,-874.4161,0,0,0,1
179.1603,-103.6667,0,-874.6548,2.141316,2.141316,-3.228199,-32.28038,0.25,-826.8574,85.56369,0,-0.4778,0,-0.8785,-103.6667,0,1,0,0,0.8785,0,-0.4778,-874.6548,0,0,0,1
179.1726,-103.8863,0,-874.7745,2.142225,2.142225,-3.228199,-32.28038,0.25,-826.8574,85.8127,0,-0.4783,0,-0.8782,-103.8863,0,1,0,0,0.8782,0,-0.4783,-874.7745,0,0,0,1
179.1827,-104.1058,0,-874.8942,2.143061,2.143061,-3.228199,-32.28038,0.25,-826.8574,86.0617,0,-0.4788,0,-0.8779,-104.1058,0,1,0,0,0.8779,0,-0.4788,-874.8942,0,0,0,1
179.1938,-104.3252,0,-875.0139,2.143837,2.143837,-3.228199,-32.28038,0.25,-826.8574,86.31064,0,-0.4793,0,-0.8777,-104.3252,0,1,0,0,0.8777,0,-0.4793,-875.0139,0,0,0,1
179.2052,-104.5445,0,-875.1339,2.144383,2.144383,-3.228199,-32.28038,0.25,-826.8574,86.5597,0,-0.4798,0,-0.8774,-104.5445,0,1,0,0,0.8774,0,-0.4798,-875.1339,0,0,0,1
179.2163,-104.7638,0,-875.2539,2.144746,2.144746,-3.228199,-32.28038,0.25,-826.8574,86.80875,0,-0.4803,0,-0.8771,-104.7638,0,1,0,0,0.8771,0,-0.4803,-875.2539,0,0,0,1
179.2272,-104.983,0,-875.374,2.14509,2.14509,-3.228199,-32.28038,0.25,-826.8574,87.05778,0,-0.4808,0,-0.8768,-104.983,0,1,0,0,0.8768,0,-0.4808,-875.374,0,0,0,1
179.2383,-105.2022,0,-875.4944,2.145162,2.145162,-3.228199,-32.28038,0.25,-826.8574,87.30689,0,-0.4813,0,-0.8766,-105.2022,0,1,0,0,0.8766,0,-0.4813,-875.4944,0,0,0,1
179.2492,-105.4212,0,-875.6148,2.145162,2.145162,-3.228199,-32.28038,0.25,-826.8574,87.55599,0,-0.4818,0,-0.8763,-105.4212,0,1,0,0,0.8763,0,-0.4818,-875.6148,0,0,0,1
179.2605,-105.8592,0,-875.856,2.144742,2.144742,-3.228199,-32.28038,0.25,-826.8574,88.05423,0,-0.4827,0,-0.8758,-105.8592,0,1,0,0,0.8758,0,-0.4827,-875.856,0,0,0,1
179.2764,-106.0781,0,-875.9768,2.144325,2.144325,-3.228199,-32.28038,0.25,-826.8574,88.30338,0,-0.4832,0,-0.8755,-106.0781,0,1,0,0,0.8755,0,-0.4832,-875.9768,0,0,0,1
179.2863,-106.2969,0,-876.0978,2.143701,2.143701,-3.228199,-32.28038,0.25,-826.8574,88.55257,0,-0.4837,0,-0.8752,-106.2969,0,1,0,0,0.8752,0,-0.4837,-876.0978,0,0,0,1
179.2944,-106.5156,0,-876.2188,2.143069,2.143069,-3.228199,-32.28038,0.25,-826.8574,88.8017,0,-0.4842,0,-0.8749,-106.5156,0,1,0,0,0.8749,0,-0.4842,-876.2188,0,0,0,1
179.305,-106.7343,0,-876.3399,2.142232,2.142232,-3.228199,-32.28038,0.25,-826.8574,89.0509,0,-0.4847,0,-0.8747,-106.7343,0,1,0,0,0.8747,0,-0.4847,-876.3399,0,0,0,1
179.3161,-106.9529,0,-876.4612,2.141252,2.141252,-3.228199,-32.28038,0.25,-826.8574,89.30009,0,-0.4852,0,-0.8744,-106.9529,0,1,0,0,0.8744,0,-0.4852,-876.4612,0,0,0,1
179.3274,-107.1714,0,-876.5826,2.140135,2.140135,-3.228199,-32.28038,0.25,-826.8574,89.54932,0,-0.4857,0,-0.8741,-107.1714,0,1,0,0,0.8741,0,-0.4857,-876.5826,0,0,0,1
179.339,-107.3899,0,-876.7041,2.138828,2.138828,-3.228199,-32.28038,0.25,-826.8574,89.79855,0,-0.4862,0,-0.8738,-107.3899,0,1,0,0,0.8738,0,-0.4862,-876.7041,0,0,0,1
179.35,-107.8266,0,-876.9475,2.135898,2.135898,-3.228199,-32.28038,0.25,-826.8574,90.29705,0,-0.4872,0,-0.8733,-107.8266,0,1,0,0,0.8733,0,-0.4872,-876.9475,0,0,0,1
179.3613,-108.0448,0,-877.0695,2.13421,2.13421,-3.228199,-32.28038,0.25,-826.8574,90.54636,0,-0.4877,0,-0.873,-108.0448,0,1,0,0,0.873,0,-0.4877,-877.0695,0,0,0,1
179.3728,-108.263,0,-877.1915,2.132333,2.132333,-3.228199,-32.28038,0.25,-826.8574,90.79568,0,-0.4882,0,-0.8728,-108.263,0,1,0,0,0.8728,0,-0.4882,-877.1915,0,0,0,1
179.3847,-108.4811,0,-877.3137,2.130311,2.130311,-3.228199,-32.28038,0.25,-826.8574,91.04501,0,-0.4887,0,-0.8725,-108.4811,0,1,0,0,0.8725,0,-0.4887,-877.3137,0,0,0,1
179.3949,-108.6992,0,-877.436,2.128157,2.128157,-3.228199,-32.28038,0.25,-826.8574,91.29436,0,-0.4891,0,-0.8722,-108.6992,0,1,0,0,0.8722,0,-0.4891,-877.436,0,0,0,1
179.4063,-108.9172,0,-877.5585,2.125855,2.125855,-3.228199,-32.28038,0.25,-826.8574,91.54373,0,-0.4896,0,-0.8719,-108.9172,0,1,0,0,0.8719,0,-0.4896,-877.5585,0,0,0,1
179.4174,-109.1351,0,-877.681,2.123417,2.123417,-3.228199,-32.28038,0.25,-826.8574,91.79311,0,-0.4901,0,-0.8716,-109.1351,0,1,0,0,0.8716,0,-0.4901,-877.681,0,0,0,1
179.4283,-109.3529,0,-877.8037,2.120843,2.120843,-3.228199,-32.28038,0.25,-826.8574,92.0425,0,-0.4906,0,-0.8714,-109.3529,0,1,0,0,0.8714,0,-0.4906,-877.8037,0,0,0,1
179.4404,-109.7884,0,-878.0494,2.11527,2.11527,-3.228199,-32.28038,0.25,-826.8574,92.54132,0,-0.4916,0,-0.8708,-109.7884,0,1,0,0,0.8708,0,-0.4916,-878.0494,0,0,0,1
179.4508,-110.006,0,-878.1725,2.112276,2.112276,-3.228199,-32.28038,0.25,-826.8574,92.79075,0,-0.4921,0,-0.8705,-110.006,0,1,0,0,0.8705,0,-0.4921,-878.1725,0,0,0,1
179.4621,-110.2236,0,-878.2957,2.109141,2.109141,-3.231862,-32.28038,0.25,-826.8574,93.04019,0,-0.4926,0,-0.8703,-110.2236,0,1,0,0,0.8703,0,-0.4926,-878.2957,0,0,0,1
179.4729,-110.4411,0,-878.4189,2.105931,2.105931,-3.283131,-32.28038,0.25,-826.8574,93.2896,0,-0.4931,0,-0.87,-110.4411,0,1,0,0,0.87,0,-0.4931,-878.4189,0,0,0,1
179.4843,-110.6585,0,-878.5424,2.102452,2.102452,-3.345387,-32.28038,0.25,-826.8574,93.53912,0,-0.4936,0,-0.8697,-110.6585,0,1,0,0,0.8697,0,-0.4936,-878.5424,0,0,0,1
179.4958,-110.8759,0,-878.6659,2.098897,2.098897,-3.444264,-32.28038,0.25,-826.8574,93.78858,0,-0.4941,0,-0.8694,-110.8759,0,1,0,0,0.8694,0,-0.4941,-878.6659,0,0,0,1
179.5063,-111.0931,0,-878.7896,2.095149,2.095149,-3.568783,-32.28038,0.25,-826.8574,94.03806,0,-0.4947,0,-0.8691,-111.0931,0,1,0,0,0.8691,0,-0.4947,-878.7896,0,0,0,1
179.5172,-111.3103,0,-878.9133,2.091314,2.091314,-3.693295,-32.28038,0.25,-826.8574,94.28753,0,-0.4952,0,-0.8688,-111.3103,0,1,0,0,0.8688,0,-0.4952,-878.9133,0,0,0,1
179.5287,-111.5274,0,-879.0373,2.087271,2.087271,-3.832455,-32.28038,0.25,-826.8574,94.53704,0,-0.4958,0,-0.8684,-111.5274,0,1,0,0,0.8684,0,-0.4958,-879.0373,0,0,0,1
179.5405,-111.9614,0,-879.2856,2.078639,2.078639,-4.092472,-32.28038,0.25,-826.8574,95.03609,0,-0.497,0,-0.8677,-111.9614,0,1,0,0,0.8677,0,-0.497,-879.2856,0,0,0,1
179.5505,-112.1782,0,-879.41,2.074108,2.074108,-4.238956,-32.28038,0.25,-826.8574,95.28562,0,-0.4977,0,-0.8674,-112.1782,0,1,0,0,0.8674,0,-0.4977,-879.41,0,0,0,1
179.5619,-112.395,0,-879.5346,2.069311,2.069311,-4.425724,-32.28038,0.25,-826.8574,95.53517,0,-0.4983,0,-0.867,-112.395,0,1,0,0,0.867,0,-0.4983,-879.5346,0,0,0,1
179.5736,-112.6116,0,-879.6594,2.064291,2.064291,-4.652781,-32.28038,0.25,-826.8574,95.78478,0,-0.4991,0,-0.8666,-112.6116,0,1,0,0,0.8666,0,-0.4991,-879.6594,0,0,0,1
179.5837,-112.8282,0,-879.7843,2.059146,2.059146,-4.887156,-32.28038,0.25,-826.8574,96.03433,0,-0.4998,0,-0.8661,-112.8282,0,1,0,0,0.8661,0,-0.4998,-879.7843,0,0,0,1
179.5948,-113.0446,0,-879.9094,2.053774,2.053774,-5.077593,-32.28038,0.25,-826.8574,96.28392,0,-0.5006,0,-0.8657,-113.0446,0,1,0,0,0.8657,0,-0.5006,-879.9094,0,0,0,1
179.6093,-113.2609,0,-880.0348,2.048126,2.048126,-5.253375,-32.28038,0.25,-826.8574,96.53355,0,-0.5014,0,-0.8652,-113.2609,0,1,0,0,0.8652,0,-0.5014,-880.0348,0,0,0,1
179.6203,-113.6931,0,-880.286,2.036155,2.036155,-5.517054,-32.28038,0.25,-826.8574,97.03279,0,-0.503,0,-0.8643,-113.6931,0,1,0,0,0.8643,0,-0.503,-880.286,0,0,0,1
179.6284,-113.6931,0,-880.286,2.036155,2.036155,-5.517054,-32.28038,0.25,-826.8574,97.0328,0,-0.503,0,-0.8643,-113.6931,0,1,0,0,0.8643,0,-0.503,-880.286,0,0,0,1
179.6393,-113.9091,0,-880.412,2.029742,2.029742,-5.894258,-32.28038,0.25,-826.8574,97.28249,0,-0.5039,0,-0.8638,-113.9091,0,1,0,0,0.8638,0,-0.5039,-880.412,0,0,0,1
179.6508,-114.3406,0,-880.6647,2.01617,2.01617,-6.070039,-32.28038,0.25,-826.8574,97.78186,0,-0.5057,0,-0.8627,-114.3406,0,1,0,0,0.8627,0,-0.5057,-880.6647,0,0,0,1
179.6618,-114.5561,0,-880.7913,2.008996,2.008996,-6.275117,-32.28038,0.25,-826.8574,98.03156,0,-0.5067,0,-0.8621,-114.5561,0,1,0,0,0.8621,0,-0.5067,-880.7913,0,0,0,1
179.6736,-114.7715,0,-880.9183,2.001535,2.001535,-6.472878,-32.28038,0.25,-826.8574,98.28131,0,-0.5077,0,-0.8616,-114.7715,0,1,0,0,0.8616,0,-0.5077,-880.9183,0,0,0,1
179.685,-114.9867,0,-881.0453,1.993815,1.993815,-6.681619,-32.28038,0.25,-826.8574,98.53099,0,-0.5087,0,-0.861,-114.9867,0,1,0,0,0.861,0,-0.5087,-881.0453,0,0,0,1
179.6965,-115.2018,0,-881.1727,1.985804,1.985804,-6.853745,-32.28038,0.25,-826.8574,98.78072,0,-0.5097,0,-0.8604,-115.2018,0,1,0,0,0.8604,0,-0.5097,-881.1727,0,0,0,1
179.7084,-115.4167,0,-881.3005,1.977381,1.977381,-7.143052,-32.28038,0.25,-826.8574,99.03052,0,-0.5108,0,-0.8597,-115.4167,0,1,0,0,0.8597,0,-0.5108,-881.3005,0,0,0,1
179.7194,-115.6315,0,-881.4285,1.96867,1.96867,-7.307854,-32.28038,0.25,-826.8574,99.28032,0,-0.5119,0,-0.8591,-115.6315,0,1,0,0,0.8591,0,-0.5119,-881.4285,0,0,0,1
179.7303,-116.0605,0,-881.6852,1.950355,1.950355,-7.545891,-32.28038,0.25,-826.8574,99.77989,0,-0.5141,0,-0.8577,-116.0605,0,1,0,0,0.8577,0,-0.5141,-881.6852,0,0,0,1
179.7409,-116.2748,0,-881.8141,1.940603,1.940603,-7.769287,-32.28038,0.25,-826.8574,100.0298,0,-0.5153,0,-0.857,-116.2748,0,1,0,0,0.857,0,-0.5153,-881.8141,0,0,0,1
179.7523,-116.4889,0,-881.9431,1.930646,1.930646,-8.007324,-32.28038,0.25,-826.8574,100.2796,0,-0.5165,0,-0.8563,-116.4889,0,1,0,0,0.8563,0,-0.5165,-881.9431,0,0,0,1
179.7628,-116.7028,0,-882.0726,1.920194,1.920194,-8.322272,-32.28038,0.25,-826.8574,100.5295,0,-0.5177,0,-0.8556,-116.7028,0,1,0,0,0.8556,0,-0.5177,-882.0726,0,0,0,1
179.7736,-116.9165,0,-882.2024,1.9094,1.9094,-8.721449,-32.28038,0.25,-826.8574,100.7793,0,-0.519,0,-0.8548,-116.9165,0,1,0,0,0.8548,0,-0.519,-882.2024,0,0,0,1
179.7845,-117.1299,0,-882.3325,1.898255,1.898255,-8.96681,-32.28038,0.25,-826.8574,101.0292,0,-0.5204,0,-0.8539,-117.1299,0,1,0,0,0.8539,0,-0.5204,-882.3325,0,0,0,1
179.7956,-117.3432,0,-882.4629,1.886693,1.886693,-9.30007,-32.28038,0.25,-826.8574,101.2791,0,-0.5217,0,-0.8531,-117.3432,0,1,0,0,0.8531,0,-0.5217,-882.4629,0,0,0,1
179.8068,-117.5563,0,-882.5936,1.874772,1.874772,-9.717558,-32.28038,0.25,-826.8574,101.5289,0,-0.5232,0,-0.8522,-117.5563,0,1,0,0,0.8522,0,-0.5232,-882.5936,0,0,0,1
179.8178,-117.7691,0,-882.7249,1.862302,1.862302,-10.09476,-32.28038,0.25,-826.8574,101.7789,0,-0.5247,0,-0.8513,-117.7691,0,1,0,0,0.8513,0,-0.5247,-882.7249,0,0,0,1
179.8289,-117.9817,0,-882.8564,1.849355,1.849355,-10.57084,-32.28038,0.25,-826.8574,102.0288,0,-0.5263,0,-0.8503,-117.9817,0,1,0,0,0.8503,0,-0.5263,-882.8564,0,0,0,1
179.8403,-118.4061,0,-883.1208,1.822113,1.822113,-10.96269,-32.28038,0.25,-826.8574,102.5287,0,-0.5295,0,-0.8483,-118.4061,0,1,0,0,0.8483,0,-0.5295,-883.1208,0,0,0,1
179.8512,-118.6179,0,-883.2537,1.807707,1.807707,-11.43511,-32.28038,0.25,-826.8574,102.7787,0,-0.5312,0,-0.8472,-118.6179,0,1,0,0,0.8472,0,-0.5312,-883.2537,0,0,0,1
179.8623,-118.8294,0,-883.3868,1.792932,1.792932,-11.8233,-32.28038,0.25,-826.8574,103.0287,0,-0.5329,0,-0.8461,-118.8294,0,1,0,0,0.8461,0,-0.5329,-883.3868,0,0,0,1
179.8734,-119.0407,0,-883.5205,1.777543,1.777543,-12.36896,-32.28038,0.25,-826.8574,103.2786,0,-0.5348,0,-0.845,-119.0407,0,1,0,0,0.845,0,-0.5348,-883.5205,0,0,0,1
179.8847,-119.2516,0,-883.6547,1.761593,1.761593,-12.66926,-32.28038,0.25,-826.8574,103.5286,0,-0.5366,0,-0.8438,-119.2516,0,1,0,0,0.8438,0,-0.5366,-883.6547,0,0,0,1
179.8963,-119.4623,0,-883.7893,1.745084,1.745084,-13.14534,-32.28038,0.25,-826.8574,103.7786,0,-0.5386,0,-0.8426,-119.4623,0,1,0,0,0.8426,0,-0.5386,-883.7893,0,0,0,1
179.9069,-119.6726,0,-883.9244,1.729146,1.729146,-13.59945,-32.28038,0.25,-826.8574,104.0286,0,-0.5406,0,-0.8413,-119.6726,0,1,0,0,0.8413,0,-0.5406,-883.9244,0,0,0,1
179.9178,-119.8826,0,-884.0601,1.713503,1.713503,-13.96201,-32.28038,0.25,-826.8574,104.2786,0,-0.5426,0,-0.84,-119.8826,0,1,0,0,0.84,0,-0.5426,-884.0601,0,0,0,1
179.9288,-120.0922,0,-884.1963,1.697266,1.697266,-14.39048,-32.28038,0.25,-826.8574,104.5286,0,-0.5447,0,-0.8386,-120.0922,0,1,0,0,0.8386,0,-0.5447,-884.1963,0,0,0,1
179.9433,-120.5105,0,-884.4703,1.664748,1.664748,-14.82262,-32.28038,0.25,-826.8574,105.0286,0,-0.5491,0,-0.8358,-120.5105,0,1,0,0,0.8358,0,-0.5491,-884.4703,0,0,0,1
179.9543,-120.7191,0,-884.6081,1.650785,1.650785,-15.15587,-32.28038,0.25,-826.8574,105.2786,0,-0.5513,0,-0.8343,-120.7191,0,1,0,0,0.8343,0,-0.5513,-884.6081,0,0,0,1
179.9624,-120.9273,0,-884.7465,1.636096,1.636096,-15.40124,-32.28038,0.25,-826.8574,105.5286,0,-0.5535,0,-0.8328,-120.9273,0,1,0,0,0.8328,0,-0.5535,-884.7465,0,0,0,1
179.9734,-121.1351,0,-884.8854,1.620671,1.620671,-15.56969,-32.28038,0.25,-826.8574,105.7786,0,-0.5558,0,-0.8313,-121.1351,0,1,0,0,0.8313,0,-0.5558,-884.8854,0,0,0,1
179.9844,-121.3426,0,-885.0249,1.606175,1.606175,-15.76379,-32.28038,0.25,-826.8574,106.0285,0,-0.5581,0,-0.8298,-121.3426,0,1,0,0,0.8298,0,-0.5581,-885.0249,0,0,0,1
179.9958,-121.5496,0,-885.165,1.593706,1.593706,-15.95422,-32.28038,0.25,-826.8574,106.2785,0,-0.5604,0,-0.8282,-121.5496,0,1,0,0,0.8282,0,-0.5604,-885.165,0,0,0,1
180.0069,-121.7563,0,-885.3057,1.580439,1.580439,-16.10071,-32.28038,0.25,-826.8574,106.5284,0,-0.5627,0,-0.8267,-121.7563,0,1,0,0,0.8267,0,-0.5627,-885.3057,0,0,0,1
180.0178,-121.9626,0,-885.4469,1.566498,1.566498,-16.19593,-32.28038,0.25,-826.8574,106.7784,0,-0.565,0,-0.8251,-121.9626,0,1,0,0,0.8251,0,-0.565,-885.4469,0,0,0,1
180.0289,-122.1684,0,-885.5887,1.552877,1.552877,-16.26185,-32.28038,0.25,-826.8574,107.0283,0,-0.5674,0,-0.8235,-122.1684,0,1,0,0,0.8235,0,-0.5674,-885.5887,0,0,0,1
180.0404,-122.5789,0,-885.8742,1.529792,1.529792,-16.28382,-32.28038,0.25,-826.8574,107.5281,0,-0.572,0,-0.8202,-122.5789,0,1,0,0,0.8202,0,-0.572,-885.8742,0,0,0,1
180.051,-122.7836,0,-886.0178,1.517153,1.517153,-16.28382,-32.28038,0.25,-826.8574,107.7779,0,-0.5744,0,-0.8186,-122.7836,0,1,0,0,0.8186,0,-0.5744,-886.0178,0,0,0,1
180.0622,-122.9878,0,-886.162,1.504451,1.504451,-16.28382,-32.28038,0.25,-826.8574,108.0278,0,-0.5767,0,-0.817,-122.9878,0,1,0,0,0.817,0,-0.5767,-886.162,0,0,0,1
180.0733,-123.1917,0,-886.3068,1.494597,1.494597,-16.28382,-32.28038,0.25,-826.8574,108.2776,0,-0.579,0,-0.8153,-123.1917,0,1,0,0,0.8153,0,-0.579,-886.3068,0,0,0,1
180.0844,-123.3951,0,-886.452,1.484171,1.484171,-16.28382,-32.28038,0.25,-826.8574,108.5273,0,-0.5813,0,-0.8137,-123.3951,0,1,0,0,0.8137,0,-0.5813,-886.452,0,0,0,1
180.0954,-123.5981,0,-886.598,1.4728,1.4728,-16.28382,-32.28038,0.25,-826.8574,108.7771,0,-0.5836,0,-0.812,-123.5981,0,1,0,0,0.812,0,-0.5836,-886.598,0,0,0,1
180.1069,-123.8007,0,-886.7445,1.461027,1.461027,-16.28382,-32.28038,0.25,-826.8574,109.0269,0,-0.5859,0,-0.8104,-123.8007,0,1,0,0,0.8104,0,-0.5859,-886.7445,0,0,0,1
180.1181,-124.0028,0,-886.8916,1.45256,1.45256,-16.28382,-32.28038,0.25,-826.8574,109.2766,0,-0.5882,0,-0.8087,-124.0028,0,1,0,0,0.8087,0,-0.5882,-886.8916,0,0,0,1
180.1291,-124.2046,0,-887.0392,1.443436,1.443436,-16.28382,-32.28038,0.25,-826.8574,109.5262,0,-0.5905,0,-0.807,-124.2046,0,1,0,0,0.807,0,-0.5905,-887.0392,0,0,0,1
180.1405,-124.6068,0,-887.3362,1.422844,1.422844,-16.28382,-32.28038,0.25,-826.8574,110.0254,0,-0.5951,0,-0.8036,-124.6068,0,1,0,0,0.8036,0,-0.5951,-887.3362,0,0,0,1
180.1518,-124.8073,0,-887.4855,1.415576,1.415576,-16.28382,-32.28038,0.25,-826.8574,110.2749,0,-0.5974,0,-0.8019,-124.8073,0,1,0,0,0.8019,0,-0.5974,-887.4855,0,0,0,1
180.1628,-125.0074,0,-887.6354,1.407831,1.407831,-16.28382,-32.28038,0.25,-826.8574,110.5244,0,-0.5997,0,-0.8002,-125.0074,0,1,0,0,0.8002,0,-0.5997,-887.6354,0,0,0,1
180.1739,-125.207,0,-887.7859,1.399258,1.399258,-16.28382,-32.28038,0.25,-826.8574,110.7738,0,-0.6019,0,-0.7985,-125.207,0,1,0,0,0.7985,0,-0.6019,-887.7859,0,0,0,1
180.1849,-125.4062,0,-887.937,1.389961,1.389961,-16.28382,-32.28038,0.25,-826.8574,111.0233,0,-0.6042,0,-0.7968,-125.4062,0,1,0,0,0.7968,0,-0.6042,-887.937,0,0,0,1
180.1959,-125.605,0,-888.0886,1.383599,1.383599,-16.28382,-32.28038,0.25,-826.8574,111.2726,0,-0.6065,0,-0.7951,-125.605,0,1,0,0,0.7951,0,-0.6065,-888.0886,0,0,0,1
180.2072,-125.8033,0,-888.2408,1.37714,1.37714,-16.28382,-32.28038,0.25,-826.8574,111.5219,0,-0.6087,0,-0.7934,-125.8033,0,1,0,0,0.7934,0,-0.6087,-888.2408,0,0,0,1
180.2182,-126.0012,0,-888.3936,1.369958,1.369958,-16.28382,-32.28038,0.25,-826.8574,111.7712,0,-0.611,0,-0.7916,-126.0012,0,1,0,0,0.7916,0,-0.611,-888.3936,0,0,0,1
180.2293,-126.1987,0,-888.5469,1.362015,1.362015,-16.28382,-32.28038,0.25,-826.8574,112.0204,0,-0.6132,0,-0.7899,-126.1987,0,1,0,0,0.7899,0,-0.6132,-888.5469,0,0,0,1
180.2408,-126.5924,0,-888.8552,1.351501,1.351501,-16.28382,-32.28038,0.25,-826.8574,112.5187,0,-0.6177,0,-0.7864,-126.5924,0,1,0,0,0.7864,0,-0.6177,-888.8552,0,0,0,1
180.2515,-126.7885,0,-889.0102,1.345693,1.345693,-16.28382,-32.28038,0.25,-826.8574,112.7677,0,-0.6199,0,-0.7846,-126.7885,0,1,0,0,0.7846,0,-0.6199,-889.0102,0,0,0,1
180.266,-126.9842,0,-889.1656,1.339185,1.339185,-16.28382,-32.28038,0.25,-826.8574,113.0166,0,-0.6222,0,-0.7829,-126.9842,0,1,0,0,0.7829,0,-0.6222,-889.1656,0,0,0,1
180.2771,-127.1795,0,-889.3218,1.334722,1.334722,-16.28382,-32.28038,0.25,-826.8574,113.2656,0,-0.6244,0,-0.7811,-127.1795,0,1,0,0,0.7811,0,-0.6244,-889.3218,0,0,0,1
180.2848,-127.3743,0,-889.4784,1.33103,1.33103,-16.28382,-32.28038,0.25,-826.8574,113.5144,0,-0.6266,0,-0.7793,-127.3743,0,1,0,0,0.7793,0,-0.6266,-889.4784,0,0,0,1
180.2962,-127.5687,0,-889.6357,1.326475,1.326475,-16.28382,-32.28038,0.25,-826.8574,113.7633,0,-0.6288,0,-0.7775,-127.5687,0,1,0,0,0.7775,0,-0.6288,-889.6357,0,0,0,1
180.3074,-127.7627,0,-889.7935,1.321273,1.321273,-16.31312,-32.28038,0.25,-826.8574,114.012,0,-0.631,0,-0.7758,-127.7627,0,1,0,0,0.7758,0,-0.631,-889.7935,0,0,0,1
180.3188,-127.9562,0,-889.9518,1.317812,1.317812,-16.40101,-32.28038,0.25,-826.8574,114.2607,0,-0.6333,0,-0.7739,-127.9562,0,1,0,0,0.7739,0,-0.6333,-889.9518,0,0,0,1
180.3296,-128.1492,0,-890.1107,1.315414,1.315414,-16.55482,-32.28038,0.25,-826.8574,114.5093,0,-0.6355,0,-0.7721,-128.1492,0,1,0,0,0.7721,0,-0.6355,-890.1107,0,0,0,1
180.3408,-128.5338,0,-890.4301,1.308417,1.308417,-16.76723,-32.28038,0.25,-826.8574,115.0062,0,-0.64,0,-0.7684,-128.5338,0,1,0,0,0.7684,0,-0.64,-890.4301,0,0,0,1
180.3518,-128.7255,0,-890.5906,1.305897,1.305897,-16.97963,-32.28038,0.25,-826.8574,115.2546,0,-0.6423,0,-0.7665,-128.7255,0,1,0,0,0.7665,0,-0.6423,-890.5906,0,0,0,1
180.3627,-128.9166,0,-890.7518,1.304658,1.304658,-17.31289,-32.28038,0.25,-826.8574,115.5029,0,-0.6446,0,-0.7645,-128.9166,0,1,0,0,0.7645,0,-0.6446,-890.7518,0,0,0,1
180.3739,-129.1072,0,-890.9135,1.302809,1.302809,-17.51064,-32.28038,0.25,-826.8574,115.7511,0,-0.6469,0,-0.7626,-129.1072,0,1,0,0,0.7626,0,-0.6469,-890.9135,0,0,0,1
180.385,-129.2974,0,-891.0758,1.30009,1.30009,-17.82559,-32.28038,0.25,-826.8574,115.9992,0,-0.6493,0,-0.7605,-129.2974,0,1,0,0,0.7605,0,-0.6493,-891.0758,0,0,0,1
180.3972,-129.487,0,-891.2387,1.298275,1.298275,-18.10392,-32.28038,0.25,-826.8574,116.2472,0,-0.6517,0,-0.7585,-129.487,0,1,0,0,0.7585,0,-0.6517,-891.2387,0,0,0,1
180.4076,-129.6761,0,-891.4022,1.298225,1.298225,-18.48844,-32.28038,0.25,-826.8574,116.4951,0,-0.6541,0,-0.7564,-129.6761,0,1,0,0,0.7564,0,-0.6541,-891.4022,0,0,0,1
180.4181,-129.8647,0,-891.5663,1.297332,1.297332,-18.75944,-32.28038,0.25,-826.8574,116.743,0,-0.6566,0,-0.7542,-129.8647,0,1,0,0,0.7542,0,-0.6566,-891.5663,0,0,0,1
180.4293,-130.0527,0,-891.7311,1.295548,1.295548,-19.04143,-32.28038,0.25,-826.8574,116.9907,0,-0.6591,0,-0.7521,-130.0527,0,1,0,0,0.7521,0,-0.6591,-891.7311,0,0,0,1
180.4401,-130.427,0,-892.0625,1.295065,1.295065,-19.30877,-32.28038,0.25,-826.8574,117.4858,0,-0.6642,0,-0.7476,-130.427,0,1,0,0,0.7476,0,-0.6642,-892.0625,0,0,0,1
180.4513,-130.6134,0,-892.2292,1.294964,1.294964,-19.62371,-32.28038,0.25,-826.8574,117.7333,0,-0.6667,0,-0.7453,-130.6134,0,1,0,0,0.7453,0,-0.6667,-892.2292,0,0,0,1
180.4623,-130.7991,0,-892.3965,1.29405,1.29405,-19.86175,-32.28038,0.25,-826.8574,117.9806,0,-0.6693,0,-0.743,-130.7991,0,1,0,0,0.743,0,-0.6693,-892.3965,0,0,0,1
180.4746,-130.9843,0,-892.5645,1.293093,1.293093,-20.12543,-32.28038,0.25,-826.8574,118.2277,0,-0.6719,0,-0.7406,-130.9843,0,1,0,0,0.7406,0,-0.6719,-892.5645,0,0,0,1
180.4843,-131.1688,0,-892.7332,1.294603,1.294603,-20.34516,-32.28038,0.25,-826.8574,118.4749,0,-0.6745,0,-0.7383,-131.1688,0,1,0,0,0.7383,0,-0.6745,-892.7332,0,0,0,1
180.4956,-131.3528,0,-892.9025,1.295148,1.295148,-20.49165,-32.28038,0.25,-826.8574,118.7218,0,-0.6772,0,-0.7358,-131.3528,0,1,0,0,0.7358,0,-0.6772,-892.9025,0,0,0,1
180.5068,-131.5361,0,-893.0724,1.294864,1.294864,-20.63081,-32.28038,0.25,-826.8574,118.9686,0,-0.6798,0,-0.7334,-131.5361,0,1,0,0,0.7334,0,-0.6798,-893.0724,0,0,0,1
180.5179,-131.7189,0,-893.243,1.29419,1.29419,-20.70771,-32.28038,0.25,-826.8574,119.2153,0,-0.6825,0,-0.7309,-131.7189,0,1,0,0,0.7309,0,-0.6825,-893.243,0,0,0,1
180.5289,-131.901,0,-893.4142,1.296317,1.296317,-20.77729,-32.28038,0.25,-826.8574,119.4618,0,-0.6851,0,-0.7284,-131.901,0,1,0,0,0.7284,0,-0.6851,-893.4142,0,0,0,1
180.5401,-132.2634,0,-893.7588,1.297748,1.297748,-20.82124,-32.28038,0.25,-826.8574,119.9545,0,-0.6904,0,-0.7235,-132.2634,0,1,0,0,0.7235,0,-0.6904,-893.7588,0,0,0,1
180.551,-132.4436,0,-893.9321,1.297261,1.297261,-20.82856,-32.28038,0.25,-826.8574,120.2006,0,-0.693,0,-0.7209,-132.4436,0,1,0,0,0.7209,0,-0.693,-893.9321,0,0,0,1
180.5621,-132.6232,0,-894.106,1.29996,1.29996,-20.82856,-32.28038,0.25,-826.8574,120.4466,0,-0.6956,0,-0.7184,-132.6232,0,1,0,0,0.7184,0,-0.6956,-894.106,0,0,0,1
180.5734,-132.8022,0,-894.2805,1.301687,1.301687,-20.82856,-32.28038,0.25,-826.8574,120.6924,0,-0.6982,0,-0.7159,-132.8022,0,1,0,0,0.7159,0,-0.6982,-894.2805,0,0,0,1
180.5846,-132.9805,0,-894.4557,1.302474,1.302474,-20.82856,-32.28038,0.25,-826.8574,120.9381,0,-0.7008,0,-0.7133,-132.9805,0,1,0,0,0.7133,0,-0.7008,-894.4557,0,0,0,1
180.5967,-133.1582,0,-894.6316,1.302375,1.302375,-20.82856,-32.28038,0.25,-826.8574,121.1836,0,-0.7034,0,-0.7108,-133.1582,0,1,0,0,0.7108,0,-0.7034,-894.6316,0,0,0,1
180.6106,-133.5116,0,-894.9852,1.307738,1.307738,-20.82856,-32.28038,0.25,-826.8574,121.6742,0,-0.7086,0,-0.7057,-133.5116,0,1,0,0,0.7057,0,-0.7086,-894.9852,0,0,0,1
180.6212,-133.6874,0,-895.1631,1.309056,1.309056,-20.82856,-32.28038,0.25,-826.8574,121.9193,0,-0.7111,0,-0.7031,-133.6874,0,1,0,0,0.7031,0,-0.7111,-895.1631,0,0,0,1
180.6288,-133.6874,0,-895.163,1.309078,1.309078,-20.82856,-32.28038,0.25,-826.8574,121.9193,0,-0.7111,0,-0.7031,-133.6874,0,1,0,0,0.7031,0,-0.7111,-895.163,0,0,0,1
180.6397,-133.8625,0,-895.3414,1.309552,1.309552,-20.82856,-32.28038,0.25,-826.8574,122.1642,0,-0.7137,0,-0.7005,-133.8625,0,1,0,0,0.7005,0,-0.7137,-895.3414,0,0,0,1
180.651,-134.2108,0,-895.7001,1.315727,1.315727,-20.83955,-32.28038,0.25,-826.8574,122.6535,0,-0.7187,0,-0.6953,-134.2108,0,1,0,0,0.6953,0,-0.7187,-895.7001,0,0,0,1
180.6621,-134.384,0,-895.8805,1.317662,1.317662,-20.86885,-32.28038,0.25,-826.8574,122.8979,0,-0.7213,0,-0.6926,-134.384,0,1,0,0,0.6926,0,-0.7213,-895.8805,0,0,0,1
180.6731,-134.5565,0,-896.0615,1.318613,1.318613,-20.92378,-32.28038,0.25,-826.8574,123.1422,0,-0.7238,0,-0.69,-134.5565,0,1,0,0,0.69,0,-0.7238,-896.0615,0,0,0,1
180.6841,-134.7283,0,-896.2431,1.322056,1.322056,-21.019,-32.28038,0.25,-826.8574,123.3863,0,-0.7263,0,-0.6873,-134.7283,0,1,0,0,0.6873,0,-0.7263,-896.2431,0,0,0,1
180.6954,-134.8995,0,-896.4252,1.325531,1.325531,-21.1545,-32.28038,0.25,-826.8574,123.6301,0,-0.7289,0,-0.6847,-134.8995,0,1,0,0,0.6847,0,-0.7289,-896.4252,0,0,0,1
180.7065,-135.07,0,-896.608,1.328041,1.328041,-21.37423,-32.28038,0.25,-826.8574,123.8738,0,-0.7314,0,-0.6819,-135.07,0,1,0,0,0.6819,0,-0.7314,-896.608,0,0,0,1
180.7181,-135.2398,0,-896.7915,1.329556,1.329556,-21.52071,-32.28038,0.25,-826.8574,124.1173,0,-0.734,0,-0.6792,-135.2398,0,1,0,0,0.6792,0,-0.734,-896.7915,0,0,0,1
180.7287,-135.4089,0,-896.9757,1.333,1.333,-21.8027,-32.28038,0.25,-826.8574,124.3606,0,-0.7365,0,-0.6764,-135.4089,0,1,0,0,0.6764,0,-0.7365,-896.9757,0,0,0,1
180.7397,-135.5773,0,-897.1605,1.336804,1.336804,-22.04807,-32.28038,0.25,-826.8574,124.6038,0,-0.7391,0,-0.6736,-135.5773,0,1,0,0,0.6736,0,-0.7391,-897.1605,0,0,0,1
180.7507,-135.9118,0,-897.532,1.341527,1.341527,-22.39964,-32.28038,0.25,-826.8574,125.0894,0,-0.7444,0,-0.6678,-135.9118,0,1,0,0,0.6678,0,-0.7444,-897.532,0,0,0,1
180.7621,-136.078,0,-897.7188,1.344927,1.344927,-22.69627,-32.28038,0.25,-826.8574,125.3319,0,-0.747,0,-0.6648,-136.078,0,1,0,0,0.6648,0,-0.747,-897.7188,0,0,0,1
180.7736,-136.2435,0,-897.9063,1.348998,1.348998,-23.15038,-32.28038,0.25,-826.8574,125.5742,0,-0.7497,0,-0.6618,-136.2435,0,1,0,0,0.6618,0,-0.7497,-897.9063,0,0,0,1
180.7842,-136.4082,0,-898.0944,1.352057,1.352057,-23.4873,-32.28038,0.25,-826.8574,125.8163,0,-0.7524,0,-0.6587,-136.4082,0,1,0,0,0.6587,0,-0.7524,-898.0944,0,0,0,1
180.7952,-136.5721,0,-898.2831,1.354036,1.354036,-23.82422,-32.28038,0.25,-826.8574,126.0582,0,-0.7551,0,-0.6556,-136.5721,0,1,0,0,0.6556,0,-0.7551,-898.2831,0,0,0,1
180.8071,-136.7351,0,-898.4727,1.357112,1.357112,-24.23072,-32.28038,0.25,-826.8574,126.2998,0,-0.7579,0,-0.6524,-136.7351,0,1,0,0,0.6524,0,-0.7579,-898.4727,0,0,0,1
180.8175,-136.8974,0,-898.6628,1.361216,1.361216,-24.58594,-32.28038,0.25,-826.8574,126.5411,0,-0.7607,0,-0.6491,-136.8974,0,1,0,0,0.6491,0,-0.7607,-898.6628,0,0,0,1
180.8286,-137.0589,0,-898.8536,1.36421,1.36421,-24.99977,-32.28038,0.25,-826.8574,126.7822,0,-0.7635,0,-0.6458,-137.0589,0,1,0,0,0.6458,0,-0.7635,-898.8536,0,0,0,1
180.8398,-137.2195,0,-899.0452,1.366081,1.366081,-25.35866,-32.28038,0.25,-826.8574,127.0231,0,-0.7664,0,-0.6424,-137.2195,0,1,0,0,0.6424,0,-0.7664,-899.0452,0,0,0,1
180.8509,-137.538,0,-899.4306,1.372394,1.372394,-25.7908,-32.28038,0.25,-826.8574,127.504,0,-0.7721,0,-0.6355,-137.538,0,1,0,0,0.6355,0,-0.7721,-899.4306,0,0,0,1
180.8618,-137.696,0,-899.6243,1.375121,1.375121,-26.14969,-32.28038,0.25,-826.8574,127.744,0,-0.775,0,-0.6319,-137.696,0,1,0,0,0.6319,0,-0.775,-899.6243,0,0,0,1
180.8733,-137.8531,0,-899.8188,1.376662,1.376662,-26.62944,-32.28038,0.25,-826.8574,127.9837,0,-0.7779,0,-0.6283,-137.8531,0,1,0,0,0.6283,0,-0.7779,-899.8188,0,0,0,1
180.8841,-138.0093,0,-900.014,1.378364,1.378364,-26.89677,-32.28038,0.25,-826.8574,128.2232,0,-0.7809,0,-0.6247,-138.0093,0,1,0,0,0.6247,0,-0.7809,-900.014,0,0,0,1
180.8954,-138.1645,0,-900.21,1.381726,1.381726,-27.2813,-32.28038,0.25,-826.8574,128.4623,0,-0.7839,0,-0.6209,-138.1645,0,1,0,0,0.6209,0,-0.7839,-900.21,0,0,0,1
180.9065,-138.3188,0,-900.4067,1.383905,1.383905,-27.65484,-32.28038,0.25,-826.8574,128.7012,0,-0.7868,0,-0.6172,-138.3188,0,1,0,0,0.6172,0,-0.7868,-900.4067,0,0,0,1
180.9174,-138.4721,0,-900.6042,1.384801,1.384801,-27.92584,-32.28038,0.25,-826.8574,128.9397,0,-0.7898,0,-0.6133,-138.4721,0,1,0,0,0.6133,0,-0.7898,-900.6042,0,0,0,1
180.9287,-138.6245,0,-900.8024,1.385468,1.385468,-28.18585,-32.28038,0.25,-826.8574,129.1779,0,-0.7929,0,-0.6094,-138.6245,0,1,0,0,0.6094,0,-0.7929,-900.8024,0,0,0,1
180.9426,-138.9262,0,-901.2011,1.389597,1.389597,-28.44953,-32.28038,0.25,-826.8574,129.6532,0,-0.7989,0,-0.6015,-138.9262,0,1,0,0,0.6015,0,-0.7989,-901.2011,0,0,0,1
180.954,-139.0756,0,-901.4016,1.389739,1.389739,-28.71321,-32.28038,0.25,-826.8574,129.8904,0,-0.8019,0,-0.5975,-139.0756,0,1,0,0,0.5975,0,-0.8019,-901.4016,0,0,0,1
180.962,-139.224,0,-901.6028,1.389191,1.389191,-28.8597,-32.28038,0.25,-826.8574,130.1272,0,-0.8049,0,-0.5935,-139.224,0,1,0,0,0.5935,0,-0.8049,-901.6028,0,0,0,1
180.9731,-139.3713,0,-901.8048,1.391082,1.391082,-28.91096,-32.28038,0.25,-826.8574,130.3637,0,-0.8079,0,-0.5894,-139.3713,0,1,0,0,0.5894,0,-0.8079,-901.8048,0,0,0,1
180.9842,-139.5177,0,-902.0074,1.391714,1.391714,-28.92561,-32.28038,0.25,-826.8574,130.5998,0,-0.8108,0,-0.5853,-139.5177,0,1,0,0,0.5853,0,-0.8108,-902.0074,0,0,0,1
180.9955,-139.6629,0,-902.2109,1.39104,1.39104,-28.92561,-32.28038,0.25,-826.8574,130.8355,0,-0.8138,0,-0.5812,-139.6629,0,1,0,0,0.5812,0,-0.8138,-902.2109,0,0,0,1
181.0073,-139.8072,0,-902.415,1.389265,1.389265,-28.92561,-32.28038,0.25,-826.8574,131.0708,0,-0.8167,0,-0.5771,-139.8072,0,1,0,0,0.5771,0,-0.8167,-902.415,0,0,0,1
181.0178,-139.9505,0,-902.6199,1.390317,1.390317,-28.92561,-32.28038,0.25,-826.8574,131.3058,0,-0.8196,0,-0.573,-139.9505,0,1,0,0,0.573,0,-0.8196,-902.6199,0,0,0,1
181.0292,-140.0927,0,-902.8256,1.390072,1.390072,-28.92561,-32.28038,0.25,-826.8574,131.5404,0,-0.8225,0,-0.5688,-140.0927,0,1,0,0,0.5688,0,-0.8225,-902.8256,0,0,0,1
181.0406,-140.3739,0,-903.239,1.385722,1.385722,-28.92561,-32.28038,0.25,-826.8574,132.0085,0,-0.8282,0,-0.5605,-140.3739,0,1,0,0,0.5605,0,-0.8282,-903.239,0,0,0,1
181.0512,-140.513,0,-903.4467,1.385725,1.385725,-28.91096,-32.28038,0.25,-826.8574,132.242,0,-0.831,0,-0.5563,-140.513,0,1,0,0,0.5563,0,-0.831,-903.4467,0,0,0,1
181.0624,-140.651,0,-903.6552,1.384627,1.384627,-28.88167,-32.28038,0.25,-826.8574,132.4751,0,-0.8338,0,-0.5521,-140.651,0,1,0,0,0.5521,0,-0.8338,-903.6552,0,0,0,1
181.0735,-140.788,0,-903.8644,1.382209,1.382209,-28.84505,-32.28038,0.25,-826.8574,132.7078,0,-0.8366,0,-0.5479,-140.788,0,1,0,0,0.5479,0,-0.8366,-903.8644,0,0,0,1
181.0848,-140.9239,0,-904.0741,1.378628,1.378628,-28.79011,-32.28038,0.25,-826.8574,132.94,0,-0.8393,0,-0.5437,-140.9239,0,1,0,0,0.5437,0,-0.8393,-904.0741,0,0,0,1
181.0956,-141.0588,0,-904.2847,1.377369,1.377369,-28.7425,-32.28038,0.25,-826.8574,133.1719,0,-0.842,0,-0.5395,-141.0588,0,1,0,0,0.5395,0,-0.842,-904.2847,0,0,0,1
181.1069,-141.1926,0,-904.4958,1.375464,1.375464,-28.6656,-32.28038,0.25,-826.8574,133.4034,0,-0.8447,0,-0.5352,-141.1926,0,1,0,0,0.5352,0,-0.8447,-904.4958,0,0,0,1
181.1183,-141.3254,0,-904.7077,1.372286,1.372286,-28.62165,-32.28038,0.25,-826.8574,133.6344,0,-0.8474,0,-0.531,-141.3254,0,1,0,0,0.531,0,-0.8474,-904.7077,0,0,0,1
181.129,-141.4571,0,-904.9202,1.367815,1.367815,-28.57038,-32.28038,0.25,-826.8574,133.8651,0,-0.85,0,-0.5268,-141.4571,0,1,0,0,0.5268,0,-0.85,-904.9202,0,0,0,1
181.1401,-141.7173,0,-905.3471,1.36276,1.36276,-28.5301,-32.28038,0.25,-826.8574,134.3251,0,-0.8552,0,-0.5183,-141.7173,0,1,0,0,0.5183,0,-0.8552,-905.3471,0,0,0,1
181.1512,-141.8458,0,-905.5616,1.358795,1.358795,-28.49714,-32.28038,0.25,-826.8574,134.5545,0,-0.8578,0,-0.514,-141.8458,0,1,0,0,0.514,0,-0.8578,-905.5616,0,0,0,1
181.1632,-141.9732,0,-905.7767,1.35357,1.35357,-28.47151,-32.28038,0.25,-826.8574,134.7835,0,-0.8603,0,-0.5098,-141.9732,0,1,0,0,0.5098,0,-0.8603,-905.7767,0,0,0,1
181.1751,-142.0996,0,-905.9924,1.349978,1.349978,-28.4239,-32.28038,0.25,-826.8574,135.0121,0,-0.8628,0,-0.5055,-142.0996,0,1,0,0,0.5055,0,-0.8628,-905.9924,0,0,0,1
181.1849,-142.2249,0,-906.2086,1.346563,1.346563,-28.38362,-32.28038,0.25,-826.8574,135.2401,0,-0.8653,0,-0.5012,-142.2249,0,1,0,0,0.5012,0,-0.8653,-906.2086,0,0,0,1
181.1953,-142.3491,0,-906.4256,1.341881,1.341881,-28.31403,-32.28038,0.25,-826.8574,135.4679,0,-0.8678,0,-0.4969,-142.3491,0,1,0,0,0.4969,0,-0.8678,-906.4256,0,0,0,1
181.2066,-142.4723,0,-906.6431,1.335914,1.335914,-28.28473,-32.28038,0.25,-826.8574,135.6951,0,-0.8702,0,-0.4926,-142.4723,0,1,0,0,0.4926,0,-0.8702,-906.6431,0,0,0,1
181.2168,-142.5944,0,-906.8613,1.33125,1.33125,-28.21515,-32.28038,0.25,-826.8574,135.9219,0,-0.8727,0,-0.4883,-142.5944,0,1,0,0,0.4883,0,-0.8727,-906.8613,0,0,0,1
181.228,-142.7154,0,-907.0801,1.327032,1.327032,-28.16022,-32.28038,0.25,-826.8574,136.1483,0,-0.875,0,-0.4841,-142.7154,0,1,0,0,0.4841,0,-0.875,-907.0801,0,0,0,1
181.2398,-142.8353,0,-907.2994,1.321645,1.321645,-28.0943,-32.28038,0.25,-826.8574,136.3743,0,-0.8774,0,-0.4798,-142.8353,0,1,0,0,0.4798,0,-0.8774,-907.2994,0,0,0,1
181.2509,-143.072,0,-907.7397,1.309241,1.309241,-28.04669,-32.28038,0.25,-826.8574,136.8248,0,-0.8821,0,-0.4711,-143.072,0,1,0,0,0.4711,0,-0.8821,-907.7397,0,0,0,1
181.2612,-143.1887,0,-907.9609,1.304334,1.304334,-28.0174,-32.28038,0.25,-826.8574,137.0494,0,-0.8844,0,-0.4668,-143.1887,0,1,0,0,0.4668,0,-0.8844,-907.9609,0,0,0,1
181.2758,-143.3043,0,-908.1826,1.298214,1.298214,-27.97711,-32.28038,0.25,-826.8574,137.2736,0,-0.8866,0,-0.4625,-143.3043,0,1,0,0,0.4625,0,-0.8866,-908.1826,0,0,0,1
181.2864,-143.4189,0,-908.4048,1.290858,1.290858,-27.94782,-32.28038,0.25,-826.8574,137.4974,0,-0.8889,0,-0.4582,-143.4189,0,1,0,0,0.4582,0,-0.8889,-908.4048,0,0,0,1
181.2947,-143.5323,0,-908.6276,1.284015,1.284015,-27.92218,-32.28038,0.25,-826.8574,137.7206,0,-0.8911,0,-0.4538,-143.5323,0,1,0,0,0.4538,0,-0.8911,-908.6276,0,0,0,1
181.3058,-143.6447,0,-908.8509,1.278471,1.278471,-27.90021,-32.28038,0.25,-826.8574,137.9434,0,-0.8933,0,-0.4495,-143.6447,0,1,0,0,0.4495,0,-0.8933,-908.8509,0,0,0,1
181.3168,-143.756,0,-909.0748,1.271689,1.271689,-27.85259,-32.28038,0.25,-826.8574,138.1658,0,-0.8955,0,-0.4451,-143.756,0,1,0,0,0.4451,0,-0.8955,-909.0748,0,0,0,1
181.3278,-143.8662,0,-909.2992,1.263669,1.263669,-27.80865,-32.28038,0.25,-826.8574,138.3877,0,-0.8976,0,-0.4408,-143.8662,0,1,0,0,0.4408,0,-0.8976,-909.2992,0,0,0,1
181.3391,-143.9753,0,-909.5241,1.255831,1.255831,-27.73541,-32.28038,0.25,-826.8574,138.6091,0,-0.8997,0,-0.4364,-143.9753,0,1,0,0,0.4364,0,-0.8997,-909.5241,0,0,0,1
181.3506,-144.1902,0,-909.9755,1.242282,1.242282,-27.68414,-32.28038,0.25,-826.8574,139.0505,0,-0.9039,0,-0.4277,-144.1902,0,1,0,0,0.4277,0,-0.9039,-909.9755,0,0,0,1
181.3612,-144.2961,0,-910.202,1.233612,1.233612,-27.61822,-32.28038,0.25,-826.8574,139.2706,0,-0.906,0,-0.4234,-144.2961,0,1,0,0,0.4234,0,-0.906,-910.202,0,0,0,1
181.3725,-144.4008,0,-910.4291,1.224732,1.224732,-27.51934,-32.28038,0.25,-826.8574,139.4902,0,-0.908,0,-0.419,-144.4008,0,1,0,0,0.419,0,-0.908,-910.4291,0,0,0,1
181.3834,-144.5045,0,-910.6565,1.217977,1.217977,-27.44976,-32.28038,0.25,-826.8574,139.7092,0,-0.91,0,-0.4146,-144.5045,0,1,0,0,0.4146,0,-0.91,-910.6565,0,0,0,1
