time,pos_x,pos_y,pos_z,distFromRoadCenter,signedDistFromRoadCenter,wheelAngle,obstacle_pos_x,obstacle_pos_y,obstacle_pos_z,distance_to_obstacle,brake_position,simplecar_4x4_R0C0,simplecar_4x4_R0C1,simplecar_4x4_R0C2,simplecar_4x4_R0C3,simplecar_4x4_R1C0,simplecar_4x4_R1C1,simplecar_4x4_R1C2,simplecar_4x4_R1C3,simplecar_4x4_R2C0,simplecar_4x4_R2C1,simplecar_4x4_R2C2,simplecar_4x4_R2C3,simplecar_4x4_R3C0,simplecar_4x4_R3C1,simplecar_4x4_R3C2,simplecar_4x4_R3C3
206.7161,160.7375,0,-1265.224,1.224939,1.224939,-0.444953,135.7747,0.25,-1316.935,57.08767,0,-0.9559,0,-0.2935,160.7375,0,1,0,0,0.2935,0,-0.9559,-1265.224,0,0,0,1
206.7269,160.6642,0,-1265.463,1.225743,1.225743,-0.448616,135.7747,0.25,-1316.935,56.84046,0,-0.956,0,-0.2935,160.6642,0,1,0,0,0.2935,0,-0.956,-1265.463,0,0,0,1
206.7386,160.5908,0,-1265.702,1.226516,1.226516,-0.448616,135.7747,0.25,-1316.935,56.59329,0,-0.956,0,-0.2934,160.5908,0,1,0,0,0.2934,0,-0.956,-1265.702,0,0,0,1
206.7493,160.5175,0,-1265.941,1.227303,1.227303,-0.448616,135.7747,0.25,-1316.935,56.34615,0,-0.956,0,-0.2933,160.5175,0,1,0,0,0.2933,0,-0.956,-1265.941,0,0,0,1
206.7631,160.3709,0,-1266.419,1.228802,1.228802,-0.448616,135.7747,0.25,-1316.935,55.85197,0,-0.9561,0,-0.2932,160.3709,0,1,0,0,0.2932,0,-0.9561,-1266.419,0,0,0,1
206.7727,160.2976,0,-1266.657,1.22956,1.22956,-0.448616,135.7747,0.25,-1316.935,55.60504,0,-0.9561,0,-0.2931,160.2976,0,1,0,0,0.2931,0,-0.9561,-1266.657,0,0,0,1
206.7821,160.2243,0,-1266.897,1.230208,1.230208,-0.448616,135.7747,0.25,-1316.935,55.35793,0,-0.9561,0,-0.293,160.2243,0,1,0,0,0.293,0,-0.9561,-1266.897,0,0,0,1
206.793,160.1511,0,-1267.136,1.230907,1.230907,-0.448616,135.7747,0.25,-1316.935,55.11095,0,-0.9561,0,-0.2929,160.1511,0,1,0,0,0.2929,0,-0.9561,-1267.136,0,0,0,1
206.8085,160.0779,0,-1267.375,1.231541,1.231541,-0.452278,135.7747,0.25,-1316.935,54.86403,0,-0.9562,0,-0.2929,160.0779,0,1,0,0,0.2929,0,-0.9562,-1267.375,0,0,0,1
206.82,159.9315,0,-1267.853,1.232801,1.232801,-0.47425,135.7747,0.25,-1316.935,54.37028,0,-0.9562,0,-0.2927,159.9315,0,1,0,0,0.2927,0,-0.9562,-1267.853,0,0,0,1
206.8288,159.9315,0,-1267.853,1.232845,1.232845,-0.47425,135.7747,0.25,-1316.935,54.37038,0,-0.9562,0,-0.2927,159.9315,0,1,0,0,0.2927,0,-0.9562,-1267.853,0,0,0,1
206.8371,159.8584,0,-1268.092,1.233441,1.233441,-0.514534,135.7747,0.25,-1316.935,54.12345,0,-0.9562,0,-0.2926,159.8584,0,1,0,0,0.2926,0,-0.9562,-1268.092,0,0,0,1
206.8484,159.7852,0,-1268.331,1.234002,1.234002,-0.52552,135.7747,0.25,-1316.935,53.87667,0,-0.9563,0,-0.2925,159.7852,0,1,0,0,0.2925,0,-0.9563,-1268.331,0,0,0,1
206.8597,159.7121,0,-1268.57,1.234549,1.234549,-0.565803,135.7747,0.25,-1316.935,53.62993,0,-0.9563,0,-0.2924,159.7121,0,1,0,0,0.2924,0,-0.9563,-1268.57,0,0,0,1
206.8712,159.566,0,-1269.048,1.235561,1.235561,-0.613411,135.7747,0.25,-1316.935,53.13634,0,-0.9563,0,-0.2922,159.566,0,1,0,0,0.2922,0,-0.9563,-1269.048,0,0,0,1
206.8822,159.493,0,-1269.287,1.236005,1.236005,-0.642707,135.7747,0.25,-1316.935,52.88962,0,-0.9564,0,-0.2921,159.493,0,1,0,0,0.2921,0,-0.9564,-1269.287,0,0,0,1
206.8939,159.42,0,-1269.526,1.23642,1.23642,-0.693977,135.7747,0.25,-1316.935,52.64294,0,-0.9564,0,-0.292,159.42,0,1,0,0,0.292,0,-0.9564,-1269.526,0,0,0,1
206.9053,159.347,0,-1269.765,1.236806,1.236806,-0.778213,135.7747,0.25,-1316.935,52.39631,0,-0.9565,0,-0.2919,159.347,0,1,0,0,0.2919,0,-0.9565,-1269.765,0,0,0,1
206.9158,159.274,0,-1270.005,1.237142,1.237142,-0.82582,135.7747,0.25,-1316.935,52.14972,0.023529,-0.9565,0,-0.2917,159.274,0,1,0,0,0.2917,0,-0.9565,-1270.005,0,0,0,1
206.927,159.2011,0,-1270.244,1.237469,1.237469,-0.902724,135.7747,0.25,-1316.935,51.90318,0.039216,-0.9565,0,-0.2916,159.2011,0,1,0,0,0.2916,0,-0.9565,-1270.244,0,0,0,1
206.9391,159.1283,0,-1270.483,1.237767,1.237767,-0.975967,135.7747,0.25,-1316.935,51.65668,0.054902,-0.9566,0,-0.2914,159.1283,0,1,0,0,0.2914,0,-0.9566,-1270.483,0,0,0,1
206.9491,159.0555,0,-1270.722,1.238001,1.238001,-1.071181,135.7747,0.25,-1316.935,51.41037,0.070588,-0.9566,0,-0.2913,159.0555,0,1,0,0,0.2913,0,-0.9566,-1270.722,0,0,0,1
206.9604,158.9102,0,-1271.199,1.238343,1.238343,-1.144423,135.7747,0.25,-1316.935,50.9183,0.094118,-0.9568,0,-0.2909,158.9102,0,1,0,0,0.2909,0,-0.9568,-1271.199,0,0,0,1
206.9726,158.8377,0,-1271.438,1.238416,1.238416,-1.283591,135.7747,0.25,-1316.935,50.67255,0.117647,-0.9568,0,-0.2907,158.8377,0,1,0,0,0.2907,0,-0.9568,-1271.438,0,0,0,1
206.9822,158.7653,0,-1271.677,1.238495,1.238495,-1.356833,135.7747,0.25,-1316.935,50.42711,0.141177,-0.9569,0,-0.2904,158.7653,0,1,0,0,0.2904,0,-0.9569,-1271.677,0,0,0,1
206.9941,158.6931,0,-1271.915,1.238481,1.238481,-1.433737,135.7747,0.25,-1316.935,50.18198,0.164706,-0.957,0,-0.2902,158.6931,0,1,0,0,0.2902,0,-0.957,-1271.915,0,0,0,1
207.0048,158.621,0,-1272.153,1.238364,1.238364,-1.547263,135.7747,0.25,-1316.935,49.93719,0.196078,-0.957,0,-0.2899,158.621,0,1,0,0,0.2899,0,-0.957,-1272.153,0,0,0,1
207.0158,158.5491,0,-1272.39,1.238189,1.238189,-1.649809,135.7747,0.25,-1316.935,49.69285,0.219608,-0.9571,0,-0.2897,158.5491,0,1,0,0,0.2897,0,-0.9571,-1272.39,0,0,0,1
207.027,158.4775,0,-1272.627,1.237905,1.237905,-1.766996,135.7747,0.25,-1316.935,49.44896,0.25098,-0.9572,0,-0.2894,158.4775,0,1,0,0,0.2894,0,-0.9572,-1272.627,0,0,0,1
207.0379,158.406,0,-1272.864,1.237563,1.237563,-1.862211,135.7747,0.25,-1316.935,49.20564,0.266667,-0.9573,0,-0.2891,158.406,0,1,0,0,0.2891,0,-0.9573,-1272.864,0,0,0,1
207.0492,158.3348,0,-1273.1,1.237148,1.237148,-1.96475,135.7747,0.25,-1316.935,48.9629,0.27451,-0.9574,0,-0.2887,158.3348,0,1,0,0,0.2887,0,-0.9574,-1273.1,0,0,0,1
207.0606,158.193,0,-1273.571,1.236005,1.236005,-2.059965,135.7747,0.25,-1316.935,48.47919,0.282353,-0.9576,0,-0.288,158.193,0,1,0,0,0.288,0,-0.9576,-1273.571,0,0,0,1
207.0717,158.1225,0,-1273.806,1.235327,1.235327,-2.202795,135.7747,0.25,-1316.935,48.23821,0.282353,-0.9577,0,-0.2877,158.1225,0,1,0,0,0.2877,0,-0.9577,-1273.806,0,0,0,1
207.0833,158.0523,0,-1274.04,1.234555,1.234555,-2.272375,135.7747,0.25,-1316.935,47.99794,0.282353,-0.9578,0,-0.2873,158.0523,0,1,0,0,0.2873,0,-0.9578,-1274.04,0,0,0,1
207.0938,157.9823,0,-1274.274,1.233681,1.233681,-2.349279,135.7747,0.25,-1316.935,47.75826,0.290196,-0.958,0,-0.2869,157.9823,0,1,0,0,0.2869,0,-0.958,-1274.274,0,0,0,1
207.1046,157.9126,0,-1274.507,1.232684,1.232684,-2.440832,135.7747,0.25,-1316.935,47.51917,0.290196,-0.9581,0,-0.2865,157.9126,0,1,0,0,0.2865,0,-0.9581,-1274.507,0,0,0,1
207.1157,157.8432,0,-1274.74,1.231591,1.231591,-2.510412,135.7747,0.25,-1316.935,47.2807,0.290196,-0.9582,0,-0.2861,157.8432,0,1,0,0,0.2861,0,-0.9582,-1274.74,0,0,0,1
207.1268,157.774,0,-1274.972,1.23039,1.23039,-2.583661,135.7747,0.25,-1316.935,47.04293,0.298039,-0.9583,0,-0.2856,157.774,0,1,0,0,0.2856,0,-0.9583,-1274.972,0,0,0,1
207.1425,157.6365,0,-1275.434,1.227659,1.227659,-2.656903,135.7747,0.25,-1316.935,46.56932,0.298039,-0.9586,0,-0.2847,157.6365,0,1,0,0,0.2847,0,-0.9586,-1275.434,0,0,0,1
207.153,157.5681,0,-1275.665,1.226166,1.226166,-2.726483,135.7747,0.25,-1316.935,46.33348,0.298039,-0.9587,0,-0.2843,157.5681,0,1,0,0,0.2843,0,-0.9587,-1275.665,0,0,0,1
207.1614,157.5001,0,-1275.895,1.22452,1.22452,-2.774091,135.7747,0.25,-1316.935,46.09824,0.305882,-0.9589,0,-0.2838,157.5001,0,1,0,0,0.2838,0,-0.9589,-1275.895,0,0,0,1
207.1711,157.4323,0,-1276.124,1.222772,1.222772,-2.818036,135.7747,0.25,-1316.935,45.86374,0.305882,-0.959,0,-0.2834,157.4323,0,1,0,0,0.2834,0,-0.959,-1276.124,0,0,0,1
207.1822,157.3648,0,-1276.353,1.220872,1.220872,-2.865644,135.7747,0.25,-1316.935,45.62984,0.305882,-0.9592,0,-0.2829,157.3648,0,1,0,0,0.2829,0,-0.9592,-1276.353,0,0,0,1
207.1939,157.2976,0,-1276.581,1.218884,1.218884,-2.916913,135.7747,0.25,-1316.935,45.39667,0.313726,-0.9593,0,-0.2824,157.2976,0,1,0,0,0.2824,0,-0.9593,-1276.581,0,0,0,1
207.2049,157.2307,0,-1276.809,1.21678,1.21678,-2.949872,135.7747,0.25,-1316.935,45.16424,0.313726,-0.9594,0,-0.2819,157.2307,0,1,0,0,0.2819,0,-0.9594,-1276.809,0,0,0,1
207.2165,157.1641,0,-1277.036,1.214573,1.214573,-2.993817,135.7747,0.25,-1316.935,44.93241,0.321569,-0.9596,0,-0.2814,157.1641,0,1,0,0,0.2814,0,-0.9596,-1277.036,0,0,0,1
207.2274,157.0978,0,-1277.262,1.212249,1.212249,-3.034101,135.7747,0.25,-1316.935,44.70132,0.329412,-0.9597,0,-0.2809,157.0978,0,1,0,0,0.2809,0,-0.9597,-1277.262,0,0,0,1
207.2393,157.0318,0,-1277.488,1.209788,1.209788,-3.067067,135.7747,0.25,-1316.935,44.47097,0.329412,-0.9599,0,-0.2804,157.0318,0,1,0,0,0.2804,0,-0.9599,-1277.488,0,0,0,1
207.2501,156.9008,0,-1277.938,1.204523,1.204523,-3.085377,135.7747,0.25,-1316.935,44.01247,0.337255,-0.9602,0,-0.2793,156.9008,0,1,0,0,0.2793,0,-0.9602,-1277.938,0,0,0,1
207.2612,156.8357,0,-1278.163,1.201705,1.201705,-3.111012,135.7747,0.25,-1316.935,43.78432,0.345098,-0.9603,0,-0.2788,156.8357,0,1,0,0,0.2788,0,-0.9603,-1278.163,0,0,0,1
207.2722,156.7709,0,-1278.386,1.198806,1.198806,-3.136647,135.7747,0.25,-1316.935,43.55692,0.345098,-0.9605,0,-0.2783,156.7709,0,1,0,0,0.2783,0,-0.9605,-1278.386,0,0,0,1
207.2833,156.7065,0,-1278.609,1.195734,1.195734,-3.158619,135.7747,0.25,-1316.935,43.33025,0.352941,-0.9607,0,-0.2778,156.7065,0,1,0,0,0.2778,0,-0.9607,-1278.609,0,0,0,1
207.2949,156.6423,0,-1278.831,1.19258,1.19258,-3.180592,135.7747,0.25,-1316.935,43.10434,0.352941,-0.9608,0,-0.2772,156.6423,0,1,0,0,0.2772,0,-0.9608,-1278.831,0,0,0,1
207.306,156.5785,0,-1279.053,1.189303,1.189303,-3.206227,135.7747,0.25,-1316.935,42.87928,0.352941,-0.961,0,-0.2767,156.5785,0,1,0,0,0.2767,0,-0.961,-1279.053,0,0,0,1
207.3167,156.515,0,-1279.274,1.185909,1.185909,-3.209889,135.7747,0.25,-1316.935,42.65496,0.352941,-0.9611,0,-0.2762,156.515,0,1,0,0,0.2762,0,-0.9611,-1279.274,0,0,0,1
207.3278,156.4519,0,-1279.494,1.182363,1.182363,-3.213551,135.7747,0.25,-1316.935,42.4314,0.352941,-0.9613,0,-0.2756,156.4519,0,1,0,0,0.2756,0,-0.9613,-1279.494,0,0,0,1
207.339,156.389,0,-1279.714,1.178736,1.178736,-3.213551,135.7747,0.25,-1316.935,42.20858,0.352941,-0.9614,0,-0.2751,156.389,0,1,0,0,0.2751,0,-0.9614,-1279.714,0,0,0,1
207.3498,156.3265,0,-1279.933,1.174986,1.174986,-3.213551,135.7747,0.25,-1316.935,41.98662,0.352941,-0.9616,0,-0.2745,156.3265,0,1,0,0,0.2745,0,-0.9616,-1279.933,0,0,0,1
207.3613,156.2023,0,-1280.369,1.167114,1.167114,-3.213551,135.7747,0.25,-1316.935,41.54494,0.352941,-0.9619,0,-0.2735,156.2023,0,1,0,0,0.2735,0,-0.9619,-1280.369,0,0,0,1
207.3723,156.1408,0,-1280.586,1.162978,1.162978,-3.213551,135.7747,0.25,-1316.935,41.32524,0.352941,-0.962,0,-0.2729,156.1408,0,1,0,0,0.2729,0,-0.962,-1280.586,0,0,0,1
207.3832,156.0795,0,-1280.803,1.158769,1.158769,-3.213551,135.7747,0.25,-1316.935,41.10638,0.352941,-0.9622,0,-0.2724,156.0795,0,1,0,0,0.2724,0,-0.9622,-1280.803,0,0,0,1
207.3944,156.0185,0,-1281.018,1.154486,1.154486,-3.213551,135.7747,0.25,-1316.935,40.88839,0.352941,-0.9623,0,-0.2718,156.0185,0,1,0,0,0.2718,0,-0.9623,-1281.018,0,0,0,1
207.4055,155.9579,0,-1281.234,1.149993,1.149993,-3.213551,135.7747,0.25,-1316.935,40.67093,0.352941,-0.9625,0,-0.2713,155.9579,0,1,0,0,0.2713,0,-0.9625,-1281.234,0,0,0,1
207.4167,155.8975,0,-1281.448,1.145442,1.145442,-3.213551,135.7747,0.25,-1316.935,40.45444,0.352941,-0.9626,0,-0.2708,155.8975,0,1,0,0,0.2708,0,-0.9626,-1281.448,0,0,0,1
207.4275,155.8375,0,-1281.662,1.140789,1.140789,-3.213551,135.7747,0.25,-1316.935,40.23871,0.352941,-0.9628,0,-0.2702,155.8375,0,1,0,0,0.2702,0,-0.9628,-1281.662,0,0,0,1
207.4388,155.7778,0,-1281.875,1.136033,1.136033,-3.213551,135.7747,0.25,-1316.935,40.02372,0.352941,-0.963,0,-0.2697,155.7778,0,1,0,0,0.2697,0,-0.963,-1281.875,0,0,0,1
207.4498,155.7184,0,-1282.088,1.131154,1.131154,-3.213551,135.7747,0.25,-1316.935,39.8096,0.352941,-0.9631,0,-0.2691,155.7184,0,1,0,0,0.2691,0,-0.9631,-1282.088,0,0,0,1
207.4617,155.6005,0,-1282.511,1.121075,1.121075,-3.213551,135.7747,0.25,-1316.935,39.38363,0.352941,-0.9634,0,-0.2681,155.6005,0,1,0,0,0.2681,0,-0.9634,-1282.511,0,0,0,1
207.4774,155.542,0,-1282.722,1.115875,1.115875,-3.213551,135.7747,0.25,-1316.935,39.17177,0.352941,-0.9636,0,-0.2675,155.542,0,1,0,0,0.2675,0,-0.9636,-1282.722,0,0,0,1
207.4886,155.4838,0,-1282.932,1.110567,1.110567,-3.206227,135.7747,0.25,-1316.935,38.96077,0.352941,-0.9637,0,-0.267,155.4838,0,1,0,0,0.267,0,-0.9637,-1282.932,0,0,0,1
207.4975,155.4259,0,-1283.141,1.105206,1.105206,-3.184254,135.7747,0.25,-1316.935,38.75053,0.352941,-0.9639,0,-0.2664,155.4259,0,1,0,0,0.2664,0,-0.9639,-1283.141,0,0,0,1
207.5046,155.3684,0,-1283.35,1.099614,1.099614,-3.165944,135.7747,0.25,-1316.935,38.54095,0.352941,-0.964,0,-0.2659,155.3684,0,1,0,0,0.2659,0,-0.964,-1283.35,0,0,0,1
207.5144,155.3111,0,-1283.558,1.094043,1.094043,-3.143971,135.7747,0.25,-1316.935,38.33245,0.352941,-0.9641,0,-0.2654,155.3111,0,1,0,0,0.2654,0,-0.9641,-1283.558,0,0,0,1
207.5259,155.2542,0,-1283.765,1.088334,1.088334,-3.111012,135.7747,0.25,-1316.935,38.12459,0.352941,-0.9643,0,-0.2649,155.2542,0,1,0,0,0.2649,0,-0.9643,-1283.765,0,0,0,1
207.5366,155.1975,0,-1283.972,1.082558,1.082558,-3.081715,135.7747,0.25,-1316.935,37.91749,0.352941,-0.9644,0,-0.2643,155.1975,0,1,0,0,0.2643,0,-0.9644,-1283.972,0,0,0,1
207.5487,155.1411,0,-1284.178,1.07666,1.07666,-3.041425,135.7747,0.25,-1316.935,37.71126,0.352941,-0.9646,0,-0.2638,155.1411,0,1,0,0,0.2638,0,-0.9646,-1284.178,0,0,0,1
207.5589,155.085,0,-1284.383,1.070652,1.070652,-2.993817,135.7747,0.25,-1316.935,37.50578,0.352941,-0.9647,0,-0.2633,155.085,0,1,0,0,0.2633,0,-0.9647,-1284.383,0,0,0,1
207.57,154.9738,0,-1284.792,1.058396,1.058396,-2.920575,135.7747,0.25,-1316.935,37.09721,0.352941,-0.965,0,-0.2623,154.9738,0,1,0,0,0.2623,0,-0.965,-1284.792,0,0,0,1
207.5811,154.9185,0,-1284.996,1.052155,1.052155,-2.869306,135.7747,0.25,-1316.935,36.8941,0.352941,-0.9651,0,-0.2619,154.9185,0,1,0,0,0.2619,0,-0.9651,-1284.996,0,0,0,1
207.5921,154.8636,0,-1285.199,1.045812,1.045812,-2.792401,135.7747,0.25,-1316.935,36.69176,0.352941,-0.9652,0,-0.2614,154.8636,0,1,0,0,0.2614,0,-0.9652,-1285.199,0,0,0,1
207.6034,154.809,0,-1285.401,1.039411,1.039411,-2.682538,135.7747,0.25,-1316.935,36.49028,0.352941,-0.9654,0,-0.2609,154.809,0,1,0,0,0.2609,0,-0.9654,-1285.401,0,0,0,1
207.6145,154.7546,0,-1285.602,1.032966,1.032966,-2.587323,135.7747,0.25,-1316.935,36.28966,0.352941,-0.9655,0,-0.2605,154.7546,0,1,0,0,0.2605,0,-0.9655,-1285.602,0,0,0,1
207.6255,154.7005,0,-1285.803,1.026418,1.026418,-2.462804,135.7747,0.25,-1316.935,36.08968,0.352941,-0.9656,0,-0.2601,154.7005,0,1,0,0,0.2601,0,-0.9656,-1285.803,0,0,0,1
207.6375,154.6467,0,-1286.003,1.019791,1.019791,-2.327306,135.7747,0.25,-1316.935,35.89056,0.352941,-0.9657,0,-0.2597,154.6467,0,1,0,0,0.2597,0,-0.9657,-1286.003,0,0,0,1
207.6476,154.5931,0,-1286.203,1.013106,1.013106,-2.180822,135.7747,0.25,-1316.935,35.6922,0.352941,-0.9658,0,-0.2593,154.5931,0,1,0,0,0.2593,0,-0.9658,-1286.203,0,0,0,1
207.6587,154.5398,0,-1286.402,1.006392,1.006392,-2.059965,135.7747,0.25,-1316.935,35.49467,0.352941,-0.9659,0,-0.259,154.5398,0,1,0,0,0.259,0,-0.9659,-1286.402,0,0,0,1
207.6698,154.4867,0,-1286.6,0.999619,0.999619,-1.939116,135.7747,0.25,-1316.935,35.2979,0.352941,-0.966,0,-0.2586,154.4867,0,1,0,0,0.2586,0,-0.966,-1286.6,0,0,0,1
207.6812,154.3813,0,-1286.995,0.985986,0.985986,-1.792631,135.7747,0.25,-1316.935,34.90681,0.352941,-0.9661,0,-0.258,154.3813,0,1,0,0,0.258,0,-0.9661,-1286.995,0,0,0,1
207.6919,154.3289,0,-1287.191,0.979105,0.979105,-1.671782,135.7747,0.25,-1316.935,34.71247,0.352941,-0.9662,0,-0.2578,154.3289,0,1,0,0,0.2578,0,-0.9662,-1287.191,0,0,0,1
207.7031,154.2768,0,-1287.386,0.972201,0.972201,-1.528952,135.7747,0.25,-1316.935,34.51889,0.352941,-0.9663,0,-0.2575,154.2768,0,1,0,0,0.2575,0,-0.9663,-1287.386,0,0,0,1
207.7144,154.2249,0,-1287.581,0.965262,0.965262,-1.411765,135.7747,0.25,-1316.935,34.32615,0.352941,-0.9663,0,-0.2573,154.2249,0,1,0,0,0.2573,0,-0.9663,-1287.581,0,0,0,1
207.7254,154.1733,0,-1287.775,0.958314,0.958314,-1.26528,135.7747,0.25,-1316.935,34.13414,0.352941,-0.9664,0,-0.257,154.1733,0,1,0,0,0.257,0,-0.9664,-1287.775,0,0,0,1
207.7365,154.1219,0,-1287.969,0.951345,0.951345,-1.118789,135.7747,0.25,-1316.935,33.94298,0.352941,-0.9664,0,-0.2569,154.1219,0,1,0,0,0.2569,0,-0.9664,-1287.969,0,0,0,1
207.7476,154.0706,0,-1288.162,0.944368,0.944368,-1.027236,135.7747,0.25,-1316.935,33.75255,0.352941,-0.9665,0,-0.2567,154.0706,0,1,0,0,0.2567,0,-0.9665,-1288.162,0,0,0,1
207.7587,154.0196,0,-1288.354,0.937384,0.937384,-0.921035,135.7747,0.25,-1316.935,33.56296,0.352941,-0.9665,0,-0.2565,154.0196,0,1,0,0,0.2565,0,-0.9665,-1288.354,0,0,0,1
207.7699,153.9688,0,-1288.545,0.930372,0.930372,-0.785537,135.7747,0.25,-1316.935,33.3741,0.352941,-0.9666,0,-0.2564,153.9688,0,1,0,0,0.2564,0,-0.9666,-1288.545,0,0,0,1
207.781,153.8678,0,-1288.926,0.916367,0.916367,-0.66468,135.7747,0.25,-1316.935,32.99869,0.352941,-0.9666,0,-0.2562,153.8678,0,1,0,0,0.2562,0,-0.9666,-1288.926,0,0,0,1
207.792,153.8176,0,-1289.116,0.909413,0.909413,-0.562141,135.7747,0.25,-1316.935,32.81233,0.352941,-0.9667,0,-0.2561,153.8176,0,1,0,0,0.2561,0,-0.9667,-1289.116,0,0,0,1
207.807,153.7676,0,-1289.305,0.902451,0.902451,-0.379036,135.7747,0.25,-1316.935,32.62661,0.352941,-0.9667,0,-0.256,153.7676,0,1,0,0,0.256,0,-0.9667,-1289.305,0,0,0,1
207.817,153.7178,0,-1289.493,0.895497,0.895497,-0.276496,135.7747,0.25,-1316.935,32.44171,0.352941,-0.9667,0,-0.256,153.7178,0,1,0,0,0.256,0,-0.9667,-1289.493,0,0,0,1
207.8252,153.6682,0,-1289.68,0.888549,0.888549,-0.162964,135.7747,0.25,-1316.935,32.25754,0.352941,-0.9667,0,-0.2559,153.6682,0,1,0,0,0.2559,0,-0.9667,-1289.68,0,0,0,1
207.8365,153.6187,0,-1289.867,0.881609,0.881609,-0.08606,135.7747,0.25,-1316.935,32.0742,0.352941,-0.9667,0,-0.2559,153.6187,0,1,0,0,0.2559,0,-0.9667,-1289.867,0,0,0,1
207.8477,153.5695,0,-1290.053,0.874749,0.874749,0.064087,135.7747,0.25,-1316.935,31.89169,0.352941,-0.9667,0,-0.2559,153.5695,0,1,0,0,0.2559,0,-0.9667,-1290.053,0,0,0,1
207.8587,153.5204,0,-1290.238,0.867868,0.867868,0.199585,135.7747,0.25,-1316.935,31.7099,0.352941,-0.9667,0,-0.256,153.5204,0,1,0,0,0.256,0,-0.9667,-1290.238,0,0,0,1
207.8703,153.4227,0,-1290.607,0.854293,0.854293,0.305786,135.7747,0.25,-1316.935,31.34878,0.352941,-0.9667,0,-0.2561,153.4227,0,1,0,0,0.2561,0,-0.9667,-1290.607,0,0,0,1
207.8814,153.3741,0,-1290.791,0.84752,0.84752,0.448608,135.7747,0.25,-1316.935,31.16926,0.352941,-0.9666,0,-0.2562,153.3741,0,1,0,0,0.2562,0,-0.9666,-1290.791,0,0,0,1
207.8928,153.3257,0,-1290.973,0.840821,0.840821,0.584121,135.7747,0.25,-1316.935,30.99065,0.352941,-0.9666,0,-0.2562,153.3257,0,1,0,0,0.2562,0,-0.9666,-1290.973,0,0,0,1
207.9041,153.2775,0,-1291.155,0.83415,0.83415,0.803847,135.7747,0.25,-1316.935,30.81277,0.352941,-0.9666,0,-0.2564,153.2775,0,1,0,0,0.2564,0,-0.9666,-1291.155,0,0,0,1
207.9161,153.2293,0,-1291.336,0.827588,0.827588,0.921035,135.7747,0.25,-1316.935,30.6357,0.352941,-0.9665,0,-0.2565,153.2293,0,1,0,0,0.2565,0,-0.9665,-1291.336,0,0,0,1
207.9266,153.1814,0,-1291.517,0.821049,0.821049,1.096816,135.7747,0.25,-1316.935,30.45943,0.352941,-0.9665,0,-0.2567,153.1814,0,1,0,0,0.2567,0,-0.9665,-1291.517,0,0,0,1
207.938,153.1335,0,-1291.697,0.81451,0.81451,1.254287,135.7747,0.25,-1316.935,30.28379,0.352941,-0.9664,0,-0.2569,153.1335,0,1,0,0,0.2569,0,-0.9664,-1291.697,0,0,0,1
207.9494,153.0859,0,-1291.876,0.808152,0.808152,1.430082,135.7747,0.25,-1316.935,30.10915,0.352941,-0.9664,0,-0.2572,153.0859,0,1,0,0,0.2572,0,-0.9664,-1291.876,0,0,0,1
207.9616,152.9909,0,-1292.232,0.795583,0.795583,1.56558,135.7747,0.25,-1316.935,29.76199,0.352941,-0.9662,0,-0.2577,152.9909,0,1,0,0,0.2577,0,-0.9662,-1292.232,0,0,0,1
207.9727,152.9436,0,-1292.41,0.789436,0.789436,1.80728,135.7747,0.25,-1316.935,29.58956,0.352941,-0.9661,0,-0.258,152.9436,0,1,0,0,0.258,0,-0.9661,-1292.41,0,0,0,1
207.9831,152.8964,0,-1292.586,0.783341,0.783341,1.884184,135.7747,0.25,-1316.935,29.41794,0.352941,-0.9661,0,-0.2583,152.8964,0,1,0,0,0.2583,0,-0.9661,-1292.586,0,0,0,1
207.9948,152.8493,0,-1292.762,0.777384,0.777384,2.005033,135.7747,0.25,-1316.935,29.24712,0.352941,-0.966,0,-0.2587,152.8493,0,1,0,0,0.2587,0,-0.966,-1292.762,0,0,0,1
208.0058,152.8024,0,-1292.937,0.771471,0.771471,2.144194,135.7747,0.25,-1316.935,29.077,0.352941,-0.9659,0,-0.259,152.8024,0,1,0,0,0.259,0,-0.9659,-1292.937,0,0,0,1
208.017,152.7556,0,-1293.111,0.76566,0.76566,2.272367,135.7747,0.25,-1316.935,28.90767,0.352941,-0.9658,0,-0.2594,152.7556,0,1,0,0,0.2594,0,-0.9658,-1293.111,0,0,0,1
208.0281,152.7089,0,-1293.285,0.759972,0.759972,2.385907,135.7747,0.25,-1316.935,28.73915,0.352941,-0.9657,0,-0.2598,152.7089,0,1,0,0,0.2598,0,-0.9657,-1293.285,0,0,0,1
208.0392,152.6623,0,-1293.457,0.75435,0.75435,2.510419,135.7747,0.25,-1316.935,28.57143,0.352941,-0.9655,0,-0.2602,152.6623,0,1,0,0,0.2602,0,-0.9655,-1293.457,0,0,0,1
208.0502,152.5694,0,-1293.801,0.741348,0.741348,2.605634,135.7747,0.25,-1316.935,28.23816,0.352941,-0.9653,0,-0.2611,152.5694,0,1,0,0,0.2611,0,-0.9653,-1293.801,0,0,0,1
208.0617,152.5231,0,-1293.972,0.73456,0.73456,2.719159,135.7747,0.25,-1316.935,28.07271,0.352941,-0.9652,0,-0.2616,152.5231,0,1,0,0,0.2616,0,-0.9652,-1293.972,0,0,0,1
208.0727,152.4769,0,-1294.142,0.727904,0.727904,2.840009,135.7747,0.25,-1316.935,27.90806,0.352941,-0.9651,0,-0.2621,152.4769,0,1,0,0,0.2621,0,-0.9651,-1294.142,0,0,0,1
208.0836,152.4308,0,-1294.311,0.721328,0.721328,2.913251,135.7747,0.25,-1316.935,27.74409,0.352941,-0.9649,0,-0.2625,152.4308,0,1,0,0,0.2625,0,-0.9649,-1294.311,0,0,0,1
208.0948,152.3848,0,-1294.48,0.714849,0.714849,3.034101,135.7747,0.25,-1316.935,27.58092,0.352941,-0.9648,0,-0.2631,152.3848,0,1,0,0,0.2631,0,-0.9648,-1294.48,0,0,0,1
208.1057,152.3389,0,-1294.648,0.706303,0.706303,3.13664,135.7747,0.25,-1316.935,27.41854,0.352941,-0.9646,0,-0.2636,152.3389,0,1,0,0,0.2636,0,-0.9646,-1294.648,0,0,0,1
208.117,152.2931,0,-1294.815,0.697164,0.697164,3.2758,135.7747,0.25,-1316.935,27.25694,0.352941,-0.9645,0,-0.2641,152.2931,0,1,0,0,0.2641,0,-0.9645,-1294.815,0,0,0,1
208.1278,152.2474,0,-1294.982,0.688145,0.688145,3.403988,135.7747,0.25,-1316.935,27.09604,0.352941,-0.9643,0,-0.2647,152.2474,0,1,0,0,0.2647,0,-0.9643,-1294.982,0,0,0,1
208.1424,152.1562,0,-1295.313,0.670522,0.670522,3.631039,135.7747,0.25,-1316.935,26.77657,0.352941,-0.964,0,-0.2659,152.1562,0,1,0,0,0.2659,0,-0.964,-1295.313,0,0,0,1
208.1522,152.1107,0,-1295.477,0.66192,0.66192,3.799496,135.7747,0.25,-1316.935,26.61799,0.337255,-0.9638,0,-0.2666,152.1107,0,1,0,0,0.2666,0,-0.9638,-1295.477,0,0,0,1
208.1614,152.0653,0,-1295.641,0.650587,0.650587,3.953304,135.7747,0.25,-1316.935,26.46011,0.337255,-0.9636,0,-0.2672,152.0653,0,1,0,0,0.2672,0,-0.9636,-1295.641,0,0,0,1
208.1713,152.0199,0,-1295.804,0.639505,0.639505,4.088802,135.7747,0.25,-1316.935,26.30308,0.337255,-0.9634,0,-0.2679,152.0199,0,1,0,0,0.2679,0,-0.9634,-1295.804,0,0,0,1
208.1826,151.9747,0,-1295.967,0.628573,0.628573,4.260936,135.7747,0.25,-1316.935,26.14674,0.337255,-0.9632,0,-0.2686,151.9747,0,1,0,0,0.2686,0,-0.9632,-1295.967,0,0,0,1
208.1946,151.9294,0,-1296.128,0.617739,0.617739,4.469676,135.7747,0.25,-1316.935,25.99106,0.329412,-0.963,0,-0.2694,151.9294,0,1,0,0,0.2694,0,-0.963,-1296.128,0,0,0,1
208.2047,151.8842,0,-1296.289,0.607155,0.607155,4.68574,135.7747,0.25,-1316.935,25.83614,0.329412,-0.9628,0,-0.2702,151.8842,0,1,0,0,0.2702,0,-0.9628,-1296.289,0,0,0,1
208.2158,151.8391,0,-1296.45,0.596324,0.596324,4.85786,135.7747,0.25,-1316.935,25.68188,0.329412,-0.9626,0,-0.271,151.8391,0,1,0,0,0.271,0,-0.9626,-1296.45,0,0,0,1
208.2278,151.794,0,-1296.609,0.583291,0.583291,5.077586,135.7747,0.25,-1316.935,25.52838,0.321569,-0.9623,0,-0.2718,151.794,0,1,0,0,0.2718,0,-0.9623,-1296.609,0,0,0,1
208.2384,151.7489,0,-1296.768,0.570466,0.570466,5.33761,135.7747,0.25,-1316.935,25.37552,0.321569,-0.9621,0,-0.2727,151.7489,0,1,0,0,0.2727,0,-0.9621,-1296.768,0,0,0,1
208.2491,151.7038,0,-1296.927,0.557838,0.557838,5.487757,135.7747,0.25,-1316.935,25.22341,0.313726,-0.9618,0,-0.2737,151.7038,0,1,0,0,0.2737,0,-0.9618,-1296.927,0,0,0,1
208.2604,151.6138,0,-1297.242,0.533168,0.533168,5.678186,135.7747,0.25,-1316.935,24.92113,0.305882,-0.9613,0,-0.2756,151.6138,0,1,0,0,0.2756,0,-0.9613,-1297.242,0,0,0,1
208.2714,151.5688,0,-1297.398,0.520906,0.520906,5.916224,135.7747,0.25,-1316.935,24.77096,0.305882,-0.961,0,-0.2766,151.5688,0,1,0,0,0.2766,0,-0.961,-1297.398,0,0,0,1
208.2824,151.5237,0,-1297.554,0.506399,0.506399,6.12864,135.7747,0.25,-1316.935,24.62151,0.290196,-0.9607,0,-0.2776,151.5237,0,1,0,0,0.2776,0,-0.9607,-1297.554,0,0,0,1
208.2939,151.4787,0,-1297.709,0.492131,0.492131,6.366677,135.7747,0.25,-1316.935,24.47269,0.282353,-0.9604,0,-0.2787,151.4787,0,1,0,0,0.2787,0,-0.9604,-1297.709,0,0,0,1
208.3052,151.4337,0,-1297.864,0.478073,0.478073,6.655984,135.7747,0.25,-1316.935,24.3245,0.27451,-0.9601,0,-0.2798,151.4337,0,1,0,0,0.2798,0,-0.9601,-1297.864,0,0,0,1
208.3163,151.3886,0,-1298.018,0.464226,0.464226,6.820779,135.7747,0.25,-1316.935,24.17683,0.266667,-0.9597,0,-0.2809,151.3886,0,1,0,0,0.2809,0,-0.9597,-1298.018,0,0,0,1
208.3269,151.3435,0,-1298.171,0.450648,0.450648,7.069817,135.7747,0.25,-1316.935,24.02976,0.258824,-0.9594,0,-0.2821,151.3435,0,1,0,0,0.2821,0,-0.9594,-1298.171,0,0,0,1
208.3383,151.2983,0,-1298.324,0.437266,0.437266,7.289543,135.7747,0.25,-1316.935,23.88321,0.243137,-0.959,0,-0.2833,151.2983,0,1,0,0,0.2833,0,-0.959,-1298.324,0,0,0,1
208.3491,151.2531,0,-1298.476,0.42182,0.42182,7.545891,135.7747,0.25,-1316.935,23.73725,0.219608,-0.9587,0,-0.2846,151.2531,0,1,0,0,0.2846,0,-0.9587,-1298.476,0,0,0,1
208.3603,151.1624,0,-1298.78,0.391052,0.391052,7.765617,135.7747,0.25,-1316.935,23.44678,0.203922,-0.9579,0,-0.2872,151.1624,0,1,0,0,0.2872,0,-0.9579,-1298.78,0,0,0,1
208.3714,151.1169,0,-1298.931,0.376045,0.376045,8.032966,135.7747,0.25,-1316.935,23.30219,0.172549,-0.9575,0,-0.2885,151.1169,0,1,0,0,0.2885,0,-0.9575,-1298.931,0,0,0,1
208.383,151.0713,0,-1299.081,0.361304,0.361304,8.24903,135.7747,0.25,-1316.935,23.15805,0.133333,-0.9571,0,-0.2899,151.0713,0,1,0,0,0.2899,0,-0.9571,-1299.081,0,0,0,1
208.3936,151.0255,0,-1299.231,0.346791,0.346791,8.50904,135.7747,0.25,-1316.935,23.01419,0.062745,-0.9566,0,-0.2913,151.0255,0,1,0,0,0.2913,0,-0.9566,-1299.231,0,0,0,1
208.4047,150.9796,0,-1299.381,0.331069,0.331069,8.791022,135.7747,0.25,-1316.935,22.87055,0.031373,-0.9562,0,-0.2928,150.9796,0,1,0,0,0.2928,0,-0.9562,-1299.381,0,0,0,1
208.4167,150.9333,0,-1299.532,0.314368,0.314368,8.963156,135.7747,0.25,-1316.935,22.72659,0,-0.9557,0,-0.2943,150.9333,0,1,0,0,0.2943,0,-0.9557,-1299.532,0,0,0,1
208.4276,150.8866,0,-1299.682,0.297909,0.297909,9.208517,135.7747,0.25,-1316.935,22.58237,0,-0.9552,0,-0.2958,150.8866,0,1,0,0,0.2958,0,-0.9552,-1299.682,0,0,0,1
208.4379,150.8396,0,-1299.833,0.281617,0.281617,9.446554,135.7747,0.25,-1316.935,22.43782,0,-0.9548,0,-0.2974,150.8396,0,1,0,0,0.2974,0,-0.9548,-1299.833,0,0,0,1
208.4493,150.7922,0,-1299.985,0.265566,0.265566,9.636984,135.7747,0.25,-1316.935,22.29303,0,-0.9543,0,-0.299,150.7922,0,1,0,0,0.299,0,-0.9543,-1299.985,0,0,0,1
208.4605,150.6963,0,-1300.288,0.233614,0.233614,9.827414,135.7747,0.25,-1316.935,22.00261,0,-0.9532,0,-0.3023,150.6963,0,1,0,0,0.3023,0,-0.9532,-1300.288,0,0,0,1
208.4753,150.6477,0,-1300.44,0.215535,0.215535,10.11307,135.7747,0.25,-1316.935,21.8569,0,-0.9527,0,-0.304,150.6477,0,1,0,0,0.304,0,-0.9527,-1300.44,0,0,0,1
208.4852,150.5988,0,-1300.593,0.197713,0.197713,10.28519,135.7747,0.25,-1316.935,21.71094,0,-0.9521,0,-0.3057,150.5988,0,1,0,0,0.3057,0,-0.9521,-1300.593,0,0,0,1
208.4941,150.5494,0,-1300.745,0.180225,0.180225,10.44632,135.7747,0.25,-1316.935,21.56473,0,-0.9516,0,-0.3074,150.5494,0,1,0,0,0.3074,0,-0.9516,-1300.745,0,0,0,1
208.5045,150.4997,0,-1300.898,0.162867,0.162867,10.59281,135.7747,0.25,-1316.935,21.41818,0,-0.951,0,-0.3092,150.4997,0,1,0,0,0.3092,0,-0.951,-1300.898,0,0,0,1
208.5159,150.4495,0,-1301.052,0.14583,0.14583,10.71366,135.7747,0.25,-1316.935,21.27138,0,-0.9504,0,-0.3109,150.4495,0,1,0,0,0.3109,0,-0.9504,-1301.052,0,0,0,1
208.5273,150.399,0,-1301.205,0.12908,0.12908,10.83452,135.7747,0.25,-1316.935,21.12434,0,-0.9498,0,-0.3127,150.399,0,1,0,0,0.3127,0,-0.9498,-1301.205,0,0,0,1
208.5382,150.348,0,-1301.359,0.109817,0.109817,10.9334,135.7747,0.25,-1316.935,20.97695,0,-0.9492,0,-0.3145,150.348,0,1,0,0,0.3145,0,-0.9492,-1301.359,0,0,0,1
208.5501,150.2447,0,-1301.668,0.072152,0.072152,10.99932,135.7747,0.25,-1316.935,20.68143,0,-0.948,0,-0.3182,150.2447,0,1,0,0,0.3182,0,-0.948,-1301.668,0,0,0,1
208.5607,150.1925,0,-1301.823,0.053693,0.053693,11.04692,135.7747,0.25,-1316.935,20.53322,0,-0.9474,0,-0.32,150.1925,0,1,0,0,0.32,0,-0.9474,-1301.823,0,0,0,1
208.572,150.1398,0,-1301.978,0.035469,0.035469,11.05425,135.7747,0.25,-1316.935,20.38476,0,-0.9468,0,-0.3218,150.1398,0,1,0,0,0.3218,0,-0.9468,-1301.978,0,0,0,1
208.5833,150.0867,0,-1302.133,0.017584,0.017584,11.05425,135.7747,0.25,-1316.935,20.23608,0,-0.9462,0,-0.3237,150.0867,0,1,0,0,0.3237,0,-0.9462,-1302.133,0,0,0,1
208.5946,150.0331,0,-1302.288,0.002374,-0.002374,11.05425,135.7747,0.25,-1316.935,20.08716,0,-0.9455,0,-0.3255,150.0331,0,1,0,0,0.3255,0,-0.9455,-1302.288,0,0,0,1
208.6059,149.9791,0,-1302.444,0.022506,-0.022506,11.05425,135.7747,0.25,-1316.935,19.93791,0,-0.9449,0,-0.3273,149.9791,0,1,0,0,0.3273,0,-0.9449,-1302.444,0,0,0,1
208.6176,149.9247,0,-1302.6,0.042419,-0.042419,11.05425,135.7747,0.25,-1316.935,19.78844,0,-0.9443,0,-0.3291,149.9247,0,1,0,0,0.3291,0,-0.9443,-1302.6,0,0,0,1
208.6279,149.8699,0,-1302.757,0.062045,-0.062045,11.05425,135.7747,0.25,-1316.935,19.63874,0,-0.9436,0,-0.331,149.8699,0,1,0,0,0.331,0,-0.9436,-1302.757,0,0,0,1
208.639,149.8146,0,-1302.913,0.081329,-0.081329,11.05425,135.7747,0.25,-1316.935,19.48882,0,-0.943,0,-0.3328,149.8146,0,1,0,0,0.3328,0,-0.943,-1302.913,0,0,0,1
208.65,149.7027,0,-1303.228,0.121387,-0.121387,11.05425,135.7747,0.25,-1316.935,19.18818,0,-0.9417,0,-0.3364,149.7027,0,1,0,0,0.3364,0,-0.9417,-1303.228,0,0,0,1
208.6611,149.6461,0,-1303.385,0.142653,-0.142653,11.05425,135.7747,0.25,-1316.935,19.03762,0,-0.9411,0,-0.3382,149.6461,0,1,0,0,0.3382,0,-0.9411,-1303.385,0,0,0,1
208.6723,149.5891,0,-1303.543,0.163741,-0.163741,11.05425,135.7747,0.25,-1316.935,18.88677,0,-0.9404,0,-0.34,149.5891,0,1,0,0,0.34,0,-0.9404,-1303.543,0,0,0,1
208.6838,149.5316,0,-1303.701,0.184485,-0.184485,11.05425,135.7747,0.25,-1316.935,18.73572,0,-0.9398,0,-0.3419,149.5316,0,1,0,0,0.3419,0,-0.9398,-1303.701,0,0,0,1
208.6947,149.4737,0,-1303.859,0.204998,-0.204998,11.05425,135.7747,0.25,-1316.935,18.58447,0,-0.9391,0,-0.3437,149.4737,0,1,0,0,0.3437,0,-0.9391,-1303.859,0,0,0,1
208.7056,149.4153,0,-1304.017,0.225303,-0.225303,11.07256,135.7747,0.25,-1316.935,18.43296,0,-0.9384,0,-0.3455,149.4153,0,1,0,0,0.3455,0,-0.9384,-1304.017,0,0,0,1
208.7167,149.3565,0,-1304.176,0.247381,-0.247381,11.07988,135.7747,0.25,-1316.935,18.28125,0,-0.9378,0,-0.3473,149.3565,0,1,0,0,0.3473,0,-0.9378,-1304.176,0,0,0,1
208.7281,149.2973,0,-1304.335,0.269855,-0.269855,11.12017,135.7747,0.25,-1316.935,18.12945,0,-0.9371,0,-0.3491,149.2973,0,1,0,0,0.3491,0,-0.9371,-1304.335,0,0,0,1
208.7395,149.2376,0,-1304.495,0.292178,-0.292178,11.19341,135.7747,0.25,-1316.935,17.9773,0,-0.9364,0,-0.3509,149.2376,0,1,0,0,0.3509,0,-0.9364,-1304.495,0,0,0,1
208.7502,149.1168,0,-1304.814,0.335918,-0.335918,11.24468,135.7747,0.25,-1316.935,17.67266,0,-0.935,0,-0.3546,149.1168,0,1,0,0,0.3546,0,-0.935,-1304.814,0,0,0,1
208.7612,149.0558,0,-1304.974,0.357249,-0.357249,11.3582,135.7747,0.25,-1316.935,17.52018,0,-0.9343,0,-0.3565,149.0558,0,1,0,0,0.3565,0,-0.9343,-1304.974,0,0,0,1
208.7724,148.9942,0,-1305.134,0.380714,-0.380714,11.50835,135.7747,0.25,-1316.935,17.36737,0,-0.9336,0,-0.3584,148.9942,0,1,0,0,0.3584,0,-0.9336,-1305.134,0,0,0,1
208.7834,148.9322,0,-1305.295,0.404352,-0.404352,11.72443,135.7747,0.25,-1316.935,17.21455,0,-0.9329,0,-0.3603,148.9322,0,1,0,0,0.3603,0,-0.9329,-1305.295,0,0,0,1
208.7952,148.8697,0,-1305.456,0.427822,-0.427822,11.93317,135.7747,0.25,-1316.935,17.06144,0,-0.9321,0,-0.3622,148.8697,0,1,0,0,0.3622,0,-0.9321,-1305.456,0,0,0,1
208.8096,148.8067,0,-1305.617,0.450935,-0.450935,12.30304,135.7747,0.25,-1316.935,16.90825,0,-0.9313,0,-0.3642,148.8067,0,1,0,0,0.3642,0,-0.9313,-1305.617,0,0,0,1
208.8199,148.7433,0,-1305.778,0.473731,-0.473731,12.61432,135.7747,0.25,-1316.935,16.75489,0,-0.9305,0,-0.3663,148.7433,0,1,0,0,0.3663,0,-0.9305,-1305.778,0,0,0,1
208.8278,148.6793,0,-1305.939,0.496176,-0.496176,12.88167,135.7747,0.25,-1316.935,16.60139,0,-0.9297,0,-0.3683,148.6793,0,1,0,0,0.3683,0,-0.9297,-1305.939,0,0,0,1
208.8387,148.6148,0,-1306.101,0.520914,-0.520914,13.11604,135.7747,0.25,-1316.935,16.44774,0,-0.9288,0,-0.3705,148.6148,0,1,0,0,0.3705,0,-0.9288,-1306.101,0,0,0,1
208.8498,148.5498,0,-1306.263,0.545686,-0.545686,13.40169,135.7747,0.25,-1316.935,16.29393,0,-0.928,0,-0.3726,148.5498,0,1,0,0,0.3726,0,-0.928,-1306.263,0,0,0,1
208.8611,148.4181,0,-1306.588,0.593978,-0.593978,13.74228,135.7747,0.25,-1316.935,15.98603,0,-0.9262,0,-0.3771,148.4181,0,1,0,0,0.3771,0,-0.9262,-1306.588,0,0,0,1
208.8722,148.3514,0,-1306.75,0.617598,-0.617598,14.07553,135.7747,0.25,-1316.935,15.83186,0,-0.9252,0,-0.3794,148.3514,0,1,0,0,0.3794,0,-0.9252,-1306.75,0,0,0,1
208.8831,148.2842,0,-1306.913,0.641072,-0.641072,14.35751,135.7747,0.25,-1316.935,15.67757,0,-0.9243,0,-0.3817,148.2842,0,1,0,0,0.3817,0,-0.9243,-1306.913,0,0,0,1
208.8943,148.2164,0,-1307.076,0.666889,-0.666889,14.61021,135.7747,0.25,-1316.935,15.52321,0,-0.9233,0,-0.384,148.2164,0,1,0,0,0.384,0,-0.9233,-1307.076,0,0,0,1
208.9062,148.148,0,-1307.239,0.692302,-0.692302,15.05699,135.7747,0.25,-1316.935,15.36872,0,-0.9223,0,-0.3865,148.148,0,1,0,0,0.3865,0,-0.9223,-1307.239,0,0,0,1
208.9169,148.0791,0,-1307.402,0.717255,-0.717255,15.27672,135.7747,0.25,-1316.935,15.21418,0,-0.9213,0,-0.3889,148.0791,0,1,0,0,0.3889,0,-0.9213,-1307.402,0,0,0,1
208.9277,148.0095,0,-1307.566,0.741852,-0.741852,15.55871,135.7747,0.25,-1316.935,15.05952,0,-0.9202,0,-0.3914,148.0095,0,1,0,0,0.3914,0,-0.9202,-1307.566,0,0,0,1
208.9387,147.9393,0,-1307.73,0.765989,-0.765989,15.86999,135.7747,0.25,-1316.935,14.90481,0,-0.9191,0,-0.394,147.9393,0,1,0,0,0.394,0,-0.9191,-1307.73,0,0,0,1
208.95,147.8685,0,-1307.894,0.790667,-0.790667,16.12268,135.7747,0.25,-1316.935,14.74999,0,-0.918,0,-0.3966,147.8685,0,1,0,0,0.3966,0,-0.918,-1307.894,0,0,0,1
208.9612,147.7251,0,-1308.222,0.842744,-0.842744,16.43031,135.7747,0.25,-1316.935,14.44023,0,-0.9157,0,-0.4018,147.7251,0,1,0,0,0.4018,0,-0.9157,-1308.222,0,0,0,1
208.9721,147.6524,0,-1308.386,0.868002,-0.868002,16.80751,135.7747,0.25,-1316.935,14.28533,0,-0.9145,0,-0.4045,147.6524,0,1,0,0,0.4045,0,-0.9145,-1308.386,0,0,0,1
208.9831,147.579,0,-1308.551,0.892877,-0.892877,17.00526,135.7747,0.25,-1316.935,14.13033,0,-0.9133,0,-0.4072,147.579,0,1,0,0,0.4072,0,-0.9133,-1308.551,0,0,0,1
208.9945,147.505,0,-1308.715,0.917264,-0.917264,17.26893,135.7747,0.25,-1316.935,13.97532,0,-0.9121,0,-0.41,147.505,0,1,0,0,0.41,0,-0.9121,-1308.715,0,0,0,1
209.0054,147.4303,0,-1308.88,0.943011,-0.943011,17.60586,135.7747,0.25,-1316.935,13.82031,0,-0.9108,0,-0.4128,147.4303,0,1,0,0,0.4128,0,-0.9108,-1308.88,0,0,0,1
209.0165,147.355,0,-1309.045,0.969453,-0.969453,17.9208,135.7747,0.25,-1316.935,13.66531,0,-0.9095,0,-0.4156,147.355,0,1,0,0,0.4156,0,-0.9095,-1309.045,0,0,0,1
209.0278,147.2789,0,-1309.21,0.995341,-0.995341,18.31633,135.7747,0.25,-1316.935,13.51031,0,-0.9082,0,-0.4185,147.2789,0,1,0,0,0.4185,0,-0.9082,-1309.21,0,0,0,1
209.0387,147.2022,0,-1309.375,1.020715,-1.020715,18.75212,135.7747,0.25,-1316.935,13.35534,0,-0.9068,0,-0.4215,147.2022,0,1,0,0,0.4215,0,-0.9068,-1309.375,0,0,0,1
209.0499,147.1247,0,-1309.541,1.04555,-1.04555,19.1403,135.7747,0.25,-1316.935,13.20038,0,-0.9054,0,-0.4245,147.1247,0,1,0,0,0.4245,0,-0.9054,-1309.541,0,0,0,1
209.061,146.9675,0,-1309.872,1.096543,-1.096543,19.62005,135.7747,0.25,-1316.935,12.89056,0,-0.9025,0,-0.4307,146.9675,0,1,0,0,0.4307,0,-0.9025,-1309.872,0,0,0,1
209.072,146.8878,0,-1310.037,1.122761,-1.122761,20.22431,135.7747,0.25,-1316.935,12.73578,0,-0.901,0,-0.4339,146.8878,0,1,0,0,0.4339,0,-0.901,-1310.037,0,0,0,1
209.0832,146.8073,0,-1310.203,1.148335,-1.148335,20.57588,135.7747,0.25,-1316.935,12.58114,0,-0.8994,0,-0.4371,146.8073,0,1,0,0,0.4371,0,-0.8994,-1310.203,0,0,0,1
209.0944,146.7261,0,-1310.368,1.173326,-1.173326,21.01533,135.7747,0.25,-1316.935,12.42647,0,-0.8978,0,-0.4404,146.7261,0,1,0,0,0.4404,0,-0.8978,-1310.368,0,0,0,1
209.1055,146.644,0,-1310.534,1.197606,-1.197606,21.56832,135.7747,0.25,-1316.935,12.27202,0,-0.8961,0,-0.4438,146.644,0,1,0,0,0.4438,0,-0.8961,-1310.534,0,0,0,1
209.1164,146.5611,0,-1310.7,1.222494,-1.222494,22.0151,135.7747,0.25,-1316.935,12.11763,0,-0.8944,0,-0.4472,146.5611,0,1,0,0,0.4472,0,-0.8944,-1310.7,0,0,0,1
209.1275,146.4774,0,-1310.866,1.24862,-1.24862,22.54612,135.7747,0.25,-1316.935,11.96341,0,-0.8927,0,-0.4507,146.4774,0,1,0,0,0.4507,0,-0.8927,-1310.866,0,0,0,1
209.1421,146.3074,0,-1311.197,1.298743,-1.298743,23.21264,135.7747,0.25,-1316.935,11.65552,0,-0.889,0,-0.458,146.3074,0,1,0,0,0.458,0,-0.889,-1311.197,0,0,0,1
209.1528,146.2211,0,-1311.363,1.322827,-1.322827,23.61913,135.7747,0.25,-1316.935,11.50177,0,-0.8871,0,-0.4616,146.2211,0,1,0,0,0.4616,0,-0.8871,-1311.363,0,0,0,1
209.161,146.134,0,-1311.529,1.346092,-1.346092,24.01099,135.7747,0.25,-1316.935,11.3483,0,-0.8851,0,-0.4653,146.134,0,1,0,0,0.4653,0,-0.8851,-1311.529,0,0,0,1
209.1719,146.0459,0,-1311.694,1.371396,-1.371396,24.32227,135.7747,0.25,-1316.935,11.19507,0,-0.8832,0,-0.4691,146.0459,0,1,0,0,0.4691,0,-0.8832,-1311.694,0,0,0,1
209.1833,145.957,0,-1311.86,1.396406,-1.396406,24.78004,135.7747,0.25,-1316.935,11.04206,0,-0.8811,0,-0.4729,145.957,0,1,0,0,0.4729,0,-0.8811,-1311.86,0,0,0,1
209.1944,145.8671,0,-1312.026,1.420768,-1.420768,25.13894,135.7747,0.25,-1316.935,10.8893,0,-0.879,0,-0.4768,145.8671,0,1,0,0,0.4768,0,-0.879,-1312.026,0,0,0,1
209.2057,145.7763,0,-1312.192,1.444103,-1.444103,25.54909,135.7747,0.25,-1316.935,10.73697,0,-0.8769,0,-0.4807,145.7763,0,1,0,0,0.4807,0,-0.8769,-1312.192,0,0,0,1
209.2171,145.6845,0,-1312.357,1.46675,-1.46675,25.92997,135.7747,0.25,-1316.935,10.58491,0,-0.8747,0,-0.4846,145.6845,0,1,0,0,0.4846,0,-0.8747,-1312.357,0,0,0,1
209.2282,145.5918,0,-1312.523,1.489839,-1.489839,26.22293,135.7747,0.25,-1316.935,10.43325,0,-0.8725,0,-0.4886,145.5918,0,1,0,0,0.4886,0,-0.8725,-1312.523,0,0,0,1
209.2395,145.4982,0,-1312.688,1.513988,-1.513988,26.62943,135.7747,0.25,-1316.935,10.28202,0,-0.8702,0,-0.4927,145.4982,0,1,0,0,0.4927,0,-0.8702,-1312.688,0,0,0,1
209.2504,145.3079,0,-1313.019,1.559836,-1.559836,26.77227,135.7747,0.25,-1316.935,9.980889,0,-0.8656,0,-0.5008,145.3079,0,1,0,0,0.5008,0,-0.8656,-1313.019,0,0,0,1
209.2616,145.2113,0,-1313.184,1.581545,-1.581545,27.05425,135.7747,0.25,-1316.935,9.831096,0,-0.8632,0,-0.5049,145.2113,0,1,0,0,0.5049,0,-0.8632,-1313.184,0,0,0,1
209.2728,145.1137,0,-1313.349,1.602428,-1.602428,27.31792,135.7747,0.25,-1316.935,9.681836,0,-0.8608,0,-0.509,145.1137,0,1,0,0,0.509,0,-0.8608,-1313.349,0,0,0,1
209.2838,145.0152,0,-1313.514,1.625457,-1.625457,27.51201,135.7747,0.25,-1316.935,9.53323,0,-0.8583,0,-0.5131,145.0152,0,1,0,0,0.5131,0,-0.8583,-1313.514,0,0,0,1
209.2949,144.9156,0,-1313.679,1.647869,-1.647869,27.7464,135.7747,0.25,-1316.935,9.385304,0,-0.8558,0,-0.5173,144.9156,0,1,0,0,0.5173,0,-0.8558,-1313.679,0,0,0,1
209.3057,144.815,0,-1313.844,1.669336,-1.669336,27.92584,135.7747,0.25,-1316.935,9.238088,0,-0.8533,0,-0.5214,144.815,0,1,0,0,0.5214,0,-0.8533,-1313.844,0,0,0,1
209.3168,144.7134,0,-1314.008,1.689833,-1.689833,28.16388,135.7747,0.25,-1316.935,9.091693,0,-0.8507,0,-0.5256,144.7134,0,1,0,0,0.5256,0,-0.8507,-1314.008,0,0,0,1
209.328,144.6107,0,-1314.172,1.709322,-1.709322,28.37262,135.7747,0.25,-1316.935,8.946166,0,-0.8481,0,-0.5298,144.6107,0,1,0,0,0.5298,0,-0.8481,-1314.172,0,0,0,1
209.3392,144.5071,0,-1314.336,1.730067,-1.730067,28.64363,135.7747,0.25,-1316.935,8.801492,0,-0.8454,0,-0.5341,144.5071,0,1,0,0,0.5341,0,-0.8454,-1314.336,0,0,0,1
209.3501,144.2966,0,-1314.664,1.771206,-1.771206,28.87801,135.7747,0.25,-1316.935,8.515189,0,-0.84,0,-0.5426,144.2966,0,1,0,0,0.5426,0,-0.84,-1314.664,0,0,0,1
209.362,144.1898,0,-1314.828,1.790348,-1.790348,29.149,135.7747,0.25,-1316.935,8.373672,0,-0.8372,0,-0.5468,144.1898,0,1,0,0,0.5468,0,-0.8372,-1314.828,0,0,0,1
