time,pos_x,pos_y,pos_z,distFromRoadCenter,signedDistFromRoadCenter,wheelAngle,obstacle_pos_x,obstacle_pos_y,obstacle_pos_z,distance_to_obstacle,brake_position,simplecar_4x4_R0C0,simplecar_4x4_R0C1,simplecar_4x4_R0C2,simplecar_4x4_R0C3,simplecar_4x4_R1C0,simplecar_4x4_R1C1,simplecar_4x4_R1C2,simplecar_4x4_R1C3,simplecar_4x4_R2C0,simplecar_4x4_R2C1,simplecar_4x4_R2C2,simplecar_4x4_R2C3,simplecar_4x4_R3C0,simplecar_4x4_R3C1,simplecar_4x4_R3C2,simplecar_4x4_R3C3
45.22833,184.0811,0,-55.22531,0.927739,0.927739,-2.700849,205.3435,0.25,16.65362,74.64731,0,-0.9221,0,-0.3869,184.0811,0,1,0,0,0.3869,0,-0.9221,-55.2253,0,0,0,1
45.24229,183.888,0,-55.68651,0.92396,0.92396,-2.536047,205.3435,0.25,16.65362,75.14424,0,-0.9225,0,-0.386,183.888,0,1,0,0,0.386,0,-0.9225,-55.6865,0,0,0,1
45.25038,183.7916,0,-55.91717,0.921902,0.921902,-2.43717,205.3435,0.25,16.65362,75.39274,0,-0.9226,0,-0.3856,183.7916,0,1,0,0,0.3856,0,-0.9226,-55.9172,0,0,0,1
45.26195,183.6953,0,-56.14787,0.919742,0.919742,-2.323644,205.3435,0.25,16.65362,75.64126,0,-0.9228,0,-0.3853,183.6953,0,1,0,0,0.3853,0,-0.9228,-56.1479,0,0,0,1
45.27657,183.5991,0,-56.37861,0.917503,0.917503,-2.151525,205.3435,0.25,16.65362,75.8898,0,-0.9229,0,-0.3849,183.5991,0,1,0,0,0.3849,0,-0.9229,-56.3786,0,0,0,1
45.28395,183.5029,0,-56.60938,0.915179,0.915179,-1.917143,205.3435,0.25,16.65362,76.13837,0,-0.9231,0,-0.3846,183.5029,0,1,0,0,0.3846,0,-0.9231,-56.6094,0,0,0,1
45.29496,183.4068,0,-56.84018,0.912773,0.912773,-1.796293,205.3435,0.25,16.65362,76.38694,0,-0.9232,0,-0.3843,183.4068,0,1,0,0,0.3843,0,-0.9232,-56.8402,0,0,0,1
45.3065,183.3108,0,-57.07101,0.9103,0.9103,-1.580222,205.3435,0.25,16.65362,76.63554,0,-0.9233,0,-0.3841,183.3108,0,1,0,0,0.3841,0,-0.9233,-57.071,0,0,0,1
45.31717,183.2148,0,-57.30186,0.907745,0.907745,-1.481345,205.3435,0.25,16.65362,76.88414,0,-0.9234,0,-0.3838,183.2148,0,1,0,0,0.3838,0,-0.9234,-57.3019,0,0,0,1
45.32817,183.1189,0,-57.53273,0.905142,0.905142,-1.338522,205.3435,0.25,16.65362,77.13277,0,-0.9235,0,-0.3836,183.1189,0,1,0,0,0.3836,0,-0.9235,-57.5327,0,0,0,1
45.33964,183.0231,0,-57.76362,0.9025,0.9025,-1.239645,205.3435,0.25,16.65362,77.38141,0,-0.9236,0,-0.3834,183.0231,0,1,0,0,0.3834,0,-0.9236,-57.7636,0,0,0,1
45.35043,182.8315,0,-58.22546,0.897041,0.897041,-1.140761,205.3435,0.25,16.65362,77.87872,0,-0.9237,0,-0.383,182.8315,0,1,0,0,0.383,0,-0.9237,-58.2255,0,0,0,1
45.36166,182.7358,0,-58.45641,0.894237,0.894237,-1.074843,205.3435,0.25,16.65362,78.1274,0,-0.9238,0,-0.3829,182.7358,0,1,0,0,0.3829,0,-0.9238,-58.4564,0,0,0,1
45.37271,182.6401,0,-58.68738,0.891381,0.891381,-1.027236,205.3435,0.25,16.65362,78.37609,0,-0.9239,0,-0.3827,182.6401,0,1,0,0,0.3827,0,-0.9239,-58.6874,0,0,0,1
45.38371,182.5445,0,-58.91837,0.888495,0.888495,-1.019912,205.3435,0.25,16.65362,78.62479,0,-0.9239,0,-0.3825,182.5445,0,1,0,0,0.3825,0,-0.9239,-58.9184,0,0,0,1
45.39507,182.4489,0,-59.14937,0.885557,0.885557,-1.005263,205.3435,0.25,16.65362,78.87351,0,-0.924,0,-0.3824,182.4489,0,1,0,0,0.3824,0,-0.924,-59.1494,0,0,0,1
45.40604,182.3533,0,-59.38039,0.882571,0.882571,-1.005263,205.3435,0.25,16.65362,79.12225,0,-0.9241,0,-0.3822,182.3533,0,1,0,0,0.3822,0,-0.9241,-59.3804,0,0,0,1
45.41714,182.2578,0,-59.61142,0.87955,0.87955,-1.005263,205.3435,0.25,16.65362,79.37099,0,-0.9241,0,-0.3821,182.2578,0,1,0,0,0.3821,0,-0.9241,-59.6114,0,0,0,1
45.42855,182.1623,0,-59.84247,0.87648,0.87648,-1.005263,205.3435,0.25,16.65362,79.61974,0,-0.9242,0,-0.3819,182.1623,0,1,0,0,0.3819,0,-0.9242,-59.8425,0,0,0,1
45.43996,182.0669,0,-60.07354,0.873361,0.873361,-1.005263,205.3435,0.25,16.65362,79.86851,0,-0.9243,0,-0.3817,182.0669,0,1,0,0,0.3817,0,-0.9243,-60.0735,0,0,0,1
45.45057,181.8761,0,-60.53572,0.867019,0.867019,-1.005263,205.3435,0.25,16.65362,80.36608,0,-0.9244,0,-0.3814,181.8761,0,1,0,0,0.3814,0,-0.9244,-60.5357,0,0,0,1
45.46154,181.7808,0,-60.76684,0.863768,0.863768,-1.005263,205.3435,0.25,16.65362,80.61488,0,-0.9245,0,-0.3812,181.7808,0,1,0,0,0.3812,0,-0.9245,-60.7668,0,0,0,1
45.47704,181.6856,0,-60.99798,0.860496,0.860496,-1.023574,205.3435,0.25,16.65362,80.86369,0,-0.9245,0,-0.3811,181.6856,0,1,0,0,0.3811,0,-0.9245,-60.998,0,0,0,1
45.48684,181.5903,0,-61.22913,0.857162,0.857162,-1.023574,205.3435,0.25,16.65362,81.11252,0,-0.9246,0,-0.3809,181.5903,0,1,0,0,0.3809,0,-0.9246,-61.2291,0,0,0,1
45.49541,181.4951,0,-61.4603,0.853776,0.853776,-1.023574,205.3435,0.25,16.65362,81.36135,0,-0.9247,0,-0.3808,181.4951,0,1,0,0,0.3808,0,-0.9247,-61.4603,0,0,0,1
45.50596,181.4,0,-61.69149,0.850358,0.850358,-1.023574,205.3435,0.25,16.65362,81.61021,0,-0.9247,0,-0.3806,181.4,0,1,0,0,0.3806,0,-0.9247,-61.6915,0,0,0,1
45.5169,181.3049,0,-61.92269,0.84689,0.84689,-1.023574,205.3435,0.25,16.65362,81.85907,0,-0.9248,0,-0.3804,181.3049,0,1,0,0,0.3804,0,-0.9248,-61.9227,0,0,0,1
45.52808,181.2098,0,-62.15391,0.843373,0.843373,-1.023574,205.3435,0.25,16.65362,82.10794,0,-0.9249,0,-0.3803,181.2098,0,1,0,0,0.3803,0,-0.9249,-62.1539,0,0,0,1
45.53959,181.1148,0,-62.38515,0.83982,0.83982,-1.023574,205.3435,0.25,16.65362,82.35682,0,-0.9249,0,-0.3801,181.1148,0,1,0,0,0.3801,0,-0.9249,-62.3852,0,0,0,1
45.55041,180.9249,0,-62.84767,0.8326,0.8326,-1.023574,205.3435,0.25,16.65362,82.85462,0,-0.9251,0,-0.3798,180.9249,0,1,0,0,0.3798,0,-0.9251,-62.8477,0,0,0,1
45.56206,180.83,0,-63.07896,0.828883,0.828883,-1.023574,205.3435,0.25,16.65362,83.10353,0,-0.9252,0,-0.3796,180.83,0,1,0,0,0.3796,0,-0.9252,-63.079,0,0,0,1
45.5736,180.7351,0,-63.31027,0.82515,0.82515,-1.023574,205.3435,0.25,16.65362,83.35246,0,-0.9252,0,-0.3794,180.7351,0,1,0,0,0.3794,0,-0.9252,-63.3103,0,0,0,1
45.58449,180.6403,0,-63.54159,0.821365,0.821365,-1.023574,205.3435,0.25,16.65362,83.60139,0,-0.9253,0,-0.3793,180.6403,0,1,0,0,0.3793,0,-0.9253,-63.5416,0,0,0,1
45.59589,180.5455,0,-63.77293,0.81755,0.81755,-1.023574,205.3435,0.25,16.65362,83.85033,0,-0.9254,0,-0.3791,180.5455,0,1,0,0,0.3791,0,-0.9254,-63.7729,0,0,0,1
45.60745,180.4508,0,-64.00428,0.813667,0.813667,-1.023574,205.3435,0.25,16.65362,84.09929,0,-0.9254,0,-0.3789,180.4508,0,1,0,0,0.3789,0,-0.9254,-64.0043,0,0,0,1
45.61891,180.3561,0,-64.23565,0.809764,0.809764,-1.023574,205.3435,0.25,16.65362,84.34825,0,-0.9255,0,-0.3788,180.3561,0,1,0,0,0.3788,0,-0.9255,-64.2357,0,0,0,1
45.63002,180.1669,0,-64.69845,0.8018,0.8018,-1.023574,205.3435,0.25,16.65362,84.84622,0,-0.9256,0,-0.3784,180.1669,0,1,0,0,0.3784,0,-0.9256,-64.6985,0,0,0,1
45.64132,180.0723,0,-64.92987,0.79775,0.79775,-1.023574,205.3435,0.25,16.65362,85.09521,0,-0.9257,0,-0.3783,180.0723,0,1,0,0,0.3783,0,-0.9257,-64.9299,0,0,0,1
45.65276,179.9778,0,-65.16131,0.793668,0.793668,-1.023574,205.3435,0.25,16.65362,85.34422,0,-0.9258,0,-0.3781,179.9778,0,1,0,0,0.3781,0,-0.9258,-65.1613,0,0,0,1
45.66399,179.8833,0,-65.39277,0.789519,0.789519,-1.023574,205.3435,0.25,16.65362,85.59324,0,-0.9258,0,-0.3779,179.8833,0,1,0,0,0.3779,0,-0.9258,-65.3928,0,0,0,1
45.67563,179.7888,0,-65.62424,0.785338,0.785338,-1.023574,205.3435,0.25,16.65362,85.84227,0,-0.9259,0,-0.3778,179.7888,0,1,0,0,0.3778,0,-0.9259,-65.6242,0,0,0,1
45.68663,179.6944,0,-65.85574,0.781124,0.781124,-1.023574,205.3435,0.25,16.65362,86.09131,0,-0.926,0,-0.3776,179.6944,0,1,0,0,0.3776,0,-0.926,-65.8557,0,0,0,1
45.69789,179.6001,0,-66.08724,0.776855,0.776855,-1.023574,205.3435,0.25,16.65362,86.34035,0,-0.926,0,-0.3774,179.6001,0,1,0,0,0.3774,0,-0.926,-66.0872,0,0,0,1
45.70922,179.5057,0,-66.31876,0.772527,0.772527,-1.023574,205.3435,0.25,16.65362,86.5894,0,-0.9261,0,-0.3773,179.5057,0,1,0,0,0.3773,0,-0.9261,-66.3188,0,0,0,1
45.72042,179.3172,0,-66.78187,0.763778,0.763778,-1.023574,205.3435,0.25,16.65362,87.08754,0,-0.9262,0,-0.377,179.3172,0,1,0,0,0.377,0,-0.9262,-66.7819,0,0,0,1
45.73149,179.223,0,-67.01344,0.759331,0.759331,-1.023574,205.3435,0.25,16.65362,87.33662,0,-0.9263,0,-0.3768,179.223,0,1,0,0,0.3768,0,-0.9263,-67.0134,0,0,0,1
45.74278,179.1289,0,-67.24503,0.754836,0.754836,-1.023574,205.3435,0.25,16.65362,87.58572,0,-0.9264,0,-0.3766,179.1289,0,1,0,0,0.3766,0,-0.9264,-67.245,0,0,0,1
45.75337,179.0348,0,-67.47664,0.750287,0.750287,-1.023574,205.3435,0.25,16.65362,87.83481,0,-0.9264,0,-0.3765,179.0348,0,1,0,0,0.3765,0,-0.9264,-67.4766,0,0,0,1
45.76463,178.9407,0,-67.70827,0.745724,0.745724,-1.023574,205.3435,0.25,16.65362,88.08392,0,-0.9265,0,-0.3763,178.9407,0,1,0,0,0.3763,0,-0.9265,-67.7083,0,0,0,1
45.77567,178.8466,0,-67.93991,0.741092,0.741092,-1.023574,205.3435,0.25,16.65362,88.33304,0,-0.9266,0,-0.3761,178.8466,0,1,0,0,0.3761,0,-0.9266,-67.9399,0,0,0,1
45.78672,178.7527,0,-68.17157,0.736413,0.736413,-1.023574,205.3435,0.25,16.65362,88.58217,0,-0.9266,0,-0.376,178.7527,0,1,0,0,0.376,0,-0.9266,-68.1716,0,0,0,1
45.79786,178.6587,0,-68.40324,0.731717,0.731717,-1.023574,205.3435,0.25,16.65362,88.83131,0,-0.9267,0,-0.3758,178.6587,0,1,0,0,0.3758,0,-0.9267,-68.4032,0,0,0,1
45.81248,178.4709,0,-68.86665,0.722125,0.722125,-1.023574,205.3435,0.25,16.65362,89.3296,0,-0.9268,0,-0.3755,178.4709,0,1,0,0,0.3755,0,-0.9268,-68.8667,0,0,0,1
45.82281,178.3771,0,-69.09837,0.717279,0.717279,-1.023574,205.3435,0.25,16.65362,89.57876,0,-0.9269,0,-0.3753,178.3771,0,1,0,0,0.3753,0,-0.9269,-69.0984,0,0,0,1
45.83116,178.2833,0,-69.33012,0.712384,0.712384,-1.023574,205.3435,0.25,16.65362,89.82793,0,-0.927,0,-0.3751,178.2833,0,1,0,0,0.3751,0,-0.927,-69.3301,0,0,0,1
45.84229,178.1896,0,-69.56187,0.707455,0.707455,-1.023574,205.3435,0.25,16.65362,90.0771,0,-0.927,0,-0.375,178.1896,0,1,0,0,0.375,0,-0.927,-69.5619,0,0,0,1
45.85337,178.0959,0,-69.79365,0.702458,0.702458,-1.023574,205.3435,0.25,16.65362,90.32629,0,-0.9271,0,-0.3748,178.0959,0,1,0,0,0.3748,0,-0.9271,-69.7937,0,0,0,1
45.86552,178.0022,0,-70.02544,0.69743,0.69743,-1.023574,205.3435,0.25,16.65362,90.57548,0,-0.9272,0,-0.3746,178.0022,0,1,0,0,0.3746,0,-0.9272,-70.0254,0,0,0,1
45.87609,177.9086,0,-70.25726,0.692351,0.692351,-1.023574,205.3435,0.25,16.65362,90.82468,0,-0.9272,0,-0.3745,177.9086,0,1,0,0,0.3745,0,-0.9272,-70.2573,0,0,0,1
45.88736,177.815,0,-70.48908,0.687241,0.687241,-1.023574,205.3435,0.25,16.65362,91.07389,0,-0.9273,0,-0.3743,177.815,0,1,0,0,0.3743,0,-0.9273,-70.4891,0,0,0,1
45.8993,177.7215,0,-70.72092,0.68208,0.68208,-1.023574,205.3435,0.25,16.65362,91.32311,0,-0.9274,0,-0.3741,177.7215,0,1,0,0,0.3741,0,-0.9274,-70.7209,0,0,0,1
45.91004,177.5346,0,-71.18466,0.671607,0.671607,-1.023574,205.3435,0.25,16.65362,91.82156,0,-0.9275,0,-0.3738,177.5346,0,1,0,0,0.3738,0,-0.9275,-71.1847,0,0,0,1
45.92076,177.4412,0,-71.41656,0.666299,0.666299,-1.023574,205.3435,0.25,16.65362,92.0708,0,-0.9276,0,-0.3736,177.4412,0,1,0,0,0.3736,0,-0.9276,-71.4166,0,0,0,1
45.93177,177.3478,0,-71.64847,0.660987,0.660987,-1.023574,205.3435,0.25,16.65362,92.32006,0,-0.9276,0,-0.3735,177.3478,0,1,0,0,0.3735,0,-0.9276,-71.6485,0,0,0,1
45.94301,177.2545,0,-71.88039,0.655594,0.655594,-1.023574,205.3435,0.25,16.65362,92.56931,0,-0.9277,0,-0.3733,177.2545,0,1,0,0,0.3733,0,-0.9277,-71.8804,0,0,0,1
45.95417,177.1612,0,-72.11234,0.650166,0.650166,-1.023574,205.3435,0.25,16.65362,92.81857,0,-0.9278,0,-0.3731,177.1612,0,1,0,0,0.3731,0,-0.9278,-72.1123,0,0,0,1
45.96527,177.0679,0,-72.34429,0.64469,0.64469,-1.023574,205.3435,0.25,16.65362,93.06784,0,-0.9278,0,-0.373,177.0679,0,1,0,0,0.373,0,-0.9278,-72.3443,0,0,0,1
45.97645,176.9747,0,-72.57627,0.639163,0.639163,-1.023574,205.3435,0.25,16.65362,93.31712,0,-0.9279,0,-0.3728,176.9747,0,1,0,0,0.3728,0,-0.9279,-72.5763,0,0,0,1
45.98754,176.8816,0,-72.80827,0.633602,0.633602,-1.023574,205.3435,0.25,16.65362,93.5664,0,-0.928,0,-0.3726,176.8816,0,1,0,0,0.3726,0,-0.928,-72.8083,0,0,0,1
45.99855,176.7884,0,-73.04028,0.627993,0.627993,-1.023574,205.3435,0.25,16.65362,93.8157,0,-0.928,0,-0.3725,176.7884,0,1,0,0,0.3725,0,-0.928,-73.0403,0,0,0,1
46.00976,176.6954,0,-73.2723,0.622336,0.622336,-1.023574,205.3435,0.25,16.65362,94.06499,0,-0.9281,0,-0.3723,176.6954,0,1,0,0,0.3723,0,-0.9281,-73.2723,0,0,0,1
46.02085,176.5093,0,-73.7364,0.6109,0.6109,-1.023574,205.3435,0.25,16.65362,94.56361,0,-0.9282,0,-0.372,176.5093,0,1,0,0,0.372,0,-0.9282,-73.7364,0,0,0,1
46.0318,176.4164,0,-73.96848,0.60511,0.60511,-1.027236,205.3435,0.25,16.65362,94.81293,0,-0.9283,0,-0.3718,176.4164,0,1,0,0,0.3718,0,-0.9283,-73.9685,0,0,0,1
46.04335,176.3235,0,-74.20058,0.599282,0.599282,-1.049209,205.3435,0.25,16.65362,95.06226,0,-0.9284,0,-0.3716,176.3235,0,1,0,0,0.3716,0,-0.9284,-74.2006,0,0,0,1
46.05399,176.2306,0,-74.43269,0.593393,0.593393,-1.115127,205.3435,0.25,16.65362,95.31159,0,-0.9284,0,-0.3715,176.2306,0,1,0,0,0.3715,0,-0.9284,-74.4327,0,0,0,1
46.06522,176.1378,0,-74.66482,0.587452,0.587452,-1.188376,205.3435,0.25,16.65362,95.56094,0,-0.9285,0,-0.3713,176.1378,0,1,0,0,0.3713,0,-0.9285,-74.6648,0,0,0,1
46.07645,176.045,0,-74.89697,0.58146,0.58146,-1.338522,205.3435,0.25,16.65362,95.81028,0,-0.9286,0,-0.3711,176.045,0,1,0,0,0.3711,0,-0.9286,-74.897,0,0,0,1
46.08733,175.9523,0,-75.12915,0.575404,0.575404,-1.452048,205.3435,0.25,16.65362,96.05964,0,-0.9287,0,-0.3708,175.9523,0,1,0,0,0.3708,0,-0.9287,-75.1292,0,0,0,1
46.09842,175.8597,0,-75.36135,0.569282,0.569282,-1.671782,205.3435,0.25,16.65362,96.30901,0,-0.9288,0,-0.3705,175.8597,0,1,0,0,0.3705,0,-0.9288,-75.3614,0,0,0,1
46.10974,175.7671,0,-75.59358,0.563057,0.563057,-1.887846,205.3435,0.25,16.65362,96.55837,0,-0.9289,0,-0.3702,175.7671,0,1,0,0,0.3702,0,-0.9289,-75.5936,0,0,0,1
46.12077,175.5823,0,-76.05816,0.550346,0.550346,-2.17716,205.3435,0.25,16.65362,97.05715,0,-0.9292,0,-0.3695,175.5823,0,1,0,0,0.3695,0,-0.9292,-76.0582,0,0,0,1
46.13163,175.49,0,-76.2905,0.543838,0.543838,-2.459142,205.3435,0.25,16.65362,97.30656,0,-0.9294,0,-0.3691,175.49,0,1,0,0,0.3691,0,-0.9294,-76.2905,0,0,0,1
46.14576,175.3978,0,-76.5229,0.537217,0.537217,-2.799726,205.3435,0.25,16.65362,97.55598,0,-0.9296,0,-0.3687,175.3978,0,1,0,0,0.3687,0,-0.9296,-76.5229,0,0,0,1
46.15793,175.3058,0,-76.75533,0.530446,0.530446,-3.213551,205.3435,0.25,16.65362,97.8054,0,-0.9298,0,-0.3682,175.3058,0,1,0,0,0.3682,0,-0.9298,-76.7553,0,0,0,1
46.16621,175.2139,0,-76.98783,0.523511,0.523511,-3.587093,205.3435,0.25,16.65362,98.05485,0,-0.93,0,-0.3676,175.2139,0,1,0,0,0.3676,0,-0.93,-76.9878,0,0,0,1
46.1762,175.1221,0,-77.22039,0.516408,0.516408,-3.80682,205.3435,0.25,16.65362,98.3043,0,-0.9302,0,-0.367,175.1221,0,1,0,0,0.367,0,-0.9302,-77.2204,0,0,0,1
46.18703,175.0306,0,-77.45302,0.509138,0.509138,-4.092472,205.3435,0.25,16.65362,98.55377,0,-0.9305,0,-0.3663,175.0306,0,1,0,0,0.3663,0,-0.9305,-77.453,0,0,0,1
46.19835,174.9392,0,-77.68571,0.50167,0.50167,-4.400089,205.3435,0.25,16.65362,98.80326,0,-0.9308,0,-0.3656,174.9392,0,1,0,0,0.3656,0,-0.9308,-77.6857,0,0,0,1
46.20909,174.848,0,-77.91848,0.494,0.494,-4.630809,205.3435,0.25,16.65362,99.05276,0,-0.9311,0,-0.3648,174.848,0,1,0,0,0.3648,0,-0.9311,-77.9185,0,0,0,1
46.22029,174.6662,0,-78.38425,0.478021,0.478021,-4.865184,205.3435,0.25,16.65362,99.5518,0,-0.9317,0,-0.3632,174.6662,0,1,0,0,0.3632,0,-0.9317,-78.3843,0,0,0,1
46.23136,174.5756,0,-78.61726,0.469691,0.469691,-5.029986,205.3435,0.25,16.65362,99.80135,0,-0.932,0,-0.3624,174.5756,0,1,0,0,0.3624,0,-0.932,-78.6173,0,0,0,1
46.24251,174.4852,0,-78.85034,0.461174,0.461174,-5.220416,205.3435,0.25,16.65362,100.0509,0,-0.9323,0,-0.3616,174.4852,0,1,0,0,0.3616,0,-0.9323,-78.8503,0,0,0,1
46.25359,174.395,0,-79.08351,0.452396,0.452396,-5.300982,205.3435,0.25,16.65362,100.3005,0,-0.9327,0,-0.3607,174.395,0,1,0,0,0.3607,0,-0.9327,-79.0835,0,0,0,1
46.26559,174.305,0,-79.31676,0.443403,0.443403,-5.418177,205.3435,0.25,16.65362,100.5501,0,-0.933,0,-0.3598,174.305,0,1,0,0,0.3598,0,-0.933,-79.3168,0,0,0,1
46.27575,174.2153,0,-79.5501,0.434157,0.434157,-5.495081,205.3435,0.25,16.65362,100.7997,0,-0.9334,0,-0.3589,174.2153,0,1,0,0,0.3589,0,-0.9334,-79.5501,0,0,0,1
46.28718,174.1258,0,-79.78353,0.424665,0.424665,-5.553675,205.3435,0.25,16.65362,101.0493,0,-0.9337,0,-0.358,174.1258,0,1,0,0,0.358,0,-0.9337,-79.7835,0,0,0,1
46.29792,174.0365,0,-80.01704,0.414944,0.414944,-5.608606,205.3435,0.25,16.65362,101.299,0,-0.9341,0,-0.3571,174.0365,0,1,0,0,0.3571,0,-0.9341,-80.017,0,0,0,1
46.30931,173.9474,0,-80.25066,0.404953,0.404953,-5.659876,205.3435,0.25,16.65362,101.5486,0,-0.9344,0,-0.3562,173.9474,0,1,0,0,0.3562,0,-0.9344,-80.2507,0,0,0,1
46.32011,173.77,0,-80.71812,0.384257,0.384257,-5.681849,205.3435,0.25,16.65362,102.048,0,-0.9351,0,-0.3543,173.77,0,1,0,0,0.3543,0,-0.9351,-80.7181,0,0,0,1
46.3313,173.6817,0,-80.95198,0.373538,0.373538,-5.725794,205.3435,0.25,16.65362,102.2977,0,-0.9355,0,-0.3534,173.6817,0,1,0,0,0.3534,0,-0.9355,-80.952,0,0,0,1
46.34256,173.5936,0,-81.18594,0.362569,0.362569,-5.755091,205.3435,0.25,16.65362,102.5474,0,-0.9358,0,-0.3525,173.5936,0,1,0,0,0.3525,0,-0.9358,-81.1859,0,0,0,1
46.35409,173.5057,0,-81.41998,0.351334,0.351334,-5.795374,205.3435,0.25,16.65362,102.7971,0,-0.9362,0,-0.3515,173.5057,0,1,0,0,0.3515,0,-0.9362,-81.42,0,0,0,1
46.36451,173.418,0,-81.65411,0.339853,0.339853,-5.842981,205.3435,0.25,16.65362,103.0468,0,-0.9365,0,-0.3506,173.418,0,1,0,0,0.3506,0,-0.9365,-81.6541,0,0,0,1
46.37576,173.3306,0,-81.88834,0.328116,0.328116,-5.894258,205.3435,0.25,16.65362,103.2966,0,-0.9369,0,-0.3496,173.3306,0,1,0,0,0.3496,0,-0.9369,-81.8883,0,0,0,1
46.38737,173.2435,0,-82.12265,0.316119,0.316119,-5.971162,205.3435,0.25,16.65362,103.5464,0,-0.9373,0,-0.3486,173.2435,0,1,0,0,0.3486,0,-0.9373,-82.1227,0,0,0,1
46.39851,173.1566,0,-82.35706,0.303872,0.303872,-6.081026,205.3435,0.25,16.65362,103.7961,0,-0.9376,0,-0.3476,173.1566,0,1,0,0,0.3476,0,-0.9376,-82.3571,0,0,0,1
46.40915,173.0699,0,-82.59156,0.291471,0.291471,-6.231172,205.3435,0.25,16.65362,104.0459,0,-0.938,0,-0.3466,173.0699,0,1,0,0,0.3466,0,-0.938,-82.5916,0,0,0,1
46.41998,172.9835,0,-82.82616,0.280761,0.280761,-6.330056,205.3435,0.25,16.65362,104.2957,0,-0.9384,0,-0.3456,172.9835,0,1,0,0,0.3456,0,-0.9384,-82.8262,0,0,0,1
46.43112,172.8115,0,-83.29565,0.258487,0.258487,-6.494851,205.3435,0.25,16.65362,104.7954,0,-0.9392,0,-0.3434,172.8115,0,1,0,0,0.3434,0,-0.9392,-83.2957,0,0,0,1
46.44229,172.7259,0,-83.53054,0.247123,0.247123,-6.732888,205.3435,0.25,16.65362,105.0452,0,-0.9396,0,-0.3423,172.7259,0,1,0,0,0.3423,0,-0.9396,-83.5305,0,0,0,1
46.45337,172.6406,0,-83.76554,0.239445,0.239445,-6.952622,205.3435,0.25,16.65362,105.295,0,-0.94,0,-0.3412,172.6406,0,1,0,0,0.3412,0,-0.94,-83.7655,0,0,0,1
46.46442,172.5556,0,-84.00065,0.231448,0.231448,-7.285881,205.3435,0.25,16.65362,105.5449,0,-0.9404,0,-0.34,172.5556,0,1,0,0,0.34,0,-0.9404,-84.0007,0,0,0,1
46.47889,172.4709,0,-84.23586,0.223132,0.223132,-7.575188,205.3435,0.25,16.65362,105.7948,0,-0.9409,0,-0.3388,172.4709,0,1,0,0,0.3388,0,-0.9409,-84.2359,0,0,0,1
46.48973,172.3866,0,-84.4712,0.21458,0.21458,-8.029297,205.3435,0.25,16.65362,106.0447,0,-0.9413,0,-0.3374,172.3866,0,1,0,0,0.3374,0,-0.9413,-84.4712,0,0,0,1
46.49791,172.3026,0,-84.70666,0.20974,0.20974,-8.435798,205.3435,0.25,16.65362,106.2945,0,-0.9418,0,-0.3361,172.3026,0,1,0,0,0.3361,0,-0.9418,-84.7067,0,0,0,1
46.50898,172.2189,0,-84.94225,0.204504,0.204504,-8.699476,205.3435,0.25,16.65362,106.5445,0,-0.9423,0,-0.3346,172.2189,0,1,0,0,0.3346,0,-0.9423,-84.9423,0,0,0,1
46.52,172.0527,0,-85.41381,0.192965,0.192965,-9.040052,205.3435,0.25,16.65362,107.0443,0,-0.9434,0,-0.3317,172.0527,0,1,0,0,0.3317,0,-0.9434,-85.4138,0,0,0,1
46.53113,171.9702,0,-85.6498,0.190733,0.190733,-9.442892,205.3435,0.25,16.65362,107.2942,0,-0.9439,0,-0.3301,171.9702,0,1,0,0,0.3301,0,-0.9439,-85.6498,0,0,0,1
46.54233,171.888,0,-85.88593,0.188093,0.188093,-9.809111,205.3435,0.25,16.65362,107.5442,0,-0.9445,0,-0.3285,171.888,0,1,0,0,0.3285,0,-0.9445,-85.8859,0,0,0,1
46.55352,171.8063,0,-86.1222,0.185006,0.185006,-10.09476,205.3435,0.25,16.65362,107.7941,0,-0.9451,0,-0.3268,171.8063,0,1,0,0,0.3268,0,-0.9451,-86.1222,0,0,0,1
46.5648,171.7251,0,-86.35862,0.181469,0.181469,-10.41337,205.3435,0.25,16.65362,108.0441,0,-0.9457,0,-0.3251,171.7251,0,1,0,0,0.3251,0,-0.9457,-86.3586,0,0,0,1
46.57598,171.6442,0,-86.59519,0.181649,0.181649,-10.74296,205.3435,0.25,16.65362,108.2941,0,-0.9463,0,-0.3233,171.6442,0,1,0,0,0.3233,0,-0.9463,-86.5952,0,0,0,1
46.58691,171.5639,0,-86.83192,0.181361,0.181361,-10.88945,205.3435,0.25,16.65362,108.544,0,-0.9469,0,-0.3215,171.5639,0,1,0,0,0.3215,0,-0.9469,-86.8319,0,0,0,1
46.59805,171.4839,0,-87.06879,0.1806,0.1806,-11.05425,205.3435,0.25,16.65362,108.794,0,-0.9475,0,-0.3197,171.4839,0,1,0,0,0.3197,0,-0.9475,-87.0688,0,0,0,1
46.60978,171.4045,0,-87.30583,0.179338,0.179338,-11.22637,205.3435,0.25,16.65362,109.044,0,-0.9481,0,-0.3178,171.4045,0,1,0,0,0.3178,0,-0.9481,-87.3058,0,0,0,1
46.62025,171.2469,0,-87.78037,0.183719,0.183719,-11.36553,205.3435,0.25,16.65362,109.544,0,-0.9494,0,-0.3141,171.2469,0,1,0,0,0.3141,0,-0.9494,-87.7804,0,0,0,1
46.63133,171.1689,0,-88.01787,0.185162,0.185162,-11.46441,205.3435,0.25,16.65362,109.794,0,-0.95,0,-0.3122,171.1689,0,1,0,0,0.3122,0,-0.95,-88.0179,0,0,0,1
46.64274,171.0913,0,-88.25554,0.186089,0.186089,-11.54132,205.3435,0.25,16.65362,110.044,0,-0.9507,0,-0.3103,171.0913,0,1,0,0,0.3103,0,-0.9507,-88.2555,0,0,0,1
46.65371,171.0143,0,-88.49335,0.190648,0.190648,-11.5816,205.3435,0.25,16.65362,110.294,0,-0.9513,0,-0.3083,171.0143,0,1,0,0,0.3083,0,-0.9513,-88.4934,0,0,0,1
46.66506,170.9377,0,-88.73133,0.194781,0.194781,-11.62555,205.3435,0.25,16.65362,110.544,0,-0.9519,0,-0.3064,170.9377,0,1,0,0,0.3064,0,-0.9519,-88.7313,0,0,0,1
46.67659,170.8615,0,-88.96946,0.1984,0.1984,-11.6585,205.3435,0.25,16.65362,110.794,0,-0.9525,0,-0.3045,170.8615,0,1,0,0,0.3045,0,-0.9525,-88.9695,0,0,0,1
46.68717,170.7859,0,-89.20775,0.201505,0.201505,-11.69879,205.3435,0.25,16.65362,111.044,0,-0.9531,0,-0.3025,170.7859,0,1,0,0,0.3025,0,-0.9531,-89.2078,0,0,0,1
46.69839,170.7108,0,-89.44619,0.208179,0.208179,-11.75738,205.3435,0.25,16.65362,111.294,0,-0.9538,0,-0.3006,170.7108,0,1,0,0,0.3006,0,-0.9538,-89.4462,0,0,0,1
46.70953,170.6361,0,-89.68478,0.214465,0.214465,-11.84893,205.3435,0.25,16.65362,111.544,0,-0.9544,0,-0.2986,170.6361,0,1,0,0,0.2986,0,-0.9544,-89.6848,0,0,0,1
46.72056,170.4883,0,-90.16245,0.225454,0.225454,-12.00641,205.3435,0.25,16.65362,112.0439,0,-0.9556,0,-0.2946,170.4883,0,1,0,0,0.2946,0,-0.9556,-90.1625,0,0,0,1
46.73206,170.4152,0,-90.4015,0.23416,0.23416,-12.16388,205.3435,0.25,16.65362,112.2939,0,-0.9562,0,-0.2926,170.4152,0,1,0,0,0.2926,0,-0.9562,-90.4015,0,0,0,1
46.743,170.3426,0,-90.64072,0.242518,0.242518,-12.5008,205.3435,0.25,16.65362,112.5438,0,-0.9569,0,-0.2905,170.3426,0,1,0,0,0.2905,0,-0.9569,-90.6407,0,0,0,1
46.75457,170.2705,0,-90.8801,0.250318,0.250318,-12.70954,205.3435,0.25,16.65362,112.7938,0,-0.9575,0,-0.2884,170.2705,0,1,0,0,0.2884,0,-0.9575,-90.8801,0,0,0,1
46.7649,170.1989,0,-91.11965,0.257548,0.257548,-13.01717,205.3435,0.25,16.65362,113.0437,0,-0.9582,0,-0.2862,170.1989,0,1,0,0,0.2862,0,-0.9582,-91.1197,0,0,0,1
46.77621,170.1279,0,-91.35936,0.268122,0.268122,-13.42733,205.3435,0.25,16.65362,113.2936,0,-0.9588,0,-0.2839,170.1279,0,1,0,0,0.2839,0,-0.9588,-91.3594,0,0,0,1
46.78725,170.0575,0,-91.59924,0.278376,0.278376,-13.81552,205.3435,0.25,16.65362,113.5435,0,-0.9595,0,-0.2816,170.0575,0,1,0,0,0.2816,0,-0.9595,-91.5992,0,0,0,1
46.79844,169.9877,0,-91.8393,0.287998,0.287998,-14.29893,205.3435,0.25,16.65362,113.7934,0,-0.9602,0,-0.2792,169.9877,0,1,0,0,0.2792,0,-0.9602,-91.8393,0,0,0,1
46.81271,169.85,0,-92.31995,0.309139,0.309139,-14.72739,205.3435,0.25,16.65362,114.2931,0,-0.9616,0,-0.2743,169.85,0,1,0,0,0.2743,0,-0.9616,-92.32,0,0,0,1
46.82333,169.782,0,-92.56054,0.321015,0.321015,-15.34997,205.3435,0.25,16.65362,114.5429,0,-0.9624,0,-0.2717,169.782,0,1,0,0,0.2717,0,-0.9624,-92.5605,0,0,0,1
46.83181,169.7148,0,-92.80133,0.332196,0.332196,-15.88098,205.3435,0.25,16.65362,114.7927,0,-0.9631,0,-0.269,169.7148,0,1,0,0,0.269,0,-0.9631,-92.8013,0,0,0,1
46.84274,169.6482,0,-93.0423,0.342666,0.342666,-16.26185,205.3435,0.25,16.65362,115.0425,0,-0.9639,0,-0.2663,169.6482,0,1,0,0,0.2663,0,-0.9639,-93.0423,0,0,0,1
46.85385,169.5823,0,-93.28346,0.356107,0.356107,-16.71596,205.3435,0.25,16.65362,115.2922,0,-0.9647,0,-0.2635,169.5823,0,1,0,0,0.2635,0,-0.9647,-93.2835,0,0,0,1
46.86504,169.5172,0,-93.52483,0.369295,0.369295,-17.2726,205.3435,0.25,16.65362,115.5419,0,-0.9655,0,-0.2606,169.5172,0,1,0,0,0.2606,0,-0.9655,-93.5248,0,0,0,1
46.8763,169.4528,0,-93.76639,0.381699,0.381699,-17.77798,205.3435,0.25,16.65362,115.7916,0,-0.9663,0,-0.2576,169.4528,0,1,0,0,0.2576,0,-0.9663,-93.7664,0,0,0,1
46.88704,169.3892,0,-94.00816,0.3933,0.3933,-18.19913,205.3435,0.25,16.65362,116.0412,0,-0.9671,0,-0.2545,169.3892,0,1,0,0,0.2545,0,-0.9671,-94.0082,0,0,0,1
46.89828,169.3263,0,-94.25013,0.40769,0.40769,-18.66789,205.3435,0.25,16.65362,116.2907,0,-0.9679,0,-0.2514,169.3263,0,1,0,0,0.2514,0,-0.9679,-94.2501,0,0,0,1
46.91023,169.2031,0,-94.7347,0.435186,0.435186,-19.20989,205.3435,0.25,16.65362,116.7897,0,-0.9696,0,-0.2449,169.2031,0,1,0,0,0.2449,0,-0.9696,-94.7347,0,0,0,1
46.92036,169.1427,0,-94.97729,0.447647,0.447647,-19.47723,205.3435,0.25,16.65362,117.0392,0,-0.9704,0,-0.2416,169.1427,0,1,0,0,0.2416,0,-0.9704,-94.9773,0,0,0,1
46.93152,169.0831,0,-95.2201,0.462707,0.462707,-19.79583,205.3435,0.25,16.65362,117.2885,0,-0.9712,0,-0.2382,169.0831,0,1,0,0,0.2382,0,-0.9712,-95.2201,0,0,0,1
46.94256,169.0244,0,-95.46311,0.477655,0.477655,-20.12177,205.3435,0.25,16.65362,117.5378,0,-0.972,0,-0.2348,169.0244,0,1,0,0,0.2348,0,-0.972,-95.4631,0,0,0,1
46.95361,168.9666,0,-95.70633,0.491681,0.491681,-20.33783,205.3435,0.25,16.65362,117.787,0,-0.9729,0,-0.2314,168.9666,0,1,0,0,0.2314,0,-0.9729,-95.7063,0,0,0,1
46.96492,168.9097,0,-95.94975,0.504815,0.504815,-20.51362,205.3435,0.25,16.65362,118.0362,0,-0.9737,0,-0.2279,168.9097,0,1,0,0,0.2279,0,-0.9737,-95.9498,0,0,0,1
46.97604,168.8536,0,-96.19338,0.520366,0.520366,-20.60517,205.3435,0.25,16.65362,118.2853,0,-0.9745,0,-0.2244,168.8536,0,1,0,0,0.2244,0,-0.9745,-96.1934,0,0,0,1
46.98721,168.7983,0,-96.43721,0.535924,0.535924,-20.60517,205.3435,0.25,16.65362,118.5343,0,-0.9753,0,-0.2209,168.7983,0,1,0,0,0.2209,0,-0.9753,-96.4372,0,0,0,1
46.99795,168.744,0,-96.68124,0.550574,0.550574,-20.60884,205.3435,0.25,16.65362,118.7833,0,-0.9761,0,-0.2173,168.744,0,1,0,0,0.2173,0,-0.9761,-96.6812,0,0,0,1
47.00935,168.6906,0,-96.92545,0.564303,0.564303,-20.60884,205.3435,0.25,16.65362,119.0321,0,-0.9769,0,-0.2138,168.6906,0,1,0,0,0.2138,0,-0.9769,-96.9255,0,0,0,1
47.02036,168.5863,0,-97.41446,0.596431,0.596431,-20.60884,205.3435,0.25,16.65362,119.5296,0,-0.9784,0,-0.2068,168.5863,0,1,0,0,0.2068,0,-0.9784,-97.4145,0,0,0,1
47.03125,168.5354,0,-97.65924,0.611692,0.611692,-20.60884,205.3435,0.25,16.65362,119.7782,0,-0.9791,0,-0.2033,168.5354,0,1,0,0,0.2033,0,-0.9791,-97.6592,0,0,0,1
47.04259,168.4855,0,-97.90421,0.626031,0.626031,-20.60884,205.3435,0.25,16.65362,120.0267,0,-0.9798,0,-0.1998,168.4855,0,1,0,0,0.1998,0,-0.9798,-97.9042,0,0,0,1
47.05381,168.4364,0,-98.14935,0.64239,0.64239,-20.60884,205.3435,0.25,16.65362,120.2752,0,-0.9806,0,-0.1962,168.4364,0,1,0,0,0.1962,0,-0.9806,-98.1494,0,0,0,1
47.0647,168.3883,0,-98.39466,0.659151,0.659151,-20.60884,205.3435,0.25,16.65362,120.5235,0,-0.9813,0,-0.1927,168.3883,0,1,0,0,0.1927,0,-0.9813,-98.3947,0,0,0,1
47.07584,168.341,0,-98.64014,0.675008,0.675008,-20.64912,205.3435,0.25,16.65362,120.7717,0,-0.9819,0,-0.1892,168.341,0,1,0,0,0.1892,0,-0.9819,-98.6401,0,0,0,1
47.08697,168.2946,0,-98.8858,0.689946,0.689946,-20.70039,205.3435,0.25,16.65362,121.0199,0,-0.9826,0,-0.1856,168.2946,0,1,0,0,0.1856,0,-0.9826,-98.8858,0,0,0,1
47.09817,168.2491,0,-99.13162,0.706687,0.706687,-20.79926,205.3435,0.25,16.65362,121.2679,0,-0.9833,0,-0.1821,168.2491,0,1,0,0,0.1821,0,-0.9833,-99.1316,0,0,0,1
47.10915,168.2045,0,-99.37761,0.72403,0.72403,-20.96407,205.3435,0.25,16.65362,121.5158,0,-0.9839,0,-0.1785,168.2045,0,1,0,0,0.1785,0,-0.9839,-99.3776,0,0,0,1
47.12032,168.118,0,-99.87006,0.755914,0.755914,-21.16548,205.3435,0.25,16.65362,122.0113,0,-0.9852,0,-0.1712,168.118,0,1,0,0,0.1712,0,-0.9852,-99.8701,0,0,0,1
47.13145,168.0761,0,-100.1165,0.77289,0.77289,-21.35226,205.3435,0.25,16.65362,122.2589,0,-0.9859,0,-0.1675,168.0761,0,1,0,0,0.1675,0,-0.9859,-100.1165,0,0,0,1
47.14585,168.0351,0,-100.3632,0.790711,0.790711,-21.59762,205.3435,0.25,16.65362,122.5063,0,-0.9865,0,-0.1638,168.0351,0,1,0,0,0.1638,0,-0.9865,-100.3632,0,0,0,1
47.15633,167.9951,0,-100.6099,0.807568,0.807568,-21.89792,205.3435,0.25,16.65362,122.7536,0,-0.9871,0,-0.16,167.9951,0,1,0,0,0.16,0,-0.9871,-100.6099,0,0,0,1
47.16479,167.9561,0,-100.8569,0.823445,0.823445,-22.09933,205.3435,0.25,16.65362,123.0008,0,-0.9877,0,-0.1562,167.9561,0,1,0,0,0.1562,0,-0.9877,-100.8569,0,0,0,1
47.17672,167.918,0,-101.1039,0.840526,0.840526,-22.26413,205.3435,0.25,16.65362,123.2479,0,-0.9883,0,-0.1524,167.918,0,1,0,0,0.1524,0,-0.9883,-101.1039,0,0,0,1
47.18684,167.8809,0,-101.3512,0.858691,0.858691,-22.49851,205.3435,0.25,16.65362,123.4948,0,-0.9889,0,-0.1485,167.8809,0,1,0,0,0.1485,0,-0.9889,-101.3512,0,0,0,1
47.198,167.8447,0,-101.5986,0.875846,0.875846,-22.69627,205.3435,0.25,16.65362,123.7416,0,-0.9895,0,-0.1446,167.8447,0,1,0,0,0.1446,0,-0.9895,-101.5986,0,0,0,1
47.20919,167.8096,0,-101.8461,0.891976,0.891976,-22.82079,205.3435,0.25,16.65362,123.9882,0,-0.9901,0,-0.1406,167.8096,0,1,0,0,0.1406,0,-0.9901,-101.8461,0,0,0,1
47.22003,167.7422,0,-102.3415,0.927382,0.927382,-22.90868,205.3435,0.25,16.65362,124.481,0,-0.9912,0,-0.1327,167.7422,0,1,0,0,0.1327,0,-0.9912,-102.3415,0,0,0,1
47.23119,167.7101,0,-102.5894,0.944732,0.944732,-22.92699,205.3435,0.25,16.65362,124.7272,0,-0.9917,0,-0.1287,167.7101,0,1,0,0,0.1287,0,-0.9917,-102.5894,0,0,0,1
47.24249,167.6789,0,-102.8375,0.961073,0.961073,-22.92699,205.3435,0.25,16.65362,124.9732,0,-0.9922,0,-0.1248,167.6789,0,1,0,0,0.1248,0,-0.9922,-102.8375,0,0,0,1
47.25378,167.6487,0,-103.0856,0.978,0.978,-22.92699,205.3435,0.25,16.65362,125.219,0,-0.9927,0,-0.1208,167.6487,0,1,0,0,0.1208,0,-0.9927,-103.0856,0,0,0,1
47.26456,167.6195,0,-103.3339,0.996561,0.996561,-22.92699,205.3435,0.25,16.65362,125.4647,0,-0.9932,0,-0.1168,167.6195,0,1,0,0,0.1168,0,-0.9932,-103.3339,0,0,0,1
47.27575,167.5912,0,-103.5823,1.014128,1.014128,-22.92699,205.3435,0.25,16.65362,125.7102,0,-0.9936,0,-0.1128,167.5912,0,1,0,0,0.1128,0,-0.9936,-103.5823,0,0,0,1
47.28687,167.564,0,-103.8309,1.030683,1.030683,-22.92699,205.3435,0.25,16.65362,125.9555,0,-0.9941,0,-0.1089,167.564,0,1,0,0,0.1089,0,-0.9941,-103.8309,0,0,0,1
47.29796,167.5378,0,-104.0795,1.047492,1.047492,-22.92699,205.3435,0.25,16.65362,126.2006,0,-0.9945,0,-0.1049,167.5378,0,1,0,0,0.1049,0,-0.9945,-104.0795,0,0,0,1
47.30923,167.5126,0,-104.3282,1.066259,1.066259,-22.92699,205.3435,0.25,16.65362,126.4456,0,-0.9949,0,-0.1009,167.5126,0,1,0,0,0.1009,0,-0.9949,-104.3282,0,0,0,1
47.32011,167.4651,0,-104.8259,1.100745,1.100745,-22.92699,205.3435,0.25,16.65362,126.935,0,-0.9957,0,-0.0929,167.4651,0,1,0,0,0.0929,0,-0.9957,-104.8259,0,0,0,1
47.33133,167.4429,0,-105.075,1.117401,1.117401,-22.92699,205.3435,0.25,16.65362,127.1794,0,-0.996,0,-0.089,167.4429,0,1,0,0,0.089,0,-0.996,-105.075,0,0,0,1
47.34248,167.4216,0,-105.324,1.136379,1.136379,-22.92699,205.3435,0.25,16.65362,127.4237,0,-0.9964,0,-0.085,167.4216,0,1,0,0,0.085,0,-0.9964,-105.324,0,0,0,1
47.35334,167.4014,0,-105.5732,1.15433,1.15433,-22.92699,205.3435,0.25,16.65362,127.6677,0,-0.9967,0,-0.081,167.4014,0,1,0,0,0.081,0,-0.9967,-105.5732,0,0,0,1
47.36454,167.3821,0,-105.8225,1.171285,1.171285,-22.92699,205.3435,0.25,16.65362,127.9116,0,-0.997,0,-0.077,167.3821,0,1,0,0,0.077,0,-0.997,-105.8225,0,0,0,1
47.3768,167.3639,0,-106.0718,1.187755,1.187755,-22.92699,205.3435,0.25,16.65362,128.1552,0,-0.9973,0,-0.073,167.3639,0,1,0,0,0.073,0,-0.9973,-106.0718,0,0,0,1
47.38665,167.3466,0,-106.3212,1.206935,1.206935,-22.92699,205.3435,0.25,16.65362,128.3987,0,-0.9976,0,-0.069,167.3466,0,1,0,0,0.069,0,-0.9976,-106.3212,0,0,0,1
47.39798,167.3304,0,-106.5707,1.225087,1.225087,-22.92699,205.3435,0.25,16.65362,128.6419,0,-0.9979,0,-0.065,167.3304,0,1,0,0,0.065,0,-0.9979,-106.5707,0,0,0,1
47.40904,167.3151,0,-106.8202,1.242241,1.242241,-22.92699,205.3435,0.25,16.65362,128.8849,0,-0.9981,0,-0.061,167.3151,0,1,0,0,0.061,0,-0.9981,-106.8202,0,0,0,1
47.41986,167.3008,0,-107.0698,1.258519,1.258519,-22.93797,205.3435,0.25,16.65362,129.1277,0,-0.9984,0,-0.057,167.3008,0,1,0,0,0.057,0,-0.9984,-107.0698,0,0,0,1
47.43107,167.2753,0,-107.5692,1.296238,1.296238,-22.98192,205.3435,0.25,16.65362,129.6127,0,-0.9988,0,-0.049,167.2753,0,1,0,0,0.049,0,-0.9988,-107.5692,0,0,0,1
47.44249,167.2641,0,-107.8189,1.313551,1.313551,-23.10277,205.3435,0.25,16.65362,129.8549,0,-0.999,0,-0.045,167.2641,0,1,0,0,0.045,0,-0.999,-107.8189,0,0,0,1
47.45322,167.2538,0,-108.0687,1.329847,1.329847,-23.26757,205.3435,0.25,16.65362,130.0969,0,-0.9992,0,-0.0409,167.2538,0,1,0,0,0.0409,0,-0.9992,-108.0687,0,0,0,1
47.46433,167.2446,0,-108.3185,1.349122,1.349122,-23.52758,205.3435,0.25,16.65362,130.3386,0,-0.9993,0,-0.0368,167.2446,0,1,0,0,0.0368,0,-0.9993,-108.3185,0,0,0,1
47.47906,167.2365,0,-108.5684,1.3676,1.3676,-23.89746,205.3435,0.25,16.65362,130.5801,0,-0.9995,0,-0.0327,167.2365,0,1,0,0,0.0327,0,-0.9995,-108.5684,0,0,0,1
47.48831,167.2294,0,-108.8183,1.384985,1.384985,-24.27833,205.3435,0.25,16.65362,130.8214,0,-0.9996,0,-0.0284,167.2294,0,1,0,0,0.0284,0,-0.9996,-108.8183,0,0,0,1
47.49782,167.2233,0,-109.0682,1.401276,1.401276,-24.56397,205.3435,0.25,16.65362,131.0623,0,-0.9997,0,-0.0241,167.2233,0,1,0,0,0.0241,0,-0.9997,-109.0682,0,0,0,1
47.50819,167.2184,0,-109.3182,1.420063,1.420063,-24.94484,205.3435,0.25,16.65362,131.3031,0,-0.9998,0,-0.0198,167.2184,0,1,0,0,0.0198,0,-0.9998,-109.3182,0,0,0,1
47.5192,167.2145,0,-109.5682,1.438407,1.438407,-25.36232,205.3435,0.25,16.65362,131.5435,0,-0.9999,0,-0.0154,167.2145,0,1,0,0,0.0154,0,-0.9999,-109.5682,0,0,0,1
47.53029,167.2102,0,-110.0681,1.471656,1.471656,-25.90799,205.3435,0.25,16.65362,132.0237,0,-1,0,-0.0063,167.2102,0,1,0,0,0.0063,0,-1,-110.0681,0,0,0,1
47.54146,167.2098,0,-110.3181,1.489647,1.489647,-26.46097,205.3435,0.25,16.65362,132.2633,0,-1,0,-0.0017,167.2098,0,1,0,0,0.0017,0,-1,-110.3181,0,0,0,1
47.55253,167.2105,0,-110.5682,1.507617,1.507617,-26.91142,205.3435,0.25,16.65362,132.5026,0,-1,0,0.003,167.2105,0,1,0,0,-0.003,0,-1,-110.5682,0,0,0,1
47.5637,167.2125,0,-110.8181,1.524368,1.524368,-27.34356,205.3435,0.25,16.65362,132.7416,0,-1,0,0.0078,167.2125,0,1,0,0,-0.0078,0,-1,-110.8181,0,0,0,1
47.57488,167.2156,0,-111.0681,1.539867,1.539867,-27.92584,205.3435,0.25,16.65362,132.9803,0,-0.9999,0,0.0126,167.2156,0,1,0,0,-0.0126,0,-0.9999,-111.0681,0,0,0,1
47.58568,167.22,0,-111.3181,1.556777,1.556777,-28.23712,205.3435,0.25,16.65362,133.2187,0,-0.9998,0,0.0176,167.22,0,1,0,0,-0.0176,0,-0.9998,-111.3181,0,0,0,1
47.59706,167.2257,0,-111.568,1.574041,1.574041,-28.71321,205.3435,0.25,16.65362,133.4568,0,-0.9997,0,0.0226,167.2257,0,1,0,0,-0.0226,0,-0.9997,-111.568,0,0,0,1
47.60828,167.2326,0,-111.8179,1.590021,1.590021,-29.14168,205.3435,0.25,16.65362,133.6945,0,-0.9996,0,0.0277,167.2326,0,1,0,0,-0.0277,0,-0.9996,-111.8179,0,0,0,1
47.619,167.2408,0,-112.0678,1.604686,1.604686,-29.48592,205.3435,0.25,16.65362,133.9318,0,-0.9995,0,0.0328,167.2408,0,1,0,0,-0.0328,0,-0.9995,-112.0678,0,0,0,1
47.63031,167.2611,0,-112.5674,1.636526,1.636526,-29.82651,205.3435,0.25,16.65362,134.4054,0,-0.9991,0,0.0432,167.2611,0,1,0,0,-0.0432,0,-0.9991,-112.5674,0,0,0,1
47.6418,167.2732,0,-112.8171,1.651477,1.651477,-30.34653,205.3435,0.25,16.65362,134.6416,0,-0.9988,0,0.0485,167.2732,0,1,0,0,-0.0485,0,-0.9988,-112.8171,0,0,0,1
47.65235,167.2867,0,-113.0667,1.665094,1.665094,-30.56992,205.3435,0.25,16.65362,134.8774,0,-0.9986,0,0.0538,167.2867,0,1,0,0,-0.0538,0,-0.9986,-113.0667,0,0,0,1
47.66352,167.3015,0,-113.3163,1.678998,1.678998,-30.87022,205.3435,0.25,16.65362,135.1128,0,-0.9982,0,0.0592,167.3015,0,1,0,0,-0.0592,0,-0.9982,-113.3163,0,0,0,1
47.67496,167.3177,0,-113.5657,1.694135,1.694135,-31.20714,205.3435,0.25,16.65362,135.3479,0,-0.9979,0,0.0646,167.3177,0,1,0,0,-0.0646,0,-0.9979,-113.5657,0,0,0,1
47.68579,167.3352,0,-113.8151,1.707921,1.707921,-31.44518,205.3435,0.25,16.65362,135.5825,0,-0.9975,0,0.0701,167.3352,0,1,0,0,-0.0701,0,-0.9975,-113.8151,0,0,0,1
47.69684,167.3541,0,-114.0644,1.72026,1.72026,-31.69055,205.3435,0.25,16.65362,135.8167,0,-0.9971,0,0.0756,167.3541,0,1,0,0,-0.0756,0,-0.9971,-114.0644,0,0,0,1
47.70819,167.3744,0,-114.3136,1.732344,1.732344,-31.87732,205.3435,0.25,16.65362,136.0504,0,-0.9967,0,0.0812,167.3744,0,1,0,0,-0.0812,0,-0.9967,-114.3136,0,0,0,1
47.71913,167.3961,0,-114.5626,1.746179,1.746179,-32.00916,205.3435,0.25,16.65362,136.2837,0,-0.9962,0,0.0867,167.3961,0,1,0,0,-0.0867,0,-0.9962,-114.5626,0,0,0,1
47.73008,167.4436,0,-115.0604,1.769532,1.769532,-32.14832,205.3435,0.25,16.65362,136.749,0,-0.9952,0,0.0979,167.4436,0,1,0,0,-0.0979,0,-0.9952,-115.0604,0,0,0,1
47.74201,167.4695,0,-115.309,1.779685,1.779685,-32.26917,205.3435,0.25,16.65362,136.981,0,-0.9946,0,0.1035,167.4695,0,1,0,0,-0.1035,0,-0.9946,-115.309,0,0,0,1
47.75267,167.4968,0,-115.5575,1.792107,1.792107,-32.34241,205.3435,0.25,16.65362,137.2124,0,-0.994,0,0.1091,167.4968,0,1,0,0,-0.1091,0,-0.994,-115.5575,0,0,0,1
47.7636,167.5255,0,-115.8059,1.803061,1.803061,-32.43396,205.3435,0.25,16.65362,137.4435,0,-0.9934,0,0.1148,167.5255,0,1,0,0,-0.1148,0,-0.9934,-115.8059,0,0,0,1
47.77475,167.5556,0,-116.0541,1.812593,1.812593,-32.55481,205.3435,0.25,16.65362,137.674,0,-0.9927,0,0.1204,167.5556,0,1,0,0,-0.1204,0,-0.9927,-116.0541,0,0,0,1
47.78581,167.5871,0,-116.3021,1.820827,1.820827,-32.67933,205.3435,0.25,16.65362,137.9041,0,-0.992,0,0.1261,167.5871,0,1,0,0,-0.1261,0,-0.992,-116.3021,0,0,0,1
47.7969,167.62,0,-116.5499,1.831658,1.831658,-32.84047,205.3435,0.25,16.65362,138.1336,0,-0.9913,0,0.1317,167.62,0,1,0,0,-0.1317,0,-0.9913,-116.5499,0,0,0,1
47.81115,167.6902,0,-117.0449,1.84908,1.84908,-33.00892,205.3435,0.25,16.65362,138.5912,0,-0.9897,0,0.1432,167.6902,0,1,0,0,-0.1432,0,-0.9897,-117.0449,0,0,0,1
47.82197,167.7274,0,-117.2922,1.855572,1.855572,-33.24697,205.3435,0.25,16.65362,138.8192,0,-0.9889,0,0.1489,167.7274,0,1,0,0,-0.1489,0,-0.9889,-117.2922,0,0,0,1
47.83047,167.7661,0,-117.5391,1.864441,1.864441,-33.42275,205.3435,0.25,16.65362,139.0467,0,-0.988,0,0.1547,167.7661,0,1,0,0,-0.1547,0,-0.988,-117.5391,0,0,0,1
47.84126,167.8062,0,-117.7859,1.872298,1.872298,-33.58755,205.3435,0.25,16.65362,139.2737,0,-0.987,0,0.1605,167.8062,0,1,0,0,-0.1605,0,-0.987,-117.7859,0,0,0,1
47.85243,167.8478,0,-118.0324,1.878644,1.878644,-33.85122,205.3435,0.25,16.65362,139.5002,0,-0.9861,0,0.1663,167.8478,0,1,0,0,-0.1663,0,-0.9861,-118.0324,0,0,0,1
47.8638,167.8908,0,-118.2787,1.883449,1.883449,-34.08927,205.3435,0.25,16.65362,139.726,0,-0.9851,0,0.1722,167.8908,0,1,0,0,-0.1722,0,-0.9851,-118.2787,0,0,0,1
47.87505,167.9353,0,-118.5247,1.89006,1.89006,-34.38224,205.3435,0.25,16.65362,139.9513,0,-0.984,0,0.1781,167.9353,0,1,0,0,-0.1781,0,-0.984,-118.5247,0,0,0,1
47.88607,167.9813,0,-118.7704,1.896122,1.896122,-34.68986,205.3435,0.25,16.65362,140.1761,0,-0.9829,0,0.184,167.9813,0,1,0,0,-0.184,0,-0.9829,-118.7704,0,0,0,1
47.89748,168.0288,0,-119.0159,1.900639,1.900639,-34.92791,205.3435,0.25,16.65362,140.4002,0,-0.9818,0,0.19,168.0288,0,1,0,0,-0.19,0,-0.9818,-119.0159,0,0,0,1
47.90885,168.0778,0,-119.261,1.903579,1.903579,-35.23919,205.3435,0.25,16.65362,140.6238,0,-0.9806,0,0.196,168.0778,0,1,0,0,-0.196,0,-0.9806,-119.261,0,0,0,1
47.91981,168.1284,0,-119.5059,1.907709,1.907709,-35.38933,205.3435,0.25,16.65362,140.8468,0,-0.9794,0,0.2021,168.1284,0,1,0,0,-0.2021,0,-0.9794,-119.5059,0,0,0,1
47.93112,168.234,0,-119.9946,1.914359,1.914359,-35.60174,205.3435,0.25,16.65362,141.2908,0,-0.9768,0,0.2142,168.234,0,1,0,0,-0.2142,0,-0.9768,-119.9946,0,0,0,1
47.9427,168.289,0,-120.2384,1.915295,1.915295,-35.75188,205.3435,0.25,16.65362,141.5119,0,-0.9754,0,0.2203,168.289,0,1,0,0,-0.2203,0,-0.9754,-120.2384,0,0,0,1
47.95349,168.3457,0,-120.4819,1.916852,1.916852,-35.84344,205.3435,0.25,16.65362,141.7324,0,-0.974,0,0.2264,168.3457,0,1,0,0,-0.2264,0,-0.974,-120.4819,0,0,0,1
47.96457,168.4038,0,-120.7251,1.918929,1.918929,-35.86908,205.3435,0.25,16.65362,141.9521,0,-0.9726,0,0.2325,168.4038,0,1,0,0,-0.2325,0,-0.9726,-120.7251,0,0,0,1
