time,pos_x,pos_y,pos_z,distFromRoadCenter,signedDistFromRoadCenter,wheelAngle,obstacle_pos_x,obstacle_pos_y,obstacle_pos_z,distance_to_obstacle,brake_position,simplecar_4x4_R0C0,simplecar_4x4_R0C1,simplecar_4x4_R0C2,simplecar_4x4_R0C3,simplecar_4x4_R1C0,simplecar_4x4_R1C1,simplecar_4x4_R1C2,simplecar_4x4_R1C3,simplecar_4x4_R2C0,simplecar_4x4_R2C1,simplecar_4x4_R2C2,simplecar_4x4_R2C3,simplecar_4x4_R3C0,simplecar_4x4_R3C1,simplecar_4x4_R3C2,simplecar_4x4_R3C3
67.20064,486.3916,0,-405.4006,0.929506,0.929506,0.921035,542.4579,0.25,-426.3083,59.51637,0,-0.4317,0,0.902,486.3916,0,1,0,0,-0.902,0,-0.4317,-405.4006,0,0,0,1
67.21483,486.6171,0,-405.5085,0.930511,0.930511,0.829482,542.4579,0.25,-426.3083,59.26743,0,-0.4318,0,0.902,486.6171,0,1,0,0,-0.902,0,-0.4318,-405.5085,0,0,0,1
67.22256,486.8426,0,-405.6165,0.931554,0.931554,0.785537,542.4579,0.25,-426.3083,59.01852,0,-0.4319,0,0.9019,486.8426,0,1,0,0,-0.9019,0,-0.4319,-405.6165,0,0,0,1
67.23212,487.068,0,-405.7245,0.932633,0.932633,0.752578,542.4579,0.25,-426.3083,58.76963,0,-0.4321,0,0.9018,487.068,0,1,0,0,-0.9018,0,-0.4321,-405.7245,0,0,0,1
67.24213,487.2935,0,-405.8326,0.93378,0.93378,0.68666,542.4579,0.25,-426.3083,58.52071,0,-0.4322,0,0.9018,487.2935,0,1,0,0,-0.9018,0,-0.4322,-405.8326,0,0,0,1
67.25325,487.5189,0,-405.9406,0.934899,0.934899,0.639052,542.4579,0.25,-426.3083,58.27187,0,-0.4323,0,0.9017,487.5189,0,1,0,0,-0.9017,0,-0.4323,-405.9406,0,0,0,1
67.26522,487.7443,0,-406.0487,0.936073,0.936073,0.584121,542.4579,0.25,-426.3083,58.02295,0,-0.4324,0,0.9017,487.7443,0,1,0,0,-0.9017,0,-0.4324,-406.0487,0,0,0,1
67.28084,488.1951,0,-406.265,0.938475,0.938475,0.49623,542.4579,0.25,-426.3083,57.52525,0,-0.4325,0,0.9016,488.1951,0,1,0,0,-0.9016,0,-0.4325,-406.265,0,0,0,1
67.29132,488.4205,0,-406.3731,0.939731,0.939731,0.444946,542.4579,0.25,-426.3083,57.2764,0,-0.4326,0,0.9016,488.4205,0,1,0,0,-0.9016,0,-0.4326,-406.3731,0,0,0,1
67.29967,488.4205,0,-406.3731,0.939731,0.939731,0.444946,542.4579,0.25,-426.3083,57.2764,0,-0.4326,0,0.9016,488.4205,0,1,0,0,-0.9016,0,-0.4326,-406.3731,0,0,0,1
67.3088,488.6459,0,-406.4813,0.940974,0.940974,0.371704,542.4579,0.25,-426.3083,57.02756,0,-0.4326,0,0.9016,488.6459,0,1,0,0,-0.9016,0,-0.4326,-406.4813,0,0,0,1
67.31987,488.8713,0,-406.5894,0.942257,0.942257,0.349731,542.4579,0.25,-426.3083,56.77875,0,-0.4327,0,0.9015,488.8713,0,1,0,0,-0.9015,0,-0.4327,-406.5894,0,0,0,1
67.33107,489.3221,0,-406.8058,0.944823,0.944823,0.346069,542.4579,0.25,-426.3083,56.28115,0,-0.4328,0,0.9015,489.3221,0,1,0,0,-0.9015,0,-0.4328,-406.8058,0,0,0,1
67.34272,489.5474,0,-406.9141,0.946134,0.946134,0.346069,542.4579,0.25,-426.3083,56.03236,0,-0.4329,0,0.9015,489.5474,0,1,0,0,-0.9015,0,-0.4329,-406.9141,0,0,0,1
67.35338,489.7728,0,-407.0223,0.947458,0.947458,0.346069,542.4579,0.25,-426.3083,55.78361,0,-0.4329,0,0.9014,489.7728,0,1,0,0,-0.9014,0,-0.4329,-407.0223,0,0,0,1
67.36784,489.9981,0,-407.1305,0.948809,0.948809,0.346069,542.4579,0.25,-426.3083,55.53487,0,-0.433,0,0.9014,489.9981,0,1,0,0,-0.9014,0,-0.433,-407.1305,0,0,0,1
67.38017,490.4488,0,-407.347,0.951512,0.951512,0.353394,542.4579,0.25,-426.3083,55.03736,0,-0.4331,0,0.9014,490.4488,0,1,0,0,-0.9014,0,-0.4331,-407.347,0,0,0,1
67.38843,490.4488,0,-407.347,0.951512,0.951512,0.353394,542.4579,0.25,-426.3083,55.03736,0,-0.4331,0,0.9014,490.4488,0,1,0,0,-0.9014,0,-0.4331,-407.347,0,0,0,1
67.39676,490.6741,0,-407.4553,0.952891,0.952891,0.401001,542.4579,0.25,-426.3083,54.78867,0,-0.4331,0,0.9013,490.6741,0,1,0,0,-0.9013,0,-0.4331,-407.4553,0,0,0,1
67.4077,490.8995,0,-407.5637,0.954324,0.954324,0.441284,542.4579,0.25,-426.3083,54.53993,0,-0.4332,0,0.9013,490.8995,0,1,0,0,-0.9013,0,-0.4332,-407.5637,0,0,0,1
67.41877,491.1248,0,-407.672,0.95573,0.95573,0.49623,542.4579,0.25,-426.3083,54.29125,0,-0.4333,0,0.9013,491.1248,0,1,0,0,-0.9013,0,-0.4333,-407.672,0,0,0,1
67.42976,491.3501,0,-407.7803,0.957163,0.957163,0.562148,542.4579,0.25,-426.3083,54.04257,0,-0.4334,0,0.9012,491.3501,0,1,0,0,-0.9012,0,-0.4334,-407.7803,0,0,0,1
67.4413,491.8007,0,-407.9971,0.960166,0.960166,0.63539,542.4579,0.25,-426.3083,53.54527,0,-0.4336,0,0.9011,491.8007,0,1,0,0,-0.9011,0,-0.4336,-407.9971,0,0,0,1
67.452,492.0259,0,-408.1055,0.961682,0.961682,0.708633,542.4579,0.25,-426.3083,53.29667,0,-0.4337,0,0.9011,492.0259,0,1,0,0,-0.9011,0,-0.4337,-408.1055,0,0,0,1
67.46306,492.2512,0,-408.2139,0.963265,0.963265,0.778213,542.4579,0.25,-426.3083,53.04805,0,-0.4338,0,0.901,492.2512,0,1,0,0,-0.901,0,-0.4338,-408.2139,0,0,0,1
67.47424,492.4764,0,-408.3224,0.964917,0.964917,0.851455,542.4579,0.25,-426.3083,52.79946,0,-0.434,0,0.9009,492.4764,0,1,0,0,-0.9009,0,-0.434,-408.3224,0,0,0,1
67.48586,492.7016,0,-408.431,0.966569,0.966569,0.902724,542.4579,0.25,-426.3083,52.55088,0,-0.4341,0,0.9009,492.7016,0,1,0,0,-0.9009,0,-0.4341,-408.431,0,0,0,1
67.49654,492.9268,0,-408.5395,0.968262,0.968262,0.990615,542.4579,0.25,-426.3083,52.30236,0,-0.4343,0,0.9008,492.9268,0,1,0,0,-0.9008,0,-0.4343,-408.5395,0,0,0,1
67.50772,493.152,0,-408.6481,0.969982,0.969982,1.041884,542.4579,0.25,-426.3083,52.05378,0,-0.4344,0,0.9007,493.152,0,1,0,0,-0.9007,0,-0.4344,-408.6481,0,0,0,1
67.51856,493.3771,0,-408.7568,0.97177,0.97177,1.096816,542.4579,0.25,-426.3083,51.80526,0,-0.4346,0,0.9006,493.3771,0,1,0,0,-0.9006,0,-0.4346,-408.7568,0,0,0,1
67.53065,493.8274,0,-408.9742,0.975483,0.975483,1.140761,542.4579,0.25,-426.3083,51.30827,0,-0.4349,0,0.9005,493.8274,0,1,0,0,-0.9005,0,-0.4349,-408.9742,0,0,0,1
67.54222,494.0525,0,-409.083,0.977436,0.977436,1.188369,542.4579,0.25,-426.3083,51.05979,0,-0.4351,0,0.9004,494.0525,0,1,0,0,-0.9004,0,-0.4351,-409.083,0,0,0,1
67.55173,494.2776,0,-409.1918,0.979429,0.979429,1.206679,542.4579,0.25,-426.3083,50.81133,0,-0.4353,0,0.9003,494.2776,0,1,0,0,-0.9003,0,-0.4353,-409.1918,0,0,0,1
67.5631,494.5026,0,-409.3007,0.98149,0.98149,1.210341,542.4579,0.25,-426.3083,50.56291,0,-0.4355,0,0.9002,494.5026,0,1,0,0,-0.9002,0,-0.4355,-409.3007,0,0,0,1
67.57443,494.7276,0,-409.4096,0.983579,0.983579,1.210341,542.4579,0.25,-426.3083,50.31453,0,-0.4357,0,0.9001,494.7276,0,1,0,0,-0.9001,0,-0.4357,-409.4096,0,0,0,1
67.58519,494.9526,0,-409.5186,0.985749,0.985749,1.210341,542.4579,0.25,-426.3083,50.06615,0,-0.4359,0,0.9,494.9526,0,1,0,0,-0.9,0,-0.4359,-409.5186,0,0,0,1
67.59629,495.1776,0,-409.6276,0.987934,0.987934,1.210341,542.4579,0.25,-426.3083,49.8178,0,-0.4361,0,0.8999,495.1776,0,1,0,0,-0.8999,0,-0.4361,-409.6276,0,0,0,1
67.61149,495.6275,0,-409.8458,0.992506,0.992506,1.210341,542.4579,0.25,-426.3083,49.32115,0,-0.4365,0,0.8997,495.6275,0,1,0,0,-0.8997,0,-0.4365,-409.8458,0,0,0,1
67.62188,495.8524,0,-409.955,0.994868,0.994868,1.210341,542.4579,0.25,-426.3083,49.07286,0,-0.4367,0,0.8996,495.8524,0,1,0,0,-0.8996,0,-0.4367,-409.955,0,0,0,1
67.62946,495.8524,0,-409.955,0.994868,0.994868,1.210341,542.4579,0.25,-426.3083,49.07286,0,-0.4367,0,0.8996,495.8524,0,1,0,0,-0.8996,0,-0.4367,-409.955,0,0,0,1
67.64074,496.3022,0,-410.1735,0.999755,0.999755,1.210341,542.4579,0.25,-426.3083,48.57637,0,-0.437,0,0.8994,496.3022,0,1,0,0,-0.8994,0,-0.437,-410.1735,0,0,0,1
67.65189,496.527,0,-410.2828,1.002294,1.002294,1.210341,542.4579,0.25,-426.3083,48.32814,0,-0.4372,0,0.8994,496.527,0,1,0,0,-0.8994,0,-0.4372,-410.2828,0,0,0,1
67.66304,496.7518,0,-410.3921,1.00482,1.00482,1.210341,542.4579,0.25,-426.3083,48.07996,0,-0.4374,0,0.8993,496.7518,0,1,0,0,-0.8993,0,-0.4374,-410.3921,0,0,0,1
67.67424,496.9766,0,-410.5015,1.007467,1.007467,1.210341,542.4579,0.25,-426.3083,47.83179,0,-0.4376,0,0.8992,496.9766,0,1,0,0,-0.8992,0,-0.4376,-410.5015,0,0,0,1
67.68513,497.2014,0,-410.611,1.010157,1.010157,1.210341,542.4579,0.25,-426.3083,47.58366,0,-0.4378,0,0.8991,497.2014,0,1,0,0,-0.8991,0,-0.4378,-410.611,0,0,0,1
67.69618,497.4261,0,-410.7205,1.01286,1.01286,1.210341,542.4579,0.25,-426.3083,47.33554,0,-0.438,0,0.899,497.4261,0,1,0,0,-0.899,0,-0.438,-410.7205,0,0,0,1
67.70824,497.6508,0,-410.83,1.015671,1.015671,1.210341,542.4579,0.25,-426.3083,47.08747,0,-0.4382,0,0.8989,497.6508,0,1,0,0,-0.8989,0,-0.4382,-410.83,0,0,0,1
67.71853,497.8755,0,-410.9396,1.018511,1.018511,1.210341,542.4579,0.25,-426.3083,46.83941,0,-0.4384,0,0.8988,497.8755,0,1,0,0,-0.8988,0,-0.4384,-410.9396,0,0,0,1
67.72968,498.1002,0,-411.0493,1.021405,1.021405,1.210341,542.4579,0.25,-426.3083,46.59138,0,-0.4386,0,0.8987,498.1002,0,1,0,0,-0.8987,0,-0.4386,-411.0493,0,0,0,1
67.74094,498.5495,0,-411.2687,1.027329,1.027329,1.210341,542.4579,0.25,-426.3083,46.09542,0,-0.4389,0,0.8985,498.5495,0,1,0,0,-0.8985,0,-0.4389,-411.2687,0,0,0,1
67.75283,498.7741,0,-411.3784,1.030388,1.030388,1.210341,542.4579,0.25,-426.3083,45.84747,0,-0.4391,0,0.8984,498.7741,0,1,0,0,-0.8984,0,-0.4391,-411.3784,0,0,0,1
67.76358,498.9987,0,-411.4883,1.0335,1.0335,1.210341,542.4579,0.25,-426.3083,45.59959,0,-0.4393,0,0.8983,498.9987,0,1,0,0,-0.8983,0,-0.4393,-411.4883,0,0,0,1
67.77467,499.2232,0,-411.5981,1.03664,1.03664,1.210341,542.4579,0.25,-426.3083,45.35172,0,-0.4395,0,0.8982,499.2232,0,1,0,0,-0.8982,0,-0.4395,-411.5981,0,0,0,1
67.78609,499.4478,0,-411.7081,1.039847,1.039847,1.210341,542.4579,0.25,-426.3083,45.10382,0,-0.4397,0,0.8981,499.4478,0,1,0,0,-0.8981,0,-0.4397,-411.7081,0,0,0,1
67.79754,499.6723,0,-411.818,1.043056,1.043056,1.210341,542.4579,0.25,-426.3083,44.85601,0,-0.4399,0,0.8981,499.6723,0,1,0,0,-0.8981,0,-0.4399,-411.818,0,0,0,1
67.80903,499.8968,0,-411.928,1.0464,1.0464,1.210341,542.4579,0.25,-426.3083,44.60822,0,-0.4401,0,0.898,499.8968,0,1,0,0,-0.898,0,-0.4401,-411.928,0,0,0,1
67.82108,500.3457,0,-412.1482,1.053185,1.053185,1.210341,542.4579,0.25,-426.3083,44.11272,0,-0.4404,0,0.8978,500.3457,0,1,0,0,-0.8978,0,-0.4404,-412.1482,0,0,0,1
67.83141,500.5701,0,-412.2584,1.056706,1.056706,1.210341,542.4579,0.25,-426.3083,43.86501,0,-0.4406,0,0.8977,500.5701,0,1,0,0,-0.8977,0,-0.4406,-412.2584,0,0,0,1
67.84309,500.7945,0,-412.3686,1.060146,1.060146,1.210341,542.4579,0.25,-426.3083,43.61737,0,-0.4408,0,0.8976,500.7945,0,1,0,0,-0.8976,0,-0.4408,-412.3686,0,0,0,1
67.8541,501.0189,0,-412.4788,1.063764,1.063764,1.210341,542.4579,0.25,-426.3083,43.36978,0,-0.441,0,0.8975,501.0189,0,1,0,0,-0.8975,0,-0.441,-412.4788,0,0,0,1
67.86556,501.2433,0,-412.5891,1.067368,1.067368,1.210341,542.4579,0.25,-426.3083,43.12211,0,-0.4412,0,0.8974,501.2433,0,1,0,0,-0.8974,0,-0.4412,-412.5891,0,0,0,1
67.87717,501.4676,0,-412.6995,1.071053,1.071053,1.188369,542.4579,0.25,-426.3083,42.87457,0,-0.4414,0,0.8973,501.4676,0,1,0,0,-0.8973,0,-0.4414,-412.6995,0,0,0,1
67.88813,501.6919,0,-412.8099,1.074794,1.074794,1.162734,542.4579,0.25,-426.3083,42.62706,0,-0.4416,0,0.8972,501.6919,0,1,0,0,-0.8972,0,-0.4416,-412.8099,0,0,0,1
67.89934,501.9162,0,-412.9203,1.078588,1.078588,1.115127,542.4579,0.25,-426.3083,42.37958,0,-0.4418,0,0.8971,501.9162,0,1,0,0,-0.8971,0,-0.4418,-412.9203,0,0,0,1
67.91068,502.3647,0,-413.1413,1.086247,1.086247,1.038222,542.4579,0.25,-426.3083,41.88472,0,-0.4421,0,0.897,502.3647,0,1,0,0,-0.897,0,-0.4421,-413.1413,0,0,0,1
67.92191,502.5889,0,-413.2519,1.090205,1.090205,0.94667,542.4579,0.25,-426.3083,41.63731,0,-0.4422,0,0.8969,502.5889,0,1,0,0,-0.8969,0,-0.4422,-413.2519,0,0,0,1
67.93331,502.8131,0,-413.3625,1.094151,1.094151,0.822158,542.4579,0.25,-426.3083,41.39,0,-0.4424,0,0.8968,502.8131,0,1,0,0,-0.8968,0,-0.4424,-413.3625,0,0,0,1
67.94801,503.0373,0,-413.4731,1.098096,1.098096,0.540175,542.4579,0.25,-426.3083,41.14269,0,-0.4424,0,0.8968,503.0373,0,1,0,0,-0.8968,0,-0.4424,-413.4731,0,0,0,1
67.9581,503.2615,0,-413.5837,1.102095,1.102095,0.305786,542.4579,0.25,-426.3083,40.89546,0,-0.4425,0,0.8968,503.2615,0,1,0,0,-0.8968,0,-0.4425,-413.5837,0,0,0,1
67.96671,503.4857,0,-413.6943,1.106068,1.106068,0.056763,542.4579,0.25,-426.3083,40.64818,0,-0.4425,0,0.8968,503.4857,0,1,0,0,-0.8968,0,-0.4425,-413.6943,0,0,0,1
67.97783,503.7099,0,-413.8049,1.110095,1.110095,-0.166626,542.4579,0.25,-426.3083,40.40102,0,-0.4425,0,0.8968,503.7099,0,1,0,0,-0.8968,0,-0.4425,-413.8049,0,0,0,1
67.98901,503.9341,0,-413.9155,1.11404,1.11404,-0.496223,542.4579,0.25,-426.3083,40.15384,0,-0.4424,0,0.8968,503.9341,0,1,0,0,-0.8968,0,-0.4424,-413.9155,0,0,0,1
68.00156,504.3825,0,-414.1366,1.121848,1.121848,-0.855117,542.4579,0.25,-426.3083,39.65959,0,-0.4421,0,0.897,504.3825,0,1,0,0,-0.897,0,-0.4421,-414.1366,0,0,0,1
68.01112,504.6068,0,-414.2471,1.12563,1.12563,-1.283591,542.4579,0.25,-426.3083,39.41251,0,-0.4419,0,0.8971,504.6068,0,1,0,0,-0.8971,0,-0.4419,-414.2471,0,0,0,1
68.02157,504.8311,0,-414.3575,1.129411,1.129411,-1.679106,542.4579,0.25,-426.3083,39.16543,0,-0.4417,0,0.8972,504.8311,0,1,0,0,-0.8972,0,-0.4417,-414.3575,0,0,0,1
68.03254,505.0555,0,-414.4678,1.133083,1.133083,-2.12589,542.4579,0.25,-426.3083,38.9184,0,-0.4413,0,0.8973,505.0555,0,1,0,0,-0.8973,0,-0.4413,-414.4678,0,0,0,1
68.04389,505.2798,0,-414.5781,1.136633,1.136633,-2.821698,542.4579,0.25,-426.3083,38.67138,0,-0.4409,0,0.8976,505.2798,0,1,0,0,-0.8976,0,-0.4409,-414.5781,0,0,0,1
68.05481,505.5043,0,-414.6882,1.140045,1.140045,-3.261158,542.4579,0.25,-426.3083,38.4244,0,-0.4404,0,0.8978,505.5043,0,1,0,0,-0.8978,0,-0.4404,-414.6882,0,0,0,1
68.06587,505.7288,0,-414.7981,1.143253,1.143253,-3.858089,542.4579,0.25,-426.3083,38.17739,0,-0.4398,0,0.8981,505.7288,0,1,0,0,-0.8981,0,-0.4398,-414.7981,0,0,0,1
68.07704,505.9534,0,-414.9079,1.146297,1.146297,-4.649119,542.4579,0.25,-426.3083,37.93042,0,-0.439,0,0.8985,505.9534,0,1,0,0,-0.8985,0,-0.439,-414.9079,0,0,0,1
68.08823,506.1782,0,-415.0175,1.149096,1.149096,-5.341265,542.4579,0.25,-426.3083,37.68343,0,-0.4382,0,0.8989,506.1782,0,1,0,0,-0.8989,0,-0.4382,-415.0175,0,0,0,1
68.09911,506.403,0,-415.1268,1.151635,1.151635,-6.183565,542.4579,0.25,-426.3083,37.43647,0,-0.4372,0,0.8993,506.403,0,1,0,0,-0.8993,0,-0.4372,-415.1268,0,0,0,1
68.11054,506.8531,0,-415.3446,1.155757,1.155757,-7.066147,542.4579,0.25,-426.3083,36.94249,0,-0.435,0,0.9004,506.8531,0,1,0,0,-0.9004,0,-0.435,-415.3446,0,0,0,1
68.12159,507.0783,0,-415.453,1.157313,1.157313,-7.816894,542.4579,0.25,-426.3083,36.6955,0,-0.4338,0,0.901,507.0783,0,1,0,0,-0.901,0,-0.4338,-415.453,0,0,0,1
68.13278,507.3038,0,-415.5611,1.158487,1.158487,-8.728773,542.4579,0.25,-426.3083,36.44842,0,-0.4324,0,0.9017,507.3038,0,1,0,0,-0.9017,0,-0.4324,-415.5611,0,0,0,1
68.14377,507.5293,0,-415.6689,1.159266,1.159266,-9.618681,542.4579,0.25,-426.3083,36.20142,0,-0.4309,0,0.9024,507.5293,0,1,0,0,-0.9024,0,-0.4309,-415.6689,0,0,0,1
68.15477,507.7551,0,-415.7762,1.159593,1.159593,-10.34012,542.4579,0.25,-426.3083,35.95433,0,-0.4293,0,0.9032,507.7551,0,1,0,0,-0.9032,0,-0.4293,-415.7762,0,0,0,1
68.16585,507.9811,0,-415.8831,1.159429,1.159429,-11.03594,542.4579,0.25,-426.3083,35.70722,0,-0.4275,0,0.904,507.9811,0,1,0,0,-0.904,0,-0.4275,-415.8831,0,0,0,1
68.177,508.2074,0,-415.9895,1.158747,1.158747,-11.82696,542.4579,0.25,-426.3083,35.46003,0,-0.4257,0,0.9049,508.2074,0,1,0,0,-0.9049,0,-0.4257,-415.9895,0,0,0,1
68.18796,508.4338,0,-416.0954,1.157532,1.157532,-12.44953,542.4579,0.25,-426.3083,35.21292,0,-0.4237,0,0.9058,508.4338,0,1,0,0,-0.9058,0,-0.4237,-416.0954,0,0,0,1
68.19936,508.6605,0,-416.2008,1.155703,1.155703,-13.17098,542.4579,0.25,-426.3083,34.96566,0,-0.4216,0,0.9068,508.6605,0,1,0,0,-0.9068,0,-0.4216,-416.2008,0,0,0,1
68.2103,509.1147,0,-416.4099,1.15027,1.15027,-14.00229,542.4579,0.25,-426.3083,34.47104,0,-0.4172,0,0.9088,509.1147,0,1,0,0,-0.9088,0,-0.4172,-416.4099,0,0,0,1
68.22149,509.3421,0,-416.5137,1.146625,1.146625,-14.48569,542.4579,0.25,-426.3083,34.22364,0,-0.4149,0,0.9099,509.3421,0,1,0,0,-0.9099,0,-0.4149,-416.5137,0,0,0,1
68.23241,509.5699,0,-416.6168,1.142298,1.142298,-15.18883,542.4579,0.25,-426.3083,33.97618,0,-0.4125,0,0.911,509.5699,0,1,0,0,-0.911,0,-0.4125,-416.6168,0,0,0,1
68.24433,509.7979,0,-416.7193,1.137302,1.137302,-15.78943,542.4579,0.25,-426.3083,33.72864,0,-0.4099,0,0.9121,509.7979,0,1,0,0,-0.9121,0,-0.4099,-416.7193,0,0,0,1
68.2552,510.0262,0,-416.8211,1.131568,1.131568,-16.52552,542.4579,0.25,-426.3083,33.48109,0,-0.4073,0,0.9133,510.0262,0,1,0,0,-0.9133,0,-0.4073,-416.8211,0,0,0,1
68.26566,510.2549,0,-416.9222,1.125084,1.125084,-17.23965,542.4579,0.25,-426.3083,33.23344,0,-0.4046,0,0.9145,510.2549,0,1,0,0,-0.9145,0,-0.4046,-416.9222,0,0,0,1
68.28058,510.7131,0,-417.1224,1.109781,1.109781,-18.03799,542.4579,0.25,-426.3083,32.73796,0.015686,-0.3988,0,0.917,510.7131,0,1,0,0,-0.917,0,-0.3988,-417.1224,0,0,0,1
68.29109,510.9427,0,-417.2213,1.100895,1.100895,-18.59098,542.4579,0.25,-426.3083,32.4901,0.039216,-0.3958,0,0.9183,510.9427,0,1,0,0,-0.9183,0,-0.3958,-417.2213,0,0,0,1
68.29914,510.9427,0,-417.2213,1.100935,1.100935,-18.59098,542.4579,0.25,-426.3083,32.49009,0.054902,-0.3958,0,0.9183,510.9427,0,1,0,0,-0.9183,0,-0.3958,-417.2213,0,0,0,1
68.31019,511.4025,0,-417.4167,1.080637,1.080637,-19.59808,542.4579,0.25,-426.3083,31.99447,0.070588,-0.3895,0,0.921,511.4025,0,1,0,0,-0.921,0,-0.3895,-417.4167,0,0,0,1
68.32136,511.6328,0,-417.5132,1.06921,1.06921,-20.27558,542.4579,0.25,-426.3083,31.74674,0.078431,-0.3863,0,0.9224,511.6328,0,1,0,0,-0.9224,0,-0.3863,-417.5132,0,0,0,1
68.33236,511.8633,0,-417.6087,1.05687,1.05687,-20.96041,542.4579,0.25,-426.3083,31.49908,0.094118,-0.3829,0,0.9238,511.8633,0,1,0,0,-0.9238,0,-0.3829,-417.6087,0,0,0,1
68.34378,512.0939,0,-417.7032,1.043533,1.043533,-21.51705,542.4579,0.25,-426.3083,31.25151,0.109804,-0.3794,0,0.9252,512.0939,0,1,0,0,-0.9252,0,-0.3794,-417.7032,0,0,0,1
68.35529,512.3248,0,-417.7969,1.029309,1.029309,-22.20554,542.4579,0.25,-426.3083,31.00406,0.117647,-0.3758,0,0.9267,512.3248,0,1,0,0,-0.9267,0,-0.3758,-417.7969,0,0,0,1
68.3657,512.5557,0,-417.8895,1.014129,1.014129,-22.89037,542.4579,0.25,-426.3083,30.75679,0.156863,-0.3721,0,0.9282,512.5557,0,1,0,0,-0.9282,0,-0.3721,-417.8895,0,0,0,1
68.37719,512.7868,0,-417.981,0.997912,0.997912,-23.55322,542.4579,0.25,-426.3083,30.50972,0.156863,-0.3683,0,0.9297,512.7868,0,1,0,0,-0.9297,0,-0.3683,-417.981,0,0,0,1
68.38824,513.0179,0,-418.0714,0.981734,0.981734,-24.08423,542.4579,0.25,-426.3083,30.26289,0.172549,-0.3644,0,0.9312,513.0179,0,1,0,0,-0.9312,0,-0.3644,-418.0714,0,0,0,1
68.39941,513.2491,0,-418.1608,0.965418,0.965418,-24.59327,542.4579,0.25,-426.3083,30.01632,0.196078,-0.3604,0,0.9328,513.2491,0,1,0,0,-0.9328,0,-0.3604,-418.1608,0,0,0,1
68.41084,513.7117,0,-418.3359,0.929495,0.929495,-25.18654,542.4579,0.25,-426.3083,29.52404,0.211765,-0.3522,0,0.9359,513.7117,0,1,0,0,-0.9359,0,-0.3522,-418.3359,0,0,0,1
68.4221,513.9429,0,-418.4218,0.911719,0.911719,-25.66262,542.4579,0.25,-426.3083,29.27839,0.219608,-0.348,0,0.9375,513.9429,0,1,0,0,-0.9375,0,-0.348,-418.4218,0,0,0,1
68.43329,514.1741,0,-418.5064,0.894958,0.894958,-26.15335,542.4579,0.25,-426.3083,29.03312,0.227451,-0.3437,0,0.9391,514.1741,0,1,0,0,-0.9391,0,-0.3437,-418.5064,0,0,0,1
68.44454,514.4053,0,-418.5898,0.877034,0.877034,-26.67338,542.4579,0.25,-426.3083,28.7882,0.235294,-0.3393,0,0.9407,514.4053,0,1,0,0,-0.9407,0,-0.3393,-418.5898,0,0,0,1
68.45551,514.6365,0,-418.672,0.858007,0.858007,-26.92241,542.4579,0.25,-426.3083,28.54366,0.243137,-0.3349,0,0.9423,514.6365,0,1,0,0,-0.9423,0,-0.3349,-418.672,0,0,0,1
68.46659,514.8676,0,-418.7529,0.839117,0.839117,-27.25566,542.4579,0.25,-426.3083,28.29952,0.243137,-0.3304,0,0.9438,514.8676,0,1,0,0,-0.9438,0,-0.3304,-418.7529,0,0,0,1
68.4778,515.0985,0,-418.8325,0.82166,0.82166,-27.51934,542.4579,0.25,-426.3083,28.05584,0.243137,-0.3259,0,0.9454,515.0985,0,1,0,0,-0.9454,0,-0.3259,-418.8325,0,0,0,1
68.48879,515.3294,0,-418.9108,0.803014,0.803014,-27.78301,542.4579,0.25,-426.3083,27.81257,0.243137,-0.3213,0,0.947,515.3294,0,1,0,0,-0.947,0,-0.3213,-418.9108,0,0,0,1
68.49996,515.5602,0,-418.9879,0.783234,0.783234,-27.99909,542.4579,0.25,-426.3083,27.56968,0.243137,-0.3167,0,0.9485,515.5602,0,1,0,0,-0.9485,0,-0.3167,-418.9879,0,0,0,1
68.51124,516.0216,0,-419.1382,0.744566,0.744566,-28.20783,542.4579,0.25,-426.3083,27.08523,0.243137,-0.3073,0,0.9516,516.0216,0,1,0,0,-0.9516,0,-0.3073,-419.1382,0,0,0,1
68.52238,516.2521,0,-419.2113,0.725076,0.725076,-28.36164,542.4579,0.25,-426.3083,26.84365,0.243137,-0.3026,0,0.9531,516.2521,0,1,0,0,-0.9531,0,-0.3026,-419.2113,0,0,0,1
68.5332,516.4826,0,-419.2832,0.704374,0.704374,-28.45686,542.4579,0.25,-426.3083,26.60248,0.243137,-0.2979,0,0.9546,516.4826,0,1,0,0,-0.9546,0,-0.2979,-419.2832,0,0,0,1
68.54439,516.713,0,-419.3539,0.682569,0.682569,-28.54475,542.4579,0.25,-426.3083,26.36174,0.243137,-0.2931,0,0.9561,516.713,0,1,0,0,-0.9561,0,-0.2931,-419.3539,0,0,0,1
68.55588,516.9432,0,-419.4232,0.663243,0.663243,-28.57038,542.4579,0.25,-426.3083,26.12145,0.243137,-0.2883,0,0.9575,516.9432,0,1,0,0,-0.9575,0,-0.2883,-419.4232,0,0,0,1
68.56654,517.1733,0,-419.4912,0.64283,0.64283,-28.57038,542.4579,0.25,-426.3083,25.88162,0.243137,-0.2835,0,0.959,517.1733,0,1,0,0,-0.959,0,-0.2835,-419.4912,0,0,0,1
68.57771,517.4033,0,-419.558,0.621309,0.621309,-28.57038,542.4579,0.25,-426.3083,25.64223,0.243137,-0.2788,0,0.9604,517.4033,0,1,0,0,-0.9604,0,-0.2788,-419.558,0,0,0,1
68.58886,517.6331,0,-419.6234,0.598579,0.598579,-28.57038,542.4579,0.25,-426.3083,25.40328,0.243137,-0.274,0,0.9617,517.6331,0,1,0,0,-0.9617,0,-0.274,-419.6234,0,0,0,1
68.6,518.0923,0,-419.7505,0.556167,0.556167,-28.57038,542.4579,0.25,-426.3083,24.92685,0.243137,-0.2644,0,0.9644,518.0923,0,1,0,0,-0.9644,0,-0.2644,-419.7505,0,0,0,1
68.61474,518.3217,0,-419.8122,0.533792,0.533792,-28.57038,542.4579,0.25,-426.3083,24.68933,0.243137,-0.2595,0,0.9657,518.3217,0,1,0,0,-0.9657,0,-0.2595,-419.8122,0,0,0,1
68.62577,518.5509,0,-419.8725,0.510204,0.510204,-28.57038,542.4579,0.25,-426.3083,24.45233,0.243137,-0.2547,0,0.967,518.5509,0,1,0,0,-0.967,0,-0.2547,-419.8725,0,0,0,1
68.63369,518.78,0,-419.9316,0.487244,0.487244,-28.62165,542.4579,0.25,-426.3083,24.21576,0.243137,-0.2499,0,0.9683,518.78,0,1,0,0,-0.9683,0,-0.2499,-419.9316,0,0,0,1
68.64422,519.0089,0,-419.9895,0.465089,0.465089,-28.71687,542.4579,0.25,-426.3083,23.9797,0.243137,-0.245,0,0.9695,519.0089,0,1,0,0,-0.9695,0,-0.245,-419.9895,0,0,0,1
68.65544,519.2375,0,-420.0461,0.441819,0.441819,-28.9073,542.4579,0.25,-426.3083,23.74412,0.243137,-0.2401,0,0.9707,519.2375,0,1,0,0,-0.9707,0,-0.2401,-420.0461,0,0,0,1
68.66656,519.4661,0,-420.1013,0.417345,0.417345,-29.21858,542.4579,0.25,-426.3083,23.50906,0.243137,-0.2352,0,0.9719,519.4661,0,1,0,0,-0.9719,0,-0.2352,-420.1013,0,0,0,1
68.67785,519.6943,0,-420.1553,0.392422,0.392422,-29.5555,542.4579,0.25,-426.3083,23.27455,0.243137,-0.2302,0,0.9731,519.6943,0,1,0,0,-0.9731,0,-0.2302,-420.1553,0,0,0,1
68.68872,519.9224,0,-420.208,0.369307,0.369307,-30.00961,542.4579,0.25,-426.3083,23.04056,0.243137,-0.2251,0,0.9743,519.9224,0,1,0,0,-0.9743,0,-0.2251,-420.208,0,0,0,1
68.69981,520.1503,0,-420.2594,0.344951,0.344951,-30.39414,542.4579,0.25,-426.3083,22.80708,0.243137,-0.2199,0,0.9755,520.1503,0,1,0,0,-0.9755,0,-0.2199,-420.2594,0,0,0,1
68.71124,520.6055,0,-420.3582,0.292724,0.292724,-30.96544,542.4579,0.25,-426.3083,22.34174,0.243137,-0.2093,0,0.9778,520.6055,0,1,0,0,-0.9778,0,-0.2093,-420.3582,0,0,0,1
68.72221,520.8328,0,-420.4055,0.267815,0.267815,-31.33532,542.4579,0.25,-426.3083,22.10989,0.243137,-0.204,0,0.979,520.8328,0,1,0,0,-0.979,0,-0.204,-420.4055,0,0,0,1
68.73325,521.0599,0,-420.4515,0.242272,0.242272,-31.69055,542.4579,0.25,-426.3083,21.87862,0.243137,-0.1986,0,0.9801,521.0599,0,1,0,0,-0.9801,0,-0.1986,-420.4515,0,0,0,1
68.74493,521.2867,0,-420.4962,0.21548,0.21548,-32.02747,542.4579,0.25,-426.3083,21.64789,0.243137,-0.1931,0,0.9812,521.2867,0,1,0,0,-0.9812,0,-0.1931,-420.4962,0,0,0,1
68.7555,521.5134,0,-420.5395,0.187451,0.187451,-32.26184,542.4579,0.25,-426.3083,21.41776,0.243137,-0.1876,0,0.9823,521.5134,0,1,0,0,-0.9823,0,-0.1876,-420.5395,0,0,0,1
68.76646,521.7397,0,-420.5814,0.159848,0.159848,-32.47791,542.4579,0.25,-426.3083,21.18824,0.243137,-0.182,0,0.9833,521.7397,0,1,0,0,-0.9833,0,-0.182,-420.5814,0,0,0,1
68.77775,521.9659,0,-420.6219,0.132877,0.132877,-32.60609,542.4579,0.25,-426.3083,20.95932,0.243137,-0.1764,0,0.9843,521.9659,0,1,0,0,-0.9843,0,-0.1764,-420.6219,0,0,0,1
68.78869,522.1918,0,-420.661,0.104687,0.104687,-32.72328,542.4579,0.25,-426.3083,20.73102,0.243137,-0.1708,0,0.9853,522.1918,0,1,0,0,-0.9853,0,-0.1708,-420.661,0,0,0,1
68.79977,522.4174,0,-420.6988,0.075251,0.075251,-32.77455,542.4579,0.25,-426.3083,20.50333,0.243137,-0.1651,0,0.9863,522.4174,0,1,0,0,-0.9863,0,-0.1651,-420.6988,0,0,0,1
68.81113,522.8679,0,-420.7703,0.016399,0.016399,-32.77455,542.4579,0.25,-426.3083,20.04993,0.243137,-0.1538,0,0.9881,522.8679,0,1,0,0,-0.9881,0,-0.1538,-420.7703,0,0,0,1
68.82227,523.0927,0,-420.804,0.013225,-0.013225,-32.77455,542.4579,0.25,-426.3083,19.82423,0.243137,-0.1482,0,0.989,523.0927,0,1,0,0,-0.989,0,-0.1482,-420.804,0,0,0,1
68.83315,523.3171,0,-420.8363,0.044065,-0.044065,-32.77455,542.4579,0.25,-426.3083,19.59922,0.243137,-0.1425,0,0.9898,523.3171,0,1,0,0,-0.9898,0,-0.1425,-420.8363,0,0,0,1
68.84452,523.5413,0,-420.8672,0.076132,-0.076132,-32.77455,542.4579,0.25,-426.3083,19.37492,0.243137,-0.1369,0,0.9906,523.5413,0,1,0,0,-0.9906,0,-0.1369,-420.8672,0,0,0,1
68.85547,523.7652,0,-420.8969,0.107251,-0.107251,-32.7892,542.4579,0.25,-426.3083,19.15132,0.243137,-0.1312,0,0.9914,523.7652,0,1,0,0,-0.9914,0,-0.1312,-420.8969,0,0,0,1
68.86642,523.9888,0,-420.9252,0.138272,-0.138272,-32.7892,542.4579,0.25,-426.3083,18.92842,0.243137,-0.1255,0,0.9921,523.9888,0,1,0,0,-0.9921,0,-0.1255,-420.9252,0,0,0,1
68.87768,524.212,0,-420.9521,0.170519,-0.170519,-32.7892,542.4579,0.25,-426.3083,18.70625,0.243137,-0.1198,0,0.9928,524.212,0,1,0,0,-0.9928,0,-0.1198,-420.9521,0,0,0,1
68.88871,524.4349,0,-420.9777,0.203934,-0.203934,-32.7892,542.4579,0.25,-426.3083,18.48486,0.243137,-0.1142,0,0.9935,524.4349,0,1,0,0,-0.9935,0,-0.1142,-420.9777,0,0,0,1
68.89982,524.6575,0,-421.002,0.238075,-0.238075,-32.7892,542.4579,0.25,-426.3083,18.2642,0.243137,-0.1085,0,0.9941,524.6575,0,1,0,0,-0.9941,0,-0.1085,-421.002,0,0,0,1
68.91113,525.1016,0,-421.0466,0.304015,-0.304015,-32.7892,542.4579,0.25,-426.3083,17.8253,0.243137,-0.0971,0,0.9953,525.1016,0,1,0,0,-0.9953,0,-0.0971,-421.0466,0,0,0,1
68.92209,525.3231,0,-421.067,0.338742,-0.338742,-32.7892,542.4579,0.25,-426.3083,17.60707,0.243137,-0.0914,0,0.9958,525.3231,0,1,0,0,-0.9958,0,-0.0914,-421.067,0,0,0,1
68.93318,525.5443,0,-421.0859,0.374693,-0.374693,-32.7892,542.4579,0.25,-426.3083,17.38968,0.243137,-0.0857,0,0.9963,525.5443,0,1,0,0,-0.9963,0,-0.0857,-421.0859,0,0,0,1
68.94785,525.765,0,-421.1036,0.409732,-0.409732,-32.7892,542.4579,0.25,-426.3083,17.17314,0.243137,-0.08,0,0.9968,525.765,0,1,0,0,-0.9968,0,-0.08,-421.1036,0,0,0,1
68.9582,525.9854,0,-421.1201,0.444616,-0.444616,-32.7892,542.4579,0.25,-426.3083,16.95744,0.243137,-0.0743,0,0.9972,525.9854,0,1,0,0,-0.9972,0,-0.0743,-421.1201,0,0,0,1
68.96664,526.2054,0,-421.1351,0.480724,-0.480724,-32.7892,542.4579,0.25,-426.3083,16.74269,0.243137,-0.0686,0,0.9976,526.2054,0,1,0,0,-0.9976,0,-0.0686,-421.1351,0,0,0,1
68.97832,526.4249,0,-421.149,0.517908,-0.517908,-32.7892,542.4579,0.25,-426.3083,16.52885,0.243137,-0.0629,0,0.998,526.4249,0,1,0,0,-0.998,0,-0.0629,-421.149,0,0,0,1
68.98852,526.6441,0,-421.1615,0.556101,-0.556101,-32.7892,542.4579,0.25,-426.3083,16.31593,0.243137,-0.0571,0,0.9984,526.6441,0,1,0,0,-0.9984,0,-0.0571,-421.1615,0,0,0,1
68.99977,526.8629,0,-421.1728,0.592291,-0.592291,-32.79652,542.4579,0.25,-426.3083,16.10398,0.243137,-0.0514,0,0.9987,526.8629,0,1,0,0,-0.9987,0,-0.0514,-421.1728,0,0,0,1
69.01284,527.2991,0,-421.1915,0.668085,-0.668085,-32.79652,542.4579,0.25,-426.3083,15.68306,0.243137,-0.04,0,0.9992,527.2991,0,1,0,0,-0.9992,0,-0.04,-421.1915,0,0,0,1
69.02218,527.5165,0,-421.1989,0.707704,-0.707704,-32.79652,542.4579,0.25,-426.3083,15.47414,0.243137,-0.0343,0,0.9994,527.5165,0,1,0,0,-0.9994,0,-0.0343,-421.1989,0,0,0,1
69.03296,527.7335,0,-421.2051,0.746955,-0.746955,-32.79652,542.4579,0.25,-426.3083,15.26631,0.243137,-0.0285,0,0.9996,527.7335,0,1,0,0,-0.9996,0,-0.0285,-421.2051,0,0,0,1
69.04301,527.9501,0,-421.2101,0.785522,-0.785522,-32.79652,542.4579,0.25,-426.3083,15.05956,0.243137,-0.0228,0,0.9997,527.9501,0,1,0,0,-0.9997,0,-0.0228,-421.2101,0,0,0,1
69.05408,528.1661,0,-421.2138,0.825248,-0.825248,-32.79652,542.4579,0.25,-426.3083,14.85396,0.243137,-0.0171,0,0.9999,528.1661,0,1,0,0,-0.9999,0,-0.0171,-421.2138,0,0,0,1
69.06555,528.3818,0,-421.2162,0.866049,-0.866049,-32.79652,542.4579,0.25,-426.3083,14.64947,0.243137,-0.0114,0,0.9999,528.3818,0,1,0,0,-0.9999,0,-0.0114,-421.2162,0,0,0,1
69.07661,528.5969,0,-421.2174,0.907964,-0.907964,-32.79652,542.4579,0.25,-426.3083,14.44618,0.243137,-0.0057,0,1,528.5969,0,1,0,0,-1,0,-0.0057,-421.2174,0,0,0,1
69.08754,528.8116,0,-421.2174,0.948464,-0.948464,-32.79652,542.4579,0.25,-426.3083,14.24412,0.243137,0.0001,0,1,528.8116,0,1,0,0,-1,0,0.0001,-421.2174,0,0,0,1
69.09875,529.0258,0,-421.2162,0.989342,-0.989342,-32.79652,542.4579,0.25,-426.3083,14.04331,0.243137,0.0058,0,1,529.0258,0,1,0,0,-1,0,0.0058,-421.2162,0,0,0,1
69.1106,529.4526,0,-421.2101,1.074431,-1.074431,-32.79652,542.4579,0.25,-426.3083,13.64558,0.243137,0.0172,0,0.9999,529.4526,0,1,0,0,-0.9999,0,0.0172,-421.2101,0,0,0,1
69.12141,529.6653,0,-421.2051,1.11835,-1.11835,-32.79652,542.4579,0.25,-426.3083,13.44879,0.243137,0.023,0,0.9997,529.6653,0,1,0,0,-0.9997,0,0.023,-421.2051,0,0,0,1
69.13197,529.8774,0,-421.1991,1.160394,-1.160394,-32.79652,542.4579,0.25,-426.3083,13.25336,0.243137,0.0287,0,0.9996,529.8774,0,1,0,0,-0.9996,0,0.0287,-421.1991,0,0,0,1
69.1432,530.089,0,-421.1918,1.203571,-1.203571,-32.79652,542.4579,0.25,-426.3083,13.0595,0.243137,0.0344,0,0.9994,530.089,0,1,0,0,-0.9994,0,0.0344,-421.1918,0,0,0,1
69.15426,530.3001,0,-421.1833,1.247789,-1.247789,-32.79652,542.4579,0.25,-426.3083,12.86703,0.243137,0.0401,0,0.9992,530.3001,0,1,0,0,-0.9992,0,0.0401,-421.1833,0,0,0,1
69.1653,530.5107,0,-421.1736,1.293078,-1.293078,-32.77455,542.4579,0.25,-426.3083,12.67613,0.243137,0.0458,0,0.9989,530.5107,0,1,0,0,-0.9989,0,0.0458,-421.1736,0,0,0,1
69.17657,530.7207,0,-421.1628,1.338388,-1.338388,-32.71962,542.4579,0.25,-426.3083,12.48685,0.243137,0.0515,0,0.9987,530.7207,0,1,0,0,-0.9987,0,0.0515,-421.1628,0,0,0,1
69.18762,530.9302,0,-421.1508,1.382611,-1.382611,-32.58046,542.4579,0.25,-426.3083,12.29919,0.243137,0.0572,0,0.9984,530.9302,0,1,0,0,-0.9984,0,0.0572,-421.1508,0,0,0,1
69.19904,531.1391,0,-421.1377,1.427905,-1.427905,-32.2948,542.4579,0.25,-426.3083,12.11324,0.243137,0.0628,0,0.998,531.1391,0,1,0,0,-0.998,0,0.0628,-421.1377,0,0,0,1
69.2101,531.5552,0,-421.108,1.52153,-1.52153,-31.76379,542.4579,0.25,-426.3083,11.74673,0.243137,0.0739,0,0.9973,531.5552,0,1,0,0,-0.9973,0,0.0739,-421.108,0,0,0,1
69.22123,531.7624,0,-421.0915,1.568201,-1.568201,-31.36095,542.4579,0.25,-426.3083,11.56623,0.243137,0.0794,0,0.9968,531.7624,0,1,0,0,-0.9968,0,0.0794,-421.0915,0,0,0,1
69.23204,531.969,0,-421.0739,1.614384,-1.614384,-30.67979,542.4579,0.25,-426.3083,11.38768,0.243137,0.0847,0,0.9964,531.969,0,1,0,0,-0.9964,0,0.0847,-421.0739,0,0,0,1
69.24336,532.175,0,-421.0553,1.661515,-1.661515,-29.99496,542.4579,0.25,-426.3083,11.21107,0.243137,0.0899,0,0.9959,532.175,0,1,0,0,-0.9959,0,0.0899,-421.0553,0,0,0,1
69.25415,532.3805,0,-421.0357,1.709514,-1.709514,-29.06111,542.4579,0.25,-426.3083,11.0365,0.243137,0.095,0,0.9955,532.3805,0,1,0,0,-0.9955,0,0.095,-421.0357,0,0,0,1
69.26608,532.5854,0,-421.0151,1.758397,-1.758397,-28.21881,542.4579,0.25,-426.3083,10.86398,0.227451,0.0999,0,0.995,532.5854,0,1,0,0,-0.995,0,0.0999,-421.0151,0,0,0,1
69.28116,532.9935,0,-420.9713,1.853415,-1.853415,-26.72465,542.4579,0.25,-426.3083,10.52532,0.219608,0.1091,0,0.994,532.9935,0,1,0,0,-0.994,0,0.1091,-420.9713,0,0,0,1
69.29114,533.1968,0,-420.948,1.901643,-1.901643,-25.52346,542.4579,0.25,-426.3083,10.35929,0.219608,0.1136,0,0.9935,533.1968,0,1,0,0,-0.9935,0,0.1136,-420.948,0,0,0,1
69.29988,533.1968,0,-420.948,1.901643,-1.901643,-25.52346,542.4579,0.25,-426.3083,10.35929,0.219608,0.1136,0,0.9935,533.1968,0,1,0,0,-0.9935,0,0.1136,-420.948,0,0,0,1
69.30971,533.3995,0,-420.924,1.950587,-1.950587,-23.65575,542.4579,0.25,-426.3083,10.19553,0.211765,0.1177,0,0.9931,533.3995,0,1,0,0,-0.9931,0,0.1177,-420.924,0,0,0,1
69.32122,533.8033,0,-420.8737,2.048003,-2.048003,-22.59373,542.4579,0.25,-426.3083,9.875023,0.211765,0.1255,0,0.9921,533.8033,0,1,0,0,-0.9921,0,0.1255,-420.8737,0,0,0,1
69.33199,534.0045,0,-420.8475,2.095884,-2.095884,-21.30098,542.4579,0.25,-426.3083,9.718412,0.211765,0.1292,0,0.9916,534.0045,0,1,0,0,-0.9916,0,0.1292,-420.8475,0,0,0,1
69.34331,534.2051,0,-420.8207,2.144329,-2.144329,-20.21698,542.4579,0.25,-426.3083,9.564335,0.203922,0.1327,0,0.9912,534.2051,0,1,0,0,-0.9912,0,0.1327,-420.8207,0,0,0,1
69.35406,534.4053,0,-420.7932,2.193306,-2.193306,-18.97551,542.4579,0.25,-426.3083,9.412852,0.203922,0.136,0,0.9907,534.4053,0,1,0,0,-0.9907,0,0.136,-420.7932,0,0,0,1
69.3654,534.6049,0,-420.7651,2.242845,-2.242845,-17.98306,542.4579,0.25,-426.3083,9.264047,0.203922,0.1391,0,0.9903,534.6049,0,1,0,0,-0.9903,0,0.1391,-420.7651,0,0,0,1
69.37677,534.8041,0,-420.7366,2.290145,-2.290145,-16.59144,542.4579,0.25,-426.3083,9.117951,0.196078,0.1419,0,0.9899,534.8041,0,1,0,0,-0.9899,0,0.1419,-420.7366,0,0,0,1
69.38763,535.0027,0,-420.7075,2.337582,-2.337582,-15.80408,542.4579,0.25,-426.3083,8.974673,0.196078,0.1447,0,0.9895,535.0027,0,1,0,0,-0.9895,0,0.1447,-420.7075,0,0,0,1
69.39879,535.201,0,-420.678,2.385399,-2.385399,-14.60654,542.4579,0.25,-426.3083,8.834252,0.188235,0.1472,0,0.9891,535.201,0,1,0,0,-0.9891,0,0.1472,-420.678,0,0,0,1
69.40986,535.3988,0,-420.6481,2.433559,-2.433559,-13.40536,542.4579,0.25,-426.3083,8.696765,0.188235,0.1495,0,0.9888,535.3988,0,1,0,0,-0.9888,0,0.1495,-420.6481,0,0,0,1
69.42107,535.793,0,-420.5872,2.528028,-2.528028,-12.4239,542.4579,0.25,-426.3083,8.431092,0.172549,0.1538,0,0.9881,535.793,0,1,0,0,-0.9881,0,0.1538,-420.5872,0,0,0,1
69.43204,535.9896,0,-420.5562,2.574182,-2.574182,-11.24468,542.4579,0.25,-426.3083,8.303034,0.164706,0.1557,0,0.9878,535.9896,0,1,0,0,-0.9878,0,0.1557,-420.5562,0,0,0,1
69.44326,536.1857,0,-420.5249,2.620588,-2.620588,-9.926298,542.4579,0.25,-426.3083,8.178332,0.156863,0.1575,0,0.9875,536.1857,0,1,0,0,-0.9875,0,0.1575,-420.5249,0,0,0,1
69.45522,536.3815,0,-420.4934,2.667152,-2.667152,-9.212179,542.4579,0.25,-426.3083,8.056986,0.14902,0.159,0,0.9873,536.3815,0,1,0,0,-0.9873,0,0.159,-420.4934,0,0,0,1
69.46612,536.5769,0,-420.4617,2.713909,-2.713909,-8.168457,542.4579,0.25,-426.3083,7.939149,0.133333,0.1604,0,0.987,536.5769,0,1,0,0,-0.987,0,0.1604,-420.4617,0,0,0,1
69.47652,536.772,0,-420.4297,2.758094,-2.758094,-7.337151,542.4579,0.25,-426.3083,7.824959,0.117647,0.1617,0,0.9868,536.772,0,1,0,0,-0.9868,0,0.1617,-420.4297,0,0,0,1
69.48759,536.9669,0,-420.3975,2.802303,-2.802303,-6.568093,542.4579,0.25,-426.3083,7.714425,0.109804,0.1628,0,0.9867,536.9669,0,1,0,0,-0.9867,0,0.1628,-420.3975,0,0,0,1
69.49864,537.1616,0,-420.3652,2.846638,-2.846638,-5.681849,542.4579,0.25,-426.3083,7.607691,0.101961,0.1638,0,0.9865,537.1616,0,1,0,0,-0.9865,0,0.1638,-420.3652,0,0,0,1
69.5099,537.356,0,-420.3327,2.891043,-2.891043,-4.839549,542.4579,0.25,-426.3083,7.504878,0.094118,0.1647,0,0.9864,537.356,0,1,0,0,-0.9864,0,0.1647,-420.3327,0,0,0,1
69.52094,537.7441,0,-420.2675,2.977229,-2.977229,-4.162052,542.4579,0.25,-426.3083,7.311539,0.086275,0.1661,0,0.9861,537.7441,0,1,0,0,-0.9861,0,0.1661,-420.2675,0,0,0,1
69.53214,537.9379,0,-420.2348,3.018988,-3.018988,-3.422291,542.4579,0.25,-426.3083,7.221248,0.070588,0.1667,0,0.986,537.9379,0,1,0,0,-0.986,0,0.1667,-420.2348,0,0,0,1
69.54321,538.1315,0,-420.202,3.060781,-3.060781,-2.565343,542.4579,0.25,-426.3083,7.135383,0.062745,0.1671,0,0.9859,538.1315,0,1,0,0,-0.9859,0,0.1671,-420.202,0,0,0,1
69.5541,538.325,0,-420.1691,3.102607,-3.102607,-2.111242,542.4579,0.25,-426.3083,7.054059,0.054902,0.1675,0,0.9859,538.325,0,1,0,0,-0.9859,0,0.1675,-420.1691,0,0,0,1
69.56535,538.5183,0,-420.1362,3.144287,-3.144287,-1.59487,542.4579,0.25,-426.3083,6.977399,0.047059,0.1678,0,0.9858,538.5183,0,1,0,0,-0.9858,0,0.1678,-420.1362,0,0,0,1
69.57666,538.7121,0,-420.1032,3.183361,-3.183361,-0.983291,542.4579,0.25,-426.3083,6.90535,0.039216,0.1679,0,0.9858,538.7121,0,1,0,0,-0.9858,0,0.1679,-420.1032,0,0,0,1
69.58744,538.9063,0,-420.0701,3.222498,-3.222498,-0.503547,542.4579,0.25,-426.3083,6.838071,0.031373,0.168,0,0.9858,538.9063,0,1,0,0,-0.9858,0,0.168,-420.0701,0,0,0,1
69.59867,539.1008,0,-420.037,3.261638,-3.261638,-0.023804,542.4579,0.25,-426.3083,6.775737,0.023529,0.168,0,0.9858,539.1008,0,1,0,0,-0.9858,0,0.168,-420.037,0,0,0,1
69.61435,539.491,0,-419.9705,3.339707,-3.339707,0.422974,542.4579,0.25,-426.3083,6.666502,0,0.1679,0,0.9858,539.491,0,1,0,0,-0.9858,0,0.1679,-419.9705,0,0,0,1
69.62476,539.6868,0,-419.9372,3.376113,-3.376113,0.726943,542.4579,0.25,-426.3083,6.619956,0,0.1677,0,0.9858,539.6868,0,1,0,0,-0.9858,0,0.1677,-419.9372,0,0,0,1
69.63345,539.8829,0,-419.9039,3.412519,-3.412519,0.975967,542.4579,0.25,-426.3083,6.578948,0,0.1676,0,0.9859,539.8829,0,1,0,0,-0.9859,0,0.1676,-419.9039,0,0,0,1
69.64298,540.0794,0,-419.8705,3.448894,-3.448894,1.115127,542.4579,0.25,-426.3083,6.543592,0,0.1674,0,0.9859,540.0794,0,1,0,0,-0.9859,0,0.1674,-419.8705,0,0,0,1
69.65508,540.2764,0,-419.8371,3.485328,-3.485328,1.239638,542.4579,0.25,-426.3083,6.514108,0,0.1672,0,0.9859,540.2764,0,1,0,0,-0.9859,0,0.1672,-419.8371,0,0,0,1
69.66512,540.4737,0,-419.8037,3.520862,-3.520862,1.334853,542.4579,0.25,-426.3083,6.490544,0,0.1669,0,0.986,540.4737,0,1,0,0,-0.986,0,0.1669,-419.8037,0,0,0,1
69.67631,540.6714,0,-419.7703,3.554362,-3.554362,1.375136,542.4579,0.25,-426.3083,6.473013,0,0.1667,0,0.986,540.6714,0,1,0,0,-0.986,0,0.1667,-419.7703,0,0,0,1
69.6876,540.8696,0,-419.7368,3.587829,-3.587829,1.378798,542.4579,0.25,-426.3083,6.461587,0,0.1665,0,0.986,540.8696,0,1,0,0,-0.986,0,0.1665,-419.7368,0,0,0,1
69.69851,541.0681,0,-419.7033,3.621293,-3.621293,1.353164,542.4579,0.25,-426.3083,6.456351,0,0.1662,0,0.9861,541.0681,0,1,0,0,-0.9861,0,0.1662,-419.7033,0,0,0,1
69.70983,541.2671,0,-419.6699,3.654722,-3.654722,1.279922,542.4579,0.25,-426.3083,6.45733,0,0.166,0,0.9861,541.2671,0,1,0,0,-0.9861,0,0.166,-419.6699,0,0,0,1
69.72099,541.6662,0,-419.6028,3.717049,-3.717049,1.214004,542.4579,0.25,-426.3083,6.478162,0,0.1656,0,0.9862,541.6662,0,1,0,0,-0.9862,0,0.1656,-419.6028,0,0,0,1
69.73264,541.8663,0,-419.5692,3.747521,-3.747521,1.096816,542.4579,0.25,-426.3083,6.498027,0,0.1654,0,0.9862,541.8663,0,1,0,0,-0.9862,0,0.1654,-419.5692,0,0,0,1
69.74294,542.0669,0,-419.5356,3.777987,-3.777987,0.990615,542.4579,0.25,-426.3083,6.524168,0,0.1652,0,0.9863,542.0669,0,1,0,0,-0.9863,0,0.1652,-419.5356,0,0,0,1
69.7541,542.2678,0,-419.502,3.808415,-3.808415,0.873427,542.4579,0.25,-426.3083,6.556274,0,0.1651,0,0.9863,542.2678,0,1,0,0,-0.9863,0,0.1651,-419.502,0,0,0,1
69.76535,542.4692,0,-419.4683,3.836373,-3.836373,0.712295,542.4579,0.25,-426.3083,6.589966,0,0.165,0,0.9863,542.4692,0,1,0,0,-0.9863,0,0.165,-419.4683,0,0,0,1
69.77646,542.6709,0,-419.4346,3.863857,-3.863857,0.514541,542.4579,0.25,-426.3083,6.623688,0,0.1649,0,0.9863,542.6709,0,1,0,0,-0.9863,0,0.1649,-419.4346,0,0,0,1
69.78748,542.873,0,-419.4008,3.891368,-3.891368,0.393677,542.4579,0.25,-426.3083,6.659519,0,0.1648,0,0.9863,542.873,0,1,0,0,-0.9863,0,0.1648,-419.4008,0,0,0,1
69.79921,543.0756,0,-419.367,3.918868,-3.918868,0.203247,542.4579,0.25,-426.3083,6.701409,0,0.1648,0,0.9863,543.0756,0,1,0,0,-0.9863,0,0.1648,-419.367,0,0,0,1
69.80976,543.2785,0,-419.3331,3.945721,-3.945721,0.03479,542.4579,0.25,-426.3083,6.749384,0,0.1648,0,0.9863,543.2785,0,1,0,0,-0.9863,0,0.1648,-419.3331,0,0,0,1
69.82105,543.6855,0,-419.2651,3.994779,-3.994779,-0.108032,542.4579,0.25,-426.3083,6.863204,0,0.1648,0,0.9863,543.6855,0,1,0,0,-0.9863,0,0.1648,-419.2651,0,0,0,1
69.83185,543.8896,0,-419.231,4.019356,-4.019356,-0.228882,542.4579,0.25,-426.3083,6.928854,0,0.1648,0,0.9863,543.8896,0,1,0,0,-0.9863,0,0.1648,-419.231,0,0,0,1
69.84315,544.0942,0,-419.1968,4.043921,-4.043921,-0.309455,542.4579,0.25,-426.3083,7.000153,0,0.1649,0,0.9863,544.0942,0,1,0,0,-0.9863,0,0.1649,-419.1968,0,0,0,1
69.854,544.2991,0,-419.1625,4.066591,-4.066591,-0.40467,542.4579,0.25,-426.3083,7.077013,0,0.165,0,0.9863,544.2991,0,1,0,0,-0.9863,0,0.165,-419.1625,0,0,0,1
