time,pos_x,pos_y,pos_z,distFromRoadCenter,signedDistFromRoadCenter,wheelAngle,obstacle_pos_x,obstacle_pos_y,obstacle_pos_z,distance_to_obstacle,brake_position,simplecar_4x4_R0C0,simplecar_4x4_R0C1,simplecar_4x4_R0C2,simplecar_4x4_R0C3,simplecar_4x4_R1C0,simplecar_4x4_R1C1,simplecar_4x4_R1C2,simplecar_4x4_R1C3,simplecar_4x4_R2C0,simplecar_4x4_R2C1,simplecar_4x4_R2C2,simplecar_4x4_R2C3,simplecar_4x4_R3C0,simplecar_4x4_R3C1,simplecar_4x4_R3C2,simplecar_4x4_R3C3
108.0043,780.4047,0,-530.7182,0.866193,0.866193,1.543608,749.887,0.25,-479.1653,59.56607,0,0.9112,0,-0.412,780.4047,0,1,0,0,0.412,0,0.9112,-530.7182,0,0,0,1
108.0155,780.3017,0,-530.4904,0.873151,0.873151,1.455717,749.887,0.25,-479.1653,59.31752,0,0.9113,0,-0.4117,780.3017,0,1,0,0,0.4117,0,0.9113,-530.4904,0,0,0,1
108.0263,780.1988,0,-530.2625,0.880181,0.880181,1.382461,749.887,0.25,-479.1653,59.06901,0,0.9114,0,-0.4115,780.1988,0,1,0,0,0.4115,0,0.9114,-530.2625,0,0,0,1
108.0378,780.0959,0,-530.0347,0.887251,0.887251,1.254287,749.887,0.25,-479.1653,58.82055,0,0.9115,0,-0.4113,780.0959,0,1,0,0,0.4113,0,0.9115,-530.0347,0,0,0,1
108.0485,779.9932,0,-529.8068,0.894376,0.894376,1.162734,749.887,0.25,-479.1653,58.57207,0,0.9116,0,-0.4111,779.9932,0,1,0,0,0.4111,0,0.9116,-529.8068,0,0,0,1
108.06,779.7877,0,-529.351,0.908761,0.908761,1.041884,749.887,0.25,-479.1653,58.07523,0,0.9117,0,-0.4108,779.7877,0,1,0,0,0.4108,0,0.9117,-529.351,0,0,0,1
108.0708,779.685,0,-529.123,0.916023,0.916023,0.869765,749.887,0.25,-479.1653,57.82677,0,0.9118,0,-0.4107,779.685,0,1,0,0,0.4107,0,0.9118,-529.123,0,0,0,1
108.082,779.5824,0,-528.895,0.923339,0.923339,0.68666,749.887,0.25,-479.1653,57.5784,0,0.9118,0,-0.4106,779.5824,0,1,0,0,0.4106,0,0.9118,-528.895,0,0,0,1
108.0933,779.4798,0,-528.667,0.930736,0.930736,0.448608,749.887,0.25,-479.1653,57.32998,0,0.9119,0,-0.4105,779.4798,0,1,0,0,0.4105,0,0.9119,-528.667,0,0,0,1
108.1045,779.3772,0,-528.4391,0.938024,0.938024,0.130005,749.887,0.25,-479.1653,57.08168,0,0.9119,0,-0.4105,779.3772,0,1,0,0,0.4105,0,0.9119,-528.4391,0,0,0,1
108.1158,779.2746,0,-528.2111,0.945395,0.945395,-0.071411,749.887,0.25,-479.1653,56.83335,0,0.9119,0,-0.4105,779.2746,0,1,0,0,0.4105,0,0.9119,-528.2111,0,0,0,1
108.1269,779.1719,0,-527.9832,0.952656,0.952656,-0.353401,749.887,0.25,-479.1653,56.585,0,0.9118,0,-0.4105,779.1719,0,1,0,0,0.4105,0,0.9118,-527.9832,0,0,0,1
108.1383,779.0692,0,-527.7552,0.959917,0.959917,-0.639045,749.887,0.25,-479.1653,56.33663,0,0.9118,0,-0.4106,779.0692,0,1,0,0,0.4106,0,0.9118,-527.7552,0,0,0,1
108.1529,778.8638,0,-527.2994,0.974303,0.974303,-0.87709,749.887,0.25,-479.1653,55.84012,0,0.9117,0,-0.4109,778.8638,0,1,0,0,0.4109,0,0.9117,-527.2994,0,0,0,1
108.1602,778.761,0,-527.0715,0.981509,0.981509,-1.235983,749.887,0.25,-479.1653,55.59177,0,0.9116,0,-0.4111,778.761,0,1,0,0,0.4111,0,0.9116,-527.0715,0,0,0,1
108.1714,778.6582,0,-526.8436,0.988552,0.988552,-1.430075,749.887,0.25,-479.1653,55.3435,0,0.9115,0,-0.4113,778.6582,0,1,0,0,0.4113,0,0.9115,-526.8436,0,0,0,1
108.1823,778.5552,0,-526.6157,0.995541,0.995541,-1.723051,749.887,0.25,-479.1653,55.09513,0,0.9114,0,-0.4116,778.5552,0,1,0,0,0.4116,0,0.9114,-526.6157,0,0,0,1
108.1934,778.4523,0,-526.388,1.002529,1.002529,-1.957426,749.887,0.25,-479.1653,54.84697,0,0.9112,0,-0.4119,778.4523,0,1,0,0,0.4119,0,0.9112,-526.388,0,0,0,1
108.2058,778.3492,0,-526.1602,1.00938,1.00938,-2.254064,749.887,0.25,-479.1653,54.59868,0,0.9111,0,-0.4123,778.3492,0,1,0,0,0.4123,0,0.9111,-526.1602,0,0,0,1
108.2158,778.2461,0,-525.9325,1.016096,1.016096,-2.459142,749.887,0.25,-479.1653,54.35042,0,0.9109,0,-0.4127,778.2461,0,1,0,0,0.4127,0,0.9109,-525.9325,0,0,0,1
108.2269,778.1428,0,-525.7048,1.022756,1.022756,-2.634931,749.887,0.25,-479.1653,54.10217,0,0.9107,0,-0.4131,778.1428,0,1,0,0,0.4131,0,0.9107,-525.7048,0,0,0,1
108.2381,778.0394,0,-525.4772,1.029198,1.029198,-2.799726,749.887,0.25,-479.1653,53.85392,0,0.9105,0,-0.4135,778.0394,0,1,0,0,0.4135,0,0.9105,-525.4772,0,0,0,1
108.2491,777.9359,0,-525.2497,1.035504,1.035504,-2.968183,749.887,0.25,-479.1653,53.60568,0,0.9103,0,-0.414,777.9359,0,1,0,0,0.414,0,0.9103,-525.2497,0,0,0,1
108.26,777.7285,0,-524.7947,1.047843,1.047843,-3.089039,749.887,0.25,-479.1653,53.10911,0,0.9098,0,-0.415,777.7285,0,1,0,0,0.415,0,0.9098,-524.7947,0,0,0,1
108.2749,777.6246,0,-524.5673,1.053766,1.053766,-3.235524,749.887,0.25,-479.1653,52.86083,0,0.9096,0,-0.4155,777.6246,0,1,0,0,0.4155,0,0.9096,-524.5673,0,0,0,1
108.2859,777.5206,0,-524.3399,1.059608,1.059608,-3.308766,749.887,0.25,-479.1653,52.61256,0,0.9093,0,-0.416,777.5206,0,1,0,0,0.416,0,0.9093,-524.3399,0,0,0,1
108.294,777.4165,0,-524.1126,1.065258,1.065258,-3.374684,749.887,0.25,-479.1653,52.36429,0,0.9091,0,-0.4166,777.4165,0,1,0,0,0.4166,0,0.9091,-524.1126,0,0,0,1
108.3045,777.3123,0,-523.8854,1.0708,1.0708,-3.403981,749.887,0.25,-479.1653,52.11603,0,0.9089,0,-0.4171,777.3123,0,1,0,0,0.4171,0,0.9089,-523.8854,0,0,0,1
108.3157,777.2078,0,-523.6582,1.076177,1.076177,-3.422291,749.887,0.25,-479.1653,51.86774,0,0.9086,0,-0.4177,777.2078,0,1,0,0,0.4177,0,0.9086,-523.6582,0,0,0,1
108.3271,777.1033,0,-523.4311,1.081391,1.081391,-3.422291,749.887,0.25,-479.1653,51.61945,0,0.9084,0,-0.4182,777.1033,0,1,0,0,0.4182,0,0.9084,-523.4311,0,0,0,1
108.3379,776.9986,0,-523.204,1.086414,1.086414,-3.422291,749.887,0.25,-479.1653,51.37117,0,0.9081,0,-0.4187,776.9986,0,1,0,0,0.4187,0,0.9081,-523.204,0,0,0,1
108.3492,776.8938,0,-522.9771,1.091355,1.091355,-3.422291,749.887,0.25,-479.1653,51.1229,0,0.9079,0,-0.4193,776.8938,0,1,0,0,0.4193,0,0.9079,-522.9771,0,0,0,1
108.3608,776.6837,0,-522.5233,1.100718,1.100718,-3.422291,749.887,0.25,-479.1653,50.6263,0,0.9074,0,-0.4204,776.6837,0,1,0,0,0.4204,0,0.9074,-522.5233,0,0,0,1
108.3714,776.5786,0,-522.2965,1.105195,1.105195,-3.422291,749.887,0.25,-479.1653,50.37809,0,0.9071,0,-0.4209,776.5786,0,1,0,0,0.4209,0,0.9071,-522.2965,0,0,0,1
108.3822,776.4731,0,-522.0698,1.10948,1.10948,-3.422291,749.887,0.25,-479.1653,50.12982,0,0.9069,0,-0.4214,776.4731,0,1,0,0,0.4214,0,0.9069,-522.0698,0,0,0,1
108.3942,776.3677,0,-521.8432,1.113629,1.113629,-3.422291,749.887,0.25,-479.1653,49.88159,0,0.9066,0,-0.422,776.3677,0,1,0,0,0.422,0,0.9066,-521.8432,0,0,0,1
108.4053,776.262,0,-521.6166,1.117615,1.117615,-3.422291,749.887,0.25,-479.1653,49.63334,0,0.9063,0,-0.4225,776.262,0,1,0,0,0.4225,0,0.9063,-521.6166,0,0,0,1
108.4155,776.1563,0,-521.3901,1.121491,1.121491,-3.422291,749.887,0.25,-479.1653,49.38508,0,0.9061,0,-0.4231,776.1563,0,1,0,0,0.4231,0,0.9061,-521.3901,0,0,0,1
108.4268,776.0504,0,-521.1637,1.125176,1.125176,-3.422291,749.887,0.25,-479.1653,49.13684,0,0.9058,0,-0.4236,776.0504,0,1,0,0,0.4236,0,0.9058,-521.1637,0,0,0,1
108.4378,775.9443,0,-520.9373,1.128752,1.128752,-3.422291,749.887,0.25,-479.1653,48.8886,0,0.9056,0,-0.4242,775.9443,0,1,0,0,0.4242,0,0.9056,-520.9373,0,0,0,1
108.449,775.8381,0,-520.711,1.132137,1.132137,-3.422291,749.887,0.25,-479.1653,48.64033,0,0.9053,0,-0.4247,775.8381,0,1,0,0,0.4247,0,0.9053,-520.711,0,0,0,1
108.46,775.7318,0,-520.4847,1.135413,1.135413,-3.422291,749.887,0.25,-479.1653,48.39206,0,0.9051,0,-0.4252,775.7318,0,1,0,0,0.4252,0,0.9051,-520.4847,0,0,0,1
108.4712,775.5188,0,-520.0324,1.141446,1.141446,-3.422291,749.887,0.25,-479.1653,47.89555,0,0.9046,0,-0.4263,775.5188,0,1,0,0,0.4263,0,0.9046,-520.0324,0,0,0,1
108.4824,775.4121,0,-519.8063,1.144285,1.144285,-3.422291,749.887,0.25,-479.1653,47.6473,0,0.9043,0,-0.4269,775.4121,0,1,0,0,0.4269,0,0.9043,-519.8063,0,0,0,1
108.4944,775.3052,0,-519.5803,1.146932,1.146932,-3.422291,749.887,0.25,-479.1653,47.39902,0,0.9041,0,-0.4274,775.3052,0,1,0,0,0.4274,0,0.9041,-519.5803,0,0,0,1
108.5052,775.1982,0,-519.3544,1.149444,1.149444,-3.422291,749.887,0.25,-479.1653,47.15075,0,0.9038,0,-0.4279,775.1982,0,1,0,0,0.4279,0,0.9038,-519.3544,0,0,0,1
108.5157,775.0911,0,-519.1285,1.151819,1.151819,-3.422291,749.887,0.25,-479.1653,46.90249,0,0.9036,0,-0.4285,775.0911,0,1,0,0,0.4285,0,0.9036,-519.1285,0,0,0,1
108.5273,774.9839,0,-518.9026,1.154057,1.154057,-3.422291,749.887,0.25,-479.1653,46.65423,0,0.9033,0,-0.429,774.9839,0,1,0,0,0.429,0,0.9033,-518.9026,0,0,0,1
108.5378,774.8765,0,-518.6769,1.156159,1.156159,-3.422291,749.887,0.25,-479.1653,46.40597,0,0.903,0,-0.4296,774.8765,0,1,0,0,0.4296,0,0.903,-518.6769,0,0,0,1
108.5495,774.769,0,-518.4512,1.15807,1.15807,-3.422291,749.887,0.25,-479.1653,46.15769,0,0.9028,0,-0.4301,774.769,0,1,0,0,0.4301,0,0.9028,-518.4512,0,0,0,1
108.5598,774.6613,0,-518.2255,1.159844,1.159844,-3.422291,749.887,0.25,-479.1653,45.90941,0,0.9025,0,-0.4306,774.6613,0,1,0,0,0.4306,0,0.9025,-518.2255,0,0,0,1
108.5711,774.4457,0,-517.7744,1.163066,1.163066,-3.422291,749.887,0.25,-479.1653,45.4129,0,0.902,0,-0.4317,774.4457,0,1,0,0,0.4317,0,0.902,-517.7744,0,0,0,1
108.5825,774.3375,0,-517.549,1.164294,1.164294,-3.422291,749.887,0.25,-479.1653,45.16458,0,0.9018,0,-0.4323,774.3375,0,1,0,0,0.4323,0,0.9018,-517.549,0,0,0,1
108.5936,774.2292,0,-517.3235,1.165467,1.165467,-3.422291,749.887,0.25,-479.1653,44.91621,0,0.9015,0,-0.4328,774.2292,0,1,0,0,0.4328,0,0.9015,-517.3235,0,0,0,1
108.6087,774.121,0,-517.0983,1.166477,1.166477,-3.422291,749.887,0.25,-479.1653,44.66806,0,0.9012,0,-0.4333,774.121,0,1,0,0,0.4333,0,0.9012,-517.0983,0,0,0,1
108.6184,774.0125,0,-516.873,1.167378,1.167378,-3.422291,749.887,0.25,-479.1653,44.41983,0,0.901,0,-0.4339,774.0125,0,1,0,0,0.4339,0,0.901,-516.873,0,0,0,1
108.6277,773.9039,0,-516.6479,1.168115,1.168115,-3.422291,749.887,0.25,-479.1653,44.17161,0,0.9007,0,-0.4344,773.9039,0,1,0,0,0.4344,0,0.9007,-516.6479,0,0,0,1
108.6378,773.7952,0,-516.4228,1.168661,1.168661,-3.422291,749.887,0.25,-479.1653,43.92336,0,0.9005,0,-0.4349,773.7952,0,1,0,0,0.4349,0,0.9005,-516.4228,0,0,0,1
108.649,773.6863,0,-516.1978,1.16907,1.16907,-3.422291,749.887,0.25,-479.1653,43.67512,0,0.9002,0,-0.4355,773.6863,0,1,0,0,0.4355,0,0.9002,-516.1978,0,0,0,1
108.6603,773.4681,0,-515.7479,1.169453,1.169453,-3.422291,749.887,0.25,-479.1653,43.17865,0,0.8997,0,-0.4366,773.4681,0,1,0,0,0.4366,0,0.8997,-515.7479,0,0,0,1
108.6712,773.3589,0,-515.523,1.169453,1.169453,-3.422291,749.887,0.25,-479.1653,42.93042,0,0.8994,0,-0.4371,773.3589,0,1,0,0,0.4371,0,0.8994,-515.523,0,0,0,1
108.6823,773.2495,0,-515.2982,1.169317,1.169317,-3.422291,749.887,0.25,-479.1653,42.68221,0,0.8992,0,-0.4376,773.2495,0,1,0,0,0.4376,0,0.8992,-515.2982,0,0,0,1
108.6934,773.1399,0,-515.0735,1.168907,1.168907,-3.422291,749.887,0.25,-479.1653,42.43392,0,0.8989,0,-0.4382,773.1399,0,1,0,0,0.4382,0,0.8989,-515.0735,0,0,0,1
108.7055,773.0302,0,-514.8488,1.168443,1.168443,-3.422291,749.887,0.25,-479.1653,42.18568,0,0.8986,0,-0.4387,773.0302,0,1,0,0,0.4387,0,0.8986,-514.8488,0,0,0,1
108.7155,772.9204,0,-514.6242,1.167842,1.167842,-3.422291,749.887,0.25,-479.1653,41.93745,0,0.8984,0,-0.4392,772.9204,0,1,0,0,0.4392,0,0.8984,-514.6242,0,0,0,1
108.7267,772.8105,0,-514.3997,1.167105,1.167105,-3.422291,749.887,0.25,-479.1653,41.68922,0,0.8981,0,-0.4398,772.8105,0,1,0,0,0.4398,0,0.8981,-514.3997,0,0,0,1
108.7388,772.7003,0,-514.1752,1.16615,1.16615,-3.422291,749.887,0.25,-479.1653,41.44093,0,0.8978,0,-0.4403,772.7003,0,1,0,0,0.4403,0,0.8978,-514.1752,0,0,0,1
108.749,772.5901,0,-513.9508,1.165058,1.165058,-3.451588,749.887,0.25,-479.1653,41.19276,0,0.8976,0,-0.4409,772.5901,0,1,0,0,0.4409,0,0.8976,-513.9508,0,0,0,1
108.7604,772.3693,0,-513.5023,1.16241,1.16241,-3.543148,749.887,0.25,-479.1653,40.69635,0,0.897,0,-0.442,772.3693,0,1,0,0,0.442,0,0.897,-513.5023,0,0,0,1
108.7711,772.2587,0,-513.2781,1.160909,1.160909,-3.612728,749.887,0.25,-479.1653,40.44817,0,0.8968,0,-0.4425,772.2587,0,1,0,0,0.4425,0,0.8968,-513.2781,0,0,0,1
108.7822,772.1479,0,-513.054,1.159216,1.159216,-3.729916,749.887,0.25,-479.1653,40.19996,0.015686,0.8965,0,-0.4431,772.1479,0,1,0,0,0.4431,0,0.8965,-513.054,0,0,0,1
108.7933,772.037,0,-512.8299,1.157442,1.157442,-3.905697,749.887,0.25,-479.1653,39.95179,0.047059,0.8962,0,-0.4437,772.037,0,1,0,0,0.4437,0,0.8962,-512.8299,0,0,0,1
108.8044,771.9259,0,-512.606,1.15534,1.15534,-4.125431,749.887,0.25,-479.1653,39.70359,0.062745,0.8958,0,-0.4444,771.9259,0,1,0,0,0.4444,0,0.8958,-512.606,0,0,0,1
108.8157,771.8147,0,-512.3822,1.153102,1.153102,-4.341495,749.887,0.25,-479.1653,39.45552,0.086275,0.8955,0,-0.445,771.8147,0,1,0,0,0.445,0,0.8955,-512.3822,0,0,0,1
108.8265,771.7034,0,-512.1587,1.150591,1.150591,-4.649119,749.887,0.25,-479.1653,39.20761,0.117647,0.8951,0,-0.4458,771.7034,0,1,0,0,0.4458,0,0.8951,-512.1587,0,0,0,1
108.8379,771.592,0,-511.9355,1.148024,1.148024,-4.916453,749.887,0.25,-479.1653,38.95998,0.141177,0.8948,0,-0.4465,771.592,0,1,0,0,0.4465,0,0.8948,-511.9355,0,0,0,1
108.8489,771.4805,0,-511.7126,1.145117,1.145117,-5.271685,749.887,0.25,-479.1653,38.71255,0.172549,0.8944,0,-0.4474,771.4805,0,1,0,0,0.4474,0,0.8944,-511.7126,0,0,0,1
108.8599,771.369,0,-511.4902,1.14206,1.14206,-5.586634,749.887,0.25,-479.1653,38.4655,0.243137,0.8939,0,-0.4482,771.369,0,1,0,0,0.4482,0,0.8939,-511.4902,0,0,0,1
108.8711,771.1459,0,-511.0469,1.135071,1.135071,-6.139619,749.887,0.25,-479.1653,37.97278,0.27451,0.893,0,-0.4502,771.1459,0,1,0,0,0.4502,0,0.893,-511.0469,0,0,0,1
108.8822,771.0343,0,-510.8262,1.131127,1.131127,-6.428933,749.887,0.25,-479.1653,37.72721,0.290196,0.8924,0,-0.4512,771.0343,0,1,0,0,0.4512,0,0.8924,-510.8262,0,0,0,1
108.8932,770.9227,0,-510.6061,1.126992,1.126992,-6.8098,749.887,0.25,-479.1653,37.48218,0.305882,0.8919,0,-0.4522,770.9227,0,1,0,0,0.4522,0,0.8919,-510.6061,0,0,0,1
108.905,770.8112,0,-510.3868,1.122446,1.122446,-7.293205,749.887,0.25,-479.1653,37.23778,0.313726,0.8913,0,-0.4533,770.8112,0,1,0,0,0.4533,0,0.8913,-510.3868,0,0,0,1
108.9156,770.6996,0,-510.1682,1.117683,1.117683,-7.714348,749.887,0.25,-479.1653,36.99401,0.313726,0.8907,0,-0.4545,770.6996,0,1,0,0,0.4545,0,0.8907,-510.1682,0,0,0,1
108.9267,770.588,0,-509.9501,1.112537,1.112537,-8.201416,749.887,0.25,-479.1653,36.75073,0.313726,0.8901,0,-0.4558,770.588,0,1,0,0,0.4558,0,0.8901,-509.9501,0,0,0,1
108.9412,770.3646,0,-509.5165,1.101196,1.101196,-8.794691,749.887,0.25,-479.1653,36.26619,0.313726,0.8887,0,-0.4586,770.3646,0,1,0,0,0.4586,0,0.8887,-509.5165,0,0,0,1
108.9514,770.2528,0,-509.3007,1.094945,1.094945,-9.307394,749.887,0.25,-479.1653,36.02475,0.321569,0.8879,0,-0.46,770.2528,0,1,0,0,0.46,0,0.8879,-509.3007,0,0,0,1
108.9608,770.141,0,-509.0857,1.088311,1.088311,-9.735868,749.887,0.25,-479.1653,35.78395,0.321569,0.8871,0,-0.4615,770.141,0,1,0,0,0.4615,0,0.8871,-509.0857,0,0,0,1
108.9708,770.0291,0,-508.8715,1.081254,1.081254,-10.09476,749.887,0.25,-479.1653,35.54375,0.321569,0.8863,0,-0.4631,770.0291,0,1,0,0,0.4631,0,0.8863,-508.8715,0,0,0,1
108.9821,769.9171,0,-508.658,1.073789,1.073789,-10.5452,749.887,0.25,-479.1653,35.30419,0.321569,0.8855,0,-0.4647,769.9171,0,1,0,0,0.4647,0,0.8855,-508.658,0,0,0,1
108.9933,769.8049,0,-508.4453,1.065913,1.065913,-11.05059,749.887,0.25,-479.1653,35.0652,0.321569,0.8846,0,-0.4664,769.8049,0,1,0,0,0.4664,0,0.8846,-508.4453,0,0,0,1
109.0045,769.6927,0,-508.2335,1.057574,1.057574,-11.5523,749.887,0.25,-479.1653,34.82689,0.321569,0.8836,0,-0.4682,769.6927,0,1,0,0,0.4682,0,0.8836,-508.2335,0,0,0,1
109.0154,769.5803,0,-508.0224,1.048675,1.048675,-11.96979,749.887,0.25,-479.1653,34.5891,0.329412,0.8826,0,-0.47,769.5803,0,1,0,0,0.47,0,0.8826,-508.0224,0,0,0,1
109.0267,769.4677,0,-507.8121,1.039325,1.039325,-12.49348,749.887,0.25,-479.1653,34.35194,0.329412,0.8816,0,-0.472,769.4677,0,1,0,0,0.472,0,0.8816,-507.8121,0,0,0,1
109.0379,769.355,0,-507.6028,1.029416,1.029416,-13.13802,749.887,0.25,-479.1653,34.11543,0.329412,0.8805,0,-0.474,769.355,0,1,0,0,0.474,0,0.8805,-507.6028,0,0,0,1
109.0489,769.2421,0,-507.3942,1.019016,1.019016,-13.5079,749.887,0.25,-479.1653,33.87951,0.337255,0.8794,0,-0.4761,769.2421,0,1,0,0,0.4761,0,0.8794,-507.3942,0,0,0,1
109.0599,769.129,0,-507.1865,1.008029,1.008029,-14.00229,749.887,0.25,-479.1653,33.64421,0.345098,0.8783,0,-0.4782,769.129,0,1,0,0,0.4782,0,0.8783,-507.1865,0,0,0,1
109.0712,768.9022,0,-506.7738,0.984417,0.984417,-14.60654,749.887,0.25,-479.1653,33.1756,0.345098,0.8758,0,-0.4827,768.9022,0,1,0,0,0.4827,0,0.8758,-506.7738,0,0,0,1
109.0821,768.7885,0,-506.5688,0.971723,0.971723,-15.22911,749.887,0.25,-479.1653,32.94227,0.352941,0.8745,0,-0.485,768.7885,0,1,0,0,0.485,0,0.8745,-506.5688,0,0,0,1
109.0933,768.6746,0,-506.3647,0.958498,0.958498,-15.77478,749.887,0.25,-479.1653,32.70956,0.352941,0.8732,0,-0.4874,768.6746,0,1,0,0,0.4874,0,0.8732,-506.3647,0,0,0,1
109.1047,768.5605,0,-506.1617,0.944644,0.944644,-16.59876,749.887,0.25,-479.1653,32.47758,0.352941,0.8718,0,-0.4899,768.5605,0,1,0,0,0.4899,0,0.8718,-506.1617,0,0,0,1
109.1156,768.4461,0,-505.9595,0.930067,0.930067,-17.0785,749.887,0.25,-479.1653,32.24617,0.360784,0.8703,0,-0.4925,768.4461,0,1,0,0,0.4925,0,0.8703,-505.9595,0,0,0,1
109.1269,768.3314,0,-505.7583,0.914808,0.914808,-17.8146,749.887,0.25,-479.1653,32.01546,0.360784,0.8688,0,-0.4952,768.3314,0,1,0,0,0.4952,0,0.8688,-505.7583,0,0,0,1
109.1379,768.2164,0,-505.5582,0.898853,0.898853,-18.56535,749.887,0.25,-479.1653,31.78544,0.360784,0.8672,0,-0.498,768.2164,0,1,0,0,0.498,0,0.8672,-505.5582,0,0,0,1
109.1489,768.1011,0,-505.359,0.882228,0.882228,-19.21721,749.887,0.25,-479.1653,31.55604,0.360784,0.8655,0,-0.5009,768.1011,0,1,0,0,0.5009,0,0.8655,-505.359,0,0,0,1
109.16,767.9855,0,-505.1608,0.864799,0.864799,-19.90936,749.887,0.25,-479.1653,31.32733,0.368627,0.8637,0,-0.504,767.9855,0,1,0,0,0.504,0,0.8637,-505.1608,0,0,0,1
109.1713,767.7534,0,-504.7677,0.827811,0.827811,-20.748,749.887,0.25,-479.1653,30.87198,0.368627,0.8601,0,-0.5102,767.7534,0,1,0,0,0.5102,0,0.8601,-504.7677,0,0,0,1
109.1823,767.6367,0,-504.5728,0.808006,0.808006,-21.6086,749.887,0.25,-479.1653,30.6453,0.368627,0.8581,0,-0.5134,767.6367,0,1,0,0,0.5134,0,0.8581,-504.5728,0,0,0,1
109.1934,767.5197,0,-504.3789,0.787506,0.787506,-22.34104,749.887,0.25,-479.1653,30.41933,0.368627,0.8561,0,-0.5168,767.5197,0,1,0,0,0.5168,0,0.8561,-504.3789,0,0,0,1
109.205,767.4022,0,-504.1861,0.767085,0.767085,-23.36645,749.887,0.25,-479.1653,30.19403,0.368627,0.854,0,-0.5203,767.4022,0,1,0,0,0.5203,0,0.854,-504.1861,0,0,0,1
109.2157,767.2844,0,-503.9944,0.746583,0.746583,-23.94507,749.887,0.25,-479.1653,29.96941,0.368627,0.8518,0,-0.5238,767.2844,0,1,0,0,0.5238,0,0.8518,-503.9944,0,0,0,1
109.2267,767.166,0,-503.804,0.725062,0.725062,-24.78737,749.887,0.25,-479.1653,29.74547,0.368627,0.8496,0,-0.5275,767.166,0,1,0,0,0.5275,0,0.8496,-503.804,0,0,0,1
109.2379,767.0474,0,-503.6146,0.702782,0.702782,-25.47951,749.887,0.25,-479.1653,29.52229,0.368627,0.8472,0,-0.5313,767.0474,0,1,0,0,0.5313,0,0.8472,-503.6146,0,0,0,1
109.2489,766.9281,0,-503.4264,0.679635,0.679635,-26.26688,749.887,0.25,-479.1653,29.29973,0.368627,0.8448,0,-0.5352,766.9281,0,1,0,0,0.5352,0,0.8448,-503.4264,0,0,0,1
109.2607,766.6882,0,-503.0536,0.636893,0.636893,-26.8455,749.887,0.25,-479.1653,28.85674,0.368627,0.8397,0,-0.5431,766.6882,0,1,0,0,0.5431,0,0.8397,-503.0536,0,0,0,1
109.2757,766.5676,0,-502.869,0.614043,0.614043,-27.70977,749.887,0.25,-479.1653,28.63628,0.368627,0.8371,0,-0.5471,766.5676,0,1,0,0,0.5471,0,0.8371,-502.869,0,0,0,1
109.2859,766.4464,0,-502.6855,0.590218,0.590218,-28.07599,749.887,0.25,-479.1653,28.41655,0.368627,0.8344,0,-0.5512,766.4464,0,1,0,0,0.5512,0,0.8344,-502.6855,0,0,0,1
109.2942,766.3248,0,-502.5034,0.566866,0.566866,-28.38728,749.887,0.25,-479.1653,28.19754,0.368627,0.8316,0,-0.5553,766.3248,0,1,0,0,0.5553,0,0.8316,-502.5034,0,0,0,1
109.3038,766.2026,0,-502.3224,0.544374,0.544374,-28.59602,749.887,0.25,-479.1653,27.97925,0.368627,0.8288,0,-0.5595,766.2026,0,1,0,0,0.5595,0,0.8288,-502.3224,0,0,0,1
109.3148,766.08,0,-502.1426,0.520799,0.520799,-28.81208,749.887,0.25,-479.1653,27.76165,0.368627,0.826,0,-0.5636,766.08,0,1,0,0,0.5636,0,0.826,-502.1426,0,0,0,1
109.3263,765.9568,0,-501.9641,0.49622,0.49622,-28.98787,749.887,0.25,-479.1653,27.54476,0.368627,0.8232,0,-0.5678,765.9568,0,1,0,0,0.5678,0,0.8232,-501.9641,0,0,0,1
109.3372,765.8332,0,-501.7869,0.470627,0.470627,-29.1783,749.887,0.25,-479.1653,27.32868,0.368627,0.8203,0,-0.572,765.8332,0,1,0,0,0.572,0,0.8203,-501.7869,0,0,0,1
109.3481,765.7091,0,-501.6108,0.446701,0.446701,-29.31747,749.887,0.25,-479.1653,27.11326,0.368627,0.8173,0,-0.5762,765.7091,0,1,0,0,0.5762,0,0.8173,-501.6108,0,0,0,1
109.3591,765.5845,0,-501.436,0.422364,0.422364,-29.45663,749.887,0.25,-479.1653,26.89862,0.368627,0.8144,0,-0.5804,765.5845,0,1,0,0,0.5804,0,0.8144,-501.436,0,0,0,1
109.3703,765.334,0,-501.0901,0.370726,0.370726,-29.57748,749.887,0.25,-479.1653,26.47157,0.368627,0.8083,0,-0.5888,765.334,0,1,0,0,0.5888,0,0.8083,-501.0901,0,0,0,1
109.3815,765.208,0,-500.919,0.343577,0.343577,-29.62875,749.887,0.25,-479.1653,26.25917,0.368627,0.8053,0,-0.5929,765.208,0,1,0,0,0.5929,0,0.8053,-500.919,0,0,0,1
109.3925,765.0816,0,-500.7491,0.318473,0.318473,-29.65804,749.887,0.25,-479.1653,26.04752,0.368627,0.8022,0,-0.5971,765.0816,0,1,0,0,0.5971,0,0.8022,-500.7491,0,0,0,1
109.4038,764.9548,0,-500.5806,0.292312,0.292312,-29.67269,749.887,0.25,-479.1653,25.83668,0.368627,0.7991,0,-0.6012,764.9548,0,1,0,0,0.6012,0,0.7991,-500.5806,0,0,0,1
109.4146,764.8275,0,-500.4133,0.265216,0.265216,-29.67269,749.887,0.25,-479.1653,25.62665,0.368627,0.796,0,-0.6054,764.8275,0,1,0,0,0.6054,0,0.796,-500.4133,0,0,0,1
109.4258,764.6998,0,-500.2472,0.237082,0.237082,-29.67269,749.887,0.25,-479.1653,25.41738,0.368627,0.7928,0,-0.6095,764.6998,0,1,0,0,0.6095,0,0.7928,-500.2472,0,0,0,1
109.4369,764.5717,0,-500.0823,0.208744,0.208744,-29.67269,749.887,0.25,-479.1653,25.20886,0.368627,0.7896,0,-0.6136,764.5717,0,1,0,0,0.6136,0,0.7896,-500.0823,0,0,0,1
109.448,764.4432,0,-499.9187,0.181898,0.181898,-29.67269,749.887,0.25,-479.1653,25.00117,0.368627,0.7865,0,-0.6177,764.4432,0,1,0,0,0.6177,0,0.7865,-499.9187,0,0,0,1
109.4591,764.3143,0,-499.7564,0.153998,0.153998,-29.67269,749.887,0.25,-479.1653,24.79426,0.368627,0.7832,0,-0.6217,764.3143,0,1,0,0,0.6217,0,0.7832,-499.7564,0,0,0,1
109.471,764.0555,0,-499.4354,0.095431,0.095431,-29.67269,749.887,0.25,-479.1653,24.38294,0.368627,0.7768,0,-0.6298,764.0555,0,1,0,0,0.6298,0,0.7768,-499.4354,0,0,0,1
109.4813,763.9255,0,-499.2768,0.065791,0.065791,-29.67269,749.887,0.25,-479.1653,24.17848,0.368627,0.7735,0,-0.6338,763.9255,0,1,0,0,0.6338,0,0.7735,-499.2768,0,0,0,1
109.4924,763.7952,0,-499.1194,0.03725,0.03725,-29.67269,749.887,0.25,-479.1653,23.9749,0.368627,0.7702,0,-0.6378,763.7952,0,1,0,0,0.6378,0,0.7702,-499.1194,0,0,0,1
109.504,763.6644,0,-498.9633,0.007673,0.007673,-29.63241,749.887,0.25,-479.1653,23.77211,0.368627,0.7669,0,-0.6418,763.6644,0,1,0,0,0.6418,0,0.7669,-498.9633,0,0,0,1
109.5149,763.5334,0,-498.8083,0.022716,-0.022716,-29.5555,749.887,0.25,-479.1653,23.5702,0.368627,0.7636,0,-0.6457,763.5334,0,1,0,0,0.6457,0,0.7636,-498.8083,0,0,0,1
109.5257,763.4022,0,-498.6547,0.054019,-0.054019,-29.43465,749.887,0.25,-479.1653,23.3692,0.368627,0.7602,0,-0.6496,763.4022,0,1,0,0,0.6496,0,0.7602,-498.6547,0,0,0,1
109.5372,763.2706,0,-498.5023,0.085149,-0.085149,-29.20027,749.887,0.25,-479.1653,23.16902,0.368627,0.7569,0,-0.6535,763.2706,0,1,0,0,0.6535,0,0.7569,-498.5023,0,0,0,1
109.548,763.1387,0,-498.3511,0.115255,-0.115255,-29.05745,749.887,0.25,-479.1653,22.96972,0.368627,0.7536,0,-0.6573,763.1387,0,1,0,0,0.6573,0,0.7536,-498.3511,0,0,0,1
109.5592,763.0066,0,-498.201,0.146207,-0.146207,-28.81574,749.887,0.25,-479.1653,22.77126,0.368627,0.7503,0,-0.6611,763.0066,0,1,0,0,0.6611,0,0.7503,-498.201,0,0,0,1
109.5702,762.7414,0,-497.9047,0.210884,-0.210884,-28.57405,749.887,0.25,-479.1653,22.37695,0.368627,0.7436,0,-0.6686,762.7414,0,1,0,0,0.6686,0,0.7436,-497.9047,0,0,0,1
109.5813,762.6085,0,-497.7583,0.243578,-0.243578,-28.38362,749.887,0.25,-479.1653,22.18118,0.368627,0.7403,0,-0.6722,762.6085,0,1,0,0,0.6722,0,0.7403,-497.7583,0,0,0,1
109.5931,762.4754,0,-497.6132,0.274984,-0.274984,-28.18585,749.887,0.25,-479.1653,21.9863,0.368627,0.737,0,-0.6759,762.4754,0,1,0,0,0.6759,0,0.737,-497.6132,0,0,0,1
109.6079,762.342,0,-497.4692,0.307234,-0.307234,-28.02472,749.887,0.25,-479.1653,21.79231,0.368627,0.7337,0,-0.6795,762.342,0,1,0,0,0.6795,0,0.7337,-497.4692,0,0,0,1
109.6179,762.2085,0,-497.3264,0.340311,-0.340311,-27.91852,749.887,0.25,-479.1653,21.59922,0.368627,0.7304,0,-0.683,762.2085,0,1,0,0,0.683,0,0.7304,-497.3264,0,0,0,1
109.6259,762.0748,0,-497.1848,0.374215,-0.374215,-27.85626,749.887,0.25,-479.1653,21.40713,0.368627,0.727,0,-0.6866,762.0748,0,1,0,0,0.6866,0,0.727,-497.1848,0,0,0,1
109.6367,761.9409,0,-497.0444,0.408516,-0.408516,-27.84527,749.887,0.25,-479.1653,21.2159,0.368627,0.7237,0,-0.6901,761.9409,0,1,0,0,0.6901,0,0.7237,-497.0444,0,0,0,1
109.6479,761.8069,0,-496.9052,0.441009,-0.441009,-27.82696,749.887,0.25,-479.1653,21.02571,0.368627,0.7203,0,-0.6936,761.8069,0,1,0,0,0.6936,0,0.7203,-496.9052,0,0,0,1
109.6595,761.6726,0,-496.7671,0.474447,-0.474447,-27.82696,749.887,0.25,-479.1653,20.83639,0.368627,0.717,0,-0.6971,761.6726,0,1,0,0,0.6971,0,0.717,-496.7671,0,0,0,1
109.6704,761.4037,0,-496.4946,0.543596,-0.543596,-27.82696,749.887,0.25,-479.1653,20.46067,0.368627,0.7102,0,-0.704,761.4037,0,1,0,0,0.704,0,0.7102,-496.4946,0,0,0,1
109.6815,761.269,0,-496.36,0.579256,-0.579256,-27.82696,749.887,0.25,-479.1653,20.27427,0.368627,0.7067,0,-0.7075,761.269,0,1,0,0,0.7075,0,0.7067,-496.36,0,0,0,1
109.693,761.1343,0,-496.2267,0.613244,-0.613244,-27.82696,749.887,0.25,-479.1653,20.08888,0.368627,0.7033,0,-0.7109,761.1343,0,1,0,0,0.7109,0,0.7033,-496.2267,0,0,0,1
109.7046,760.9994,0,-496.0946,0.647692,-0.647692,-27.82696,749.887,0.25,-479.1653,19.9045,0.368627,0.6998,0,-0.7143,760.9994,0,1,0,0,0.7143,0,0.6998,-496.0946,0,0,0,1
109.7149,760.8644,0,-495.9636,0.68283,-0.68283,-27.82696,749.887,0.25,-479.1653,19.72108,0.368627,0.6963,0,-0.7177,760.8644,0,1,0,0,0.7177,0,0.6963,-495.9636,0,0,0,1
109.726,760.7292,0,-495.8337,0.718775,-0.718775,-27.82696,749.887,0.25,-479.1653,19.53868,0.368627,0.6929,0,-0.7211,760.7292,0,1,0,0,0.7211,0,0.6929,-495.8337,0,0,0,1
109.7371,760.5941,0,-495.7051,0.755324,-0.755324,-27.82696,749.887,0.25,-479.1653,19.35736,0.368627,0.6893,0,-0.7244,760.5941,0,1,0,0,0.7244,0,0.6893,-495.7051,0,0,0,1
109.7481,760.4587,0,-495.5776,0.791423,-0.791423,-27.82696,749.887,0.25,-479.1653,19.17699,0.368627,0.6858,0,-0.7278,760.4587,0,1,0,0,0.7278,0,0.6858,-495.5776,0,0,0,1
109.7591,760.3234,0,-495.4512,0.826807,-0.826807,-27.82696,749.887,0.25,-479.1653,18.9977,0.368627,0.6823,0,-0.7311,760.3234,0,1,0,0,0.7311,0,0.6823,-495.4512,0,0,0,1
109.7702,760.0524,0,-495.202,0.899775,-0.899775,-27.82696,749.887,0.25,-479.1653,18.64231,0.368627,0.6751,0,-0.7377,760.0524,0,1,0,0,0.7377,0,0.6751,-495.202,0,0,0,1
109.7817,759.9168,0,-495.0791,0.937343,-0.937343,-27.80865,749.887,0.25,-479.1653,18.46618,0.368627,0.6716,0,-0.741,759.9168,0,1,0,0,0.741,0,0.6716,-495.0791,0,0,0,1
109.7924,759.7813,0,-494.9575,0.975523,-0.975523,-27.73541,749.887,0.25,-479.1653,18.29124,0.368627,0.668,0,-0.7442,759.7813,0,1,0,0,0.7442,0,0.668,-494.9575,0,0,0,1
109.8042,759.6456,0,-494.8369,1.011769,-1.011769,-27.64019,749.887,0.25,-479.1653,18.11733,0.368627,0.6644,0,-0.7474,759.6456,0,1,0,0,0.7474,0,0.6644,-494.8369,0,0,0,1
109.815,759.51,0,-494.7175,1.048753,-1.048753,-27.44976,749.887,0.25,-479.1653,17.94461,0.368627,0.6608,0,-0.7506,759.51,0,1,0,0,0.7506,0,0.6608,-494.7175,0,0,0,1
109.8259,759.3743,0,-494.5992,1.086493,-1.086493,-27.22271,749.887,0.25,-479.1653,17.77292,0.360784,0.6572,0,-0.7537,759.3743,0,1,0,0,0.7537,0,0.6572,-494.5992,0,0,0,1
109.8379,759.2386,0,-494.4819,1.124768,-1.124768,-26.84916,749.887,0.25,-479.1653,17.60232,0.352941,0.6537,0,-0.7568,759.2386,0,1,0,0,0.7568,0,0.6537,-494.4819,0,0,0,1
109.8482,759.1029,0,-494.3658,1.16373,-1.16373,-26.4097,749.887,0.25,-479.1653,17.43289,0.352941,0.6502,0,-0.7598,759.1029,0,1,0,0,0.7598,0,0.6502,-494.3658,0,0,0,1
109.8593,758.9672,0,-494.2508,1.202175,-1.202175,-25.98123,749.887,0.25,-479.1653,17.26456,0.352941,0.6467,0,-0.7627,758.9672,0,1,0,0,0.7627,0,0.6467,-494.2508,0,0,0,1
109.8705,758.696,0,-494.024,1.278036,-1.278036,-25.32936,749.887,0.25,-479.1653,16.93128,0.352941,0.6399,0,-0.7684,758.696,0,1,0,0,0.7684,0,0.6399,-494.024,0,0,0,1
109.8814,758.5604,0,-493.912,1.316827,-1.316827,-24.93019,749.887,0.25,-479.1653,16.76631,0.352941,0.6366,0,-0.7712,758.5604,0,1,0,0,0.7712,0,0.6366,-493.912,0,0,0,1
109.8926,758.4249,0,-493.8012,1.356171,-1.356171,-24.32593,749.887,0.25,-479.1653,16.60249,0.345098,0.6333,0,-0.7739,758.4249,0,1,0,0,0.7739,0,0.6333,-493.8012,0,0,0,1
109.9041,758.2896,0,-493.6913,1.396029,-1.396029,-23.82055,749.887,0.25,-479.1653,16.43983,0.345098,0.6301,0,-0.7765,758.2896,0,1,0,0,0.7765,0,0.6301,-493.6913,0,0,0,1
109.9147,758.1543,0,-493.5825,1.434587,-1.434587,-23.20531,749.887,0.25,-479.1653,16.27835,0.337255,0.6269,0,-0.7791,758.1543,0,1,0,0,0.7791,0,0.6269,-493.5825,0,0,0,1
109.9267,758.019,0,-493.4745,1.473017,-1.473017,-22.71824,749.887,0.25,-479.1653,16.1179,0.321569,0.6238,0,-0.7815,758.019,0,1,0,0,0.7815,0,0.6238,-493.4745,0,0,0,1
109.9419,757.7489,0,-493.2615,1.551327,-1.551327,-22.14694,749.887,0.25,-479.1653,15.80054,0.313726,0.6178,0,-0.7863,757.7489,0,1,0,0,0.7863,0,0.6178,-493.2615,0,0,0,1
109.952,757.614,0,-493.1563,1.591157,-1.591157,-21.45113,749.887,0.25,-479.1653,15.64346,0.298039,0.6148,0,-0.7887,757.614,0,1,0,0,0.7887,0,0.6148,-493.1563,0,0,0,1
109.96,757.614,0,-493.1563,1.591157,-1.591157,-21.45113,749.887,0.25,-479.1653,15.64346,0.290196,0.6148,0,-0.7887,757.614,0,1,0,0,0.7887,0,0.6148,-493.1563,0,0,0,1
109.9697,757.4791,0,-493.0519,1.631482,-1.631482,-20.70039,749.887,0.25,-479.1653,15.48752,0.27451,0.612,0,-0.7909,757.4791,0,1,0,0,0.7909,0,0.612,-493.0519,0,0,0,1
109.9808,757.2096,0,-492.8456,1.708787,-1.708787,-20.27558,749.887,0.25,-479.1653,15.17874,0.266667,0.6064,0,-0.7952,757.2096,0,1,0,0,0.7952,0,0.6064,-492.8456,0,0,0,1
109.9918,757.075,0,-492.7437,1.747879,-1.747879,-19.85809,749.887,0.25,-479.1653,15.02602,0.25098,0.6036,0,-0.7973,757.075,0,1,0,0,0.7973,0,0.6036,-492.7437,0,0,0,1
110.0034,756.9404,0,-492.6426,1.787551,-1.787551,-19.35271,749.887,0.25,-479.1653,14.87437,0.235294,0.6009,0,-0.7993,756.9404,0,1,0,0,0.7993,0,0.6009,-492.6426,0,0,0,1
110.0142,756.8059,0,-492.5421,1.827535,-1.827535,-18.85099,749.887,0.25,-479.1653,14.72366,0.211765,0.5983,0,-0.8013,756.8059,0,1,0,0,0.8013,0,0.5983,-492.5421,0,0,0,1
110.0254,756.6714,0,-492.4423,1.867917,-1.867917,-18.4152,749.887,0.25,-479.1653,14.57398,0.196078,0.5957,0,-0.8032,756.6714,0,1,0,0,0.8032,0,0.5957,-492.4423,0,0,0,1
110.0366,756.5369,0,-492.3432,1.906493,-1.906493,-17.77066,749.887,0.25,-479.1653,14.42526,0.164706,0.5932,0,-0.805,756.5369,0,1,0,0,0.805,0,0.5932,-492.3432,0,0,0,1
110.0475,756.4023,0,-492.2447,1.945266,-1.945266,-17.38613,749.887,0.25,-479.1653,14.2775,0.12549,0.5908,0,-0.8068,756.4023,0,1,0,0,0.8068,0,0.5908,-492.2447,0,0,0,1
110.0584,756.2677,0,-492.1467,1.984504,-1.984504,-16.81117,749.887,0.25,-479.1653,14.13061,0.094118,0.5884,0,-0.8086,756.2677,0,1,0,0,0.8086,0,0.5884,-492.1467,0,0,0,1
110.0698,756.1329,0,-492.0493,2.024187,-2.024187,-16.31312,749.887,0.25,-479.1653,13.98454,0.031373,0.5861,0,-0.8102,756.1329,0,1,0,0,0.8102,0,0.5861,-492.0493,0,0,0,1
110.0808,755.8616,0,-491.8547,2.105003,-2.105003,-15.7345,749.887,0.25,-479.1653,13.69341,0,0.5816,0,-0.8135,755.8616,0,1,0,0,0.8135,0,0.5816,-491.8547,0,0,0,1
110.0919,755.7251,0,-491.7576,2.143857,-2.143857,-15.27673,749.887,0.25,-479.1653,13.54838,0,0.5795,0,-0.815,755.7251,0,1,0,0,0.815,0,0.5795,-491.7576,0,0,0,1
110.1032,755.588,0,-491.6607,2.18315,-2.18315,-14.53696,749.887,0.25,-479.1653,13.40381,0,0.5774,0,-0.8165,755.588,0,1,0,0,0.8165,0,0.5774,-491.6607,0,0,0,1
110.1142,755.4503,0,-491.5638,2.222973,-2.222973,-14.27329,749.887,0.25,-479.1653,13.25963,0,0.5754,0,-0.8179,755.4503,0,1,0,0,0.8179,0,0.5754,-491.5638,0,0,0,1
110.1253,755.3121,0,-491.4671,2.263232,-2.263232,-13.78256,749.887,0.25,-479.1653,13.11589,0,0.5734,0,-0.8193,755.3121,0,1,0,0,0.8193,0,0.5734,-491.4671,0,0,0,1
110.1364,755.1733,0,-491.3705,2.303954,-2.303954,-13.31746,749.887,0.25,-479.1653,12.97263,0,0.5715,0,-0.8206,755.1733,0,1,0,0,0.8206,0,0.5715,-491.3705,0,0,0,1
110.1474,755.0339,0,-491.2739,2.345012,-2.345012,-12.95125,749.887,0.25,-479.1653,12.82987,0,0.5696,0,-0.8219,755.0339,0,1,0,0,0.8219,0,0.5696,-491.2739,0,0,0,1
110.1586,754.894,0,-491.1774,2.384198,-2.384198,-12.53742,749.887,0.25,-479.1653,12.68765,0,0.5678,0,-0.8232,754.894,0,1,0,0,0.8232,0,0.5678,-491.1774,0,0,0,1
110.1698,754.7537,0,-491.081,2.423781,-2.423781,-12.18585,749.887,0.25,-479.1653,12.546,0,0.5661,0,-0.8244,754.7537,0,1,0,0,0.8244,0,0.5661,-491.081,0,0,0,1
110.1807,754.4712,0,-490.8884,2.50433,-2.50433,-11.77935,749.887,0.25,-479.1653,12.26441,0,0.5627,0,-0.8267,754.4712,0,1,0,0,0.8267,0,0.5627,-490.8884,0,0,0,1
110.1918,754.3293,0,-490.7921,2.545118,-2.545118,-11.43511,749.887,0.25,-479.1653,12.12465,0,0.561,0,-0.8278,754.3293,0,1,0,0,0.8278,0,0.561,-490.7921,0,0,0,1
110.2036,754.1868,0,-490.696,2.585741,-2.585741,-10.88578,749.887,0.25,-479.1653,11.98556,0,0.5595,0,-0.8289,754.1868,0,1,0,0,0.8289,0,0.5595,-490.696,0,0,0,1
110.2145,754.0437,0,-490.5999,2.624988,-2.624988,-10.62211,749.887,0.25,-479.1653,11.84719,0,0.5579,0,-0.8299,754.0437,0,1,0,0,0.8299,0,0.5579,-490.5999,0,0,0,1
110.2251,753.9003,0,-490.5038,2.664522,-2.664522,-10.28885,749.887,0.25,-479.1653,11.70962,0,0.5564,0,-0.8309,753.9003,0,1,0,0,0.8309,0,0.5564,-490.5038,0,0,0,1
110.2363,753.7563,0,-490.4077,2.70445,-2.70445,-9.922636,749.887,0.25,-479.1653,11.57286,0,0.555,0,-0.8319,753.7563,0,1,0,0,0.8319,0,0.555,-490.4077,0,0,0,1
110.2478,753.6118,0,-490.3116,2.744725,-2.744725,-9.618681,749.887,0.25,-479.1653,11.43691,0,0.5536,0,-0.8328,753.6118,0,1,0,0,0.8328,0,0.5536,-490.3116,0,0,0,1
110.2584,753.4667,0,-490.2156,2.785392,-2.785392,-9.274435,749.887,0.25,-479.1653,11.30188,0,0.5522,0,-0.8337,753.4667,0,1,0,0,0.8337,0,0.5522,-490.2156,0,0,0,1
110.2734,753.1754,0,-490.0235,2.863731,-2.863731,-8.875257,749.887,0.25,-479.1653,11.03471,0,0.5497,0,-0.8354,753.1754,0,1,0,0,0.8354,0,0.5497,-490.0235,0,0,0,1
110.2836,753.0289,0,-489.9275,2.902898,-2.902898,-8.560309,749.887,0.25,-479.1653,10.90266,0,0.5484,0,-0.8362,753.0289,0,1,0,0,0.8362,0,0.5484,-489.9275,0,0,0,1
110.2918,752.882,0,-489.8314,2.942412,-2.942412,-8.314948,749.887,0.25,-479.1653,10.77171,0,0.5472,0,-0.837,752.882,0,1,0,0,0.837,0,0.5472,-489.8314,0,0,0,1
110.303,752.7346,0,-489.7354,2.982144,-2.982144,-8.131836,749.887,0.25,-479.1653,10.64192,0,0.546,0,-0.8378,752.7346,0,1,0,0,0.8378,0,0.546,-489.7354,0,0,0,1
110.3142,752.5868,0,-489.6393,3.022199,-3.022199,-7.915771,749.887,0.25,-479.1653,10.51335,0,0.5448,0,-0.8385,752.5868,0,1,0,0,0.8385,0,0.5448,-489.6393,0,0,0,1
110.3256,752.4385,0,-489.5432,3.060131,-3.060131,-7.696037,749.887,0.25,-479.1653,10.38611,0,0.5437,0,-0.8393,752.4385,0,1,0,0,0.8393,0,0.5437,-489.5432,0,0,0,1
110.3375,752.2897,0,-489.4471,3.098288,-3.098288,-7.505608,749.887,0.25,-479.1653,10.26019,0,0.5426,0,-0.84,752.2897,0,1,0,0,0.84,0,0.5426,-489.4471,0,0,0,1
110.3478,752.1405,0,-489.351,3.136749,-3.136749,-7.355461,749.887,0.25,-479.1653,10.13566,0,0.5415,0,-0.8407,752.1405,0,1,0,0,0.8407,0,0.5415,-489.351,0,0,0,1
110.3592,751.9908,0,-489.2549,3.175489,-3.175489,-7.234604,749.887,0.25,-479.1653,10.01262,0,0.5405,0,-0.8414,751.9908,0,1,0,0,0.8414,0,0.5405,-489.2549,0,0,0,1
110.3705,751.6901,0,-489.0624,3.252544,-3.252544,-7.077134,749.887,0.25,-479.1653,9.771313,0,0.5384,0,-0.8427,751.6901,0,1,0,0,0.8427,0,0.5384,-489.0624,0,0,0,1
110.3816,751.539,0,-488.9662,3.289573,-3.289573,-7.014878,749.887,0.25,-479.1653,9.653201,0,0.5374,0,-0.8434,751.539,0,1,0,0,0.8434,0,0.5374,-488.9662,0,0,0,1
110.3929,751.3875,0,-488.8699,3.326837,-3.326837,-6.908677,749.887,0.25,-479.1653,9.536905,0,0.5363,0,-0.844,751.3875,0,1,0,0,0.844,0,0.5363,-488.8699,0,0,0,1
110.4044,751.2355,0,-488.7736,3.364466,-3.364466,-6.82811,749.887,0.25,-479.1653,9.422537,0,0.5353,0,-0.8446,751.2355,0,1,0,0,0.8446,0,0.5353,-488.7736,0,0,0,1
110.4149,751.0831,0,-488.6772,3.402287,-3.402287,-6.740212,749.887,0.25,-479.1653,9.310105,0,0.5343,0,-0.8453,751.0831,0,1,0,0,0.8453,0,0.5343,-488.6772,0,0,0,1
110.4262,750.9302,0,-488.5809,3.440137,-3.440137,-6.663308,749.887,0.25,-479.1653,9.199792,0,0.5334,0,-0.8459,750.9302,0,1,0,0,0.8459,0,0.5334,-488.5809,0,0,0,1
110.4376,750.7769,0,-488.4844,3.475979,-3.475979,-6.568093,749.887,0.25,-479.1653,9.091639,0,0.5324,0,-0.8465,750.7769,0,1,0,0,0.8465,0,0.5324,-488.4844,0,0,0,1
110.4484,750.6232,0,-488.388,3.511991,-3.511991,-6.491189,749.887,0.25,-479.1653,8.98582,0,0.5314,0,-0.8471,750.6232,0,1,0,0,0.8471,0,0.5314,-488.388,0,0,0,1
110.4594,750.4689,0,-488.2914,3.5483,-3.5483,-6.403298,749.887,0.25,-479.1653,8.882304,0,0.5305,0,-0.8477,750.4689,0,1,0,0,0.8477,0,0.5305,-488.2914,0,0,0,1
110.4707,750.1592,0,-488.0983,3.621659,-3.621659,-6.304414,749.887,0.25,-479.1653,8.683012,0,0.5286,0,-0.8489,750.1592,0,1,0,0,0.8489,0,0.5286,-488.0983,0,0,0,1
110.4819,750.0037,0,-488.0017,3.656644,-3.656644,-6.212862,749.887,0.25,-479.1653,8.586365,0,0.5277,0,-0.8494,750.0037,0,1,0,0,0.8494,0,0.5277,-488.0017,0,0,0,1
110.4926,749.8477,0,-487.905,3.691322,-3.691322,-6.113985,749.887,0.25,-479.1653,8.489685,0,0.5268,0,-0.85,749.8477,0,1,0,0,0.85,0,0.5268,-487.905,0,0,0,1
110.5042,749.6912,0,-487.8083,3.726298,-3.726298,-6.03708,749.887,0.25,-479.1653,8.392975,0,0.5259,0,-0.8505,749.6912,0,1,0,0,0.8505,0,0.5259,-487.8083,0,0,0,1
110.5151,749.5344,0,-487.7115,3.761459,-3.761459,-5.923555,749.887,0.25,-479.1653,8.296838,0,0.525,0,-0.8511,749.5344,0,1,0,0,0.8511,0,0.525,-487.7115,0,0,0,1
110.5272,749.3771,0,-487.6147,3.796808,-3.796808,-5.850306,749.887,0.25,-479.1653,8.203489,0,0.5241,0,-0.8516,749.3771,0,1,0,0,0.8516,0,0.5241,-487.6147,0,0,0,1
110.538,749.2193,0,-487.5179,3.830992,-3.830992,-5.747766,749.887,0.25,-479.1653,8.113266,0,0.5233,0,-0.8522,749.2193,0,1,0,0,0.8522,0,0.5233,-487.5179,0,0,0,1
110.5484,749.0611,0,-487.4209,3.864213,-3.864213,-5.681849,749.887,0.25,-479.1653,8.02627,0,0.5224,0,-0.8527,749.0611,0,1,0,0,0.8527,0,0.5224,-487.4209,0,0,0,1
110.5604,748.7434,0,-487.227,3.931385,-3.931385,-5.608606,749.887,0.25,-479.1653,7.862555,0,0.5208,0,-0.8537,748.7434,0,1,0,0,0.8537,0,0.5208,-487.227,0,0,0,1
110.5704,748.5839,0,-487.1299,3.965314,-3.965314,-5.517054,749.887,0.25,-479.1653,7.786055,0,0.52,0,-0.8542,748.5839,0,1,0,0,0.8542,0,0.52,-487.1299,0,0,0,1
110.5819,748.424,0,-487.0327,3.998246,-3.998246,-5.443811,749.887,0.25,-479.1653,7.713368,0,0.5191,0,-0.8547,748.424,0,1,0,0,0.8547,0,0.5191,-487.0327,0,0,0,1
110.5925,748.2637,0,-486.9355,4.029882,-4.029882,-5.363238,749.887,0.25,-479.1653,7.644535,0,0.5183,0,-0.8552,748.2637,0,1,0,0,0.8552,0,0.5183,-486.9355,0,0,0,1
110.6073,748.1029,0,-486.8383,4.061706,-4.061706,-5.293658,749.887,0.25,-479.1653,7.579773,0,0.5176,0,-0.8557,748.1029,0,1,0,0,0.8557,0,0.5176,-486.8383,0,0,0,1
110.618,747.9417,0,-486.741,4.093818,-4.093818,-5.169146,749.887,0.25,-479.1653,7.519217,0,0.5168,0,-0.8561,747.9417,0,1,0,0,0.8561,0,0.5168,-486.741,0,0,0,1
110.6263,747.7801,0,-486.6436,4.126029,-4.126029,-5.073931,749.887,0.25,-479.1653,7.462908,0,0.516,0,-0.8566,747.7801,0,1,0,0,0.8566,0,0.516,-486.6436,0,0,0,1
110.6369,747.618,0,-486.5461,4.157488,-4.157488,-4.989703,749.887,0.25,-479.1653,7.411066,0,0.5153,0,-0.857,747.618,0,1,0,0,0.857,0,0.5153,-486.5461,0,0,0,1
110.6482,747.4556,0,-486.4486,4.187458,-4.187458,-4.890819,749.887,0.25,-479.1653,7.363783,0,0.5145,0,-0.8575,747.4556,0,1,0,0,0.8575,0,0.5145,-486.4486,0,0,0,1
110.6598,747.2927,0,-486.351,4.217606,-4.217606,-4.769969,749.887,0.25,-479.1653,7.32115,0,0.5138,0,-0.8579,747.2927,0,1,0,0,0.8579,0,0.5138,-486.351,0,0,0,1
110.6721,746.9656,0,-486.1557,4.278476,-4.278476,-4.652781,749.887,0.25,-479.1653,7.2504,0,0.5124,0,-0.8587,746.9656,0,1,0,0,0.8587,0,0.5124,-486.1557,0,0,0,1
110.6813,746.8014,0,-486.0578,4.308108,-4.308108,-4.52827,749.887,0.25,-479.1653,7.222402,0,0.5118,0,-0.8591,746.8014,0,1,0,0,0.8591,0,0.5118,-486.0578,0,0,0,1
110.6922,746.6367,0,-485.96,4.336362,-4.336362,-4.400089,749.887,0.25,-479.1653,7.199547,0,0.5111,0,-0.8595,746.6367,0,1,0,0,0.8595,0,0.5111,-485.96,0,0,0,1
