time,pos_x,pos_y,pos_z,distFromRoadCenter,signedDistFromRoadCenter,wheelAngle,obstacle_pos_x,obstacle_pos_y,obstacle_pos_z,distance_to_obstacle,brake_position,simplecar_4x4_R0C0,simplecar_4x4_R0C1,simplecar_4x4_R0C2,simplecar_4x4_R0C3,simplecar_4x4_R1C0,simplecar_4x4_R1C1,simplecar_4x4_R1C2,simplecar_4x4_R1C3,simplecar_4x4_R2C0,simplecar_4x4_R2C1,simplecar_4x4_R2C2,simplecar_4x4_R2C3,simplecar_4x4_R3C0,simplecar_4x4_R3C1,simplecar_4x4_R3C2,simplecar_4x4_R3C3
259.9157,-228.1734,0,-1770.928,1.021964,1.021964,-3.165944,-204.3148,0.25,-1825.718,59.43047,0,-0.9592,0,0.2829,-228.1734,0,1,0,0,-0.2829,0,-0.9592,-1770.928,0,0,0,1
259.9267,-228.1025,0,-1771.168,1.02295,1.02295,-3.202565,-204.3148,0.25,-1825.718,59.18231,0,-0.959,0,0.2834,-228.1025,0,1,0,0,-0.2834,0,-0.959,-1771.168,0,0,0,1
259.9383,-228.0315,0,-1771.407,1.023838,1.023838,-3.206227,-204.3148,0.25,-1825.718,58.93412,0,-0.9588,0,0.2839,-228.0315,0,1,0,0,-0.2839,0,-0.9588,-1771.407,0,0,0,1
259.9494,-227.9604,0,-1771.647,1.024551,1.024551,-3.206227,-204.3148,0.25,-1825.718,58.686,0,-0.9587,0,0.2845,-227.9604,0,1,0,0,-0.2845,0,-0.9587,-1771.647,0,0,0,1
259.9647,-227.8178,0,-1772.126,1.025556,1.025556,-3.206227,-204.3148,0.25,-1825.718,58.18966,0,-0.9584,0,0.2855,-227.8178,0,1,0,0,-0.2855,0,-0.9584,-1772.126,0,0,0,1
259.9732,-227.7462,0,-1772.366,1.025776,1.025776,-3.206227,-204.3148,0.25,-1825.718,57.94164,0,-0.9582,0,0.2861,-227.7462,0,1,0,0,-0.2861,0,-0.9582,-1772.366,0,0,0,1
259.9823,-227.6746,0,-1772.605,1.026001,1.026001,-3.206227,-204.3148,0.25,-1825.718,57.69337,0,-0.958,0,0.2866,-227.6746,0,1,0,0,-0.2866,0,-0.958,-1772.605,0,0,0,1
259.9935,-227.6028,0,-1772.845,1.026044,1.026044,-3.206227,-204.3148,0.25,-1825.718,57.44506,0,-0.9579,0,0.2872,-227.6028,0,1,0,0,-0.2872,0,-0.9579,-1772.845,0,0,0,1
260.0046,-227.5309,0,-1773.084,1.025884,1.025884,-3.206227,-204.3148,0.25,-1825.718,57.19705,0,-0.9577,0,0.2877,-227.5309,0,1,0,0,-0.2877,0,-0.9577,-1773.084,0,0,0,1
260.0155,-227.4588,0,-1773.324,1.025615,1.025615,-3.206227,-204.3148,0.25,-1825.718,56.94889,0,-0.9576,0,0.2882,-227.4588,0,1,0,0,-0.2882,0,-0.9576,-1773.324,0,0,0,1
260.0267,-227.3866,0,-1773.563,1.025214,1.025214,-3.206227,-204.3148,0.25,-1825.718,56.7007,0,-0.9574,0,0.2888,-227.3866,0,1,0,0,-0.2888,0,-0.9574,-1773.563,0,0,0,1
260.0388,-227.3143,0,-1773.802,1.024653,1.024653,-3.206227,-204.3148,0.25,-1825.718,56.45257,0,-0.9572,0,0.2893,-227.3143,0,1,0,0,-0.2893,0,-0.9572,-1773.802,0,0,0,1
260.0494,-227.2419,0,-1774.042,1.024004,1.024004,-3.206227,-204.3148,0.25,-1825.718,56.20441,0,-0.9571,0,0.2898,-227.2419,0,1,0,0,-0.2898,0,-0.9571,-1774.042,0,0,0,1
260.06,-227.1693,0,-1774.281,1.023203,1.023203,-3.206227,-204.3148,0.25,-1825.718,55.95621,0,-0.9569,0,0.2904,-227.1693,0,1,0,0,-0.2904,0,-0.9569,-1774.281,0,0,0,1
260.0713,-227.0237,0,-1774.759,1.021113,1.021113,-3.206227,-204.3148,0.25,-1825.718,55.45992,0,-0.9566,0,0.2914,-227.0237,0,1,0,0,-0.2914,0,-0.9566,-1774.759,0,0,0,1
260.083,-226.9507,0,-1774.998,1.019883,1.019883,-3.206227,-204.3148,0.25,-1825.718,55.21172,0,-0.9564,0,0.292,-226.9507,0,1,0,0,-0.292,0,-0.9564,-1774.998,0,0,0,1
260.0934,-226.8776,0,-1775.237,1.018506,1.018506,-3.206227,-204.3148,0.25,-1825.718,54.96359,0,-0.9563,0,0.2925,-226.8776,0,1,0,0,-0.2925,0,-0.9563,-1775.237,0,0,0,1
260.1089,-226.8043,0,-1775.476,1.016948,1.016948,-3.231862,-204.3148,0.25,-1825.718,54.71542,0,-0.9561,0,0.2931,-226.8043,0,1,0,0,-0.2931,0,-0.9561,-1775.476,0,0,0,1
260.119,-226.7309,0,-1775.715,1.015288,1.015288,-3.283131,-204.3148,0.25,-1825.718,54.46722,0,-0.9559,0,0.2936,-226.7309,0,1,0,0,-0.2936,0,-0.9559,-1775.715,0,0,0,1
260.1272,-226.6573,0,-1775.954,1.013467,1.013467,-3.349049,-204.3148,0.25,-1825.718,54.21909,0,-0.9558,0,0.2942,-226.6573,0,1,0,0,-0.2942,0,-0.9558,-1775.954,0,0,0,1
260.1381,-226.5837,0,-1776.193,1.011508,1.011508,-3.422291,-204.3148,0.25,-1825.718,53.97091,0,-0.9556,0,0.2947,-226.5837,0,1,0,0,-0.2947,0,-0.9556,-1776.193,0,0,0,1
260.149,-226.5098,0,-1776.432,1.009374,1.009374,-3.54681,-204.3148,0.25,-1825.718,53.72269,0,-0.9554,0,0.2953,-226.5098,0,1,0,0,-0.2953,0,-0.9554,-1776.432,0,0,0,1
260.16,-226.3617,0,-1776.909,1.004619,1.004619,-3.689632,-204.3148,0.25,-1825.718,53.22643,0,-0.955,0,0.2966,-226.3617,0,1,0,0,-0.2966,0,-0.955,-1776.909,0,0,0,1
260.1711,-226.2874,0,-1777.148,1.00204,1.00204,-3.898373,-204.3148,0.25,-1825.718,52.9782,0,-0.9548,0,0.2972,-226.2874,0,1,0,0,-0.2972,0,-0.9548,-1777.148,0,0,0,1
260.1823,-226.2129,0,-1777.387,0.999237,0.999237,-4.092472,-204.3148,0.25,-1825.718,52.73,0,-0.9546,0,0.2979,-226.2129,0,1,0,0,-0.2979,0,-0.9546,-1777.387,0,0,0,1
260.1942,-226.1383,0,-1777.625,0.996317,0.996317,-4.359806,-204.3148,0.25,-1825.718,52.48164,0,-0.9544,0,0.2986,-226.1383,0,1,0,0,-0.2986,0,-0.9544,-1777.625,0,0,0,1
260.2052,-226.0634,0,-1777.864,0.993084,0.993084,-4.700389,-204.3148,0.25,-1825.718,52.23355,0,-0.9541,0,0.2994,-226.0634,0,1,0,0,-0.2994,0,-0.9541,-1777.864,0,0,0,1
260.2153,-225.9884,0,-1778.102,0.98974,0.98974,-4.909129,-204.3148,0.25,-1825.718,51.98529,0,-0.9539,0,0.3002,-225.9884,0,1,0,0,-0.3002,0,-0.9539,-1778.102,0,0,0,1
260.2265,-225.9131,0,-1778.341,0.986092,0.986092,-5.15816,-204.3148,0.25,-1825.718,51.73706,0,-0.9536,0,0.3011,-225.9131,0,1,0,0,-0.3011,0,-0.9536,-1778.341,0,0,0,1
260.2386,-225.8376,0,-1778.579,0.982225,0.982225,-5.465784,-204.3148,0.25,-1825.718,51.48886,0,-0.9533,0,0.302,-225.8376,0,1,0,0,-0.302,0,-0.9533,-1778.579,0,0,0,1
260.2496,-225.7619,0,-1778.817,0.978153,0.978153,-5.780725,-204.3148,0.25,-1825.718,51.24059,0,-0.953,0,0.3029,-225.7619,0,1,0,0,-0.3029,0,-0.953,-1778.817,0,0,0,1
260.2599,-225.6859,0,-1779.056,0.973783,0.973783,-6.059053,-204.3148,0.25,-1825.718,50.99234,0,-0.9527,0,0.3039,-225.6859,0,1,0,0,-0.3039,0,-0.9527,-1779.056,0,0,0,1
260.2711,-225.5331,0,-1779.532,0.964207,0.964207,-6.417947,-204.3148,0.25,-1825.718,50.49567,0,-0.952,0,0.3061,-225.5331,0,1,0,0,-0.3061,0,-0.952,-1779.532,0,0,0,1
260.2821,-225.4563,0,-1779.77,0.958934,0.958934,-6.615701,-204.3148,0.25,-1825.718,50.24746,0,-0.9517,0,0.3072,-225.4563,0,1,0,0,-0.3072,0,-0.9517,-1779.77,0,0,0,1
260.2932,-225.3792,0,-1780.007,0.953392,0.953392,-6.923325,-204.3148,0.25,-1825.718,49.99915,0,-0.9513,0,0.3083,-225.3792,0,1,0,0,-0.3083,0,-0.9513,-1780.007,0,0,0,1
260.3043,-225.3018,0,-1780.245,0.947523,0.947523,-7.172348,-204.3148,0.25,-1825.718,49.75097,0,-0.9509,0,0.3095,-225.3018,0,1,0,0,-0.3095,0,-0.9509,-1780.245,0,0,0,1
260.3153,-225.2242,0,-1780.483,0.941399,0.941399,-7.454338,-204.3148,0.25,-1825.718,49.50244,0,-0.9505,0,0.3108,-225.2242,0,1,0,0,-0.3108,0,-0.9505,-1780.483,0,0,0,1
260.3264,-225.1462,0,-1780.72,0.93491,0.93491,-7.674065,-204.3148,0.25,-1825.718,49.25402,0,-0.9501,0,0.312,-225.1462,0,1,0,0,-0.312,0,-0.9501,-1780.72,0,0,0,1
260.3379,-225.0678,0,-1780.958,0.928093,0.928093,-7.915771,-204.3148,0.25,-1825.718,49.0056,0,-0.9496,0,0.3133,-225.0678,0,1,0,0,-0.3133,0,-0.9496,-1780.958,0,0,0,1
260.3488,-224.9891,0,-1781.195,0.920861,0.920861,-8.146484,-204.3148,0.25,-1825.718,48.75714,0,-0.9492,0,0.3147,-224.9891,0,1,0,0,-0.3147,0,-0.9492,-1781.195,0,0,0,1
260.3603,-224.8308,0,-1781.669,0.905372,0.905372,-8.31861,-204.3148,0.25,-1825.718,48.26021,0,-0.9483,0,0.3174,-224.8308,0,1,0,0,-0.3174,0,-0.9483,-1781.669,0,0,0,1
260.3716,-224.7511,0,-1781.906,0.897091,0.897091,-8.512702,-204.3148,0.25,-1825.718,48.01171,0,-0.9478,0,0.3189,-224.7511,0,1,0,0,-0.3189,0,-0.9478,-1781.906,0,0,0,1
260.3826,-224.671,0,-1782.143,0.888404,0.888404,-8.607917,-204.3148,0.25,-1825.718,47.76319,0,-0.9473,0,0.3203,-224.671,0,1,0,0,-0.3203,0,-0.9473,-1782.143,0,0,0,1
260.3944,-224.5906,0,-1782.38,0.879366,0.879366,-8.725111,-204.3148,0.25,-1825.718,47.51464,0,-0.9468,0,0.3217,-224.5906,0,1,0,0,-0.3217,0,-0.9468,-1782.38,0,0,0,1
260.4052,-224.5098,0,-1782.616,0.869927,0.869927,-8.823988,-204.3148,0.25,-1825.718,47.26606,0,-0.9463,0,0.3232,-224.5098,0,1,0,0,-0.3232,0,-0.9463,-1782.616,0,0,0,1
260.4169,-224.4286,0,-1782.853,0.860132,0.860132,-8.89723,-204.3148,0.25,-1825.718,47.01734,0,-0.9458,0,0.3246,-224.4286,0,1,0,0,-0.3246,0,-0.9458,-1782.853,0,0,0,1
260.4271,-224.3471,0,-1783.089,0.849843,0.849843,-8.96681,-204.3148,0.25,-1825.718,46.7688,0,-0.9453,0,0.3261,-224.3471,0,1,0,0,-0.3261,0,-0.9453,-1783.089,0,0,0,1
260.4421,-224.1829,0,-1783.561,0.828221,0.828221,-9.01808,-204.3148,0.25,-1825.718,46.27142,0,-0.9443,0,0.3291,-224.1829,0,1,0,0,-0.3291,0,-0.9443,-1783.561,0,0,0,1
260.4529,-224.1003,0,-1783.797,0.816932,0.816932,-9.040052,-204.3148,0.25,-1825.718,46.02259,0,-0.9438,0,0.3306,-224.1003,0,1,0,0,-0.3306,0,-0.9438,-1783.797,0,0,0,1
260.4619,-224.0172,0,-1784.033,0.805062,0.805062,-9.065687,-204.3148,0.25,-1825.718,45.77403,0,-0.9432,0,0.3321,-224.0172,0,1,0,0,-0.3321,0,-0.9432,-1784.033,0,0,0,1
260.4716,-223.9339,0,-1784.269,0.792957,0.792957,-9.10597,-204.3148,0.25,-1825.718,45.52512,0,-0.9427,0,0.3336,-223.9339,0,1,0,0,-0.3336,0,-0.9427,-1784.269,0,0,0,1
260.4825,-223.8501,0,-1784.504,0.780359,0.780359,-9.135267,-204.3148,0.25,-1825.718,45.27627,0,-0.9422,0,0.3351,-223.8501,0,1,0,0,-0.3351,0,-0.9422,-1784.504,0,0,0,1
260.4945,-223.7659,0,-1784.74,0.767366,0.767366,-9.23049,-204.3148,0.25,-1825.718,45.0275,0,-0.9416,0,0.3366,-223.7659,0,1,0,0,-0.3366,0,-0.9416,-1784.74,0,0,0,1
260.5051,-223.6814,0,-1784.975,0.753952,0.753952,-9.395285,-204.3148,0.25,-1825.718,44.77869,0,-0.9411,0,0.3381,-223.6814,0,1,0,0,-0.3381,0,-0.9411,-1784.975,0,0,0,1
260.5157,-223.5965,0,-1785.21,0.740144,0.740144,-9.563742,-204.3148,0.25,-1825.718,44.52983,0,-0.9405,0,0.3397,-223.5965,0,1,0,0,-0.3397,0,-0.9405,-1785.21,0,0,0,1
260.5269,-223.5111,0,-1785.445,0.725885,0.725885,-9.809111,-204.3148,0.25,-1825.718,44.28093,0,-0.9399,0,0.3413,-223.5111,0,1,0,0,-0.3413,0,-0.9399,-1785.445,0,0,0,1
260.5383,-223.4254,0,-1785.68,0.711217,0.711217,-10.13871,-204.3148,0.25,-1825.718,44.03196,0,-0.9393,0,0.343,-223.4254,0,1,0,0,-0.343,0,-0.9393,-1785.68,0,0,0,1
260.5492,-223.3392,0,-1785.915,0.696041,0.696041,-10.34012,-204.3148,0.25,-1825.718,43.78305,0,-0.9387,0,0.3447,-223.3392,0,1,0,0,-0.3447,0,-0.9387,-1785.915,0,0,0,1
260.5602,-223.1656,0,-1786.383,0.66434,0.66434,-10.61845,-204.3148,0.25,-1825.718,43.28514,0,-0.9374,0,0.3482,-223.1656,0,1,0,0,-0.3482,0,-0.9374,-1786.383,0,0,0,1
260.5717,-223.0781,0,-1786.618,0.64786,0.64786,-10.93705,-204.3148,0.25,-1825.718,43.03593,0,-0.9368,0,0.35,-223.0781,0,1,0,0,-0.35,0,-0.9368,-1786.618,0,0,0,1
260.5825,-222.9901,0,-1786.852,0.630833,0.630833,-11.22271,-204.3148,0.25,-1825.718,42.78685,0,-0.9361,0,0.3518,-222.9901,0,1,0,0,-0.3518,0,-0.9361,-1786.852,0,0,0,1
260.5938,-222.9017,0,-1787.086,0.613318,0.613318,-11.55963,-204.3148,0.25,-1825.718,42.53769,0,-0.9354,0,0.3537,-222.9017,0,1,0,0,-0.3537,0,-0.9354,-1787.086,0,0,0,1
260.6057,-222.8128,0,-1787.319,0.595251,0.595251,-11.96979,-204.3148,0.25,-1825.718,42.28854,0,-0.9346,0,0.3556,-222.8128,0,1,0,0,-0.3556,0,-0.9346,-1787.319,0,0,0,1
260.6166,-222.7234,0,-1787.553,0.576716,0.576716,-12.21149,-204.3148,0.25,-1825.718,42.03931,0,-0.9339,0,0.3576,-222.7234,0,1,0,0,-0.3576,0,-0.9339,-1787.553,0,0,0,1
260.6268,-222.6335,0,-1787.786,0.557599,0.557599,-12.57038,-204.3148,0.25,-1825.718,41.78996,0,-0.9331,0,0.3597,-222.6335,0,1,0,0,-0.3597,0,-0.9331,-1787.786,0,0,0,1
260.6382,-222.543,0,-1788.019,0.537857,0.537857,-12.878,-204.3148,0.25,-1825.718,41.54086,0,-0.9323,0,0.3618,-222.543,0,1,0,0,-0.3618,0,-0.9323,-1788.019,0,0,0,1
260.6495,-222.4521,0,-1788.252,0.517632,0.517632,-13.24422,-204.3148,0.25,-1825.718,41.29152,0,-0.9314,0,0.3639,-222.4521,0,1,0,0,-0.3639,0,-0.9314,-1788.252,0,0,0,1
260.6611,-222.2685,0,-1788.717,0.47535,0.47535,-13.53353,-204.3148,0.25,-1825.718,40.79282,0,-0.9297,0,0.3683,-222.2685,0,1,0,0,-0.3683,0,-0.9297,-1788.717,0,0,0,1
260.6715,-222.1758,0,-1788.949,0.453334,0.453334,-13.86313,-204.3148,0.25,-1825.718,40.54345,0,-0.9288,0,0.3706,-222.1758,0,1,0,0,-0.3706,0,-0.9288,-1788.949,0,0,0,1
260.6823,-222.0826,0,-1789.181,0.430677,0.430677,-14.10117,-204.3148,0.25,-1825.718,40.29405,0,-0.9279,0,0.3728,-222.0826,0,1,0,0,-0.3728,0,-0.9279,-1789.181,0,0,0,1
260.6943,-221.9888,0,-1789.413,0.407366,0.407366,-14.36485,-204.3148,0.25,-1825.718,40.04462,0,-0.927,0,0.3752,-221.9888,0,1,0,0,-0.3752,0,-0.927,-1789.413,0,0,0,1
260.705,-221.8944,0,-1789.644,0.383464,0.383464,-14.60288,-204.3148,0.25,-1825.718,39.79518,0,-0.926,0,0.3775,-221.8944,0,1,0,0,-0.3775,0,-0.926,-1789.644,0,0,0,1
260.7167,-221.7995,0,-1789.875,0.358893,0.358893,-14.70176,-204.3148,0.25,-1825.718,39.5457,0,-0.925,0,0.3799,-221.7995,0,1,0,0,-0.3799,0,-0.925,-1789.875,0,0,0,1
260.7271,-221.7039,0,-1790.106,0.333652,0.333652,-14.80064,-204.3148,0.25,-1825.718,39.29618,0,-0.924,0,0.3823,-221.7039,0,1,0,0,-0.3823,0,-0.924,-1790.106,0,0,0,1
260.7382,-221.6077,0,-1790.337,0.307806,0.307806,-14.84825,-204.3148,0.25,-1825.718,39.04663,0,-0.923,0,0.3847,-221.6077,0,1,0,0,-0.3847,0,-0.923,-1790.337,0,0,0,1
260.7488,-221.511,0,-1790.568,0.281326,0.281326,-14.85191,-204.3148,0.25,-1825.718,38.79704,0,-0.922,0,0.3871,-221.511,0,1,0,0,-0.3871,0,-0.922,-1790.568,0,0,0,1
260.7602,-221.3156,0,-1791.028,0.226408,0.226408,-14.85191,-204.3148,0.25,-1825.718,38.29773,0,-0.92,0,0.3919,-221.3156,0,1,0,0,-0.3919,0,-0.92,-1791.028,0,0,0,1
260.7754,-221.2171,0,-1791.258,0.197984,0.197984,-14.85191,-204.3148,0.25,-1825.718,38.04803,0,-0.919,0,0.3942,-221.2171,0,1,0,0,-0.3942,0,-0.919,-1791.258,0,0,0,1
260.785,-221.1179,0,-1791.487,0.168891,0.168891,-14.85191,-204.3148,0.25,-1825.718,37.79829,0,-0.918,0,0.3966,-221.1179,0,1,0,0,-0.3966,0,-0.918,-1791.487,0,0,0,1
260.7935,-221.0182,0,-1791.716,0.139286,0.139286,-14.85191,-204.3148,0.25,-1825.718,37.54842,0,-0.917,0,0.399,-221.0182,0,1,0,0,-0.399,0,-0.917,-1791.716,0,0,0,1
260.8046,-220.9178,0,-1791.945,0.108875,0.108875,-14.85191,-204.3148,0.25,-1825.718,37.2987,0,-0.9159,0,0.4014,-220.9178,0,1,0,0,-0.4014,0,-0.9159,-1791.945,0,0,0,1
260.8156,-220.8169,0,-1792.174,0.077888,0.077888,-14.84459,-204.3148,0.25,-1825.718,37.04885,0,-0.9149,0,0.4037,-220.8169,0,1,0,0,-0.4037,0,-0.9149,-1792.174,0,0,0,1
260.8267,-220.7153,0,-1792.403,0.046266,0.046266,-14.84459,-204.3148,0.25,-1825.718,36.79895,0,-0.9138,0,0.4061,-220.7153,0,1,0,0,-0.4061,0,-0.9138,-1792.403,0,0,0,1
260.8381,-220.6132,0,-1792.631,0.014004,0.014004,-14.82628,-204.3148,0.25,-1825.718,36.54914,0,-0.9128,0,0.4085,-220.6132,0,1,0,0,-0.4085,0,-0.9128,-1792.631,0,0,0,1
260.8491,-220.5105,0,-1792.859,0.018927,-0.018927,-14.82628,-204.3148,0.25,-1825.718,36.29928,0,-0.9117,0,0.4108,-220.5105,0,1,0,0,-0.4108,0,-0.9117,-1792.859,0,0,0,1
260.8604,-220.3033,0,-1793.314,0.086663,-0.086663,-14.82628,-204.3148,0.25,-1825.718,35.79945,0,-0.9096,0,0.4155,-220.3033,0,1,0,0,-0.4155,0,-0.9096,-1793.314,0,0,0,1
260.8717,-220.1989,0,-1793.541,0.121488,-0.121488,-14.82628,-204.3148,0.25,-1825.718,35.54948,0,-0.9085,0,0.4179,-220.1989,0,1,0,0,-0.4179,0,-0.9085,-1793.541,0,0,0,1
260.8828,-220.0938,0,-1793.768,0.156977,-0.156977,-14.82628,-204.3148,0.25,-1825.718,35.29969,0,-0.9074,0,0.4203,-220.0938,0,1,0,0,-0.4203,0,-0.9074,-1793.768,0,0,0,1
260.8942,-219.9882,0,-1793.994,0.193106,-0.193106,-14.82628,-204.3148,0.25,-1825.718,35.04976,0,-0.9063,0,0.4226,-219.9882,0,1,0,0,-0.4226,0,-0.9063,-1793.994,0,0,0,1
260.905,-219.8819,0,-1794.221,0.229811,-0.229811,-14.82628,-204.3148,0.25,-1825.718,34.79967,0,-0.9052,0,0.4249,-219.8819,0,1,0,0,-0.4249,0,-0.9052,-1794.221,0,0,0,1
260.916,-219.7751,0,-1794.447,0.267229,-0.267229,-14.82628,-204.3148,0.25,-1825.718,34.54977,0,-0.9041,0,0.4273,-219.7751,0,1,0,0,-0.4273,0,-0.9041,-1794.447,0,0,0,1
260.9276,-219.6677,0,-1794.672,0.305272,-0.305272,-14.82628,-204.3148,0.25,-1825.718,34.29971,0,-0.903,0,0.4296,-219.6677,0,1,0,0,-0.4296,0,-0.903,-1794.672,0,0,0,1
260.9383,-219.5597,0,-1794.898,0.343935,-0.343935,-14.82628,-204.3148,0.25,-1825.718,34.04974,0,-0.9019,0,0.432,-219.5597,0,1,0,0,-0.432,0,-0.9019,-1794.898,0,0,0,1
260.9493,-219.4511,0,-1795.123,0.383268,-0.383268,-14.84459,-204.3148,0.25,-1825.718,33.79972,0,-0.9008,0,0.4343,-219.4511,0,1,0,0,-0.4343,0,-0.9008,-1795.123,0,0,0,1
260.9604,-219.2322,0,-1795.573,0.463836,-0.463836,-14.84459,-204.3148,0.25,-1825.718,33.29978,0,-0.8985,0,0.439,-219.2322,0,1,0,0,-0.439,0,-0.8985,-1795.573,0,0,0,1
260.9717,-219.1219,0,-1795.797,0.505063,-0.505063,-14.84459,-204.3148,0.25,-1825.718,33.04976,0,-0.8974,0,0.4413,-219.1219,0,1,0,0,-0.4413,0,-0.8974,-1795.797,0,0,0,1
260.9825,-219.011,0,-1796.021,0.54693,-0.54693,-14.84459,-204.3148,0.25,-1825.718,32.79971,0,-0.8962,0,0.4436,-219.011,0,1,0,0,-0.4436,0,-0.8962,-1796.021,0,0,0,1
260.9946,-218.8995,0,-1796.245,0.589475,-0.589475,-14.84459,-204.3148,0.25,-1825.718,32.54983,0,-0.8951,0,0.4459,-218.8995,0,1,0,0,-0.4459,0,-0.8951,-1796.245,0,0,0,1
261.005,-218.7875,0,-1796.468,0.632631,-0.632631,-14.86656,-204.3148,0.25,-1825.718,32.29981,0,-0.8939,0,0.4482,-218.7875,0,1,0,0,-0.4482,0,-0.8939,-1796.468,0,0,0,1
261.0161,-218.6748,0,-1796.691,0.676421,-0.676421,-14.91051,-204.3148,0.25,-1825.718,32.04987,0,-0.8927,0,0.4506,-218.6748,0,1,0,0,-0.4506,0,-0.8927,-1796.691,0,0,0,1
261.0269,-218.5616,0,-1796.914,0.720831,-0.720831,-15.01671,-204.3148,0.25,-1825.718,31.79988,0,-0.8916,0,0.4529,-218.5616,0,1,0,0,-0.4529,0,-0.8916,-1796.914,0,0,0,1
261.0385,-218.4478,0,-1797.137,0.76594,-0.76594,-15.22545,-204.3148,0.25,-1825.718,31.54996,0,-0.8904,0,0.4553,-218.4478,0,1,0,0,-0.4553,0,-0.8904,-1797.137,0,0,0,1
261.0493,-218.3334,0,-1797.359,0.811688,-0.811688,-15.37194,-204.3148,0.25,-1825.718,31.30001,0,-0.8891,0,0.4577,-218.3334,0,1,0,0,-0.4577,0,-0.8891,-1797.359,0,0,0,1
261.0615,-218.1027,0,-1797.803,0.905197,-0.905197,-15.59533,-204.3148,0.25,-1825.718,30.80017,0,-0.8866,0,0.4625,-218.1027,0,1,0,0,-0.4625,0,-0.8866,-1797.803,0,0,0,1
261.0728,-217.9865,0,-1798.024,0.953015,-0.953015,-15.96887,-204.3148,0.25,-1825.718,30.5504,0,-0.8853,0,0.465,-217.9865,0,1,0,0,-0.465,0,-0.8853,-1798.024,0,0,0,1
261.0826,-217.8696,0,-1798.245,1.001444,-1.001444,-16.25818,-204.3148,0.25,-1825.718,30.30047,0,-0.884,0,0.4675,-217.8696,0,1,0,0,-0.4675,0,-0.884,-1798.245,0,0,0,1
261.0981,-217.7521,0,-1798.466,1.050528,-1.050528,-16.56946,-204.3148,0.25,-1825.718,30.05058,0,-0.8827,0,0.47,-217.7521,0,1,0,0,-0.47,0,-0.8827,-1798.466,0,0,0,1
261.1076,-217.634,0,-1798.686,1.098043,-1.098043,-17.07484,-204.3148,0.25,-1825.718,29.80063,0,-0.8812,0,0.4727,-217.634,0,1,0,0,-0.4727,0,-0.8812,-1798.686,0,0,0,1
261.1157,-217.5151,0,-1798.906,1.146314,-1.146314,-17.32387,-204.3148,0.25,-1825.718,29.55094,0,-0.8798,0,0.4753,-217.5151,0,1,0,0,-0.4753,0,-0.8798,-1798.906,0,0,0,1
261.1277,-217.3956,0,-1799.125,1.195324,-1.195324,-17.64981,-204.3148,0.25,-1825.718,29.30118,0,-0.8783,0,0.478,-217.3956,0,1,0,0,-0.478,0,-0.8783,-1799.125,0,0,0,1
261.138,-217.2754,0,-1799.345,1.245041,-1.245041,-18.01236,-204.3148,0.25,-1825.718,29.05145,0,-0.8768,0,0.4808,-217.2754,0,1,0,0,-0.4808,0,-0.8768,-1799.345,0,0,0,1
261.1489,-217.1545,0,-1799.564,1.290727,-1.290727,-18.29801,-204.3148,0.25,-1825.718,28.80163,0,-0.8753,0,0.4836,-217.1545,0,1,0,0,-0.4836,0,-0.8753,-1799.564,0,0,0,1
261.1601,-216.9106,0,-1800,1.384629,-1.384629,-18.56535,-204.3148,0.25,-1825.718,28.30264,0,-0.8721,0,0.4892,-216.9106,0,1,0,0,-0.4892,0,-0.8721,-1800,0,0,0,1
261.1714,-216.7876,0,-1800.218,1.432487,-1.432487,-18.83635,-204.3148,0.25,-1825.718,28.05302,0,-0.8705,0,0.4921,-216.7876,0,1,0,0,-0.4921,0,-0.8705,-1800.218,0,0,0,1
261.1823,-216.6638,0,-1800.435,1.476733,-1.476733,-19.04509,-204.3148,0.25,-1825.718,27.80374,0,-0.8689,0,0.495,-216.6638,0,1,0,0,-0.495,0,-0.8689,-1800.435,0,0,0,1
261.1944,-216.5394,0,-1800.652,1.521648,-1.521648,-19.21721,-204.3148,0.25,-1825.718,27.55439,0,-0.8672,0,0.4979,-216.5394,0,1,0,0,-0.4979,0,-0.8672,-1800.652,0,0,0,1
261.2052,-216.4141,0,-1800.868,1.567383,-1.567383,-19.32708,-204.3148,0.25,-1825.718,27.30505,0,-0.8655,0,0.5008,-216.4141,0,1,0,0,-0.5008,0,-0.8655,-1800.868,0,0,0,1
261.2155,-216.2882,0,-1801.084,1.613495,-1.613495,-19.33074,-204.3148,0.25,-1825.718,27.05585,0,-0.8638,0,0.5038,-216.2882,0,1,0,0,-0.5038,0,-0.8638,-1801.084,0,0,0,1
261.2267,-216.1615,0,-1801.3,1.656136,-1.656136,-19.33074,-204.3148,0.25,-1825.718,26.80669,0,-0.8621,0,0.5067,-216.1615,0,1,0,0,-0.5067,0,-0.8621,-1801.3,0,0,0,1
261.2381,-216.0341,0,-1801.515,1.699612,-1.699612,-19.31609,-204.3148,0.25,-1825.718,26.55767,0,-0.8604,0,0.5096,-216.0341,0,1,0,0,-0.5096,0,-0.8604,-1801.515,0,0,0,1
261.2489,-215.906,0,-1801.729,1.743835,-1.743835,-19.27947,-204.3148,0.25,-1825.718,26.30869,0,-0.8587,0,0.5125,-215.906,0,1,0,0,-0.5125,0,-0.8587,-1801.729,0,0,0,1
261.26,-215.6476,0,-1802.157,1.829186,-1.829186,-19.20989,-204.3148,0.25,-1825.718,25.81107,0,-0.8553,0,0.5182,-215.6476,0,1,0,0,-0.5182,0,-0.8553,-1802.157,0,0,0,1
261.2711,-215.5174,0,-1802.371,1.871126,-1.871126,-19.02312,-204.3148,0.25,-1825.718,25.56255,0,-0.8535,0,0.521,-215.5174,0,1,0,0,-0.521,0,-0.8535,-1802.371,0,0,0,1
261.283,-215.3864,0,-1802.584,1.913735,-1.913735,-18.93156,-204.3148,0.25,-1825.718,25.31398,0,-0.8518,0,0.5239,-215.3864,0,1,0,0,-0.5239,0,-0.8518,-1802.584,0,0,0,1
261.2935,-215.2547,0,-1802.796,1.956,-1.956,-18.74113,-204.3148,0.25,-1825.718,25.06558,0,-0.8501,0,0.5266,-215.2547,0,1,0,0,-0.5266,0,-0.8501,-1802.796,0,0,0,1
261.3044,-215.1224,0,-1803.008,1.99555,-1.99555,-18.52507,-204.3148,0.25,-1825.718,24.81737,0,-0.8484,0,0.5294,-215.1224,0,1,0,0,-0.5294,0,-0.8484,-1803.008,0,0,0,1
261.3156,-214.9894,0,-1803.22,2.035795,-2.035795,-18.34562,-204.3148,0.25,-1825.718,24.56924,0,-0.8467,0,0.5321,-214.9894,0,1,0,0,-0.5321,0,-0.8467,-1803.22,0,0,0,1
261.3265,-214.8557,0,-1803.431,2.076734,-2.076734,-18.15152,-204.3148,0.25,-1825.718,24.3212,0,-0.845,0,0.5348,-214.8557,0,1,0,0,-0.5348,0,-0.845,-1803.431,0,0,0,1
261.3379,-214.7213,0,-1803.642,2.11676,-2.11676,-17.89883,-204.3148,0.25,-1825.718,24.07335,0,-0.8433,0,0.5374,-214.7213,0,1,0,0,-0.5374,0,-0.8433,-1803.642,0,0,0,1
261.349,-214.5863,0,-1803.853,2.154531,-2.154531,-17.64981,-204.3148,0.25,-1825.718,23.82561,0,-0.8417,0,0.54,-214.5863,0,1,0,0,-0.54,0,-0.8417,-1803.853,0,0,0,1
261.3601,-214.3144,0,-1804.272,2.23215,-2.23215,-17.41176,-204.3148,0.25,-1825.718,23.33059,0,-0.8384,0,0.5451,-214.3144,0,1,0,0,-0.5451,0,-0.8384,-1804.272,0,0,0,1
261.3711,-214.1775,0,-1804.481,2.269788,-2.269788,-17.10048,-204.3148,0.25,-1825.718,23.08343,0,-0.8367,0,0.5476,-214.1775,0,1,0,0,-0.5476,0,-0.8367,-1804.481,0,0,0,1
261.3823,-214.0399,0,-1804.69,2.305688,-2.305688,-16.90272,-204.3148,0.25,-1825.718,22.83642,0,-0.8351,0,0.5501,-214.0399,0,1,0,0,-0.5501,0,-0.8351,-1804.69,0,0,0,1
261.3933,-213.9018,0,-1804.898,2.342205,-2.342205,-16.59876,-204.3148,0.25,-1825.718,22.58956,0,-0.8335,0,0.5525,-213.9018,0,1,0,0,-0.5525,0,-0.8335,-1804.898,0,0,0,1
261.4046,-213.7631,0,-1805.106,2.379401,-2.379401,-16.28748,-204.3148,0.25,-1825.718,22.34284,0,-0.8319,0,0.5549,-213.7631,0,1,0,0,-0.5549,0,-0.8319,-1805.106,0,0,0,1
261.4155,-213.6238,0,-1805.314,2.414268,-2.414268,-16.04211,-204.3148,0.25,-1825.718,22.09631,0,-0.8304,0,0.5572,-213.6238,0,1,0,0,-0.5572,0,-0.8304,-1805.314,0,0,0,1
261.4266,-213.4839,0,-1805.521,2.448093,-2.448093,-15.78943,-204.3148,0.25,-1825.718,21.85005,0,-0.8288,0,0.5595,-213.4839,0,1,0,0,-0.5595,0,-0.8288,-1805.521,0,0,0,1
261.4409,-213.2025,0,-1805.934,2.5176,-2.5176,-15.51842,-204.3148,0.25,-1825.718,21.35826,0,-0.8258,0,0.564,-213.2025,0,1,0,0,-0.564,0,-0.8258,-1805.934,0,0,0,1
261.4519,-213.061,0,-1806.141,2.549523,-2.549523,-15.20348,-204.3148,0.25,-1825.718,21.11251,0,-0.8243,0,0.5662,-213.061,0,1,0,0,-0.5662,0,-0.8243,-1806.141,0,0,0,1
261.46,-213.061,0,-1806.141,2.549523,-2.549523,-15.20348,-204.3148,0.25,-1825.718,21.11251,0,-0.8243,0,0.5662,-213.061,0,1,0,0,-0.5662,0,-0.8243,-1806.141,0,0,0,1
261.4711,-212.7763,0,-1806.552,2.613253,-2.613253,-14.82628,-204.3148,0.25,-1825.718,20.62191,0,-0.8214,0,0.5704,-212.7763,0,1,0,0,-0.5704,0,-0.8214,-1806.552,0,0,0,1
261.4825,-212.6332,0,-1806.757,2.645953,-2.645953,-14.61021,-204.3148,0.25,-1825.718,20.37685,0,-0.8199,0,0.5725,-212.6332,0,1,0,0,-0.5725,0,-0.8199,-1806.757,0,0,0,1
261.4937,-212.4895,0,-1806.961,2.674777,-2.674777,-14.41245,-204.3148,0.25,-1825.718,20.13218,0,-0.8185,0,0.5746,-212.4895,0,1,0,0,-0.5746,0,-0.8185,-1806.961,0,0,0,1
261.505,-212.3454,0,-1807.165,2.704086,-2.704086,-14.22202,-204.3148,0.25,-1825.718,19.88787,0,-0.817,0,0.5766,-212.3454,0,1,0,0,-0.5766,0,-0.817,-1807.165,0,0,0,1
261.5161,-212.2007,0,-1807.369,2.733831,-2.733831,-14.09384,-204.3148,0.25,-1825.718,19.64375,0,-0.8156,0,0.5786,-212.2007,0,1,0,0,-0.5786,0,-0.8156,-1807.369,0,0,0,1
261.5271,-212.0556,0,-1807.573,2.763469,-2.763469,-13.94003,-204.3148,0.25,-1825.718,19.39991,0,-0.8142,0,0.5806,-212.0556,0,1,0,0,-0.5806,0,-0.8142,-1807.573,0,0,0,1
261.5383,-211.9099,0,-1807.776,2.789645,-2.789645,-13.80819,-204.3148,0.25,-1825.718,19.15628,0,-0.8128,0,0.5825,-211.9099,0,1,0,0,-0.5825,0,-0.8128,-1807.776,0,0,0,1
261.5492,-211.7638,0,-1807.979,2.816341,-2.816341,-13.76425,-204.3148,0.25,-1825.718,18.91297,0,-0.8114,0,0.5845,-211.7638,0,1,0,0,-0.5845,0,-0.8114,-1807.979,0,0,0,1
261.5604,-211.4701,0,-1808.383,2.869754,-2.869754,-13.73861,-204.3148,0.25,-1825.718,18.42735,0,-0.8086,0,0.5884,-211.4701,0,1,0,0,-0.5884,0,-0.8086,-1808.383,0,0,0,1
261.5717,-211.3225,0,-1808.585,2.893446,-2.893446,-13.73861,-204.3148,0.25,-1825.718,18.18506,0,-0.8072,0,0.5903,-211.3225,0,1,0,0,-0.5903,0,-0.8072,-1808.585,0,0,0,1
261.5827,-211.1745,0,-1808.787,2.917575,-2.917575,-13.73861,-204.3148,0.25,-1825.718,17.94305,0,-0.8058,0,0.5923,-211.1745,0,1,0,0,-0.5923,0,-0.8058,-1808.787,0,0,0,1
261.5939,-211.0259,0,-1808.988,2.942487,-2.942487,-13.73861,-204.3148,0.25,-1825.718,17.70176,0,-0.8043,0,0.5942,-211.0259,0,1,0,0,-0.5942,0,-0.8043,-1808.988,0,0,0,1
261.605,-210.8769,0,-1809.188,2.965116,-2.965116,-13.73861,-204.3148,0.25,-1825.718,17.46053,0,-0.8029,0,0.5961,-210.8769,0,1,0,0,-0.5961,0,-0.8029,-1809.188,0,0,0,1
261.6159,-210.7274,0,-1809.389,2.986331,-2.986331,-13.73861,-204.3148,0.25,-1825.718,17.21984,0,-0.8015,0,0.598,-210.7274,0,1,0,0,-0.598,0,-0.8015,-1809.389,0,0,0,1
261.6271,-210.5774,0,-1809.589,3.008045,-3.008045,-13.74227,-204.3148,0.25,-1825.718,16.97959,0,-0.8,0,0.6,-210.5774,0,1,0,0,-0.6,0,-0.8,-1809.589,0,0,0,1
261.6384,-210.4269,0,-1809.788,3.030191,-3.030191,-13.74227,-204.3148,0.25,-1825.718,16.7397,0,-0.7986,0,0.6019,-210.4269,0,1,0,0,-0.6019,0,-0.7986,-1809.788,0,0,0,1
261.6492,-210.276,0,-1809.988,3.049292,-3.049292,-13.74594,-204.3148,0.25,-1825.718,16.50027,0,-0.7971,0,0.6038,-210.276,0,1,0,0,-0.6038,0,-0.7971,-1809.988,0,0,0,1
261.6607,-209.9727,0,-1810.385,3.087072,-3.087072,-13.76791,-204.3148,0.25,-1825.718,16.02295,0,-0.7942,0,0.6076,-209.9727,0,1,0,0,-0.6076,0,-0.7942,-1810.385,0,0,0,1
261.6719,-209.8203,0,-1810.583,3.10667,-3.10667,-13.81185,-204.3148,0.25,-1825.718,15.78509,0,-0.7928,0,0.6095,-209.8203,0,1,0,0,-0.6095,0,-0.7928,-1810.583,0,0,0,1
261.6829,-209.6674,0,-1810.781,3.1223,-3.1223,-13.8851,-204.3148,0.25,-1825.718,15.54781,0,-0.7913,0,0.6114,-209.6674,0,1,0,0,-0.6114,0,-0.7913,-1810.781,0,0,0,1
261.6941,-209.5141,0,-1810.979,3.138461,-3.138461,-13.98398,-204.3148,0.25,-1825.718,15.31124,0,-0.7898,0,0.6134,-209.5141,0,1,0,0,-0.6134,0,-0.7898,-1810.979,0,0,0,1
261.7051,-209.3602,0,-1811.176,3.155169,-3.155169,-14.17441,-204.3148,0.25,-1825.718,15.07529,0,-0.7883,0,0.6153,-209.3602,0,1,0,0,-0.6153,0,-0.7883,-1811.176,0,0,0,1
261.7174,-209.2059,0,-1811.372,3.171295,-3.171295,-14.31358,-204.3148,0.25,-1825.718,14.83999,0,-0.7867,0,0.6173,-209.2059,0,1,0,0,-0.6173,0,-0.7867,-1811.372,0,0,0,1
261.7276,-209.0511,0,-1811.569,3.18446,-3.18446,-14.55894,-204.3148,0.25,-1825.718,14.60538,0,-0.7852,0,0.6193,-209.0511,0,1,0,0,-0.6193,0,-0.7852,-1811.569,0,0,0,1
261.738,-208.8958,0,-1811.765,3.198196,-3.198196,-14.87389,-204.3148,0.25,-1825.718,14.37148,0,-0.7836,0,0.6213,-208.8958,0,1,0,0,-0.6213,0,-0.7836,-1811.765,0,0,0,1
261.7492,-208.7399,0,-1811.96,3.212528,-3.212528,-15.18517,-204.3148,0.25,-1825.718,14.13845,0,-0.7819,0,0.6234,-208.7399,0,1,0,0,-0.6234,0,-0.7819,-1811.96,0,0,0,1
261.7601,-208.4266,0,-1812.35,3.236191,-3.236191,-15.56237,-204.3148,0.25,-1825.718,13.67502,0,-0.7785,0,0.6276,-208.4266,0,1,0,0,-0.6276,0,-0.7785,-1812.35,0,0,0,1
261.7746,-208.2692,0,-1812.544,3.247584,-3.247584,-16.24354,-204.3148,0.25,-1825.718,13.44448,0,-0.7767,0,0.6298,-208.2692,0,1,0,0,-0.6298,0,-0.7767,-1812.544,0,0,0,1
261.7855,-208.1111,0,-1812.738,3.259814,-3.259814,-16.73793,-204.3148,0.25,-1825.718,13.21507,0,-0.7749,0,0.6321,-208.1111,0,1,0,0,-0.6321,0,-0.7749,-1812.738,0,0,0,1
261.7937,-207.9525,0,-1812.931,3.269262,-3.269262,-17.33852,-204.3148,0.25,-1825.718,12.98675,0,-0.773,0,0.6345,-207.9525,0,1,0,0,-0.6345,0,-0.773,-1812.931,0,0,0,1
261.8044,-207.7933,0,-1813.124,3.278137,-3.278137,-17.64981,-204.3148,0.25,-1825.718,12.75945,0,-0.771,0,0.6368,-207.7933,0,1,0,0,-0.6368,0,-0.771,-1813.124,0,0,0,1
261.8158,-207.6335,0,-1813.316,3.287887,-3.287887,-18.25772,-204.3148,0.25,-1825.718,12.53357,0,-0.769,0,0.6393,-207.6335,0,1,0,0,-0.6393,0,-0.769,-1813.316,0,0,0,1
261.8269,-207.473,0,-1813.508,3.29824,-3.29824,-18.90226,-204.3148,0.25,-1825.718,12.30882,0,-0.7669,0,0.6418,-207.473,0,1,0,0,-0.6418,0,-0.7669,-1813.508,0,0,0,1
261.8379,-207.3119,0,-1813.699,3.304774,-3.304774,-19.43328,-204.3148,0.25,-1825.718,12.08541,0,-0.7647,0,0.6444,-207.3119,0,1,0,0,-0.6444,0,-0.7647,-1813.699,0,0,0,1
261.8488,-207.1501,0,-1813.889,3.312241,-3.312241,-20.07782,-204.3148,0.25,-1825.718,11.86374,0,-0.7624,0,0.6471,-207.1501,0,1,0,0,-0.6471,0,-0.7624,-1813.889,0,0,0,1
261.86,-206.9877,0,-1814.079,3.320398,-3.320398,-20.57954,-204.3148,0.25,-1825.718,11.64343,0,-0.7601,0,0.6498,-206.9877,0,1,0,0,-0.6498,0,-0.7601,-1814.079,0,0,0,1
261.8711,-206.6606,0,-1814.458,3.333446,-3.333446,-21.25337,-204.3148,0.25,-1825.718,11.20796,0,-0.7552,0,0.6554,-206.6606,0,1,0,0,-0.6554,0,-0.7552,-1814.458,0,0,0,1
261.8822,-206.4961,0,-1814.646,3.339543,-3.339543,-21.61593,-204.3148,0.25,-1825.718,10.993,0,-0.7528,0,0.6583,-206.4961,0,1,0,0,-0.6583,0,-0.7528,-1814.646,0,0,0,1
261.8939,-206.3308,0,-1814.833,3.346649,-3.346649,-22.11032,-204.3148,0.25,-1825.718,10.78016,0,-0.7502,0,0.6612,-206.3308,0,1,0,0,-0.6612,0,-0.7502,-1814.833,0,0,0,1
261.9046,-206.1647,0,-1815.02,3.35216,-3.35216,-22.54978,-204.3148,0.25,-1825.718,10.56943,0,-0.7476,0,0.6641,-206.1647,0,1,0,0,-0.6641,0,-0.7476,-1815.02,0,0,0,1
261.9155,-205.998,0,-1815.207,3.356352,-3.356352,-22.86473,-204.3148,0.25,-1825.718,10.36095,0,-0.745,0,0.6671,-205.998,0,1,0,0,-0.6671,0,-0.745,-1815.207,0,0,0,1
261.9268,-205.8304,0,-1815.392,3.361519,-3.361519,-23.11742,-204.3148,0.25,-1825.718,10.15499,0,-0.7423,0,0.6701,-205.8304,0,1,0,0,-0.6701,0,-0.7423,-1815.392,0,0,0,1
261.9379,-205.6622,0,-1815.577,3.367489,-3.367489,-23.3225,-204.3148,0.25,-1825.718,9.95156,0,-0.7395,0,0.6731,-205.6622,0,1,0,0,-0.6731,0,-0.7395,-1815.577,0,0,0,1
261.9489,-205.4931,0,-1815.761,3.370964,-3.370964,-23.43969,-204.3148,0.25,-1825.718,9.750956,0,-0.7368,0,0.6762,-205.4931,0,1,0,0,-0.6762,0,-0.7368,-1815.761,0,0,0,1
261.9606,-205.1528,0,-1816.128,3.378661,-3.378661,-23.4873,-204.3148,0.25,-1825.718,9.358944,0,-0.7312,0,0.6822,-205.1528,0,1,0,0,-0.6822,0,-0.7312,-1816.128,0,0,0,1
261.9713,-204.9815,0,-1816.31,3.383764,-3.383764,-23.4873,-204.3148,0.25,-1825.718,9.1678,0,-0.7284,0,0.6852,-204.9815,0,1,0,0,-0.6852,0,-0.7284,-1816.31,0,0,0,1
261.9821,-204.8094,0,-1816.491,3.385319,-3.385319,-23.4873,-204.3148,0.25,-1825.718,8.980262,0,-0.7256,0,0.6881,-204.8094,0,1,0,0,-0.6881,0,-0.7256,-1816.491,0,0,0,1
261.9936,-204.6367,0,-1816.672,3.387722,-3.387722,-23.4873,-204.3148,0.25,-1825.718,8.796436,0,-0.7227,0,0.6911,-204.6367,0,1,0,0,-0.6911,0,-0.7227,-1816.672,0,0,0,1
262.0045,-204.4632,0,-1816.852,3.391368,-3.391368,-23.46166,-204.3148,0.25,-1825.718,8.616333,0,-0.7199,0,0.6941,-204.4632,0,1,0,0,-0.6941,0,-0.7199,-1816.852,0,0,0,1
262.0155,-204.2889,0,-1817.031,3.394344,-3.394344,-23.41772,-204.3148,0.25,-1825.718,8.437012,0,-0.7171,0,0.697,-204.2889,0,1,0,0,-0.697,0,-0.7171,-1817.031,0,0,0,1
262.0266,-204.1139,0,-1817.21,3.395014,-3.395014,-23.36645,-204.3148,0.25,-1825.718,8.258423,0,-0.7142,0,0.6999,-204.1139,0,1,0,0,-0.6999,0,-0.7142,-1817.21,0,0,0,1
262.0378,-203.9382,0,-1817.387,3.396723,-3.396723,-23.28588,-204.3148,0.25,-1825.718,8.081557,0,-0.7114,0,0.7028,-203.9382,0,1,0,0,-0.7028,0,-0.7114,-1817.387,0,0,0,1
262.0496,-203.7618,0,-1817.565,3.399301,-3.399301,-23.2456,-204.3148,0.25,-1825.718,7.909248,0,-0.7085,0,0.7057,-203.7618,0,1,0,0,-0.7057,0,-0.7085,-1817.565,0,0,0,1
262.0599,-203.5847,0,-1817.741,3.400191,-3.400191,-23.15404,-204.3148,0.25,-1825.718,7.741953,0,-0.7057,0,0.7086,-203.5847,0,1,0,0,-0.7086,0,-0.7057,-1817.741,0,0,0,1
262.0713,-203.2283,0,-1818.091,3.40094,-3.40094,-23.0515,-204.3148,0.25,-1825.718,7.423868,0,-0.6999,0,0.7142,-203.2283,0,1,0,0,-0.7142,0,-0.6999,-1818.091,0,0,0,1
262.0825,-203.049,0,-1818.266,3.402535,-3.402535,-22.93797,-204.3148,0.25,-1825.718,7.273425,0,-0.6971,0,0.717,-203.049,0,1,0,0,-0.717,0,-0.6971,-1818.266,0,0,0,1
262.0934,-202.869,0,-1818.439,3.401282,-3.401282,-22.79149,-204.3148,0.25,-1825.718,7.129552,0,-0.6942,0,0.7198,-202.869,0,1,0,0,-0.7198,0,-0.6942,-1818.439,0,0,0,1
262.1078,-202.6884,0,-1818.612,3.400159,-3.400159,-22.57175,-204.3148,0.25,-1825.718,6.992505,0,-0.6914,0,0.7225,-202.6884,0,1,0,0,-0.7225,0,-0.6914,-1818.612,0,0,0,1
262.1187,-202.5071,0,-1818.784,3.399957,-3.399957,-22.42527,-204.3148,0.25,-1825.718,6.862703,0,-0.6885,0,0.7252,-202.5071,0,1,0,0,-0.7252,0,-0.6885,-1818.784,0,0,0,1
262.1272,-202.3252,0,-1818.956,3.40023,-3.40023,-22.26413,-204.3148,0.25,-1825.718,6.740551,0,-0.6857,0,0.7279,-202.3252,0,1,0,0,-0.7279,0,-0.6857,-1818.956,0,0,0,1
262.1381,-202.1425,0,-1819.127,3.39709,-3.39709,-22.14328,-204.3148,0.25,-1825.718,6.626368,0,-0.6829,0,0.7305,-202.1425,0,1,0,0,-0.7305,0,-0.6829,-1819.127,0,0,0,1
262.1492,-201.9593,0,-1819.297,3.394952,-3.394952,-21.97116,-204.3148,0.25,-1825.718,6.52068,0,-0.6801,0,0.7331,-201.9593,0,1,0,0,-0.7331,0,-0.6801,-1819.297,0,0,0,1
262.1606,-201.5908,0,-1819.635,3.391569,-3.391569,-21.81003,-204.3148,0.25,-1825.718,6.336442,0,-0.6745,0,0.7383,-201.5908,0,1,0,0,-0.7383,0,-0.6745,-1819.635,0,0,0,1
262.1716,-201.4055,0,-1819.802,3.387413,-3.387413,-21.65987,-204.3148,0.25,-1825.718,6.258575,0,-0.6717,0,0.7408,-201.4055,0,1,0,0,-0.7408,0,-0.6717,-1819.802,0,0,0,1
262.1826,-201.2197,0,-1819.97,3.384046,-3.384046,-21.52071,-204.3148,0.25,-1825.718,6.190766,0,-0.6689,0,0.7433,-201.2197,0,1,0,0,-0.7433,0,-0.6689,-1819.97,0,0,0,1
262.1942,-201.0332,0,-1820.136,3.38156,-3.38156,-21.37423,-204.3148,0.25,-1825.718,6.133367,0,-0.6661,0,0.7458,-201.0332,0,1,0,0,-0.7458,0,-0.6661,-1820.136,0,0,0,1
262.2048,-200.8462,0,-1820.302,3.376866,-3.376866,-21.23506,-204.3148,0.25,-1825.718,6.086425,0,-0.6634,0,0.7483,-200.8462,0,1,0,0,-0.7483,0,-0.6634,-1820.302,0,0,0,1
262.2159,-200.6585,0,-1820.467,3.371631,-3.371631,-21.16182,-204.3148,0.25,-1825.718,6.050634,0,-0.6606,0,0.7507,-200.6585,0,1,0,0,-0.7507,0,-0.6606,-1820.467,0,0,0,1
262.228,-200.4702,0,-1820.632,3.367127,-3.367127,-21.08125,-204.3148,0.25,-1825.718,6.025853,0,-0.6578,0,0.7532,-200.4702,0,1,0,0,-0.7532,0,-0.6578,-1820.632,0,0,0,1
262.2382,-200.2813,0,-1820.796,3.363372,-3.363372,-21.01534,-204.3148,0.25,-1825.718,6.012223,0,-0.6551,0,0.7556,-200.2813,0,1,0,0,-0.7556,0,-0.6551,-1820.796,0,0,0,1
262.2489,-200.0918,0,-1820.959,3.356301,-3.356301,-21.00801,-204.3148,0.25,-1825.718,6.009927,0,-0.6523,0,0.758,-200.0918,0,1,0,0,-0.758,0,-0.6523,-1820.959,0,0,0,1
262.2603,-199.711,0,-1821.282,3.344141,-3.344141,-21.00801,-204.3148,0.25,-1825.718,6.039373,0,-0.6467,0,0.7627,-199.711,0,1,0,0,-0.7627,0,-0.6467,-1821.282,0,0,0,1
262.2714,-199.5198,0,-1821.444,3.338279,-3.338279,-21.00801,-204.3148,0.25,-1825.718,6.070683,0,-0.6439,0,0.7651,-199.5198,0,1,0,0,-0.7651,0,-0.6439,-1821.444,0,0,0,1
262.2826,-199.3279,0,-1821.604,3.329453,-3.329453,-21.00801,-204.3148,0.25,-1825.718,6.113076,0,-0.6411,0,0.7675,-199.3279,0,1,0,0,-0.7675,0,-0.6411,-1821.604,0,0,0,1
262.2937,-199.1354,0,-1821.763,3.321585,-3.321585,-21.00801,-204.3148,0.25,-1825.718,6.166238,0,-0.6383,0,0.7698,-199.1354,0,1,0,0,-0.7698,0,-0.6383,-1821.763,0,0,0,1
262.3047,-198.9424,0,-1821.922,3.314571,-3.314571,-21.00801,-204.3148,0.25,-1825.718,6.229881,0,-0.6354,0,0.7721,-198.9424,0,1,0,0,-0.7721,0,-0.6354,-1821.922,0,0,0,1
262.316,-198.7488,0,-1822.08,3.306447,-3.306447,-21.00801,-204.3148,0.25,-1825.718,6.303684,0,-0.6326,0,0.7745,-198.7488,0,1,0,0,-0.7745,0,-0.6326,-1822.08,0,0,0,1
262.3276,-198.5546,0,-1822.238,3.29646,-3.29646,-21.00801,-204.3148,0.25,-1825.718,6.387233,0,-0.6298,0,0.7768,-198.5546,0,1,0,0,-0.7768,0,-0.6298,-1822.238,0,0,0,1
262.3382,-198.3598,0,-1822.395,3.287175,-3.287175,-21.00801,-204.3148,0.25,-1825.718,6.480157,0,-0.6269,0,0.7791,-198.3598,0,1,0,0,-0.7791,0,-0.6269,-1822.395,0,0,0,1
262.3498,-198.1645,0,-1822.551,3.278861,-3.278861,-21.00801,-204.3148,0.25,-1825.718,6.582163,0,-0.6241,0,0.7814,-198.1645,0,1,0,0,-0.7814,0,-0.6241,-1822.551,0,0,0,1
262.3601,-197.772,0,-1822.86,3.256978,-3.256978,-21.00801,-204.3148,0.25,-1825.718,6.811597,0,-0.6183,0,0.7859,-197.772,0,1,0,0,-0.7859,0,-0.6183,-1822.86,0,0,0,1
262.3715,-197.575,0,-1823.014,3.246596,-3.246596,-21.00801,-204.3148,0.25,-1825.718,6.938171,0,-0.6154,0,0.7882,-197.575,0,1,0,0,-0.7882,0,-0.6154,-1823.014,0,0,0,1
262.3824,-197.3774,0,-1823.167,3.237043,-3.237043,-21.00801,-204.3148,0.25,-1825.718,7.072091,0,-0.6125,0,0.7904,-197.3774,0,1,0,0,-0.7904,0,-0.6125,-1823.167,0,0,0,1
262.3937,-197.1792,0,-1823.32,3.223945,-3.223945,-21.00801,-204.3148,0.25,-1825.718,7.212896,0,-0.6096,0,0.7927,-197.1792,0,1,0,0,-0.7927,0,-0.6096,-1823.32,0,0,0,1
262.4046,-196.9805,0,-1823.472,3.211383,-3.211383,-21.019,-204.3148,0.25,-1825.718,7.360246,0,-0.6067,0,0.7949,-196.9805,0,1,0,0,-0.7949,0,-0.6067,-1823.472,0,0,0,1
262.4156,-196.7812,0,-1823.623,3.19965,-3.19965,-21.019,-204.3148,0.25,-1825.718,7.513742,0,-0.6038,0,0.7971,-196.7812,0,1,0,0,-0.7971,0,-0.6038,-1823.623,0,0,0,1
262.4266,-196.5814,0,-1823.773,3.187857,-3.187857,-21.05928,-204.3148,0.25,-1825.718,7.673029,0,-0.6009,0,0.7994,-196.5814,0,1,0,0,-0.7994,0,-0.6009,-1823.773,0,0,0,1
262.4411,-196.18,0,-1824.071,3.159735,-3.159735,-21.20577,-204.3148,0.25,-1825.718,8.007621,0,-0.5949,0,0.8038,-196.18,0,1,0,0,-0.8038,0,-0.5949,-1824.071,0,0,0,1
262.4518,-195.9785,0,-1824.219,3.14669,-3.14669,-21.37057,-204.3148,0.25,-1825.718,8.182172,0,-0.5919,0,0.806,-195.9785,0,1,0,0,-0.806,0,-0.5919,-1824.219,0,0,0,1
262.4601,-195.7765,0,-1824.366,3.13265,-3.13265,-21.61227,-204.3148,0.25,-1825.718,8.361244,0,-0.5889,0,0.8082,-195.7765,0,1,0,0,-0.8082,0,-0.5889,-1824.366,0,0,0,1
262.471,-195.5739,0,-1824.512,3.116982,-3.116982,-21.8027,-204.3148,0.25,-1825.718,8.544521,0,-0.5858,0,0.8105,-195.5739,0,1,0,0,-0.8105,0,-0.5858,-1824.512,0,0,0,1
262.4828,-195.3707,0,-1824.658,3.101975,-3.101975,-22.06638,-204.3148,0.25,-1825.718,8.731726,0,-0.5827,0,0.8127,-195.3707,0,1,0,0,-0.8127,0,-0.5827,-1824.658,0,0,0,1
262.4943,-195.1669,0,-1824.803,3.087885,-3.087885,-22.42161,-204.3148,0.25,-1825.718,8.922643,0,-0.5795,0,0.815,-195.1669,0,1,0,0,-0.815,0,-0.5795,-1824.803,0,0,0,1
262.5045,-194.9626,0,-1824.947,3.071967,-3.071967,-22.78416,-204.3148,0.25,-1825.718,9.117071,0,-0.5762,0,0.8173,-194.9626,0,1,0,0,-0.8173,0,-0.5762,-1824.947,0,0,0,1
262.5156,-194.7577,0,-1825.09,3.055073,-3.055073,-23.09911,-204.3148,0.25,-1825.718,9.314713,0,-0.5729,0,0.8196,-194.7577,0,1,0,0,-0.8196,0,-0.5729,-1825.09,0,0,0,1
262.5268,-194.5522,0,-1825.233,3.03909,-3.03909,-23.41405,-204.3148,0.25,-1825.718,9.515448,0,-0.5696,0,0.8219,-194.5522,0,1,0,0,-0.8219,0,-0.5696,-1825.233,0,0,0,1
262.5378,-194.3462,0,-1825.374,3.024434,-3.024434,-23.88647,-204.3148,0.25,-1825.718,9.719049,0,-0.5662,0,0.8243,-194.3462,0,1,0,0,-0.8243,0,-0.5662,-1825.374,0,0,0,1
262.549,-194.1395,0,-1825.515,3.006324,-3.006324,-24.1062,-204.3148,0.25,-1825.718,9.925262,0,-0.5627,0,0.8267,-194.1395,0,1,0,0,-0.8267,0,-0.5627,-1825.515,0,0,0,1
262.5601,-193.7244,0,-1825.794,2.972338,-2.972338,-24.37354,-204.3148,0.25,-1825.718,10.34036,0,-0.5556,0,0.8314,-193.7244,0,1,0,0,-0.8314,0,-0.5556,-1825.794,0,0,0,1
