time,pos_x,pos_y,pos_z,distFromRoadCenter,signedDistFromRoadCenter,wheelAngle,obstacle_pos_x,obstacle_pos_y,obstacle_pos_z,distance_to_obstacle,brake_position,simplecar_4x4_R0C0,simplecar_4x4_R0C1,simplecar_4x4_R0C2,simplecar_4x4_R0C3,simplecar_4x4_R1C0,simplecar_4x4_R1C1,simplecar_4x4_R1C2,simplecar_4x4_R1C3,simplecar_4x4_R2C0,simplecar_4x4_R2C1,simplecar_4x4_R2C2,simplecar_4x4_R2C3,simplecar_4x4_R3C0,simplecar_4x4_R3C1,simplecar_4x4_R3C2,simplecar_4x4_R3C3
172.4176,-21.55342,0,-770.9008,3.095894,3.095894,0.009155,-32.28038,0.25,-826.8574,56.6832,0,-0.9973,0,-0.0738,-21.5534,0,1,0,0,0.0738,0,-0.9973,-770.9008,0,0,0,1
172.4297,-21.57187,0,-771.1501,3.097804,3.097804,0.009155,-32.28038,0.25,-826.8574,56.43477,0,-0.9973,0,-0.0738,-21.5719,0,1,0,0,0.0738,0,-0.9973,-771.1501,0,0,0,1
172.4408,-21.60876,0,-771.6488,3.101623,3.101623,0.012817,-32.28038,0.25,-826.8574,55.93794,0,-0.9973,0,-0.0738,-21.6088,0,1,0,0,0.0738,0,-0.9973,-771.6488,0,0,0,1
172.4518,-21.6272,0,-771.8981,3.103534,3.103534,0.012817,-32.28038,0.25,-826.8574,55.68955,0,-0.9973,0,-0.0738,-21.6272,0,1,0,0,0.0738,0,-0.9973,-771.8981,0,0,0,1
172.462,-21.64565,0,-772.1475,3.105446,3.105446,0.012817,-32.28038,0.25,-826.8574,55.44117,0,-0.9973,0,-0.0738,-21.6457,0,1,0,0,0.0738,0,-0.9973,-772.1475,0,0,0,1
172.4733,-21.6641,0,-772.3969,3.107353,3.107353,0.012817,-32.28038,0.25,-826.8574,55.19275,0,-0.9973,0,-0.0738,-21.6641,0,1,0,0,0.0738,0,-0.9973,-772.3969,0,0,0,1
172.4842,-21.68254,0,-772.6461,3.109268,3.109268,0.012817,-32.28038,0.25,-826.8574,54.94446,0,-0.9973,0,-0.0738,-21.6825,0,1,0,0,0.0738,0,-0.9973,-772.6461,0,0,0,1
172.4955,-21.70099,0,-772.8954,3.111183,3.111183,0.012817,-32.28038,0.25,-826.8574,54.69613,0,-0.9973,0,-0.0738,-21.701,0,1,0,0,0.0738,0,-0.9973,-772.8954,0,0,0,1
172.5065,-21.71944,0,-773.1448,3.113094,3.113094,0.012817,-32.28038,0.25,-826.8574,54.4478,0,-0.9973,0,-0.0738,-21.7194,0,1,0,0,0.0738,0,-0.9973,-773.1448,0,0,0,1
172.5176,-21.73789,0,-773.3941,3.115009,3.115009,0.012817,-32.28038,0.25,-826.8574,54.1995,0,-0.9973,0,-0.0738,-21.7379,0,1,0,0,0.0738,0,-0.9973,-773.3941,0,0,0,1
172.5297,-21.75634,0,-773.6434,3.116924,3.116924,0.012817,-32.28038,0.25,-826.8574,53.95121,0,-0.9973,0,-0.0738,-21.7563,0,1,0,0,0.0738,0,-0.9973,-773.6434,0,0,0,1
172.5434,-21.79324,0,-774.1421,3.120754,3.120754,0.012817,-32.28038,0.25,-826.8574,53.45469,0,-0.9973,0,-0.0738,-21.7932,0,1,0,0,0.0738,0,-0.9973,-774.1421,0,0,0,1
172.5509,-21.81169,0,-774.3914,3.122673,3.122673,0.012817,-32.28038,0.25,-826.8574,53.20651,0,-0.9973,0,-0.0738,-21.8117,0,1,0,0,0.0738,0,-0.9973,-774.3914,0,0,0,1
172.562,-21.83015,0,-774.6407,3.124587,3.124587,0.012817,-32.28038,0.25,-826.8574,52.95823,0,-0.9973,0,-0.0738,-21.8302,0,1,0,0,0.0738,0,-0.9973,-774.6407,0,0,0,1
172.5731,-21.8486,0,-774.8901,3.1265,3.1265,0.012817,-32.28038,0.25,-826.8574,52.70996,0,-0.9973,0,-0.0738,-21.8486,0,1,0,0,0.0738,0,-0.9973,-774.8901,0,0,0,1
172.5844,-21.86705,0,-775.1394,3.128422,3.128422,0.009155,-32.28038,0.25,-826.8574,52.46183,0,-0.9973,0,-0.0738,-21.8671,0,1,0,0,0.0738,0,-0.9973,-775.1394,0,0,0,1
172.5952,-21.8855,0,-775.3887,3.130342,3.130342,-0.016479,-32.28038,0.25,-826.8574,52.21366,0,-0.9973,0,-0.0738,-21.8855,0,1,0,0,0.0738,0,-0.9973,-775.3887,0,0,0,1
172.6065,-21.90395,0,-775.6381,3.132257,3.132257,-0.049438,-32.28038,0.25,-826.8574,51.96551,0,-0.9973,0,-0.0738,-21.904,0,1,0,0,0.0738,0,-0.9973,-775.6381,0,0,0,1
172.6175,-21.9224,0,-775.8874,3.13417,3.13417,-0.093384,-32.28038,0.25,-826.8574,51.71737,0,-0.9973,0,-0.0738,-21.9224,0,1,0,0,0.0738,0,-0.9973,-775.8874,0,0,0,1
172.6285,-21.94084,0,-776.1367,3.136075,3.136075,-0.166626,-32.28038,0.25,-826.8574,51.46926,0,-0.9973,0,-0.0738,-21.9408,0,1,0,0,0.0738,0,-0.9973,-776.1367,0,0,0,1
172.6403,-21.97768,0,-776.6354,3.139852,3.139852,-0.236213,-32.28038,0.25,-826.8574,50.97309,0,-0.9973,0,-0.0737,-21.9777,0,1,0,0,0.0737,0,-0.9973,-776.6354,0,0,0,1
172.6509,-21.99609,0,-776.8847,3.14172,3.14172,-0.349739,-32.28038,0.25,-826.8574,50.72504,0,-0.9973,0,-0.0736,-21.9961,0,1,0,0,0.0736,0,-0.9973,-776.8847,0,0,0,1
172.6628,-22.01447,0,-777.134,3.143568,3.143568,-0.448616,-32.28038,0.25,-826.8574,50.47701,0,-0.9973,0,-0.0735,-22.0145,0,1,0,0,0.0735,0,-0.9973,-777.134,0,0,0,1
172.6776,-22.03283,0,-777.3834,3.14539,3.14539,-0.642707,-32.28038,0.25,-826.8574,50.22901,0,-0.9973,0,-0.0734,-22.0328,0,1,0,0,0.0734,0,-0.9973,-777.3834,0,0,0,1
172.688,-22.05115,0,-777.6327,3.147176,3.147176,-0.811172,-32.28038,0.25,-826.8574,49.98103,0,-0.9973,0,-0.0733,-22.0512,0,1,0,0,0.0733,0,-0.9973,-777.6327,0,0,0,1
172.696,-22.06943,0,-777.882,3.148915,3.148915,-0.975967,-32.28038,0.25,-826.8574,49.73308,0,-0.9973,0,-0.0731,-22.0694,0,1,0,0,0.0731,0,-0.9973,-777.882,0,0,0,1
172.7064,-22.08766,0,-778.1313,3.150611,3.150611,-1.100478,-32.28038,0.25,-826.8574,49.48516,0,-0.9973,0,-0.0729,-22.0877,0,1,0,0,0.0729,0,-0.9973,-778.1313,0,0,0,1
172.7174,-22.10583,0,-778.3807,3.152252,3.152252,-1.26528,-32.28038,0.25,-826.8574,49.23728,0,-0.9974,0,-0.0727,-22.1058,0,1,0,0,0.0727,0,-0.9974,-778.3807,0,0,0,1
172.7287,-22.12394,0,-778.63,3.153832,3.153832,-1.437399,-32.28038,0.25,-826.8574,48.98943,0,-0.9974,0,-0.0724,-22.1239,0,1,0,0,0.0724,0,-0.9974,-778.63,0,0,0,1
172.7405,-22.15995,0,-779.1287,3.156772,3.156772,-1.649809,-32.28038,0.25,-826.8574,48.49384,0,-0.9974,0,-0.0719,-22.16,0,1,0,0,0.0719,0,-0.9974,-779.1287,0,0,0,1
172.7514,-22.17784,0,-779.3781,3.158119,3.158119,-1.840239,-32.28038,0.25,-826.8574,48.24598,0,-0.9974,0,-0.0716,-22.1778,0,1,0,0,0.0716,0,-0.9974,-779.3781,0,0,0,1
172.7627,-22.19564,0,-779.6274,3.159389,3.159389,-2.012358,-32.28038,0.25,-826.8574,47.99828,0,-0.9975,0,-0.0712,-22.1956,0,1,0,0,0.0712,0,-0.9975,-779.6274,0,0,0,1
172.7741,-22.21335,0,-779.8768,3.160554,3.160554,-2.199132,-32.28038,0.25,-826.8574,47.75056,0,-0.9975,0,-0.0708,-22.2134,0,1,0,0,0.0708,0,-0.9975,-779.8768,0,0,0,1
172.7856,-22.23095,0,-780.1262,3.161622,3.161622,-2.294347,-32.28038,0.25,-826.8574,47.5029,0,-0.9975,0,-0.0704,-22.231,0,1,0,0,0.0704,0,-0.9975,-780.1262,0,0,0,1
172.7967,-22.24846,0,-780.3756,3.162585,3.162585,-2.396886,-32.28038,0.25,-826.8574,47.25527,0,-0.9975,0,-0.07,-22.2485,0,1,0,0,0.07,0,-0.9975,-780.3756,0,0,0,1
172.8083,-22.26585,0,-780.625,3.163442,3.163442,-2.462804,-32.28038,0.25,-826.8574,47.0077,0,-0.9976,0,-0.0696,-22.2659,0,1,0,0,0.0696,0,-0.9976,-780.625,0,0,0,1
172.8195,-22.28313,0,-780.8744,3.164192,3.164192,-2.50675,-32.28038,0.25,-826.8574,46.76017,0,-0.9976,0,-0.0691,-22.2831,0,1,0,0,0.0691,0,-0.9976,-780.8744,0,0,0,1
172.8309,-22.31738,0,-781.3732,3.165361,3.165361,-2.510412,-32.28038,0.25,-826.8574,46.26526,0,-0.9977,0,-0.0683,-22.3174,0,1,0,0,0.0683,0,-0.9977,-781.3732,0,0,0,1
172.8424,-22.33433,0,-781.6226,3.165776,3.165776,-2.510412,-32.28038,0.25,-826.8574,46.01783,0,-0.9977,0,-0.0678,-22.3343,0,1,0,0,0.0678,0,-0.9977,-781.6226,0,0,0,1
172.8536,-22.35118,0,-781.8721,3.166086,3.166086,-2.510412,-32.28038,0.25,-826.8574,45.77044,0,-0.9977,0,-0.0674,-22.3512,0,1,0,0,0.0674,0,-0.9977,-781.8721,0,0,0,1
172.8646,-22.36792,0,-782.1215,3.166284,3.166284,-2.510412,-32.28038,0.25,-826.8574,45.52311,0,-0.9978,0,-0.067,-22.3679,0,1,0,0,0.067,0,-0.9978,-782.1215,0,0,0,1
172.8759,-22.38455,0,-782.371,3.166374,3.166374,-2.510412,-32.28038,0.25,-826.8574,45.27583,0,-0.9978,0,-0.0665,-22.3846,0,1,0,0,0.0665,0,-0.9978,-782.371,0,0,0,1
172.8869,-22.40107,0,-782.6204,3.166357,3.166357,-2.488439,-32.28038,0.25,-826.8574,45.02859,0,-0.9978,0,-0.0661,-22.4011,0,1,0,0,0.0661,0,-0.9978,-782.6204,0,0,0,1
172.899,-22.41748,0,-782.8699,3.166231,3.166231,-2.462804,-32.28038,0.25,-826.8574,44.78142,0,-0.9978,0,-0.0657,-22.4175,0,1,0,0,0.0657,0,-0.9978,-782.8699,0,0,0,1
172.9099,-22.43379,0,-783.1193,3.165997,3.165997,-2.418859,-32.28038,0.25,-826.8574,44.5343,0,-0.9979,0,-0.0652,-22.4338,0,1,0,0,0.0652,0,-0.9979,-783.1193,0,0,0,1
172.9212,-22.46609,0,-783.6182,3.165231,3.165231,-2.371252,-32.28038,0.25,-826.8574,44.04028,0,-0.9979,0,-0.0644,-22.4661,0,1,0,0,0.0644,0,-0.9979,-783.6182,0,0,0,1
172.932,-22.48209,0,-783.8678,3.164683,3.164683,-2.345617,-32.28038,0.25,-826.8574,43.79315,0,-0.998,0,-0.064,-22.4821,0,1,0,0,0.064,0,-0.998,-783.8678,0,0,0,1
172.9428,-22.49799,0,-784.1172,3.164043,3.164043,-2.298009,-32.28038,0.25,-826.8574,43.54625,0,-0.998,0,-0.0636,-22.498,0,1,0,0,0.0636,0,-0.998,-784.1172,0,0,0,1
172.9536,-22.51379,0,-784.3668,3.163299,3.163299,-2.276037,-32.28038,0.25,-826.8574,43.29929,0,-0.998,0,-0.0632,-22.5138,0,1,0,0,0.0632,0,-0.998,-784.3668,0,0,0,1
172.9647,-22.5295,0,-784.6163,3.162458,3.162458,-2.26505,-32.28038,0.25,-826.8574,43.05245,0,-0.998,0,-0.0628,-22.5295,0,1,0,0,0.0628,0,-0.998,-784.6163,0,0,0,1
172.9758,-22.5451,0,-784.8658,3.161525,3.161525,-2.24674,-32.28038,0.25,-826.8574,42.80572,0,-0.9981,0,-0.0624,-22.5451,0,1,0,0,0.0624,0,-0.9981,-784.8658,0,0,0,1
172.9877,-22.56061,0,-785.1154,3.160489,3.160489,-2.24674,-32.28038,0.25,-826.8574,42.55894,0,-0.9981,0,-0.062,-22.5606,0,1,0,0,0.062,0,-0.9981,-785.1154,0,0,0,1
172.9981,-22.57601,0,-785.3648,3.15936,3.15936,-2.243078,-32.28038,0.25,-826.8574,42.31233,0,-0.9981,0,-0.0616,-22.576,0,1,0,0,0.0616,0,-0.9981,-785.3648,0,0,0,1
173.0126,-22.60654,0,-785.8638,3.156806,3.156806,-2.243078,-32.28038,0.25,-826.8574,41.81918,0,-0.9981,0,-0.0609,-22.6065,0,1,0,0,0.0609,0,-0.9981,-785.8638,0,0,0,1
173.0231,-22.62165,0,-786.1134,3.155376,3.155376,-2.243078,-32.28038,0.25,-826.8574,41.57264,0,-0.9982,0,-0.0605,-22.6217,0,1,0,0,0.0605,0,-0.9982,-786.1134,0,0,0,1
173.0324,-22.63667,0,-786.363,3.153855,3.153855,-2.243078,-32.28038,0.25,-826.8574,41.32617,0,-0.9982,0,-0.0601,-22.6367,0,1,0,0,0.0601,0,-0.9982,-786.363,0,0,0,1
173.0425,-22.65159,0,-786.6125,3.152228,3.152228,-2.243078,-32.28038,0.25,-826.8574,41.07976,0,-0.9982,0,-0.0597,-22.6516,0,1,0,0,0.0597,0,-0.9982,-786.6125,0,0,0,1
173.0539,-22.66641,0,-786.8621,3.150507,3.150507,-2.243078,-32.28038,0.25,-826.8574,40.83342,0,-0.9982,0,-0.0593,-22.6664,0,1,0,0,0.0593,0,-0.9982,-786.8621,0,0,0,1
173.0652,-22.68114,0,-787.1117,3.148687,3.148687,-2.243078,-32.28038,0.25,-826.8574,40.58714,0,-0.9983,0,-0.0589,-22.6811,0,1,0,0,0.0589,0,-0.9983,-787.1117,0,0,0,1
173.076,-22.69576,0,-787.3613,3.146772,3.146772,-2.243078,-32.28038,0.25,-826.8574,40.34093,0,-0.9983,0,-0.0585,-22.6958,0,1,0,0,0.0585,0,-0.9983,-787.3613,0,0,0,1
173.0876,-22.71029,0,-787.6108,3.14476,3.14476,-2.243078,-32.28038,0.25,-826.8574,40.0948,0,-0.9983,0,-0.0581,-22.7103,0,1,0,0,0.0581,0,-0.9983,-787.6108,0,0,0,1
173.0988,-22.72472,0,-787.8604,3.142649,3.142649,-2.243078,-32.28038,0.25,-826.8574,39.84873,0,-0.9983,0,-0.0577,-22.7247,0,1,0,0,0.0577,0,-0.9983,-787.8604,0,0,0,1
173.1099,-22.73906,0,-788.11,3.140438,3.140438,-2.243078,-32.28038,0.25,-826.8574,39.60273,0,-0.9984,0,-0.0573,-22.7391,0,1,0,0,0.0573,0,-0.9984,-788.11,0,0,0,1
173.121,-22.76743,0,-788.6091,3.135731,3.135731,-2.243078,-32.28038,0.25,-826.8574,39.11097,0,-0.9984,0,-0.0566,-22.7674,0,1,0,0,0.0566,0,-0.9984,-788.6091,0,0,0,1
173.1323,-22.78147,0,-788.8588,3.133222,3.133222,-2.243078,-32.28038,0.25,-826.8574,38.86514,0,-0.9984,0,-0.0562,-22.7815,0,1,0,0,0.0562,0,-0.9984,-788.8588,0,0,0,1
173.1436,-22.79542,0,-789.1084,3.130619,3.130619,-2.243078,-32.28038,0.25,-826.8574,38.61938,0,-0.9984,0,-0.0558,-22.7954,0,1,0,0,0.0558,0,-0.9984,-789.1084,0,0,0,1
173.1545,-22.80926,0,-789.358,3.12792,3.12792,-2.243078,-32.28038,0.25,-826.8574,38.37371,0,-0.9985,0,-0.0554,-22.8093,0,1,0,0,0.0554,0,-0.9985,-789.358,0,0,0,1
173.1658,-22.82301,0,-789.6077,3.125124,3.125124,-2.243078,-32.28038,0.25,-826.8574,38.12811,0,-0.9985,0,-0.055,-22.823,0,1,0,0,0.055,0,-0.9985,-789.6077,0,0,0,1
173.1768,-22.83666,0,-789.8573,3.122228,3.122228,-2.243078,-32.28038,0.25,-826.8574,37.8826,0,-0.9985,0,-0.0546,-22.8367,0,1,0,0,0.0546,0,-0.9985,-789.8573,0,0,0,1
173.1876,-22.85021,0,-790.1069,3.119236,3.119236,-2.243078,-32.28038,0.25,-826.8574,37.63717,0,-0.9985,0,-0.0542,-22.8502,0,1,0,0,0.0542,0,-0.9985,-790.1069,0,0,0,1
173.1988,-22.86366,0,-790.3566,3.116148,3.116148,-2.243078,-32.28038,0.25,-826.8574,37.39183,0,-0.9986,0,-0.0538,-22.8637,0,1,0,0,0.0538,0,-0.9986,-790.3566,0,0,0,1
173.2099,-22.87702,0,-790.6062,3.112957,3.112957,-2.243078,-32.28038,0.25,-826.8574,37.14657,0,-0.9986,0,-0.0534,-22.877,0,1,0,0,0.0534,0,-0.9986,-790.6062,0,0,0,1
173.2212,-22.90344,0,-791.1054,3.106293,3.106293,-2.243078,-32.28038,0.25,-826.8574,36.65637,0,-0.9986,0,-0.0526,-22.9034,0,1,0,0,0.0526,0,-0.9986,-791.1054,0,0,0,1
173.2322,-22.9165,0,-791.3551,3.102809,3.102809,-2.243078,-32.28038,0.25,-826.8574,36.41132,0,-0.9986,0,-0.0523,-22.9165,0,1,0,0,0.0523,0,-0.9986,-791.3551,0,0,0,1
173.2431,-22.92947,0,-791.6047,3.099232,3.099232,-2.243078,-32.28038,0.25,-826.8574,36.16642,0,-0.9987,0,-0.0519,-22.9295,0,1,0,0,0.0519,0,-0.9987,-791.6047,0,0,0,1
173.2551,-22.94234,0,-791.8544,3.095552,3.095552,-2.243078,-32.28038,0.25,-826.8574,35.92156,0,-0.9987,0,-0.0515,-22.9423,0,1,0,0,0.0515,0,-0.9987,-791.8544,0,0,0,1
173.266,-22.95511,0,-792.1041,3.091775,3.091775,-2.243078,-32.28038,0.25,-826.8574,35.6768,0,-0.9987,0,-0.0511,-22.9551,0,1,0,0,0.0511,0,-0.9987,-792.1041,0,0,0,1
173.2768,-22.96778,0,-792.3538,3.087902,3.087902,-2.243078,-32.28038,0.25,-826.8574,35.43213,0.023529,-0.9987,0,-0.0507,-22.9678,0,1,0,0,0.0507,0,-0.9987,-792.3538,0,0,0,1
173.2876,-22.98035,0,-792.6035,3.083928,3.083928,-2.243078,-32.28038,0.25,-826.8574,35.18756,0.047059,-0.9987,0,-0.0503,-22.9804,0,1,0,0,0.0503,0,-0.9987,-792.6035,0,0,0,1
173.2995,-22.99283,0,-792.8532,3.079862,3.079862,-2.228429,-32.28038,0.25,-826.8574,34.9431,0.062745,-0.9988,0,-0.0499,-22.9928,0,1,0,0,0.0499,0,-0.9988,-792.8532,0,0,0,1
173.3111,-23.01748,0,-793.3523,3.071439,3.071439,-2.202795,-32.28038,0.25,-826.8574,34.45478,0.078431,-0.9988,0,-0.0491,-23.0175,0,1,0,0,0.0491,0,-0.9988,-793.3523,0,0,0,1
173.3211,-23.02965,0,-793.6015,3.067096,3.067096,-2.173498,-32.28038,0.25,-826.8574,34.21111,0.109804,-0.9988,0,-0.0488,-23.0297,0,1,0,0,0.0488,0,-0.9988,-793.6015,0,0,0,1
173.337,-23.04172,0,-793.8506,3.062659,3.062659,-2.111242,-32.28038,0.25,-826.8574,33.96767,0.12549,-0.9988,0,-0.0484,-23.0417,0,1,0,0,0.0484,0,-0.9988,-793.8506,0,0,0,1
173.3466,-23.05369,0,-794.0994,3.058138,3.058138,-2.037992,-32.28038,0.25,-826.8574,33.72457,0.14902,-0.9988,0,-0.048,-23.0537,0,1,0,0,0.048,0,-0.9988,-794.0994,0,0,0,1
173.3531,-23.06556,0,-794.348,3.053537,3.053537,-1.979399,-32.28038,0.25,-826.8574,33.48189,0.180392,-0.9989,0,-0.0477,-23.0656,0,1,0,0,0.0477,0,-0.9989,-794.348,0,0,0,1
173.3642,-23.07732,0,-794.5961,3.048862,3.048862,-1.917143,-32.28038,0.25,-826.8574,33.23968,0.180392,-0.9989,0,-0.0474,-23.0773,0,1,0,0,0.0474,0,-0.9989,-794.5961,0,0,0,1
173.3751,-23.08899,0,-794.8439,3.044116,3.044116,-1.836576,-32.28038,0.25,-826.8574,32.99794,0.203922,-0.9989,0,-0.047,-23.089,0,1,0,0,0.047,0,-0.9989,-794.8439,0,0,0,1
173.3863,-23.10057,0,-795.0914,3.039298,3.039298,-1.748686,-32.28038,0.25,-826.8574,32.75667,0.266667,-0.9989,0,-0.0467,-23.1006,0,1,0,0,0.0467,0,-0.9989,-795.0914,0,0,0,1
173.3975,-23.11205,0,-795.3383,3.034417,3.034417,-1.649809,-32.28038,0.25,-826.8574,32.51605,0.27451,-0.9989,0,-0.0464,-23.1121,0,1,0,0,0.0464,0,-0.9989,-795.3383,0,0,0,1
173.409,-23.12344,0,-795.5846,3.029486,3.029486,-1.52529,-32.28038,0.25,-826.8574,32.27608,0.290196,-0.9989,0,-0.0462,-23.1234,0,1,0,0,0.0462,0,-0.9989,-795.5846,0,0,0,1
173.4195,-23.13474,0,-795.8304,3.024503,3.024503,-1.426413,-32.28038,0.25,-826.8574,32.03677,0.290196,-0.9989,0,-0.0459,-23.1347,0,1,0,0,0.0459,0,-0.9989,-795.8304,0,0,0,1
173.4308,-23.15709,0,-796.3202,3.014405,3.014405,-1.290915,-32.28038,0.25,-826.8574,31.56023,0.290196,-0.999,0,-0.0455,-23.1571,0,1,0,0,0.0455,0,-0.999,-796.3202,0,0,0,1
173.4419,-23.16816,0,-796.5642,3.0093,3.0093,-1.126113,-32.28038,0.25,-826.8574,31.32299,0.290196,-0.999,0,-0.0453,-23.1682,0,1,0,0,0.0453,0,-0.999,-796.5642,0,0,0,1
173.4529,-23.17915,0,-796.8077,3.004158,3.004158,-1.041884,-32.28038,0.25,-826.8574,31.08642,0.290196,-0.999,0,-0.0451,-23.1792,0,1,0,0,0.0451,0,-0.999,-796.8077,0,0,0,1
173.4641,-23.19008,0,-797.0505,2.998997,2.998997,-0.906386,-32.28038,0.25,-826.8574,30.85056,0.290196,-0.999,0,-0.0449,-23.1901,0,1,0,0,0.0449,0,-0.999,-797.0505,0,0,0,1
173.4752,-23.20095,0,-797.2928,2.993812,2.993812,-0.737929,-32.28038,0.25,-826.8574,30.61535,0.290196,-0.999,0,-0.0448,-23.201,0,1,0,0,0.0448,0,-0.999,-797.2928,0,0,0,1
173.4862,-23.21177,0,-797.5345,2.988621,2.988621,-0.5951,-32.28038,0.25,-826.8574,30.38086,0.290196,-0.999,0,-0.0447,-23.2118,0,1,0,0,0.0447,0,-0.999,-797.5345,0,0,0,1
173.4976,-23.22254,0,-797.7758,2.983414,2.983414,-0.408332,-32.28038,0.25,-826.8574,30.14696,0.290196,-0.999,0,-0.0446,-23.2225,0,1,0,0,0.0446,0,-0.999,-797.7758,0,0,0,1
173.5088,-23.23329,0,-798.0162,2.978223,2.978223,-0.184937,-32.28038,0.25,-826.8574,29.9139,0.290196,-0.999,0,-0.0446,-23.2333,0,1,0,0,0.0446,0,-0.999,-798.0162,0,0,0,1
173.5195,-23.244,0,-798.2562,2.973041,2.973041,-0.045776,-32.28038,0.25,-826.8574,29.68143,0.290196,-0.999,0,-0.0446,-23.244,0,1,0,0,0.0446,0,-0.999,-798.2562,0,0,0,1
173.5306,-23.26537,0,-798.7344,2.962725,2.962725,0.15564,-32.28038,0.25,-826.8574,29.21858,0.290196,-0.999,0,-0.0447,-23.2654,0,1,0,0,0.0447,0,-0.999,-798.7344,0,0,0,1
173.5418,-23.27604,0,-798.9727,2.957606,2.957606,0.298462,-32.28038,0.25,-826.8574,28.9882,0.290196,-0.999,0,-0.0447,-23.276,0,1,0,0,0.0447,0,-0.999,-798.9727,0,0,0,1
173.5529,-23.28669,0,-799.2103,2.952514,2.952514,0.470595,-32.28038,0.25,-826.8574,28.75847,0.290196,-0.999,0,-0.0448,-23.2867,0,1,0,0,0.0448,0,-0.999,-799.2103,0,0,0,1
173.5641,-23.29735,0,-799.4474,2.947466,2.947466,0.61708,-32.28038,0.25,-826.8574,28.52946,0.290196,-0.999,0,-0.0449,-23.2974,0,1,0,0,0.0449,0,-0.999,-799.4474,0,0,0,1
173.5751,-23.30801,0,-799.6839,2.942455,2.942455,0.781875,-32.28038,0.25,-826.8574,28.30111,0.290196,-0.999,0,-0.045,-23.308,0,1,0,0,0.045,0,-0.999,-799.6839,0,0,0,1
173.5864,-23.31868,0,-799.9198,2.9375,2.9375,0.917373,-32.28038,0.25,-826.8574,28.07347,0.290196,-0.999,0,-0.0452,-23.3187,0,1,0,0,0.0452,0,-0.999,-799.9198,0,0,0,1
173.5974,-23.32937,0,-800.1552,2.932235,2.932235,1.067519,-32.28038,0.25,-826.8574,27.84649,0.298039,-0.999,0,-0.0454,-23.3294,0,1,0,0,0.0454,0,-0.999,-800.1552,0,0,0,1
173.6086,-23.34009,0,-800.3899,2.925473,2.925473,1.235976,-32.28038,0.25,-826.8574,27.62022,0.298039,-0.999,0,-0.0456,-23.3401,0,1,0,0,0.0456,0,-0.999,-800.3899,0,0,0,1
173.6196,-23.35083,0,-800.624,2.918735,2.918735,1.323867,-32.28038,0.25,-826.8574,27.39468,0.298039,-0.9989,0,-0.0458,-23.3508,0,1,0,0,0.0458,0,-0.9989,-800.624,0,0,0,1
173.6308,-23.37241,0,-801.0905,2.905256,2.905256,1.448393,-32.28038,0.25,-826.8574,26.94568,0.305882,-0.9989,0,-0.0463,-23.3724,0,1,0,0,0.0463,0,-0.9989,-801.0905,0,0,0,1
173.642,-23.38325,0,-801.3229,2.894844,2.894844,1.550932,-32.28038,0.25,-826.8574,26.72224,0.305882,-0.9989,0,-0.0466,-23.3833,0,1,0,0,0.0466,0,-0.9989,-801.3229,0,0,0,1
173.6527,-23.39413,0,-801.5547,2.884478,2.884478,1.646147,-32.28038,0.25,-826.8574,26.49946,0.305882,-0.9989,0,-0.0469,-23.3941,0,1,0,0,0.0469,0,-0.9989,-801.5547,0,0,0,1
173.6639,-23.40505,0,-801.7857,2.874181,2.874181,1.7377,-32.28038,0.25,-826.8574,26.27757,0.313726,-0.9989,0,-0.0472,-23.4051,0,1,0,0,0.0472,0,-0.9989,-801.7857,0,0,0,1
173.6788,-23.41601,0,-802.0162,2.863938,2.863938,1.887846,-32.28038,0.25,-826.8574,26.05636,0.313726,-0.9989,0,-0.0475,-23.416,0,1,0,0,0.0475,0,-0.9989,-802.0162,0,0,0,1
173.689,-23.42703,0,-802.246,2.850357,2.850357,1.983061,-32.28038,0.25,-826.8574,25.83587,0.313726,-0.9989,0,-0.0479,-23.427,0,1,0,0,0.0479,0,-0.9989,-802.246,0,0,0,1
173.6973,-23.4381,0,-802.4752,2.83653,2.83653,2.096586,-32.28038,0.25,-826.8574,25.61616,0.313726,-0.9988,0,-0.0482,-23.4381,0,1,0,0,0.0482,0,-0.9988,-802.4752,0,0,0,1
173.7086,-23.44922,0,-802.7037,2.822788,2.822788,2.195463,-32.28038,0.25,-826.8574,25.39724,0.313726,-0.9988,0,-0.0486,-23.4492,0,1,0,0,0.0486,0,-0.9988,-802.7037,0,0,0,1
173.7205,-23.47166,0,-803.1591,2.792807,2.792807,2.360272,-32.28038,0.25,-826.8574,24.96146,0.313726,-0.9988,0,-0.0494,-23.4717,0,1,0,0,0.0494,0,-0.9988,-803.1591,0,0,0,1
173.7309,-23.48298,0,-803.3857,2.775669,2.775669,2.550702,-32.28038,0.25,-826.8574,24.74473,0.313726,-0.9988,0,-0.0499,-23.483,0,1,0,0,0.0499,0,-0.9988,-803.3857,0,0,0,1
173.7427,-23.49438,0,-803.6118,2.758643,2.758643,2.752118,-32.28038,0.25,-826.8574,24.52872,0.321569,-0.9987,0,-0.0504,-23.4944,0,1,0,0,0.0504,0,-0.9987,-803.6118,0,0,0,1
173.7534,-23.50587,0,-803.8372,2.741743,2.741743,2.957196,-32.28038,0.25,-826.8574,24.31351,0.329412,-0.9987,0,-0.0509,-23.5059,0,1,0,0,0.0509,0,-0.9987,-803.8372,0,0,0,1
173.765,-23.51744,0,-804.062,2.723054,2.723054,3.176923,-32.28038,0.25,-826.8574,24.09908,0.337255,-0.9987,0,-0.0514,-23.5174,0,1,0,0,0.0514,0,-0.9987,-804.062,0,0,0,1
173.7762,-23.52912,0,-804.286,2.702811,2.702811,3.561459,-32.28038,0.25,-826.8574,23.88544,0.345098,-0.9986,0,-0.0521,-23.5291,0,1,0,0,0.0521,0,-0.9986,-804.286,0,0,0,1
173.7872,-23.54091,0,-804.5094,2.682727,2.682727,3.759212,-32.28038,0.25,-826.8574,23.67258,0.345098,-0.9986,0,-0.0527,-23.5409,0,1,0,0,0.0527,0,-0.9986,-804.5094,0,0,0,1
173.7994,-23.55282,0,-804.7321,2.662825,2.662825,4.01556,-32.28038,0.25,-826.8574,23.46056,0.345098,-0.9986,0,-0.0534,-23.5528,0,1,0,0,0.0534,0,-0.9986,-804.7321,0,0,0,1
173.81,-23.56486,0,-804.954,2.642243,2.642243,4.374461,-32.28038,0.25,-826.8574,23.24933,0.345098,-0.9985,0,-0.0542,-23.5649,0,1,0,0,0.0542,0,-0.9985,-804.954,0,0,0,1
173.8209,-23.58937,0,-805.3959,2.596297,2.596297,4.638133,-32.28038,0.25,-826.8574,22.82932,0.345098,-0.9984,0,-0.0558,-23.5894,0,1,0,0,0.0558,0,-0.9984,-805.3959,0,0,0,1
173.8321,-23.60184,0,-805.6157,2.573647,2.573647,4.879832,-32.28038,0.25,-826.8574,22.62055,0.345098,-0.9984,0,-0.0566,-23.6018,0,1,0,0,0.0566,0,-0.9984,-805.6157,0,0,0,1
173.8433,-23.61448,0,-805.8349,2.551231,2.551231,5.19845,-32.28038,0.25,-826.8574,22.41255,0.345098,-0.9983,0,-0.0575,-23.6145,0,1,0,0,0.0575,0,-0.9983,-805.8349,0,0,0,1
173.854,-23.62727,0,-806.0533,2.525903,2.525903,5.385218,-32.28038,0.25,-826.8574,22.2054,0.352941,-0.9983,0,-0.0585,-23.6273,0,1,0,0,0.0585,0,-0.9983,-806.0533,0,0,0,1
173.8652,-23.64025,0,-806.2711,2.500448,2.500448,5.656214,-32.28038,0.25,-826.8574,21.99903,0.352941,-0.9982,0,-0.0595,-23.6403,0,1,0,0,0.0595,0,-0.9982,-806.2711,0,0,0,1
173.8763,-23.6534,0,-806.4882,2.475268,2.475268,5.916224,-32.28038,0.25,-826.8574,21.79349,0.352941,-0.9982,0,-0.0605,-23.6534,0,1,0,0,0.0605,0,-0.9982,-806.4882,0,0,0,1
173.8877,-23.66675,0,-806.7045,2.450363,2.450363,6.132302,-32.28038,0.25,-826.8574,21.58878,0.352941,-0.9981,0,-0.0616,-23.6668,0,1,0,0,0.0616,0,-0.9981,-806.7045,0,0,0,1
173.8992,-23.68029,0,-806.92,2.424157,2.424157,6.366677,-32.28038,0.25,-826.8574,21.38491,0.360784,-0.998,0,-0.0627,-23.6803,0,1,0,0,0.0627,0,-0.998,-806.92,0,0,0,1
173.9098,-23.69403,0,-807.1349,2.396349,2.396349,6.582742,-32.28038,0.25,-826.8574,21.18188,0.360784,-0.998,0,-0.0638,-23.694,0,1,0,0,0.0638,0,-0.998,-807.1349,0,0,0,1
173.9209,-23.72213,0,-807.5624,2.341679,2.341679,6.758523,-32.28038,0.25,-826.8574,20.77832,0.360784,-0.9978,0,-0.0662,-23.7221,0,1,0,0,0.0662,0,-0.9978,-807.5624,0,0,0,1
173.9322,-23.73649,0,-807.775,2.314811,2.314811,6.923318,-32.28038,0.25,-826.8574,20.57779,0.360784,-0.9977,0,-0.0674,-23.7365,0,1,0,0,0.0674,0,-0.9977,-807.775,0,0,0,1
173.9433,-23.75107,0,-807.9869,2.285031,2.285031,7.187004,-32.28038,0.25,-826.8574,20.37811,0.360784,-0.9976,0,-0.0686,-23.7511,0,1,0,0,0.0686,0,-0.9976,-807.9869,0,0,0,1
173.9541,-23.76587,0,-808.1981,2.255383,2.255383,7.285881,-32.28038,0.25,-826.8574,20.17925,0.368627,-0.9976,0,-0.0699,-23.7659,0,1,0,0,0.0699,0,-0.9976,-808.1981,0,0,0,1
173.9652,-23.78089,0,-808.4086,2.226089,2.226089,7.494621,-32.28038,0.25,-826.8574,19.98125,0.368627,-0.9975,0,-0.0712,-23.7809,0,1,0,0,0.0712,0,-0.9975,-808.4086,0,0,0,1
173.9767,-23.79614,0,-808.6183,2.197139,2.197139,7.688713,-32.28038,0.25,-826.8574,19.78407,0.368627,-0.9974,0,-0.0725,-23.7961,0,1,0,0,0.0725,0,-0.9974,-808.6183,0,0,0,1
173.9874,-23.81162,0,-808.8271,2.167411,2.167411,7.864494,-32.28038,0.25,-826.8574,19.58785,0.376471,-0.9973,0,-0.0739,-23.8116,0,1,0,0,0.0739,0,-0.9973,-808.8271,0,0,0,1
173.9986,-23.82734,0,-809.0353,2.135814,2.135814,8.076911,-32.28038,0.25,-826.8574,19.39247,0.376471,-0.9972,0,-0.0753,-23.8273,0,1,0,0,0.0753,0,-0.9972,-809.0353,0,0,0,1
174.0129,-23.85951,0,-809.4492,2.073777,2.073777,8.267341,-32.28038,0.25,-826.8574,19.00434,0.376471,-0.9969,0,-0.0782,-23.8595,0,1,0,0,0.0782,0,-0.9969,-809.4492,0,0,0,1
174.024,-23.87597,0,-809.655,2.04333,2.04333,8.534675,-32.28038,0.25,-826.8574,18.81159,0.376471,-0.9968,0,-0.0797,-23.876,0,1,0,0,0.0797,0,-0.9968,-809.655,0,0,0,1
174.0328,-23.89267,0,-809.86,2.011155,2.011155,8.772712,-32.28038,0.25,-826.8574,18.61974,0.384314,-0.9967,0,-0.0812,-23.8927,0,1,0,0,0.0812,0,-0.9967,-809.86,0,0,0,1
174.0428,-23.90964,0,-810.0643,1.978214,1.978214,8.959494,-32.28038,0.25,-826.8574,18.42879,0.384314,-0.9966,0,-0.0828,-23.9096,0,1,0,0,0.0828,0,-0.9966,-810.0643,0,0,0,1
174.0544,-23.92686,0,-810.2677,1.945684,1.945684,9.182882,-32.28038,0.25,-826.8574,18.23874,0.392157,-0.9964,0,-0.0844,-23.9269,0,1,0,0,0.0844,0,-0.9964,-810.2677,0,0,0,1
174.0654,-23.94436,0,-810.4703,1.913574,1.913574,9.494162,-32.28038,0.25,-826.8574,18.04958,0.392157,-0.9963,0,-0.086,-23.9444,0,1,0,0,0.086,0,-0.9963,-810.4703,0,0,0,1
174.0767,-23.96213,0,-810.6721,1.881935,1.881935,9.776144,-32.28038,0.25,-826.8574,17.86137,0.392157,-0.9961,0,-0.0877,-23.9621,0,1,0,0,0.0877,0,-0.9961,-810.6721,0,0,0,1
174.0874,-23.98019,0,-810.8732,1.847961,1.847961,10.0911,-32.28038,0.25,-826.8574,17.674,0.392157,-0.996,0,-0.0895,-23.9802,0,1,0,0,0.0895,0,-0.996,-810.8732,0,0,0,1
174.0986,-23.99854,0,-811.0734,1.813955,1.813955,10.38041,-32.28038,0.25,-826.8574,17.48758,0.392157,-0.9958,0,-0.0913,-23.9985,0,1,0,0,0.0913,0,-0.9958,-811.0734,0,0,0,1
174.1098,-24.01719,0,-811.2728,1.780423,1.780423,10.83086,-32.28038,0.25,-826.8574,17.30205,0.392157,-0.9957,0,-0.0932,-24.0172,0,1,0,0,0.0932,0,-0.9957,-811.2728,0,0,0,1
174.1208,-24.05543,0,-811.6691,1.714839,1.714839,11.03228,-32.28038,0.25,-826.8574,16.93377,0.392157,-0.9953,0,-0.097,-24.0554,0,1,0,0,0.097,0,-0.9953,-811.6691,0,0,0,1
174.1317,-24.07501,0,-811.866,1.679807,1.679807,11.29229,-32.28038,0.25,-826.8574,16.75102,0.392157,-0.9951,0,-0.099,-24.075,0,1,0,0,0.099,0,-0.9951,-811.866,0,0,0,1
174.1434,-24.09491,0,-812.0621,1.645032,1.645032,11.60357,-32.28038,0.25,-826.8574,16.56911,0.392157,-0.9949,0,-0.101,-24.0949,0,1,0,0,0.101,0,-0.9949,-812.0621,0,0,0,1
174.1542,-24.11514,0,-812.2574,1.610791,1.610791,11.84894,-32.28038,0.25,-826.8574,16.38814,0.392157,-0.9947,0,-0.103,-24.1151,0,1,0,0,0.103,0,-0.9947,-812.2574,0,0,0,1
174.1653,-24.1357,0,-812.4519,1.577079,1.577079,12.13459,-32.28038,0.25,-826.8574,16.20811,0.392157,-0.9945,0,-0.1051,-24.1357,0,1,0,0,0.1051,0,-0.9945,-812.4519,0,0,0,1
174.1763,-24.15659,0,-812.6455,1.54392,1.54392,12.44953,-32.28038,0.25,-826.8574,16.02903,0.392157,-0.9942,0,-0.1073,-24.1566,0,1,0,0,0.1073,0,-0.9942,-812.6455,0,0,0,1
174.1875,-24.17783,0,-812.8384,1.50844,1.50844,12.63629,-32.28038,0.25,-826.8574,15.85079,0.392157,-0.994,0,-0.1095,-24.1778,0,1,0,0,0.1095,0,-0.994,-812.8384,0,0,0,1
174.1985,-24.19941,0,-813.0304,1.473194,1.473194,12.87068,-32.28038,0.25,-826.8574,15.67348,0.392157,-0.9937,0,-0.1117,-24.1994,0,1,0,0,0.1117,0,-0.9937,-813.0304,0,0,0,1
174.2096,-24.22135,0,-813.2216,1.438504,1.438504,13.03914,-32.28038,0.25,-826.8574,15.49712,0.392157,-0.9935,0,-0.114,-24.2214,0,1,0,0,0.114,0,-0.9935,-813.2216,0,0,0,1
174.2212,-24.26625,0,-813.6014,1.370836,1.370836,13.2076,-32.28038,0.25,-826.8574,15.14719,0.392157,-0.9929,0,-0.1186,-24.2663,0,1,0,0,0.1186,0,-0.9929,-813.6014,0,0,0,1
174.2318,-24.28922,0,-813.79,1.335536,1.335536,13.31014,-32.28038,0.25,-826.8574,14.97362,0.392157,-0.9927,0,-0.1209,-24.2892,0,1,0,0,0.1209,0,-0.9927,-813.79,0,0,0,1
174.2431,-24.31254,0,-813.9779,1.299974,1.299974,13.40169,-32.28038,0.25,-826.8574,14.80095,0.392157,-0.9924,0,-0.1232,-24.3125,0,1,0,0,0.1232,0,-0.9924,-813.9779,0,0,0,1
174.2541,-24.3362,0,-814.1649,1.265007,1.265007,13.42732,-32.28038,0.25,-826.8574,14.62925,0.392157,-0.9921,0,-0.1255,-24.3362,0,1,0,0,0.1255,0,-0.9921,-814.1649,0,0,0,1
174.2658,-24.36019,0,-814.3511,1.230612,1.230612,13.43099,-32.28038,0.25,-826.8574,14.4585,0.392157,-0.9918,0,-0.1278,-24.3602,0,1,0,0,0.1278,0,-0.9918,-814.3511,0,0,0,1
174.2763,-24.38452,0,-814.5364,1.196753,1.196753,13.43099,-32.28038,0.25,-826.8574,14.28868,0.392157,-0.9915,0,-0.1302,-24.3845,0,1,0,0,0.1302,0,-0.9915,-814.5364,0,0,0,1
174.2873,-24.40918,0,-814.7209,1.162111,1.162111,13.43099,-32.28038,0.25,-826.8574,14.11983,0.392157,-0.9912,0,-0.1325,-24.4092,0,1,0,0,0.1325,0,-0.9912,-814.7209,0,0,0,1
174.2984,-24.43417,0,-814.9046,1.126351,1.126351,13.43099,-32.28038,0.25,-826.8574,13.95195,0.376471,-0.9909,0,-0.1348,-24.4342,0,1,0,0,0.1348,0,-0.9909,-814.9046,0,0,0,1
174.3098,-24.45948,0,-815.0875,1.091164,1.091164,13.43465,-32.28038,0.25,-826.8574,13.78501,0.376471,-0.9906,0,-0.1371,-24.4595,0,1,0,0,0.1371,0,-0.9906,-815.0875,0,0,0,1
174.321,-24.51108,0,-815.4508,1.022412,1.022412,13.47493,-32.28038,0.25,-826.8574,13.45394,0.376471,-0.9899,0,-0.1418,-24.5111,0,1,0,0,0.1418,0,-0.9899,-815.4508,0,0,0,1
174.3318,-24.53736,0,-815.6312,0.988837,0.988837,13.54451,-32.28038,0.25,-826.8574,13.28988,0.376471,-0.9896,0,-0.1441,-24.5374,0,1,0,0,0.1441,0,-0.9896,-815.6312,0,0,0,1
174.3466,-24.56397,0,-815.8109,0.952896,0.952896,13.76059,-32.28038,0.25,-826.8574,13.12676,0.368627,-0.9892,0,-0.1465,-24.564,0,1,0,0,0.1465,0,-0.9892,-815.8109,0,0,0,1
174.3574,-24.5909,0,-815.9897,0.917515,0.917515,13.97666,-32.28038,0.25,-826.8574,12.9646,0.368627,-0.9889,0,-0.1489,-24.5909,0,1,0,0,0.1489,0,-0.9889,-815.9897,0,0,0,1
174.3653,-24.61817,0,-816.1677,0.882705,0.882705,14.30991,-32.28038,0.25,-826.8574,12.8034,0.368627,-0.9885,0,-0.1514,-24.6182,0,1,0,0,0.1514,0,-0.9885,-816.1677,0,0,0,1
174.3763,-24.64577,0,-816.345,0.848489,0.848489,14.48935,-32.28038,0.25,-826.8574,12.64315,0.368627,-0.9881,0,-0.1539,-24.6458,0,1,0,0,0.1539,0,-0.9881,-816.345,0,0,0,1
174.3874,-24.67372,0,-816.5215,0.814837,0.814837,14.92149,-32.28038,0.25,-826.8574,12.4838,0.368627,-0.9877,0,-0.1565,-24.6737,0,1,0,0,0.1565,0,-0.9877,-816.5215,0,0,0,1
174.3987,-24.70203,0,-816.697,0.78055,0.78055,15.41954,-32.28038,0.25,-826.8574,12.32557,0.368627,-0.9873,0,-0.1591,-24.702,0,1,0,0,0.1591,0,-0.9873,-816.697,0,0,0,1
174.4096,-24.7307,0,-816.8719,0.745203,0.745203,15.84802,-32.28038,0.25,-826.8574,12.16819,0.360784,-0.9868,0,-0.1618,-24.7307,0,1,0,0,0.1618,0,-0.9868,-816.8719,0,0,0,1
174.4206,-24.78919,0,-817.2191,0.676436,0.676436,16.38635,-32.28038,0.25,-826.8574,11.85639,0.360784,-0.9859,0,-0.1675,-24.7892,0,1,0,0,0.1675,0,-0.9859,-817.2191,0,0,0,1
174.4318,-24.819,0,-817.3915,0.643024,0.643024,16.84047,-32.28038,0.25,-826.8574,11.70194,0.360784,-0.9854,0,-0.1704,-24.819,0,1,0,0,0.1704,0,-0.9854,-817.3915,0,0,0,1
174.443,-24.84922,0,-817.5632,0.610247,0.610247,17.48135,-32.28038,0.25,-826.8574,11.54844,0.360784,-0.9849,0,-0.1734,-24.8492,0,1,0,0,0.1734,0,-0.9849,-817.5632,0,0,0,1
174.4546,-24.87985,0,-817.734,0.576088,0.576088,17.84756,-32.28038,0.25,-826.8574,11.3959,0.360784,-0.9843,0,-0.1765,-24.8799,0,1,0,0,0.1765,0,-0.9843,-817.734,0,0,0,1
174.4652,-24.91089,0,-817.9041,0.541803,0.541803,18.3676,-32.28038,0.25,-826.8574,11.24432,0.360784,-0.9837,0,-0.1796,-24.9109,0,1,0,0,0.1796,0,-0.9837,-817.9041,0,0,0,1
174.4771,-24.94236,0,-818.0732,0.508196,0.508196,18.87663,-32.28038,0.25,-826.8574,11.09374,0.360784,-0.9831,0,-0.1828,-24.9424,0,1,0,0,0.1828,0,-0.9831,-818.0732,0,0,0,1
174.4876,-24.97427,0,-818.2417,0.47528,0.47528,19.27948,-32.28038,0.25,-826.8574,10.94408,0.360784,-0.9825,0,-0.1862,-24.9743,0,1,0,0,0.1862,0,-0.9825,-818.2417,0,0,0,1
174.4987,-25.00662,0,-818.4092,0.443123,0.443123,19.78851,-32.28038,0.25,-826.8574,10.79548,0.360784,-0.9819,0,-0.1895,-25.0066,0,1,0,0,0.1895,0,-0.9819,-818.4092,0,0,0,1
174.5095,-25.03942,0,-818.576,0.411645,0.411645,20.05218,-32.28038,0.25,-826.8574,10.64784,0.352941,-0.9812,0,-0.193,-25.0394,0,1,0,0,0.193,0,-0.9812,-818.576,0,0,0,1
174.5206,-25.10637,0,-818.9071,0.345751,0.345751,20.41474,-32.28038,0.25,-826.8574,10.35547,0.352941,-0.9798,0,-0.2,-25.1064,0,1,0,0,0.2,0,-0.9798,-818.9071,0,0,0,1
174.5319,-25.14053,0,-819.0714,0.313671,0.313671,20.67475,-32.28038,0.25,-826.8574,10.21081,0.352941,-0.9791,0,-0.2035,-25.1405,0,1,0,0,0.2035,0,-0.9791,-819.0714,0,0,0,1
174.5429,-25.17514,0,-819.2349,0.282303,0.282303,20.9604,-32.28038,0.25,-826.8574,10.06713,0.352941,-0.9783,0,-0.2071,-25.1751,0,1,0,0,0.2071,0,-0.9783,-819.2349,0,0,0,1
174.5542,-25.21021,0,-819.3976,0.251685,0.251685,21.17281,-32.28038,0.25,-826.8574,9.9245,0.352941,-0.9776,0,-0.2107,-25.2102,0,1,0,0,0.2107,0,-0.9776,-819.3976,0,0,0,1
174.5651,-25.24573,0,-819.5594,0.221781,0.221781,21.39986,-32.28038,0.25,-826.8574,9.782873,0.352941,-0.9768,0,-0.2143,-25.2457,0,1,0,0,0.2143,0,-0.9768,-819.5594,0,0,0,1
174.5761,-25.2817,0,-819.7205,0.190522,0.190522,21.6086,-32.28038,0.25,-826.8574,9.642262,0.352941,-0.9759,0,-0.218,-25.2817,0,1,0,0,0.218,0,-0.9759,-819.7205,0,0,0,1
174.5873,-25.31814,0,-819.8807,0.15936,0.15936,21.75875,-32.28038,0.25,-826.8574,9.50272,0.352941,-0.9751,0,-0.2217,-25.3181,0,1,0,0,0.2217,0,-0.9751,-819.8807,0,0,0,1
174.5984,-25.35502,0,-820.0401,0.128976,0.128976,21.90157,-32.28038,0.25,-826.8574,9.364258,0.352941,-0.9743,0,-0.2255,-25.355,0,1,0,0,0.2255,0,-0.9743,-820.0401,0,0,0,1
174.6096,-25.39236,0,-820.1987,0.099307,0.099307,22.13963,-32.28038,0.25,-826.8574,9.226842,0.352941,-0.9734,0,-0.2292,-25.3924,0,1,0,0,0.2292,0,-0.9734,-820.1987,0,0,0,1
174.6207,-25.46839,0,-820.5132,0.042282,0.042282,22.27879,-32.28038,0.25,-826.8574,8.955374,0.345098,-0.9716,0,-0.2368,-25.4684,0,1,0,0,0.2368,0,-0.9716,-820.5132,0,0,0,1
174.6318,-25.50707,0,-820.6693,0.013361,0.013361,22.4509,-32.28038,0.25,-826.8574,8.821221,0.345098,-0.9706,0,-0.2406,-25.5071,0,1,0,0,0.2406,0,-0.9706,-820.6693,0,0,0,1
174.6431,-25.54621,0,-820.8246,0.016001,-0.016001,22.68528,-32.28038,0.25,-826.8574,8.688209,0.345098,-0.9697,0,-0.2444,-25.5462,0,1,0,0,0.2444,0,-0.9697,-820.8246,0,0,0,1
174.6539,-25.58579,0,-820.979,0.044608,-0.044608,22.88303,-32.28038,0.25,-826.8574,8.556349,0.329412,-0.9687,0,-0.2483,-25.5858,0,1,0,0,0.2483,0,-0.9687,-820.979,0,0,0,1
174.6651,-25.62583,0,-821.1326,0.072471,-0.072471,23.12475,-32.28038,0.25,-826.8574,8.425611,0.329412,-0.9677,0,-0.2522,-25.6258,0,1,0,0,0.2522,0,-0.9677,-821.1326,0,0,0,1
174.6792,-25.66633,0,-821.2855,0.099561,-0.099561,23.45434,-32.28038,0.25,-826.8574,8.296008,0.329412,-0.9666,0,-0.2562,-25.6663,0,1,0,0,0.2562,0,-0.9666,-821.2855,0,0,0,1
174.6902,-25.7487,0,-821.5887,0.151869,-0.151869,23.6997,-32.28038,0.25,-826.8574,8.040309,0.329412,-0.9645,0,-0.2642,-25.7487,0,1,0,0,0.2642,0,-0.9645,-821.5887,0,0,0,1
174.6985,-25.74871,0,-821.5887,0.151869,-0.151869,23.6997,-32.28038,0.25,-826.8574,8.040307,0.321569,-0.9645,0,-0.2642,-25.7487,0,1,0,0,0.2642,0,-0.9645,-821.5887,0,0,0,1
174.7095,-25.79059,0,-821.7391,0.179318,-0.179318,24.24537,-32.28038,0.25,-826.8574,7.914243,0.313726,-0.9634,0,-0.2682,-25.7906,0,1,0,0,0.2682,0,-0.9634,-821.7391,0,0,0,1
174.7206,-25.87576,0,-822.0375,0.231894,-0.231894,24.58961,-32.28038,0.25,-826.8574,7.665712,0.313726,-0.961,0,-0.2765,-25.8758,0,1,0,0,0.2765,0,-0.961,-822.0375,0,0,0,1
174.7318,-25.91906,0,-822.1855,0.257067,-0.257067,24.89357,-32.28038,0.25,-826.8574,7.543255,0.305882,-0.9598,0,-0.2807,-25.9191,0,1,0,0,0.2807,0,-0.9598,-822.1855,0,0,0,1
174.7429,-25.96283,0,-822.3329,0.281473,-0.281473,25.25612,-32.28038,0.25,-826.8574,7.422015,0.298039,-0.9586,0,-0.2849,-25.9628,0,1,0,0,0.2849,0,-0.9586,-822.3329,0,0,0,1
174.7539,-26.00708,0,-822.4794,0.305088,-0.305088,25.54543,-32.28038,0.25,-826.8574,7.302083,0.298039,-0.9573,0,-0.2892,-26.0071,0,1,0,0,0.2892,0,-0.9573,-822.4794,0,0,0,1
174.765,-26.05183,0,-822.6251,0.329326,-0.329326,25.90433,-32.28038,0.25,-826.8574,7.183407,0.282353,-0.956,0,-0.2935,-26.0518,0,1,0,0,0.2935,0,-0.956,-822.6251,0,0,0,1
174.7762,-26.09707,0,-822.7701,0.353941,-0.353941,26.29251,-32.28038,0.25,-826.8574,7.066039,0.27451,-0.9546,0,-0.2979,-26.0971,0,1,0,0,0.2979,0,-0.9546,-822.7701,0,0,0,1
174.7871,-26.14281,0,-822.9143,0.377773,-0.377773,26.50126,-32.28038,0.25,-826.8574,6.94997,0.266667,-0.9532,0,-0.3023,-26.1428,0,1,0,0,0.3023,0,-0.9532,-822.9143,0,0,0,1
174.7988,-26.18907,0,-823.0579,0.400857,-0.400857,26.74663,-32.28038,0.25,-826.8574,6.835192,0.266667,-0.9518,0,-0.3067,-26.1891,0,1,0,0,0.3067,0,-0.9518,-823.0579,0,0,0,1
174.8095,-26.23584,0,-823.2007,0.423151,-0.423151,27.05791,-32.28038,0.25,-826.8574,6.72177,0.25098,-0.9503,0,-0.3112,-26.2358,0,1,0,0,0.3112,0,-0.9503,-823.2007,0,0,0,1
174.8204,-26.33093,0,-823.4842,0.465349,-0.465349,27.34722,-32.28038,0.25,-826.8574,6.499068,0.243137,-0.9473,0,-0.3203,-26.3309,0,1,0,0,0.3203,0,-0.9473,-823.4842,0,0,0,1
174.8316,-26.37926,0,-823.6249,0.487262,-0.487262,27.55596,-32.28038,0.25,-826.8574,6.389865,0.227451,-0.9458,0,-0.3248,-26.3793,0,1,0,0,0.3248,0,-0.9458,-823.6249,0,0,0,1
174.8428,-26.42812,0,-823.7649,0.508906,-0.508906,27.82697,-32.28038,0.25,-826.8574,6.282114,0.203922,-0.9442,0,-0.3294,-26.4281,0,1,0,0,0.3294,0,-0.9442,-823.7649,0,0,0,1
174.8539,-26.47753,0,-823.9043,0.529803,-0.529803,27.96979,-32.28038,0.25,-826.8574,6.175818,0.180392,-0.9426,0,-0.334,-26.4775,0,1,0,0,0.334,0,-0.9426,-823.9043,0,0,0,1
174.8653,-26.5275,0,-824.0432,0.549936,-0.549936,28.18585,-32.28038,0.25,-826.8574,6.070987,0.14902,-0.9409,0,-0.3387,-26.5275,0,1,0,0,0.3387,0,-0.9409,-824.0432,0,0,0,1
174.8764,-26.57805,0,-824.1815,0.569311,-0.569311,28.38361,-32.28038,0.25,-826.8574,5.967627,0.109804,-0.9392,0,-0.3433,-26.5781,0,1,0,0,0.3433,0,-0.9392,-824.1815,0,0,0,1
174.8876,-26.62922,0,-824.3193,0.587863,-0.587863,28.54474,-32.28038,0.25,-826.8574,5.865819,0.070588,-0.9375,0,-0.348,-26.6292,0,1,0,0,0.348,0,-0.9375,-824.3193,0,0,0,1
174.8985,-26.68103,0,-824.4567,0.605712,-0.605712,28.73518,-32.28038,0.25,-826.8574,5.765478,0.031373,-0.9357,0,-0.3527,-26.681,0,1,0,0,0.3527,0,-0.9357,-824.4567,0,0,0,1
174.9097,-26.73368,0,-824.5943,0.625099,-0.625099,28.88167,-32.28038,0.25,-826.8574,5.666347,0,-0.9339,0,-0.3574,-26.7337,0,1,0,0,0.3574,0,-0.9339,-824.5943,0,0,0,1
174.9209,-26.84149,0,-824.8698,0.662341,-0.662341,29.04646,-32.28038,0.25,-826.8574,5.472097,0,-0.9303,0,-0.3669,-26.8415,0,1,0,0,0.3669,0,-0.9303,-824.8698,0,0,0,1
174.9321,-26.89667,0,-825.0076,0.679865,-0.679865,29.22224,-32.28038,0.25,-826.8574,5.377204,0,-0.9284,0,-0.3716,-26.8967,0,1,0,0,0.3716,0,-0.9284,-825.0076,0,0,0,1
174.9431,-26.95271,0,-825.1455,0.696702,-0.696702,29.34309,-32.28038,0.25,-826.8574,5.283917,0,-0.9265,0,-0.3763,-26.9527,0,1,0,0,0.3763,0,-0.9265,-825.1455,0,0,0,1
174.9543,-27.00961,0,-825.2836,0.712851,-0.712851,29.47859,-32.28038,0.25,-826.8574,5.19236,0,-0.9245,0,-0.3811,-27.0096,0,1,0,0,0.3811,0,-0.9245,-825.2836,0,0,0,1
174.9652,-27.06737,0,-825.4217,0.728344,-0.728344,29.62875,-32.28038,0.25,-826.8574,5.102674,0,-0.9225,0,-0.3859,-27.0674,0,1,0,0,0.3859,0,-0.9225,-825.4217,0,0,0,1
174.9765,-27.12601,0,-825.5599,0.74556,-0.74556,29.77524,-32.28038,0.25,-826.8574,5.014988,0,-0.9205,0,-0.3907,-27.126,0,1,0,0,0.3907,0,-0.9205,-825.5599,0,0,0,1
174.9874,-27.18552,0,-825.6981,0.762041,-0.762041,29.89243,-32.28038,0.25,-826.8574,4.929439,0,-0.9185,0,-0.3955,-27.1855,0,1,0,0,0.3955,0,-0.9185,-825.6981,0,0,0,1
175.0018,-27.30721,0,-825.9747,0.792781,-0.792781,30.02792,-32.28038,0.25,-826.8574,4.765354,0,-0.9143,0,-0.4051,-27.3072,0,1,0,0,0.4051,0,-0.9143,-825.9747,0,0,0,1
175.0124,-27.36938,0,-826.1131,0.807004,-0.807004,30.15244,-32.28038,0.25,-826.8574,4.68713,0,-0.9121,0,-0.4099,-27.3694,0,1,0,0,0.4099,0,-0.9121,-826.1131,0,0,0,1
175.0209,-27.43246,0,-826.2515,0.820471,-0.820471,30.22202,-32.28038,0.25,-826.8574,4.611674,0,-0.91,0,-0.4147,-27.4325,0,1,0,0,0.4147,0,-0.91,-826.2515,0,0,0,1
175.0319,-27.49642,0,-826.39,0.833932,-0.833932,30.24765,-32.28038,0.25,-826.8574,4.539166,0,-0.9078,0,-0.4195,-27.4964,0,1,0,0,0.4195,0,-0.9078,-826.39,0,0,0,1
