time,pos_x,pos_y,pos_z,distFromRoadCenter,signedDistFromRoadCenter,wheelAngle,obstacle_pos_x,obstacle_pos_y,obstacle_pos_z,distance_to_obstacle,brake_position,simplecar_4x4_R0C0,simplecar_4x4_R0C1,simplecar_4x4_R0C2,simplecar_4x4_R0C3,simplecar_4x4_R1C0,simplecar_4x4_R1C1,simplecar_4x4_R1C2,simplecar_4x4_R1C3,simplecar_4x4_R2C0,simplecar_4x4_R2C1,simplecar_4x4_R2C2,simplecar_4x4_R2C3,simplecar_4x4_R3C0,simplecar_4x4_R3C1,simplecar_4x4_R3C2,simplecar_4x4_R3C3
160.9819,167.6527,0,-684.7349,2.710915,2.710915,-7.161362,215.6535,0.25,-745.7065,77.24805,0,0.7557,0,-0.6549,167.6527,0,1,0,0,0.6549,0,0.7557,-684.7349,0,0,0,1
160.9943,167.4887,0,-684.5461,2.721353,2.721353,-7.593498,215.6535,0.25,-745.7065,77.49775,0,0.7549,0,-0.6559,167.4887,0,1,0,0,0.6559,0,0.7549,-684.5461,0,0,0,1
161.0045,167.3245,0,-684.3577,2.731422,2.731422,-7.882812,215.6535,0.25,-745.7065,77.74743,0,0.754,0,-0.6569,167.3245,0,1,0,0,0.6569,0,0.754,-684.3577,0,0,0,1
161.0153,167.16,0,-684.1694,2.741168,2.741168,-8.146484,215.6535,0.25,-745.7065,77.99709,0,0.753,0,-0.658,167.16,0,1,0,0,0.658,0,0.753,-684.1694,0,0,0,1
161.0265,166.9952,0,-683.9814,2.750505,2.750505,-8.38819,215.6535,0.25,-745.7065,78.24672,0,0.7521,0,-0.6591,166.9952,0,1,0,0,0.6591,0,0.7521,-683.9814,0,0,0,1
161.0418,166.6648,0,-683.6062,2.768088,2.768088,-8.695814,215.6535,0.25,-745.7065,78.74594,0,0.75,0,-0.6614,166.6648,0,1,0,0,0.6614,0,0.75,-683.6062,0,0,0,1
161.0487,166.6648,0,-683.6062,2.768088,2.768088,-8.695814,215.6535,0.25,-745.7065,78.74594,0,0.75,0,-0.6614,166.6648,0,1,0,0,0.6614,0,0.75,-683.6062,0,0,0,1
161.0596,166.4992,0,-683.4189,2.776292,2.776292,-8.937513,215.6535,0.25,-745.7065,78.99554,0,0.749,0,-0.6626,166.4992,0,1,0,0,0.6626,0,0.749,-683.4189,0,0,0,1
161.0707,166.167,0,-683.0452,2.791543,2.791543,-9.01808,215.6535,0.25,-745.7065,79.49468,0,0.7469,0,-0.6649,166.167,0,1,0,0,0.6649,0,0.7469,-683.0452,0,0,0,1
161.0816,166.0005,0,-682.8588,2.798581,2.798581,-9.021742,215.6535,0.25,-745.7065,79.7442,0,0.7459,0,-0.6661,166.0005,0,1,0,0,0.6661,0,0.7459,-682.8588,0,0,0,1
161.0928,165.8336,0,-682.6725,2.805252,2.805252,-9.021742,215.6535,0.25,-745.7065,79.99378,0,0.7448,0,-0.6673,165.8336,0,1,0,0,0.6673,0,0.7448,-682.6725,0,0,0,1
161.1043,165.6666,0,-682.4866,2.811491,2.811491,-9.021742,215.6535,0.25,-745.7065,80.24324,0,0.7438,0,-0.6684,165.6666,0,1,0,0,0.6684,0,0.7438,-682.4866,0,0,0,1
161.1152,165.4992,0,-682.3009,2.817352,2.817352,-9.01808,215.6535,0.25,-745.7065,80.4927,0,0.7427,0,-0.6696,165.4992,0,1,0,0,0.6696,0,0.7427,-682.3009,0,0,0,1
161.1262,165.3315,0,-682.1155,2.822835,2.822835,-8.988783,215.6535,0.25,-745.7065,80.74216,0,0.7417,0,-0.6708,165.3315,0,1,0,0,0.6708,0,0.7417,-682.1155,0,0,0,1
161.1375,165.1635,0,-681.9303,2.827919,2.827919,-8.919203,215.6535,0.25,-745.7065,80.99161,0,0.7406,0,-0.6719,165.1635,0,1,0,0,0.6719,0,0.7406,-681.9303,0,0,0,1
161.1487,164.9952,0,-681.7454,2.832614,2.832614,-8.798353,215.6535,0.25,-745.7065,81.24099,0,0.7396,0,-0.6731,164.9952,0,1,0,0,0.6731,0,0.7396,-681.7454,0,0,0,1
161.1596,164.8267,0,-681.5608,2.8369,2.8369,-8.677504,215.6535,0.25,-745.7065,81.49036,0,0.7386,0,-0.6742,164.8267,0,1,0,0,0.6742,0,0.7386,-681.5608,0,0,0,1
161.1709,164.4888,0,-681.1923,2.844381,2.844381,-8.512702,215.6535,0.25,-745.7065,81.98906,0,0.7366,0,-0.6764,164.4888,0,1,0,0,0.6764,0,0.7366,-681.1923,0,0,0,1
161.182,164.3194,0,-681.0084,2.847587,2.847587,-8.36988,215.6535,0.25,-745.7065,82.23838,0,0.7356,0,-0.6774,164.3194,0,1,0,0,0.6774,0,0.7356,-681.0084,0,0,0,1
161.1928,164.1498,0,-680.8247,2.850478,2.850478,-8.201416,215.6535,0.25,-745.7065,82.48766,0,0.7346,0,-0.6785,164.1498,0,1,0,0,0.6785,0,0.7346,-680.8247,0,0,0,1
161.2043,163.9799,0,-680.6412,2.852994,2.852994,-7.989013,215.6535,0.25,-745.7065,82.73698,0,0.7337,0,-0.6795,163.9799,0,1,0,0,0.6795,0,0.7337,-680.6412,0,0,0,1
161.216,163.8098,0,-680.4581,2.855109,2.855109,-7.886474,215.6535,0.25,-745.7065,82.98617,0,0.7327,0,-0.6805,163.8098,0,1,0,0,0.6805,0,0.7327,-680.4581,0,0,0,1
161.2263,163.6394,0,-680.2752,2.85689,2.85689,-7.721672,215.6535,0.25,-745.7065,83.23537,0,0.7318,0,-0.6815,163.6394,0,1,0,0,0.6815,0,0.7318,-680.2752,0,0,0,1
161.2374,163.4688,0,-680.0925,2.85839,2.85839,-7.59716,215.6535,0.25,-745.7065,83.48459,0,0.7309,0,-0.6825,163.4688,0,1,0,0,0.6825,0,0.7309,-680.0925,0,0,0,1
161.2484,163.2979,0,-679.91,2.859545,2.859545,-7.479973,215.6535,0.25,-745.7065,83.73376,0,0.73,0,-0.6834,163.2979,0,1,0,0,0.6834,0,0.73,-679.91,0,0,0,1
161.2595,163.1268,0,-679.7277,2.860419,2.860419,-7.340813,215.6535,0.25,-745.7065,83.98294,0,0.7291,0,-0.6844,163.1268,0,1,0,0,0.6844,0,0.7291,-679.7277,0,0,0,1
161.2742,162.7839,0,-679.3637,2.861165,2.861165,-7.172348,215.6535,0.25,-745.7065,84.48123,0,0.7274,0,-0.6862,162.7839,0,1,0,0,0.6862,0,0.7274,-679.3637,0,0,0,1
161.2843,162.6122,0,-679.1821,2.861068,2.861068,-7.073472,215.6535,0.25,-745.7065,84.73032,0,0.7266,0,-0.6871,162.6122,0,1,0,0,0.6871,0,0.7266,-679.1821,0,0,0,1
161.293,162.4402,0,-679.0006,2.8607,2.8607,-7.000229,215.6535,0.25,-745.7065,84.97942,0,0.7257,0,-0.688,162.4402,0,1,0,0,0.688,0,0.7257,-679.0006,0,0,0,1
161.3039,162.268,0,-678.8194,2.859988,2.859988,-6.94896,215.6535,0.25,-745.7065,85.22847,0,0.7249,0,-0.6889,162.268,0,1,0,0,0.6889,0,0.7249,-678.8194,0,0,0,1
161.3148,162.0955,0,-678.6384,2.859005,2.859005,-6.87938,215.6535,0.25,-745.7065,85.47751,0,0.7241,0,-0.6897,162.0955,0,1,0,0,0.6897,0,0.7241,-678.6384,0,0,0,1
161.3264,161.9229,0,-678.4576,2.857678,2.857678,-6.82811,215.6535,0.25,-745.7065,85.72651,0,0.7232,0,-0.6906,161.9229,0,1,0,0,0.6906,0,0.7232,-678.4576,0,0,0,1
161.3375,161.75,0,-678.277,2.856081,2.856081,-6.762185,215.6535,0.25,-745.7065,85.9755,0,0.7224,0,-0.6914,161.75,0,1,0,0,0.6914,0,0.7224,-678.277,0,0,0,1
161.3484,161.5769,0,-678.0966,2.85416,2.85416,-6.729226,215.6535,0.25,-745.7065,86.22449,0,0.7216,0,-0.6923,161.5769,0,1,0,0,0.6923,0,0.7216,-678.0966,0,0,0,1
161.3594,161.4037,0,-677.9164,2.852,2.852,-6.688943,215.6535,0.25,-745.7065,86.47342,0,0.7208,0,-0.6931,161.4037,0,1,0,0,0.6931,0,0.7208,-677.9164,0,0,0,1
161.3708,161.0565,0,-677.5566,2.846766,2.846766,-6.66697,215.6535,0.25,-745.7065,86.97126,0,0.7192,0,-0.6948,161.0565,0,1,0,0,0.6948,0,0.7192,-677.5566,0,0,0,1
161.3816,160.8826,0,-677.377,2.843732,2.843732,-6.66697,215.6535,0.25,-745.7065,87.22018,0,0.7184,0,-0.6956,160.8826,0,1,0,0,0.6956,0,0.7184,-677.377,0,0,0,1
161.3929,160.7084,0,-677.1975,2.840376,2.840376,-6.66697,215.6535,0.25,-745.7065,87.46909,0,0.7176,0,-0.6965,160.7084,0,1,0,0,0.6965,0,0.7176,-677.1975,0,0,0,1
161.4042,160.5341,0,-677.0184,2.836727,2.836727,-6.663308,215.6535,0.25,-745.7065,87.7179,0,0.7168,0,-0.6973,160.5341,0,1,0,0,0.6973,0,0.7168,-677.0184,0,0,0,1
161.4152,160.3596,0,-676.8394,2.83282,2.83282,-6.663308,215.6535,0.25,-745.7065,87.96674,0,0.716,0,-0.6981,160.3596,0,1,0,0,0.6981,0,0.716,-676.8394,0,0,0,1
161.4262,160.1848,0,-676.6606,2.828621,2.828621,-6.663308,215.6535,0.25,-745.7065,88.21554,0,0.7151,0,-0.699,160.1848,0,1,0,0,0.699,0,0.7151,-676.6606,0,0,0,1
161.4373,160.0099,0,-676.482,2.824109,2.824109,-6.663308,215.6535,0.25,-745.7065,88.46433,0,0.7143,0,-0.6998,160.0099,0,1,0,0,0.6998,0,0.7143,-676.482,0,0,0,1
161.4483,159.8347,0,-676.3036,2.819359,2.819359,-6.644998,215.6535,0.25,-745.7065,88.71311,0,0.7135,0,-0.7006,159.8347,0,1,0,0,0.7006,0,0.7135,-676.3036,0,0,0,1
161.4595,159.6594,0,-676.1254,2.814233,2.814233,-6.619363,215.6535,0.25,-745.7065,88.96185,0,0.7127,0,-0.7015,159.6594,0,1,0,0,0.7015,0,0.7127,-676.1254,0,0,0,1
161.4707,159.308,0,-675.7697,2.803223,2.803223,-6.568093,215.6535,0.25,-745.7065,89.45927,0,0.7111,0,-0.7031,159.308,0,1,0,0,0.7031,0,0.7111,-675.7697,0,0,0,1
161.4817,159.132,0,-675.5921,2.797265,2.797265,-6.516824,215.6535,0.25,-745.7065,89.70793,0,0.7103,0,-0.7039,159.132,0,1,0,0,0.7039,0,0.7103,-675.5921,0,0,0,1
161.493,158.9559,0,-675.4147,2.791036,2.791036,-6.417947,215.6535,0.25,-745.7065,89.95658,0,0.7095,0,-0.7047,158.9559,0,1,0,0,0.7047,0,0.7095,-675.4147,0,0,0,1
161.5044,158.7795,0,-675.2375,2.784538,2.784538,-6.300752,215.6535,0.25,-745.7065,90.20522,0,0.7087,0,-0.7055,158.7795,0,1,0,0,0.7055,0,0.7087,-675.2375,0,0,0,1
161.5158,158.6029,0,-675.0605,2.777781,2.777781,-6.179903,215.6535,0.25,-745.7065,90.45384,0,0.708,0,-0.7062,158.6029,0,1,0,0,0.7062,0,0.708,-675.0605,0,0,0,1
161.5264,158.4262,0,-674.8837,2.770765,2.770765,-6.033418,215.6535,0.25,-745.7065,90.70244,0,0.7072,0,-0.707,158.4262,0,1,0,0,0.707,0,0.7072,-674.8837,0,0,0,1
161.5373,158.2493,0,-674.7071,2.763479,2.763479,-5.842981,215.6535,0.25,-745.7065,90.95102,0,0.7065,0,-0.7077,158.2493,0,1,0,0,0.7077,0,0.7065,-674.7071,0,0,0,1
161.5483,158.0722,0,-674.5306,2.755935,2.755935,-5.755091,215.6535,0.25,-745.7065,91.19958,0,0.7058,0,-0.7084,158.0722,0,1,0,0,0.7084,0,0.7058,-674.5306,0,0,0,1
161.5595,157.8949,0,-674.3544,2.748173,2.748173,-5.601282,215.6535,0.25,-745.7065,91.44811,0,0.7051,0,-0.7091,157.8949,0,1,0,0,0.7091,0,0.7051,-674.3544,0,0,0,1
161.5706,157.5398,0,-674.0023,2.731906,2.731906,-5.440149,215.6535,0.25,-745.7065,91.94514,0,0.7038,0,-0.7104,157.5398,0,1,0,0,0.7104,0,0.7038,-674.0023,0,0,0,1
161.5816,157.362,0,-673.8265,2.723391,2.723391,-5.322955,215.6535,0.25,-745.7065,92.19363,0,0.7031,0,-0.7111,157.362,0,1,0,0,0.7111,0,0.7031,-673.8265,0,0,0,1
161.5928,157.1841,0,-673.651,2.714616,2.714616,-5.198443,215.6535,0.25,-745.7065,92.44203,0,0.7024,0,-0.7117,157.1841,0,1,0,0,0.7117,0,0.7024,-673.651,0,0,0,1
161.6073,157.006,0,-673.4755,2.705732,2.705732,-5.103228,215.6535,0.25,-745.7065,92.69054,0,0.7018,0,-0.7124,157.006,0,1,0,0,0.7124,0,0.7018,-673.4755,0,0,0,1
161.6181,156.8278,0,-673.3002,2.696579,2.696579,-4.989703,215.6535,0.25,-745.7065,92.93897,0,0.7012,0,-0.713,156.8278,0,1,0,0,0.713,0,0.7012,-673.3002,0,0,0,1
161.6264,156.6494,0,-673.125,2.687242,2.687242,-4.934771,215.6535,0.25,-745.7065,93.18741,0,0.7006,0,-0.7136,156.6494,0,1,0,0,0.7136,0,0.7006,-673.125,0,0,0,1
161.6374,156.4709,0,-672.95,2.677658,2.677658,-4.909129,215.6535,0.25,-745.7065,93.43581,0,0.7,0,-0.7142,156.4709,0,1,0,0,0.7142,0,0.7,-672.95,0,0,0,1
161.6484,156.2921,0,-672.7751,2.667867,2.667867,-4.894481,215.6535,0.25,-745.7065,93.68423,0,0.6994,0,-0.7148,156.2921,0,1,0,0,0.7148,0,0.6994,-672.7751,0,0,0,1
161.6594,156.1133,0,-672.6005,2.657893,2.657893,-4.894481,215.6535,0.25,-745.7065,93.93259,0,0.6987,0,-0.7154,156.1133,0,1,0,0,0.7154,0,0.6987,-672.6005,0,0,0,1
161.6708,155.7552,0,-672.2515,2.637213,2.637213,-4.894481,215.6535,0.25,-745.7065,94.4293,0,0.6975,0,-0.7166,155.7552,0,1,0,0,0.7166,0,0.6975,-672.2515,0,0,0,1
161.6818,155.5759,0,-672.0773,2.626559,2.626559,-4.894481,215.6535,0.25,-745.7065,94.67766,0,0.6969,0,-0.7172,155.5759,0,1,0,0,0.7172,0,0.6969,-672.0773,0,0,0,1
161.6927,155.3965,0,-671.9032,2.615711,2.615711,-4.894481,215.6535,0.25,-745.7065,94.92596,0,0.6963,0,-0.7178,155.3965,0,1,0,0,0.7178,0,0.6963,-671.9032,0,0,0,1
161.7042,155.2169,0,-671.7292,2.604679,2.604679,-4.894481,215.6535,0.25,-745.7065,95.17426,0,0.6957,0,-0.7183,155.2169,0,1,0,0,0.7183,0,0.6957,-671.7292,0,0,0,1
161.7155,155.0371,0,-671.5555,2.593389,2.593389,-4.894481,215.6535,0.25,-745.7065,95.42254,0,0.6951,0,-0.7189,155.0371,0,1,0,0,0.7189,0,0.6951,-671.5555,0,0,0,1
161.7265,154.8573,0,-671.3819,2.581851,2.581851,-4.894481,215.6535,0.25,-745.7065,95.67078,0,0.6945,0,-0.7195,154.8573,0,1,0,0,0.7195,0,0.6945,-671.3819,0,0,0,1
161.7375,154.6772,0,-671.2084,2.570117,2.570117,-4.894481,215.6535,0.25,-745.7065,95.91903,0,0.6938,0,-0.7201,154.6772,0,1,0,0,0.7201,0,0.6938,-671.2084,0,0,0,1
161.7484,154.497,0,-671.0352,2.55819,2.55819,-4.909129,215.6535,0.25,-745.7065,96.16723,0,0.6932,0,-0.7207,154.497,0,1,0,0,0.7207,0,0.6932,-671.0352,0,0,0,1
161.7593,154.3167,0,-670.862,2.546036,2.546036,-4.909129,215.6535,0.25,-745.7065,96.41545,0,0.6926,0,-0.7213,154.3167,0,1,0,0,0.7213,0,0.6926,-670.862,0,0,0,1
161.7707,153.9556,0,-670.5162,2.521123,2.521123,-4.909129,215.6535,0.25,-745.7065,96.91181,0,0.6914,0,-0.7225,153.9556,0,1,0,0,0.7225,0,0.6914,-670.5162,0,0,0,1
161.7816,153.7748,0,-670.3435,2.508332,2.508332,-4.916453,215.6535,0.25,-745.7065,97.15996,0,0.6908,0,-0.7231,153.7748,0,1,0,0,0.7231,0,0.6908,-670.3435,0,0,0,1
161.7931,153.5939,0,-670.171,2.495305,2.495305,-4.942095,215.6535,0.25,-745.7065,97.4081,0,0.6901,0,-0.7237,153.5939,0,1,0,0,0.7237,0,0.6901,-670.171,0,0,0,1
161.8044,153.4128,0,-669.9986,2.482072,2.482072,-5.004351,215.6535,0.25,-745.7065,97.65623,0,0.6895,0,-0.7243,153.4128,0,1,0,0,0.7243,0,0.6895,-669.9986,0,0,0,1
161.8149,153.2316,0,-669.8264,2.468644,2.468644,-5.059283,215.6535,0.25,-745.7065,97.90437,0,0.6889,0,-0.7249,153.2316,0,1,0,0,0.7249,0,0.6889,-669.8264,0,0,0,1
161.8262,153.0502,0,-669.6543,2.455022,2.455022,-5.154498,215.6535,0.25,-745.7065,98.15247,0,0.6882,0,-0.7255,153.0502,0,1,0,0,0.7255,0,0.6882,-669.6543,0,0,0,1
161.8373,152.8687,0,-669.4824,2.441087,2.441087,-5.293658,215.6535,0.25,-745.7065,98.40054,0,0.6875,0,-0.7262,152.8687,0,1,0,0,0.7262,0,0.6875,-669.4824,0,0,0,1
161.8483,152.687,0,-669.3107,2.426958,2.426958,-5.443811,215.6535,0.25,-745.7065,98.64857,0,0.6868,0,-0.7268,152.687,0,1,0,0,0.7268,0,0.6868,-669.3107,0,0,0,1
161.8593,152.5051,0,-669.1392,2.412559,2.412559,-5.656214,215.6535,0.25,-745.7065,98.89659,0,0.6861,0,-0.7275,152.5051,0,1,0,0,0.7275,0,0.6861,-669.1392,0,0,0,1
161.8708,152.1409,0,-668.7968,2.382962,2.382962,-5.945528,215.6535,0.25,-745.7065,99.39252,0,0.6846,0,-0.7289,152.1409,0,1,0,0,0.7289,0,0.6846,-668.7968,0,0,0,1
161.8815,151.9585,0,-668.6259,2.367786,2.367786,-6.132295,215.6535,0.25,-745.7065,99.64048,0,0.6838,0,-0.7296,151.9585,0,1,0,0,0.7296,0,0.6838,-668.6259,0,0,0,1
161.8928,151.7758,0,-668.4551,2.352382,2.352382,-6.403298,215.6535,0.25,-745.7065,99.88844,0,0.683,0,-0.7304,151.7758,0,1,0,0,0.7304,0,0.683,-668.4551,0,0,0,1
161.9045,151.593,0,-668.2845,2.336645,2.336645,-6.659646,215.6535,0.25,-745.7065,100.1363,0,0.6822,0,-0.7312,151.593,0,1,0,0,0.7312,0,0.6822,-668.2845,0,0,0,1
161.9152,151.41,0,-668.1141,2.320659,2.320659,-6.974595,215.6535,0.25,-745.7065,100.3843,0,0.6813,0,-0.732,151.41,0,1,0,0,0.732,0,0.6813,-668.1141,0,0,0,1
161.9262,151.2268,0,-667.944,2.304317,2.304317,-7.241929,215.6535,0.25,-745.7065,100.6322,0,0.6803,0,-0.7329,151.2268,0,1,0,0,0.7329,0,0.6803,-667.944,0,0,0,1
161.9406,150.8597,0,-667.6046,2.270629,2.270629,-7.692375,215.6535,0.25,-745.7065,101.1278,0,0.6784,0,-0.7347,150.8597,0,1,0,0,0.7347,0,0.6784,-667.6046,0,0,0,1
161.9514,150.6758,0,-667.4352,2.253272,2.253272,-7.956054,215.6535,0.25,-745.7065,101.3755,0,0.6774,0,-0.7357,150.6758,0,1,0,0,0.7357,0,0.6774,-667.4352,0,0,0,1
161.9598,150.6758,0,-667.4352,2.253272,2.253272,-7.956054,215.6535,0.25,-745.7065,101.3755,0,0.6774,0,-0.7357,150.6758,0,1,0,0,0.7357,0,0.6774,-667.4352,0,0,0,1
161.9707,150.3072,0,-667.0974,2.217394,2.217394,-8.50904,215.6535,0.25,-745.7065,101.8709,0,0.6752,0,-0.7377,150.3072,0,1,0,0,0.7377,0,0.6752,-667.0974,0,0,0,1
161.9823,150.1225,0,-666.9288,2.198926,2.198926,-8.769056,215.6535,0.25,-745.7065,102.1186,0,0.674,0,-0.7387,150.1225,0,1,0,0,0.7387,0,0.674,-666.9288,0,0,0,1
161.9931,149.9376,0,-666.7607,2.179993,2.179993,-9.065687,215.6535,0.25,-745.7065,102.3661,0,0.6729,0,-0.7398,149.9376,0,1,0,0,0.7398,0,0.6729,-666.7607,0,0,0,1
162.0051,149.7523,0,-666.5928,2.160704,2.160704,-9.36965,215.6535,0.25,-745.7065,102.6137,0,0.6717,0,-0.7409,149.7523,0,1,0,0,0.7409,0,0.6717,-666.5928,0,0,0,1
162.0153,149.5668,0,-666.4252,2.140984,2.140984,-9.596701,215.6535,0.25,-745.7065,102.8612,0,0.6704,0,-0.742,149.5668,0,1,0,0,0.742,0,0.6704,-666.4252,0,0,0,1
162.0263,149.3811,0,-666.2579,2.120874,2.120874,-9.918974,215.6535,0.25,-745.7065,103.1086,0,0.6691,0,-0.7431,149.3811,0,1,0,0,0.7431,0,0.6691,-666.2579,0,0,0,1
162.0368,149.195,0,-666.0909,2.100269,2.100269,-10.09476,215.6535,0.25,-745.7065,103.356,0,0.6678,0,-0.7443,149.195,0,1,0,0,0.7443,0,0.6678,-666.0909,0,0,0,1
162.048,149.0086,0,-665.9243,2.079221,2.079221,-10.30716,215.6535,0.25,-745.7065,103.6034,0,0.6665,0,-0.7455,149.0086,0,1,0,0,0.7455,0,0.6665,-665.9243,0,0,0,1
162.0592,148.8219,0,-665.7581,2.05772,2.05772,-10.54887,215.6535,0.25,-745.7065,103.8506,0,0.6651,0,-0.7467,148.8219,0,1,0,0,0.7467,0,0.6651,-665.7581,0,0,0,1
162.0703,148.4476,0,-665.4265,2.01339,2.01339,-10.77226,215.6535,0.25,-745.7065,104.3451,0,0.6623,0,-0.7492,148.4476,0,1,0,0,0.7492,0,0.6623,-665.4265,0,0,0,1
162.0814,148.26,0,-665.2613,1.990452,1.990452,-10.95536,215.6535,0.25,-745.7065,104.5922,0,0.6609,0,-0.7505,148.26,0,1,0,0,0.7505,0,0.6609,-665.2613,0,0,0,1
162.0924,148.072,0,-665.0964,1.967083,1.967083,-11.12383,215.6535,0.25,-745.7065,104.8393,0,0.6594,0,-0.7518,148.072,0,1,0,0,0.7518,0,0.6594,-665.0964,0,0,0,1
162.1037,147.8837,0,-664.932,1.943164,1.943164,-11.32158,215.6535,0.25,-745.7065,105.0862,0,0.6579,0,-0.7531,147.8837,0,1,0,0,0.7531,0,0.6579,-664.932,0,0,0,1
162.1146,147.6951,0,-664.7678,1.918835,1.918835,-11.53033,215.6535,0.25,-745.7065,105.3332,0,0.6564,0,-0.7544,147.6951,0,1,0,0,0.7544,0,0.6564,-664.7678,0,0,0,1
162.1258,147.5062,0,-664.6041,1.893986,1.893986,-11.70245,215.6535,0.25,-745.7065,105.5801,0,0.6549,0,-0.7558,147.5062,0,1,0,0,0.7558,0,0.6549,-664.6041,0,0,0,1
162.1369,147.3169,0,-664.4408,1.868588,1.868588,-11.92218,215.6535,0.25,-745.7065,105.8269,0,0.6533,0,-0.7571,147.3169,0,1,0,0,0.7571,0,0.6533,-664.4408,0,0,0,1
162.1483,147.1273,0,-664.2779,1.84264,1.84264,-12.10529,215.6535,0.25,-745.7065,106.0736,0,0.6517,0,-0.7585,147.1273,0,1,0,0,0.7585,0,0.6517,-664.2779,0,0,0,1
162.1591,146.9373,0,-664.1154,1.816226,1.816226,-12.32135,215.6535,0.25,-745.7065,106.3203,0,0.6501,0,-0.7599,146.9373,0,1,0,0,0.7599,0,0.6501,-664.1154,0,0,0,1
162.1708,146.5563,0,-663.7915,1.763819,1.763819,-12.53742,215.6535,0.25,-745.7065,106.8134,0,0.6467,0,-0.7627,146.5563,0,1,0,0,0.7627,0,0.6467,-663.7915,0,0,0,1
162.1818,146.3653,0,-663.6303,1.738111,1.738111,-12.70954,215.6535,0.25,-745.7065,107.0598,0,0.645,0,-0.7642,146.3653,0,1,0,0,0.7642,0,0.645,-663.6303,0,0,0,1
162.1925,146.1739,0,-663.4695,1.711885,1.711885,-12.94759,215.6535,0.25,-745.7065,107.3062,0,0.6433,0,-0.7656,146.1739,0,1,0,0,0.7656,0,0.6433,-663.4695,0,0,0,1
162.2038,145.9821,0,-663.3091,1.685069,1.685069,-13.24056,215.6535,0.25,-745.7065,107.5525,0,0.6415,0,-0.7671,145.9821,0,1,0,0,0.7671,0,0.6415,-663.3091,0,0,0,1
162.2148,145.7899,0,-663.1492,1.661337,1.661337,-13.40536,215.6535,0.25,-745.7065,107.7986,0,0.6397,0,-0.7686,145.7899,0,1,0,0,0.7686,0,0.6397,-663.1492,0,0,0,1
162.2258,145.5974,0,-662.9897,1.63828,1.63828,-13.62142,215.6535,0.25,-745.7065,108.0448,0,0.6379,0,-0.7701,145.5974,0,1,0,0,0.7701,0,0.6379,-662.9897,0,0,0,1
162.2369,145.4045,0,-662.8307,1.614569,1.614569,-13.89243,215.6535,0.25,-745.7065,108.2908,0,0.636,0,-0.7717,145.4045,0,1,0,0,0.7717,0,0.636,-662.8307,0,0,0,1
162.248,145.2112,0,-662.6722,1.590204,1.590204,-14.14511,215.6535,0.25,-745.7065,108.5367,0,0.6341,0,-0.7732,145.2112,0,1,0,0,0.7732,0,0.6341,-662.6722,0,0,0,1
162.2593,145.0175,0,-662.5142,1.568221,1.568221,-14.44541,215.6535,0.25,-745.7065,108.7825,0,0.6322,0,-0.7748,145.0175,0,1,0,0,0.7748,0,0.6322,-662.5142,0,0,0,1
162.2739,144.6288,0,-662.1996,1.526288,1.526288,-14.74937,215.6535,0.25,-745.7065,109.2738,0,0.6282,0,-0.7781,144.6288,0,1,0,0,0.7781,0,0.6282,-662.1996,0,0,0,1
162.2841,144.4339,0,-662.0431,1.504257,1.504257,-15.08995,215.6535,0.25,-745.7065,109.5193,0,0.6261,0,-0.7797,144.4339,0,1,0,0,0.7797,0,0.6261,-662.0431,0,0,0,1
162.2926,144.2386,0,-661.887,1.48394,1.48394,-15.34997,215.6535,0.25,-745.7065,109.7648,0,0.624,0,-0.7814,144.2386,0,1,0,0,0.7814,0,0.624,-661.887,0,0,0,1
162.3037,144.0428,0,-661.7316,1.465492,1.465492,-15.54772,215.6535,0.25,-745.7065,110.0101,0,0.6219,0,-0.7831,144.0428,0,1,0,0,0.7831,0,0.6219,-661.7316,0,0,0,1
162.3145,143.8466,0,-661.5767,1.446383,1.446383,-15.85535,215.6535,0.25,-745.7065,110.2553,0,0.6197,0,-0.7848,143.8466,0,1,0,0,0.7848,0,0.6197,-661.5767,0,0,0,1
162.3257,143.65,0,-661.4223,1.426515,1.426515,-16.11902,215.6535,0.25,-745.7065,110.5003,0,0.6175,0,-0.7865,143.65,0,1,0,0,0.7865,0,0.6175,-661.4223,0,0,0,1
162.3371,143.4529,0,-661.2685,1.407644,1.407644,-16.4303,215.6535,0.25,-745.7065,110.7453,0,0.6153,0,-0.7883,143.4529,0,1,0,0,0.7883,0,0.6153,-661.2685,0,0,0,1
162.3479,143.2554,0,-661.1152,1.391309,1.391309,-16.69398,215.6535,0.25,-745.7065,110.9901,0,0.613,0,-0.7901,143.2554,0,1,0,0,0.7901,0,0.613,-661.1152,0,0,0,1
162.3591,143.0574,0,-660.9626,1.37425,1.37425,-17.00526,215.6535,0.25,-745.7065,111.2348,0,0.6106,0,-0.7919,143.0574,0,1,0,0,0.7919,0,0.6106,-660.9626,0,0,0,1
162.3702,142.66,0,-660.6591,1.338756,1.338756,-17.34951,215.6535,0.25,-745.7065,111.7238,0,0.6058,0,-0.7956,142.66,0,1,0,0,0.7956,0,0.6058,-660.6591,0,0,0,1
162.3812,142.4607,0,-660.5083,1.324295,1.324295,-17.55459,215.6535,0.25,-745.7065,111.9681,0,0.6034,0,-0.7975,142.4607,0,1,0,0,0.7975,0,0.6034,-660.5083,0,0,0,1
162.3926,142.2608,0,-660.3582,1.309046,1.309046,-17.77432,215.6535,0.25,-745.7065,112.2122,0,0.6009,0,-0.7993,142.2608,0,1,0,0,0.7993,0,0.6009,-660.3582,0,0,0,1
162.4039,142.0605,0,-660.2085,1.293014,1.293014,-18.05631,215.6535,0.25,-745.7065,112.4563,0,0.5984,0,-0.8012,142.0605,0,1,0,0,0.8012,0,0.5984,-660.2085,0,0,0,1
162.4151,141.8598,0,-660.0596,1.276665,1.276665,-18.2797,215.6535,0.25,-745.7065,112.7001,0,0.5958,0,-0.8031,141.8598,0,1,0,0,0.8031,0,0.5958,-660.0596,0,0,0,1
162.4261,141.6585,0,-659.9113,1.264002,1.264002,-18.46646,215.6535,0.25,-745.7065,112.9439,0,0.5932,0,-0.805,141.6585,0,1,0,0,0.805,0,0.5932,-659.9113,0,0,0,1
162.4372,141.4568,0,-659.7636,1.250451,1.250451,-18.66056,215.6535,0.25,-745.7065,113.1874,0,0.5906,0,-0.807,141.4568,0,1,0,0,0.807,0,0.5906,-659.7636,0,0,0,1
162.4491,141.2545,0,-659.6166,1.236078,1.236078,-18.75944,215.6535,0.25,-745.7065,113.4308,0,0.588,0,-0.8089,141.2545,0,1,0,0,0.8089,0,0.588,-659.6166,0,0,0,1
162.4594,141.0518,0,-659.4703,1.220927,1.220927,-18.85832,215.6535,0.25,-745.7065,113.6741,0,0.5853,0,-0.8108,141.0518,0,1,0,0,0.8108,0,0.5853,-659.4703,0,0,0,1
162.4703,140.645,0,-659.1797,1.197826,1.197826,-18.90226,215.6535,0.25,-745.7065,114.1601,0,0.5799,0,-0.8147,140.645,0,1,0,0,0.8147,0,0.5799,-659.1797,0,0,0,1
162.4814,140.4408,0,-659.0355,1.18502,1.18502,-18.90226,215.6535,0.25,-745.7065,114.4028,0,0.5772,0,-0.8166,140.4408,0,1,0,0,0.8166,0,0.5772,-659.0355,0,0,0,1
162.4924,140.2362,0,-658.8918,1.171443,1.171443,-18.90226,215.6535,0.25,-745.7065,114.6454,0,0.5745,0,-0.8185,140.2362,0,1,0,0,0.8185,0,0.5745,-658.8918,0,0,0,1
162.5037,140.0311,0,-658.7489,1.161475,1.161475,-18.90226,215.6535,0.25,-745.7065,114.8878,0,0.5718,0,-0.8204,140.0311,0,1,0,0,0.8204,0,0.5718,-658.7489,0,0,0,1
162.5148,139.8255,0,-658.6066,1.151165,1.151165,-18.89494,215.6535,0.25,-745.7065,115.1301,0,0.5691,0,-0.8222,139.8255,0,1,0,0,0.8222,0,0.5691,-658.6066,0,0,0,1
162.5259,139.6195,0,-658.465,1.140047,1.140047,-18.87297,215.6535,0.25,-745.7065,115.3722,0,0.5664,0,-0.8241,139.6195,0,1,0,0,0.8241,0,0.5664,-658.465,0,0,0,1
162.5369,139.413,0,-658.3241,1.128072,1.128072,-18.80705,215.6535,0.25,-745.7065,115.6141,0,0.5637,0,-0.826,139.413,0,1,0,0,0.826,0,0.5637,-658.3241,0,0,0,1
162.5481,139.2061,0,-658.1838,1.119299,1.119299,-18.7631,215.6535,0.25,-745.7065,115.8558,0,0.561,0,-0.8278,139.2061,0,1,0,0,0.8278,0,0.561,-658.1838,0,0,0,1
162.5593,138.9986,0,-658.0443,1.110644,1.110644,-18.68254,215.6535,0.25,-745.7065,116.0974,0,0.5583,0,-0.8296,138.9986,0,1,0,0,0.8296,0,0.5583,-658.0443,0,0,0,1
162.5703,138.5825,0,-657.7671,1.09086,1.09086,-18.59465,215.6535,0.25,-745.7065,116.58,0,0.5529,0,-0.8332,138.5825,0,1,0,0,0.8332,0,0.5529,-657.7671,0,0,0,1
162.5814,138.3737,0,-657.6295,1.083343,1.083343,-18.54338,215.6535,0.25,-745.7065,116.8211,0,0.5502,0,-0.835,138.3737,0,1,0,0,0.835,0,0.5502,-657.6295,0,0,0,1
162.5925,138.1645,0,-657.4926,1.07638,1.07638,-18.52507,215.6535,0.25,-745.7065,117.062,0,0.5475,0,-0.8368,138.1645,0,1,0,0,0.8368,0,0.5475,-657.4926,0,0,0,1
162.6067,137.9549,0,-657.3564,1.068503,1.068503,-18.52507,215.6535,0.25,-745.7065,117.3027,0,0.5448,0,-0.8386,137.9549,0,1,0,0,0.8386,0,0.5448,-657.3564,0,0,0,1
162.6175,137.7448,0,-657.2209,1.059846,1.059846,-18.52507,215.6535,0.25,-745.7065,117.5431,0,0.5421,0,-0.8403,137.7448,0,1,0,0,0.8403,0,0.5421,-657.2209,0,0,0,1
162.626,137.5343,0,-657.0861,1.053546,1.053546,-18.52507,215.6535,0.25,-745.7065,117.7835,0,0.5394,0,-0.8421,137.5343,0,1,0,0,0.8421,0,0.5394,-657.0861,0,0,0,1
162.6369,137.3233,0,-656.952,1.04822,1.04822,-18.52507,215.6535,0.25,-745.7065,118.0236,0,0.5366,0,-0.8438,137.3233,0,1,0,0,0.8438,0,0.5366,-656.952,0,0,0,1
162.6479,137.1119,0,-656.8185,1.042064,1.042064,-18.52507,215.6535,0.25,-745.7065,118.2636,0,0.5339,0,-0.8455,137.1119,0,1,0,0,0.8455,0,0.5339,-656.8185,0,0,0,1
162.659,136.9001,0,-656.6857,1.035131,1.035131,-18.52507,215.6535,0.25,-745.7065,118.5034,0,0.5312,0,-0.8473,136.9001,0,1,0,0,0.8473,0,0.5312,-656.6857,0,0,0,1
162.6703,136.4752,0,-656.4222,1.026407,1.026407,-18.52507,215.6535,0.25,-745.7065,118.9823,0,0.5257,0,-0.8507,136.4752,0,1,0,0,0.8507,0,0.5257,-656.4222,0,0,0,1
162.6811,136.2621,0,-656.2914,1.021988,1.021988,-18.52507,215.6535,0.25,-745.7065,119.2215,0,0.5229,0,-0.8524,136.2621,0,1,0,0,0.8524,0,0.5229,-656.2914,0,0,0,1
162.6924,136.0486,0,-656.1614,1.016688,1.016688,-18.53971,215.6535,0.25,-745.7065,119.4606,0,0.5202,0,-0.8541,136.0486,0,1,0,0,0.8541,0,0.5202,-656.1614,0,0,0,1
162.7038,135.8347,0,-656.032,1.012927,1.012927,-18.56169,215.6535,0.25,-745.7065,119.6994,0,0.5174,0,-0.8557,135.8347,0,1,0,0,0.8557,0,0.5174,-656.032,0,0,0,1
162.7144,135.6203,0,-655.9033,1.011022,1.011022,-18.59098,215.6535,0.25,-745.7065,119.9381,0,0.5146,0,-0.8574,135.6203,0,1,0,0,0.8574,0,0.5146,-655.9033,0,0,0,1
162.7256,135.4055,0,-655.7755,1.00816,1.00816,-18.63859,215.6535,0.25,-745.7065,120.1764,0,0.5118,0,-0.8591,135.4055,0,1,0,0,0.8591,0,0.5118,-655.7755,0,0,0,1
162.7369,135.1903,0,-655.6482,1.004555,1.004555,-18.73747,215.6535,0.25,-745.7065,120.4147,0,0.509,0,-0.8608,135.1903,0,1,0,0,0.8608,0,0.509,-655.6482,0,0,0,1
162.7478,134.9747,0,-655.5216,1.00208,1.00208,-18.85832,215.6535,0.25,-745.7065,120.6527,0,0.5062,0,-0.8624,134.9747,0,1,0,0,0.8624,0,0.5062,-655.5216,0,0,0,1
162.7589,134.7587,0,-655.3958,1.0017,1.0017,-19.06707,215.6535,0.25,-745.7065,120.8905,0,0.5033,0,-0.8641,134.7587,0,1,0,0,0.8641,0,0.5033,-655.3958,0,0,0,1
162.7702,134.3254,0,-655.1463,0.998495,0.998495,-19.31609,215.6535,0.25,-745.7065,121.3656,0,0.4975,0,-0.8675,134.3254,0,1,0,0,0.8675,0,0.4975,-655.1463,0,0,0,1
162.7819,134.1081,0,-655.0227,0.997122,0.997122,-19.59442,215.6535,0.25,-745.7065,121.6027,0,0.4945,0,-0.8692,134.1081,0,1,0,0,0.8692,0,0.4945,-655.0227,0,0,0,1
162.7923,133.8903,0,-654.8998,0.998279,0.998279,-19.96063,215.6535,0.25,-745.7065,121.8397,0,0.4915,0,-0.8709,133.8903,0,1,0,0,0.8709,0,0.4915,-654.8998,0,0,0,1
162.8036,133.6722,0,-654.7778,0.99855,0.99855,-20.31952,215.6535,0.25,-745.7065,122.0764,0,0.4884,0,-0.8726,133.6722,0,1,0,0,0.8726,0,0.4884,-654.7778,0,0,0,1
162.8145,133.4536,0,-654.6565,0.997895,0.997895,-20.79194,215.6535,0.25,-745.7065,122.3129,0,0.4852,0,-0.8744,133.4536,0,1,0,0,0.8744,0,0.4852,-654.6565,0,0,0,1
162.8257,133.2345,0,-654.536,0.997415,0.997415,-21.2021,215.6535,0.25,-745.7065,122.5491,0,0.482,0,-0.8762,133.2345,0,1,0,0,0.8762,0,0.482,-654.536,0,0,0,1
162.837,133.015,0,-654.4164,0.999802,0.999802,-21.70748,215.6535,0.25,-745.7065,122.785,0,0.4786,0,-0.878,133.015,0,1,0,0,0.878,0,0.4786,-654.4164,0,0,0,1
162.848,132.7951,0,-654.2975,1.001256,1.001256,-22.14328,215.6535,0.25,-745.7065,123.0208,0,0.4752,0,-0.8799,132.7951,0,1,0,0,0.8799,0,0.4752,-654.2975,0,0,0,1
162.859,132.5746,0,-654.1796,1.001656,1.001656,-22.66697,215.6535,0.25,-745.7065,123.2562,0,0.4718,0,-0.8817,132.5746,0,1,0,0,0.8817,0,0.4718,-654.1796,0,0,0,1
162.8702,132.1324,0,-653.9464,1.005231,1.005231,-23.2456,215.6535,0.25,-745.7065,123.7262,0,0.4646,0,-0.8855,132.1324,0,1,0,0,0.8855,0,0.4646,-653.9464,0,0,0,1
162.8813,131.9105,0,-653.8312,1.007506,1.007506,-23.56054,215.6535,0.25,-745.7065,123.9608,0,0.4609,0,-0.8874,131.9105,0,1,0,0,0.8874,0,0.4609,-653.8312,0,0,0,1
162.893,131.6882,0,-653.7169,1.008787,1.008787,-23.9414,215.6535,0.25,-745.7065,124.1951,0,0.4572,0,-0.8893,131.6882,0,1,0,0,0.8893,0,0.4572,-653.7169,0,0,0,1
162.9037,131.4653,0,-653.6035,1.009291,1.009291,-24.39185,215.6535,0.25,-745.7065,124.4291,0,0.4534,0,-0.8913,131.4653,0,1,0,0,0.8913,0,0.4534,-653.6035,0,0,0,1
162.9146,131.242,0,-653.4912,1.013257,1.013257,-24.82765,215.6535,0.25,-745.7065,124.6626,0,0.4496,0,-0.8932,131.242,0,1,0,0,0.8932,0,0.4496,-653.4912,0,0,0,1
162.9261,131.0182,0,-653.3798,1.016189,1.016189,-25.1902,215.6535,0.25,-745.7065,124.896,0,0.4456,0,-0.8952,131.0182,0,1,0,0,0.8952,0,0.4456,-653.3798,0,0,0,1
162.9401,130.5691,0,-653.16,1.018701,1.018701,-25.76883,215.6535,0.25,-745.7065,125.3616,0,0.4376,0,-0.8992,130.5691,0,1,0,0,0.8992,0,0.4376,-653.16,0,0,0,1
162.951,130.3438,0,-653.0516,1.023052,1.023052,-26.1204,215.6535,0.25,-745.7065,125.5938,0,0.4335,0,-0.9012,130.3438,0,1,0,0,0.9012,0,0.4335,-653.0516,0,0,0,1
162.9592,130.3438,0,-653.0516,1.023052,1.023052,-26.1204,215.6535,0.25,-745.7065,125.5938,0,0.4335,0,-0.9012,130.3438,0,1,0,0,0.9012,0,0.4335,-653.0516,0,0,0,1
162.97,129.8917,0,-652.8381,1.028365,1.028365,-26.73198,215.6535,0.25,-745.7065,126.0573,0,0.425,0,-0.9052,129.8917,0,1,0,0,0.9052,0,0.425,-652.8381,0,0,0,1
162.9811,129.6649,0,-652.7329,1.029265,1.029265,-27.13848,215.6535,0.25,-745.7065,126.2884,0,0.4207,0,-0.9072,129.6649,0,1,0,0,0.9072,0,0.4207,-652.7329,0,0,0,1
162.9928,129.4377,0,-652.6288,1.03354,1.03354,-27.49005,215.6535,0.25,-745.7065,126.5192,0,0.4164,0,-0.9092,129.4377,0,1,0,0,0.9092,0,0.4164,-652.6288,0,0,0,1
163.0044,129.2098,0,-652.5258,1.036958,1.036958,-27.89655,215.6535,0.25,-745.7065,126.7497,0,0.412,0,-0.9112,129.2098,0,1,0,0,0.9112,0,0.412,-652.5258,0,0,0,1
163.0147,128.9816,0,-652.424,1.039081,1.039081,-28.31403,215.6535,0.25,-745.7065,126.9796,0,0.4074,0,-0.9132,128.9816,0,1,0,0,0.9132,0,0.4074,-652.424,0,0,0,1
163.0268,128.7527,0,-652.3232,1.039976,1.039976,-28.83772,215.6535,0.25,-745.7065,127.2091,0,0.4028,0,-0.9153,128.7527,0,1,0,0,0.9153,0,0.4028,-652.3232,0,0,0,1
163.0367,128.5234,0,-652.2237,1.04378,1.04378,-29.12703,215.6535,0.25,-745.7065,127.4383,0,0.3982,0,-0.9173,128.5234,0,1,0,0,0.9173,0,0.3982,-652.2237,0,0,0,1
163.0473,128.2936,0,-652.1253,1.047096,1.047096,-29.50423,215.6535,0.25,-745.7065,127.667,0,0.3935,0,-0.9193,128.2936,0,1,0,0,0.9193,0,0.3935,-652.1253,0,0,0,1
163.0582,128.0632,0,-652.0281,1.049069,1.049069,-29.87045,215.6535,0.25,-745.7065,127.8952,0,0.3887,0,-0.9214,128.0632,0,1,0,0,0.9214,0,0.3887,-652.0281,0,0,0,1
163.0696,127.8324,0,-651.9322,1.049697,1.049697,-30.3209,215.6535,0.25,-745.7065,128.123,0,0.3838,0,-0.9234,127.8324,0,1,0,0,0.9234,0,0.3838,-651.9322,0,0,0,1
163.0812,127.3691,0,-651.744,1.055588,1.055588,-30.7567,215.6535,0.25,-745.7065,128.5771,0,0.3738,0,-0.9275,127.3691,0,1,0,0,0.9275,0,0.3738,-651.744,0,0,0,1
163.0915,127.1367,0,-651.6518,1.057149,1.057149,-31.20714,215.6535,0.25,-745.7065,128.8035,0,0.3688,0,-0.9295,127.1367,0,1,0,0,0.9295,0,0.3688,-651.6518,0,0,0,1
163.1028,126.9039,0,-651.5609,1.057257,1.057257,-31.56969,215.6535,0.25,-745.7065,129.0294,0,0.3637,0,-0.9315,126.9039,0,1,0,0,0.9315,0,0.3637,-651.5609,0,0,0,1
163.1139,126.6705,0,-651.4713,1.059314,1.059314,-31.90295,215.6535,0.25,-745.7065,129.2547,0,0.3585,0,-0.9335,126.6705,0,1,0,0,0.9335,0,0.3585,-651.4713,0,0,0,1
163.1249,126.4366,0,-651.3829,1.061553,1.061553,-32.26917,215.6535,0.25,-745.7065,129.4795,0,0.3532,0,-0.9355,126.4366,0,1,0,0,0.9355,0,0.3532,-651.3829,0,0,0,1
163.1361,126.2022,0,-651.296,1.062391,1.062391,-32.52918,215.6535,0.25,-745.7065,129.7038,0,0.3479,0,-0.9375,126.2022,0,1,0,0,0.9375,0,0.3479,-651.296,0,0,0,1
163.1472,125.9673,0,-651.2103,1.061776,1.061776,-32.79652,215.6535,0.25,-745.7065,129.9276,0,0.3425,0,-0.9395,125.9673,0,1,0,0,0.9395,0,0.3425,-651.2103,0,0,0,1
163.1581,125.732,0,-651.126,1.06264,1.06264,-32.94667,215.6535,0.25,-745.7065,130.1508,0,0.3371,0,-0.9415,125.732,0,1,0,0,0.9415,0,0.3371,-651.126,0,0,0,1
163.1693,125.4961,0,-651.0431,1.064091,1.064091,-33.05654,215.6535,0.25,-745.7065,130.3734,0,0.3317,0,-0.9434,125.4961,0,1,0,0,0.9434,0,0.3317,-651.0431,0,0,0,1
163.1806,125.023,0,-650.8813,1.062579,1.062579,-33.06386,215.6535,0.25,-745.7065,130.817,0,0.3208,0,-0.9472,125.023,0,1,0,0,0.9472,0,0.3208,-650.8813,0,0,0,1
163.1915,124.7858,0,-650.8026,1.062104,1.062104,-33.07851,215.6535,0.25,-745.7065,131.038,0,0.3153,0,-0.949,124.7858,0,1,0,0,0.949,0,0.3153,-650.8026,0,0,0,1
163.2028,124.5481,0,-650.7251,1.062707,1.062707,-33.07851,215.6535,0.25,-745.7065,131.2583,0,0.3098,0,-0.9508,124.5481,0,1,0,0,0.9508,0,0.3098,-650.7251,0,0,0,1
163.2139,124.3099,0,-650.649,1.061811,1.061811,-33.04188,215.6535,0.25,-745.7065,131.4781,0,0.3043,0,-0.9526,124.3099,0,1,0,0,0.9526,0,0.3043,-650.649,0,0,0,1
163.2251,124.0713,0,-650.5743,1.059477,1.059477,-32.98695,215.6535,0.25,-745.7065,131.6974,0,0.2988,0,-0.9543,124.0713,0,1,0,0,0.9543,0,0.2988,-650.5743,0,0,0,1
163.2361,123.8323,0,-650.501,1.057827,1.057827,-32.87709,215.6535,0.25,-745.7065,131.916,0,0.2933,0,-0.956,123.8323,0,1,0,0,0.956,0,0.2933,-650.501,0,0,0,1
163.2472,123.5929,0,-650.429,1.0576,1.0576,-32.77089,215.6535,0.25,-745.7065,132.1341,0,0.2879,0,-0.9577,123.5929,0,1,0,0,0.9577,0,0.2879,-650.429,0,0,0,1
163.2584,123.3531,0,-650.3584,1.055943,1.055943,-32.63173,215.6535,0.25,-745.7065,132.3515,0,0.2824,0,-0.9593,123.3531,0,1,0,0,0.9593,0,0.2824,-650.3584,0,0,0,1
163.2725,122.8723,0,-650.2213,1.04989,1.04989,-32.43396,215.6535,0.25,-745.7065,132.7847,0,0.2715,0,-0.9624,122.8723,0,1,0,0,0.9624,0,0.2715,-650.2213,0,0,0,1
163.2835,122.6313,0,-650.1548,1.048906,1.048906,-32.12268,215.6535,0.25,-745.7065,133.0004,0,0.2661,0,-0.9639,122.6313,0,1,0,0,0.9639,0,0.2661,-650.1548,0,0,0,1
163.2917,122.3899,0,-650.0896,1.046503,1.046503,-31.81506,215.6535,0.25,-745.7065,133.2155,0,0.2608,0,-0.9654,122.3899,0,1,0,0,0.9654,0,0.2608,-650.0896,0,0,0,1
163.3027,122.1482,0,-650.0258,1.042681,1.042681,-31.59899,215.6535,0.25,-745.7065,133.43,0,0.2554,0,-0.9668,122.1482,0,1,0,0,0.9668,0,0.2554,-650.0258,0,0,0,1
163.3136,121.9062,0,-649.9632,1.038785,1.038785,-31.30602,215.6535,0.25,-745.7065,133.644,0,0.2502,0,-0.9682,121.9062,0,1,0,0,0.9682,0,0.2502,-649.9632,0,0,0,1
163.3249,121.6638,0,-649.902,1.037239,1.037239,-30.94713,215.6535,0.25,-745.7065,133.8574,0,0.2449,0,-0.9695,121.6638,0,1,0,0,0.9695,0,0.2449,-649.902,0,0,0,1
163.3361,121.4211,0,-649.842,1.034345,1.034345,-30.6395,215.6535,0.25,-745.7065,134.0702,0,0.2397,0,-0.9708,121.4211,0,1,0,0,0.9708,0,0.2397,-649.842,0,0,0,1
163.3472,121.1781,0,-649.7834,1.030043,1.030043,-30.27695,215.6535,0.25,-745.7065,134.2825,0,0.2346,0,-0.9721,121.1781,0,1,0,0,0.9721,0,0.2346,-649.7834,0,0,0,1
163.3583,120.9348,0,-649.726,1.025366,1.025366,-29.98764,215.6535,0.25,-745.7065,134.4942,0,0.2295,0,-0.9733,120.9348,0,1,0,0,0.9733,0,0.2295,-649.726,0,0,0,1
163.3693,120.6911,0,-649.6699,1.023457,1.023457,-29.51156,215.6535,0.25,-745.7065,134.7053,0,0.2245,0,-0.9745,120.6911,0,1,0,0,0.9745,0,0.2245,-649.6699,0,0,0,1
163.3806,120.203,0,-649.5613,1.015795,1.015795,-29.33944,215.6535,0.25,-745.7065,135.1259,0,0.2145,0,-0.9767,120.203,0,1,0,0,0.9767,0,0.2145,-649.5613,0,0,0,1
163.3917,119.9586,0,-649.5089,1.010474,1.010474,-29.00618,215.6535,0.25,-745.7065,135.3354,0,0.2096,0,-0.9778,119.9586,0,1,0,0,0.9778,0,0.2096,-649.5089,0,0,0,1
163.4029,119.7139,0,-649.4578,1.008445,1.008445,-28.69489,215.6535,0.25,-745.7065,135.5443,0,0.2047,0,-0.9788,119.7139,0,1,0,0,0.9788,0,0.2047,-649.4578,0,0,0,1
163.414,119.4689,0,-649.4078,1.005083,1.005083,-28.44953,215.6535,0.25,-745.7065,135.7527,0,0.1998,0,-0.9798,119.4689,0,1,0,0,0.9798,0,0.1998,-649.4078,0,0,0,1
163.4253,119.2237,0,-649.3591,1.000449,1.000449,-28.16754,215.6535,0.25,-745.7065,135.9605,0,0.195,0,-0.9808,119.2237,0,1,0,0,0.9808,0,0.195,-649.3591,0,0,0,1
163.4365,118.9783,0,-649.3116,0.994791,0.994791,-27.85626,215.6535,0.25,-745.7065,136.1678,0,0.1902,0,-0.9817,118.9783,0,1,0,0,0.9817,0,0.1902,-649.3116,0,0,0,1
163.4478,118.7326,0,-649.2652,0.992707,0.992707,-27.70245,215.6535,0.25,-745.7065,136.3746,0,0.1855,0,-0.9827,118.7326,0,1,0,0,0.9827,0,0.1855,-649.2652,0,0,0,1
163.4591,118.4868,0,-649.22,0.989424,0.989424,-27.46441,215.6535,0.25,-745.7065,136.5808,0,0.1807,0,-0.9835,118.4868,0,1,0,0,0.9835,0,0.1807,-649.22,0,0,0,1
163.4702,117.9944,0,-649.1332,0.979238,0.979238,-27.23369,215.6535,0.25,-745.7065,136.9917,0,0.1714,0,-0.9852,117.9944,0,1,0,0,0.9852,0,0.1714,-649.1332,0,0,0,1
163.4814,117.7479,0,-649.0915,0.97704,0.97704,-27.05791,215.6535,0.25,-745.7065,137.1964,0,0.1667,0,-0.986,117.7479,0,1,0,0,0.986,0,0.1667,-649.0915,0,0,0,1
163.4928,117.5012,0,-649.051,0.974014,0.974014,-26.88945,215.6535,0.25,-745.7065,137.4005,0,0.1621,0,-0.9868,117.5012,0,1,0,0,0.9868,0,0.1621,-649.051,0,0,0,1
163.5038,117.2543,0,-649.0116,0.969728,0.969728,-26.68071,215.6535,0.25,-745.7065,137.6041,0,0.1575,0,-0.9875,117.2543,0,1,0,0,0.9875,0,0.1575,-649.0116,0,0,0,1
163.5149,117.0072,0,-648.9734,0.96424,0.96424,-26.51225,215.6535,0.25,-745.7065,137.8072,0,0.1529,0,-0.9882,117.0072,0,1,0,0,0.9882,0,0.1529,-648.9734,0,0,0,1
163.526,116.76,0,-648.9363,0.961974,0.961974,-26.32181,215.6535,0.25,-745.7065,138.0098,0,0.1484,0,-0.9889,116.76,0,1,0,0,0.9889,0,0.1484,-648.9363,0,0,0,1
163.5372,116.5126,0,-648.9003,0.959148,0.959148,-26.22293,215.6535,0.25,-745.7065,138.2118,0,0.1439,0,-0.9896,116.5126,0,1,0,0,0.9896,0,0.1439,-648.9003,0,0,0,1
163.5481,116.265,0,-648.8655,0.955247,0.955247,-26.1204,215.6535,0.25,-745.7065,138.4134,0,0.1394,0,-0.9902,116.265,0,1,0,0,0.9902,0,0.1394,-648.8655,0,0,0,1
163.5594,116.0173,0,-648.8318,0.950151,0.950151,-26.02518,215.6535,0.25,-745.7065,138.6144,0,0.1349,0,-0.9909,116.0173,0,1,0,0,0.9909,0,0.1349,-648.8318,0,0,0,1
163.5705,115.5214,0,-648.7677,0.945421,0.945421,-25.94094,215.6535,0.25,-745.7065,139.0149,0,0.1259,0,-0.992,115.5214,0,1,0,0,0.992,0,0.1259,-648.7677,0,0,0,1
163.5814,115.2733,0,-648.7374,0.941843,0.941843,-25.87869,215.6535,0.25,-745.7065,139.2144,0,0.1214,0,-0.9926,115.2733,0,1,0,0,0.9926,0,0.1214,-648.7374,0,0,0,1
163.5957,115.025,0,-648.7081,0.937133,0.937133,-25.81643,215.6535,0.25,-745.7065,139.4134,0,0.1169,0,-0.9931,115.025,0,1,0,0,0.9931,0,0.1169,-648.7081,0,0,0,1
163.6066,114.7766,0,-648.68,0.934816,0.934816,-25.80911,215.6535,0.25,-745.7065,139.6119,0,0.1124,0,-0.9937,114.7766,0,1,0,0,0.9937,0,0.1124,-648.68,0,0,0,1
163.6147,114.5281,0,-648.653,0.932808,0.932808,-25.80911,215.6535,0.25,-745.7065,139.8098,0,0.108,0,-0.9942,114.5281,0,1,0,0,0.9942,0,0.108,-648.653,0,0,0,1
163.6259,114.2794,0,-648.6271,0.92967,0.92967,-25.80911,215.6535,0.25,-745.7065,140.0072,0,0.1035,0,-0.9946,114.2794,0,1,0,0,0.9946,0,0.1035,-648.6271,0,0,0,1
163.637,114.0306,0,-648.6024,0.925403,0.925403,-25.80911,215.6535,0.25,-745.7065,140.2041,0,0.099,0,-0.9951,114.0306,0,1,0,0,0.9951,0,0.099,-648.6024,0,0,0,1
163.6482,113.7818,0,-648.5787,0.923166,0.923166,-25.80911,215.6535,0.25,-745.7065,140.4005,0,0.0945,0,-0.9955,113.7818,0,1,0,0,0.9955,0,0.0945,-648.5787,0,0,0,1
163.6593,113.5328,0,-648.5562,0.921592,0.921592,-25.80911,215.6535,0.25,-745.7065,140.5963,0,0.09,0,-0.9959,113.5328,0,1,0,0,0.9959,0,0.09,-648.5562,0,0,0,1
163.6704,113.0345,0,-648.5146,0.914943,0.914943,-25.80911,215.6535,0.25,-745.7065,140.9864,0,0.0811,0,-0.9967,113.0345,0,1,0,0,0.9967,0,0.0811,-648.5146,0,0,0,1
163.6814,112.7852,0,-648.4954,0.912711,0.912711,-25.80911,215.6535,0.25,-745.7065,141.1806,0,0.0766,0,-0.9971,112.7852,0,1,0,0,0.9971,0,0.0766,-648.4954,0,0,0,1
163.6929,112.5359,0,-648.4774,0.911509,0.911509,-25.80911,215.6535,0.25,-745.7065,141.3743,0,0.0721,0,-0.9974,112.5359,0,1,0,0,0.9974,0,0.0721,-648.4774,0,0,0,1
163.7036,112.2865,0,-648.4605,0.909182,0.909182,-25.80911,215.6535,0.25,-745.7065,141.5675,0,0.0676,0,-0.9977,112.2865,0,1,0,0,0.9977,0,0.0676,-648.4605,0,0,0,1
163.7146,112.037,0,-648.4448,0.905609,0.905609,-25.80911,215.6535,0.25,-745.7065,141.7601,0,0.0631,0,-0.998,112.037,0,1,0,0,0.998,0,0.0631,-648.4448,0,0,0,1
