time,pos_x,pos_y,pos_z,distFromRoadCenter,signedDistFromRoadCenter,wheelAngle,obstacle_pos_x,obstacle_pos_y,obstacle_pos_z,distance_to_obstacle,brake_position,simplecar_4x4_R0C0,simplecar_4x4_R0C1,simplecar_4x4_R0C2,simplecar_4x4_R0C3,simplecar_4x4_R1C0,simplecar_4x4_R1C1,simplecar_4x4_R1C2,simplecar_4x4_R1C3,simplecar_4x4_R2C0,simplecar_4x4_R2C1,simplecar_4x4_R2C2,simplecar_4x4_R2C3,simplecar_4x4_R3C0,simplecar_4x4_R3C1,simplecar_4x4_R3C2,simplecar_4x4_R3C3
310.1037,513.251,0,-1299.698,1.405218,1.405218,0.108032,559.5132,0.25,-1333.238,56.79229,0,-0.4615,0,0.8871,513.251,0,1,0,0,-0.8871,0,-0.4615,-1299.698,0,0,0,1
310.1156,513.4728,0,-1299.813,1.407073,1.407073,0.108032,559.5132,0.25,-1333.238,56.54498,0,-0.4616,0,0.8871,513.4728,0,1,0,0,-0.8871,0,-0.4616,-1299.813,0,0,0,1
310.1257,513.6946,0,-1299.929,1.408921,1.408921,0.108032,559.5132,0.25,-1333.238,56.2977,0,-0.4616,0,0.8871,513.6946,0,1,0,0,-0.8871,0,-0.4616,-1299.929,0,0,0,1
310.137,513.9164,0,-1300.044,1.410832,1.410832,0.111694,559.5132,0.25,-1333.238,56.05043,0,-0.4616,0,0.8871,513.9164,0,1,0,0,-0.8871,0,-0.4616,-1300.044,0,0,0,1
310.148,514.1381,0,-1300.159,1.412498,1.412498,0.111694,559.5132,0.25,-1333.238,55.80332,0,-0.4616,0,0.8871,514.1381,0,1,0,0,-0.8871,0,-0.4616,-1300.159,0,0,0,1
310.1596,514.3599,0,-1300.275,1.414545,1.414545,0.115356,559.5132,0.25,-1333.238,55.55609,0,-0.4616,0,0.8871,514.3599,0,1,0,0,-0.8871,0,-0.4616,-1300.275,0,0,0,1
310.1726,514.8033,0,-1300.506,1.418257,1.418257,0.115356,559.5132,0.25,-1333.238,55.06184,0,-0.4617,0,0.8871,514.8033,0,1,0,0,-0.8871,0,-0.4617,-1300.506,0,0,0,1
310.1815,515.0251,0,-1300.621,1.420304,1.420304,0.115356,559.5132,0.25,-1333.238,54.81468,0,-0.4617,0,0.887,515.0251,0,1,0,0,-0.887,0,-0.4617,-1300.621,0,0,0,1
310.1926,515.2468,0,-1300.737,1.422243,1.422243,0.115356,559.5132,0.25,-1333.238,54.56755,0,-0.4617,0,0.887,515.2468,0,1,0,0,-0.887,0,-0.4617,-1300.737,0,0,0,1
310.2035,515.4686,0,-1300.852,1.42429,1.42429,0.115356,559.5132,0.25,-1333.238,54.3204,0,-0.4617,0,0.887,515.4686,0,1,0,0,-0.887,0,-0.4617,-1300.852,0,0,0,1
310.2155,515.6903,0,-1300.968,1.426228,1.426228,0.115356,559.5132,0.25,-1333.238,54.07337,0,-0.4617,0,0.887,515.6903,0,1,0,0,-0.887,0,-0.4617,-1300.968,0,0,0,1
310.2256,515.912,0,-1301.083,1.428247,1.428247,0.115356,559.5132,0.25,-1333.238,53.82632,0,-0.4618,0,0.887,515.912,0,1,0,0,-0.887,0,-0.4618,-1301.083,0,0,0,1
310.2369,516.1338,0,-1301.198,1.430186,1.430186,0.115356,559.5132,0.25,-1333.238,53.5793,0,-0.4618,0,0.887,516.1338,0,1,0,0,-0.887,0,-0.4618,-1301.198,0,0,0,1
310.2518,516.5773,0,-1301.429,1.434171,1.434171,0.115356,559.5132,0.25,-1333.238,53.08533,0,-0.4618,0,0.887,516.5773,0,1,0,0,-0.887,0,-0.4618,-1301.429,0,0,0,1
310.26,516.799,0,-1301.545,1.436191,1.436191,0.115356,559.5132,0.25,-1333.238,52.83839,0,-0.4618,0,0.887,516.799,0,1,0,0,-0.887,0,-0.4618,-1301.545,0,0,0,1
310.2715,517.0208,0,-1301.66,1.438129,1.438129,0.115356,559.5132,0.25,-1333.238,52.59148,0,-0.4618,0,0.887,517.0208,0,1,0,0,-0.887,0,-0.4618,-1301.66,0,0,0,1
310.2813,517.2425,0,-1301.776,1.440176,1.440176,0.115356,559.5132,0.25,-1333.238,52.3446,0,-0.4619,0,0.887,517.2425,0,1,0,0,-0.887,0,-0.4619,-1301.776,0,0,0,1
310.2928,517.4642,0,-1301.891,1.442223,1.442223,0.115356,559.5132,0.25,-1333.238,52.09776,0,-0.4619,0,0.8869,517.4642,0,1,0,0,-0.8869,0,-0.4619,-1301.891,0,0,0,1
310.3039,517.686,0,-1302.007,1.44427,1.44427,0.115356,559.5132,0.25,-1333.238,51.85093,0,-0.4619,0,0.8869,517.686,0,1,0,0,-0.8869,0,-0.4619,-1302.007,0,0,0,1
310.3165,517.9077,0,-1302.122,1.446209,1.446209,0.115356,559.5132,0.25,-1333.238,51.60415,0,-0.4619,0,0.8869,517.9077,0,1,0,0,-0.8869,0,-0.4619,-1302.122,0,0,0,1
310.3267,518.1295,0,-1302.238,1.448256,1.448256,0.115356,559.5132,0.25,-1333.238,51.35739,0,-0.4619,0,0.8869,518.1295,0,1,0,0,-0.8869,0,-0.4619,-1302.238,0,0,0,1
310.3432,518.5729,0,-1302.469,1.452214,1.452214,0.115356,559.5132,0.25,-1333.238,50.86396,0,-0.462,0,0.8869,518.5729,0,1,0,0,-0.8869,0,-0.462,-1302.469,0,0,0,1
310.3555,518.7947,0,-1302.584,1.454152,1.454152,0.115356,559.5132,0.25,-1333.238,50.6173,0,-0.462,0,0.8869,518.7947,0,1,0,0,-0.8869,0,-0.462,-1302.584,0,0,0,1
310.3676,519.0164,0,-1302.7,1.456199,1.456199,0.115356,559.5132,0.25,-1333.238,50.37067,0,-0.462,0,0.8869,519.0164,0,1,0,0,-0.8869,0,-0.462,-1302.7,0,0,0,1
310.3753,519.2382,0,-1302.815,1.458138,1.458138,0.115356,559.5132,0.25,-1333.238,50.12408,0,-0.462,0,0.8869,519.2382,0,1,0,0,-0.8869,0,-0.462,-1302.815,0,0,0,1
310.3831,519.4599,0,-1302.931,1.460157,1.460157,0.115356,559.5132,0.25,-1333.238,49.87752,0,-0.462,0,0.8869,519.4599,0,1,0,0,-0.8869,0,-0.462,-1302.931,0,0,0,1
310.3923,519.6816,0,-1303.046,1.462095,1.462095,0.115356,559.5132,0.25,-1333.238,49.63099,0,-0.4621,0,0.8869,519.6816,0,1,0,0,-0.8869,0,-0.4621,-1303.046,0,0,0,1
310.4024,519.9034,0,-1303.162,1.464142,1.464142,0.115356,559.5132,0.25,-1333.238,49.38449,0,-0.4621,0,0.8868,519.9034,0,1,0,0,-0.8868,0,-0.4621,-1303.162,0,0,0,1
310.4137,520.1251,0,-1303.277,1.466081,1.466081,0.115356,559.5132,0.25,-1333.238,49.13809,0,-0.4621,0,0.8868,520.1251,0,1,0,0,-0.8868,0,-0.4621,-1303.277,0,0,0,1
310.4245,520.3467,0,-1303.393,1.468128,1.468128,0.115356,559.5132,0.25,-1333.238,48.89172,0.015686,-0.4621,0,0.8868,520.3467,0,1,0,0,-0.8868,0,-0.4621,-1303.393,0,0,0,1
310.4362,520.5684,0,-1303.508,1.470175,1.470175,0.115356,559.5132,0.25,-1333.238,48.64538,0.031373,-0.4621,0,0.8868,520.5684,0,1,0,0,-0.8868,0,-0.4621,-1303.508,0,0,0,1
310.4466,520.7901,0,-1303.624,1.472222,1.472222,0.115356,559.5132,0.25,-1333.238,48.39908,0.039216,-0.4621,0,0.8868,520.7901,0,1,0,0,-0.8868,0,-0.4621,-1303.624,0,0,0,1
310.4588,521.0118,0,-1303.739,1.474297,1.474297,0.115356,559.5132,0.25,-1333.238,48.15275,0.047059,-0.4622,0,0.8868,521.0118,0,1,0,0,-0.8868,0,-0.4622,-1303.739,0,0,0,1
310.4697,521.2335,0,-1303.855,1.476481,1.476481,0.115356,559.5132,0.25,-1333.238,47.90645,0.062745,-0.4622,0,0.8868,521.2335,0,1,0,0,-0.8868,0,-0.4622,-1303.855,0,0,0,1
310.4799,521.455,0,-1303.97,1.478555,1.478555,0.115356,559.5132,0.25,-1333.238,47.66036,0.078431,-0.4622,0,0.8868,521.455,0,1,0,0,-0.8868,0,-0.4622,-1303.97,0,0,0,1
310.4911,521.8978,0,-1304.201,1.48265,1.48265,0.115356,559.5132,0.25,-1333.238,47.16875,0.101961,-0.4622,0,0.8868,521.8978,0,1,0,0,-0.8868,0,-0.4622,-1304.201,0,0,0,1
310.5024,522.1189,0,-1304.316,1.484725,1.484725,0.115356,559.5132,0.25,-1333.238,46.92319,0.101961,-0.4622,0,0.8867,522.1189,0,1,0,0,-0.8867,0,-0.4622,-1304.316,0,0,0,1
310.5133,522.3398,0,-1304.432,1.486908,1.486908,0.115356,559.5132,0.25,-1333.238,46.6779,0.109804,-0.4623,0,0.8867,522.3398,0,1,0,0,-0.8867,0,-0.4623,-1304.432,0,0,0,1
310.5245,522.5606,0,-1304.547,1.488983,1.488983,0.115356,559.5132,0.25,-1333.238,46.43287,0.133333,-0.4623,0,0.8867,522.5606,0,1,0,0,-0.8867,0,-0.4623,-1304.547,0,0,0,1
310.5363,522.7811,0,-1304.662,1.491139,1.491139,0.115356,559.5132,0.25,-1333.238,46.18814,0.14902,-0.4623,0,0.8867,522.7811,0,1,0,0,-0.8867,0,-0.4623,-1304.662,0,0,0,1
310.5471,523.0013,0,-1304.776,1.493214,1.493214,0.115356,559.5132,0.25,-1333.238,45.94378,0.164706,-0.4623,0,0.8867,523.0013,0,1,0,0,-0.8867,0,-0.4623,-1304.776,0,0,0,1
310.5576,523.2213,0,-1304.891,1.495261,1.495261,0.108032,559.5132,0.25,-1333.238,45.69985,0.180392,-0.4623,0,0.8867,523.2213,0,1,0,0,-0.8867,0,-0.4623,-1304.891,0,0,0,1
310.569,523.4409,0,-1305.006,1.497336,1.497336,0.089722,559.5132,0.25,-1333.238,45.45628,0.196078,-0.4624,0,0.8867,523.4409,0,1,0,0,-0.8867,0,-0.4624,-1305.006,0,0,0,1
310.5797,523.6601,0,-1305.12,1.499519,1.499519,0.082397,559.5132,0.25,-1333.238,45.21311,0.211765,-0.4624,0,0.8867,523.6601,0,1,0,0,-0.8867,0,-0.4624,-1305.12,0,0,0,1
310.5909,524.0975,0,-1305.348,1.503669,1.503669,0.064087,559.5132,0.25,-1333.238,44.72824,0.235294,-0.4624,0,0.8867,524.0975,0,1,0,0,-0.8867,0,-0.4624,-1305.348,0,0,0,1
310.6031,524.3156,0,-1305.462,1.505825,1.505825,0.016479,559.5132,0.25,-1333.238,44.4865,0.25098,-0.4624,0,0.8867,524.3156,0,1,0,0,-0.8867,0,-0.4624,-1305.462,0,0,0,1
310.6131,524.5332,0,-1305.575,1.5079,1.5079,-0.016479,559.5132,0.25,-1333.238,44.2453,0.266667,-0.4624,0,0.8867,524.5332,0,1,0,0,-0.8867,0,-0.4624,-1305.575,0,0,0,1
310.625,524.7504,0,-1305.688,1.509947,1.509947,-0.060425,559.5132,0.25,-1333.238,44.00475,0.27451,-0.4624,0,0.8867,524.7504,0,1,0,0,-0.8867,0,-0.4624,-1305.688,0,0,0,1
310.6354,524.967,0,-1305.802,1.512158,1.512158,-0.108032,559.5132,0.25,-1333.238,43.76463,0.27451,-0.4624,0,0.8867,524.967,0,1,0,0,-0.8867,0,-0.4624,-1305.802,0,0,0,1
310.6466,525.1832,0,-1305.914,1.514314,1.514314,-0.140991,559.5132,0.25,-1333.238,43.52518,0.27451,-0.4623,0,0.8867,525.1832,0,1,0,0,-0.8867,0,-0.4623,-1305.914,0,0,0,1
310.6576,525.3989,0,-1306.027,1.516252,1.516252,-0.188599,559.5132,0.25,-1333.238,43.28638,0.27451,-0.4623,0,0.8867,525.3989,0,1,0,0,-0.8867,0,-0.4623,-1306.027,0,0,0,1
310.6729,525.829,0,-1306.251,1.520238,1.520238,-0.250862,559.5132,0.25,-1333.238,42.81044,0.27451,-0.4622,0,0.8868,525.829,0,1,0,0,-0.8868,0,-0.4622,-1306.251,0,0,0,1
310.6847,526.0433,0,-1306.363,1.522285,1.522285,-0.309455,559.5132,0.25,-1333.238,42.57335,0.27451,-0.4622,0,0.8868,526.0433,0,1,0,0,-0.8868,0,-0.4622,-1306.363,0,0,0,1
310.6935,526.2571,0,-1306.474,1.524332,1.524332,-0.375373,559.5132,0.25,-1333.238,42.33683,0.27451,-0.4621,0,0.8868,526.2571,0,1,0,0,-0.8868,0,-0.4621,-1306.474,0,0,0,1
310.7038,526.4704,0,-1306.585,1.52627,1.52627,-0.426643,559.5132,0.25,-1333.238,42.10099,0.27451,-0.4621,0,0.8869,526.4704,0,1,0,0,-0.8869,0,-0.4621,-1306.585,0,0,0,1
310.7132,526.6832,0,-1306.696,1.528181,1.528181,-0.470588,559.5132,0.25,-1333.238,41.86573,0.27451,-0.462,0,0.8869,526.6832,0,1,0,0,-0.8869,0,-0.462,-1306.696,0,0,0,1
310.7244,526.8956,0,-1306.807,1.530092,1.530092,-0.52552,559.5132,0.25,-1333.238,41.63105,0.27451,-0.4619,0,0.8869,526.8956,0,1,0,0,-0.8869,0,-0.4619,-1306.807,0,0,0,1
310.7354,527.1075,0,-1306.917,1.532002,1.532002,-0.5951,559.5132,0.25,-1333.238,41.39692,0.27451,-0.4618,0,0.887,527.1075,0,1,0,0,-0.887,0,-0.4618,-1306.917,0,0,0,1
310.7464,527.3189,0,-1307.027,1.533804,1.533804,-0.657356,559.5132,0.25,-1333.238,41.16345,0.27451,-0.4617,0,0.887,527.3189,0,1,0,0,-0.887,0,-0.4617,-1307.027,0,0,0,1
310.7576,527.5298,0,-1307.137,1.535578,1.535578,-0.715957,559.5132,0.25,-1333.238,40.93057,0.27451,-0.4616,0,0.8871,527.5298,0,1,0,0,-0.8871,0,-0.4616,-1307.137,0,0,0,1
310.7691,527.7403,0,-1307.246,1.537353,1.537353,-0.785537,559.5132,0.25,-1333.238,40.69828,0.27451,-0.4615,0,0.8872,527.7403,0,1,0,0,-0.8872,0,-0.4615,-1307.246,0,0,0,1
310.7797,527.9503,0,-1307.355,1.539127,1.539127,-0.829482,559.5132,0.25,-1333.238,40.46653,0.27451,-0.4613,0,0.8872,527.9503,0,1,0,0,-0.8872,0,-0.4613,-1307.355,0,0,0,1
310.7908,528.3689,0,-1307.573,1.542538,1.542538,-0.873427,559.5132,0.25,-1333.238,40.00497,0.282353,-0.4611,0,0.8874,528.3689,0,1,0,0,-0.8874,0,-0.4611,-1307.573,0,0,0,1
310.8019,528.5775,0,-1307.681,1.544068,1.544068,-0.924697,559.5132,0.25,-1333.238,39.77515,0.282353,-0.4609,0,0.8874,528.5775,0,1,0,0,-0.8874,0,-0.4609,-1307.681,0,0,0,1
310.8134,528.7855,0,-1307.789,1.545705,1.545705,-0.961318,559.5132,0.25,-1333.238,39.54592,0.282353,-0.4608,0,0.8875,528.7855,0,1,0,0,-0.8875,0,-0.4608,-1307.789,0,0,0,1
310.8241,528.9932,0,-1307.897,1.547206,1.547206,-0.994277,559.5132,0.25,-1333.238,39.31724,0.282353,-0.4606,0,0.8876,528.9932,0,1,0,0,-0.8876,0,-0.4606,-1307.897,0,0,0,1
310.8358,529.2003,0,-1308.005,1.548707,1.548707,-1.005263,559.5132,0.25,-1333.238,39.08923,0.282353,-0.4605,0,0.8877,529.2003,0,1,0,0,-0.8877,0,-0.4605,-1308.005,0,0,0,1
310.8471,529.407,0,-1308.112,1.5501,1.5501,-1.019912,559.5132,0.25,-1333.238,38.86182,0.282353,-0.4603,0,0.8878,529.407,0,1,0,0,-0.8878,0,-0.4603,-1308.112,0,0,0,1
310.8596,529.6132,0,-1308.219,1.551465,1.551465,-1.019912,559.5132,0.25,-1333.238,38.63508,0.282353,-0.4602,0,0.8878,529.6132,0,1,0,0,-0.8878,0,-0.4602,-1308.219,0,0,0,1
310.8701,530.024,0,-1308.431,1.553949,1.553949,-1.019912,559.5132,0.25,-1333.238,38.18359,0.282353,-0.4598,0,0.888,530.024,0,1,0,0,-0.888,0,-0.4598,-1308.431,0,0,0,1
310.8812,530.2288,0,-1308.537,1.555314,1.555314,-1.019912,559.5132,0.25,-1333.238,37.9586,0.282353,-0.4597,0,0.8881,530.2288,0,1,0,0,-0.8881,0,-0.4597,-1308.537,0,0,0,1
310.8927,530.433,0,-1308.643,1.556679,1.556679,-1.019912,559.5132,0.25,-1333.238,37.73425,0.282353,-0.4595,0,0.8882,530.433,0,1,0,0,-0.8882,0,-0.4595,-1308.643,0,0,0,1
310.9043,530.6367,0,-1308.748,1.55777,1.55777,-1.019912,559.5132,0.25,-1333.238,37.51073,0.282353,-0.4594,0,0.8882,530.6367,0,1,0,0,-0.8882,0,-0.4594,-1308.748,0,0,0,1
310.9154,530.84,0,-1308.853,1.55889,1.55889,-1.001601,559.5132,0.25,-1333.238,37.28774,0.282353,-0.4592,0,0.8883,530.84,0,1,0,0,-0.8883,0,-0.4592,-1308.853,0,0,0,1
310.9263,531.0427,0,-1308.958,1.559954,1.559954,-0.979629,559.5132,0.25,-1333.238,37.06543,0.282353,-0.4591,0,0.8884,531.0427,0,1,0,0,-0.8884,0,-0.4591,-1308.958,0,0,0,1
310.9379,531.2451,0,-1309.063,1.560909,1.560909,-0.957656,559.5132,0.25,-1333.238,36.84375,0.282353,-0.4589,0,0.8885,531.2451,0,1,0,0,-0.8885,0,-0.4589,-1309.063,0,0,0,1
310.9485,531.4469,0,-1309.167,1.562029,1.562029,-0.94667,559.5132,0.25,-1333.238,36.62252,0.282353,-0.4588,0,0.8886,531.4469,0,1,0,0,-0.8886,0,-0.4588,-1309.167,0,0,0,1
310.9595,531.6483,0,-1309.271,1.562984,1.562984,-0.910049,559.5132,0.25,-1333.238,36.40205,0.282353,-0.4586,0,0.8886,531.6483,0,1,0,0,-0.8886,0,-0.4586,-1309.271,0,0,0,1
310.9708,532.0495,0,-1309.478,1.564758,1.564758,-0.880752,559.5132,0.25,-1333.238,35.963,0.282353,-0.4584,0,0.8888,532.0495,0,1,0,0,-0.8888,0,-0.4584,-1309.478,0,0,0,1
310.9821,532.2494,0,-1309.581,1.565577,1.565577,-0.851455,559.5132,0.25,-1333.238,35.74442,0.282353,-0.4582,0,0.8888,532.2494,0,1,0,0,-0.8888,0,-0.4582,-1309.581,0,0,0,1
310.9928,532.4488,0,-1309.683,1.566396,1.566396,-0.789199,559.5132,0.25,-1333.238,35.52645,0.282353,-0.4581,0,0.8889,532.4488,0,1,0,0,-0.8889,0,-0.4581,-1309.683,0,0,0,1
311.008,532.6477,0,-1309.786,1.567106,1.567106,-0.715957,559.5132,0.25,-1333.238,35.30918,0.282353,-0.458,0,0.889,532.6477,0,1,0,0,-0.889,0,-0.458,-1309.786,0,0,0,1
311.0192,532.8461,0,-1309.888,1.567925,1.567925,-0.642707,559.5132,0.25,-1333.238,35.09251,0.282353,-0.4579,0,0.889,532.8461,0,1,0,0,-0.889,0,-0.4579,-1309.888,0,0,0,1
311.0275,533.0441,0,-1309.99,1.568635,1.568635,-0.565803,559.5132,0.25,-1333.238,34.87645,0.282353,-0.4578,0,0.8891,533.0441,0,1,0,0,-0.8891,0,-0.4578,-1309.99,0,0,0,1
311.0372,533.2415,0,-1310.092,1.569426,1.569426,-0.477912,559.5132,0.25,-1333.238,34.661,0.282353,-0.4577,0,0.8891,533.2415,0,1,0,0,-0.8891,0,-0.4577,-1310.092,0,0,0,1
311.0485,533.4384,0,-1310.193,1.570109,1.570109,-0.375373,559.5132,0.25,-1333.238,34.44629,0.282353,-0.4577,0,0.8891,533.4384,0,1,0,0,-0.8891,0,-0.4577,-1310.193,0,0,0,1
311.0598,533.6348,0,-1310.294,1.570682,1.570682,-0.228882,559.5132,0.25,-1333.238,34.23219,0.282353,-0.4576,0,0.8891,533.6348,0,1,0,0,-0.8891,0,-0.4576,-1310.294,0,0,0,1
311.071,534.0262,0,-1310.495,1.572156,1.572156,-0.064087,559.5132,0.25,-1333.238,33.80585,0.282353,-0.4576,0,0.8892,534.0262,0,1,0,0,-0.8892,0,-0.4576,-1310.495,0,0,0,1
311.0822,534.2211,0,-1310.596,1.572838,1.572838,0.089722,559.5132,0.25,-1333.238,33.59359,0.282353,-0.4576,0,0.8891,534.2211,0,1,0,0,-0.8891,0,-0.4576,-1310.596,0,0,0,1
311.0935,534.4155,0,-1310.696,1.573685,1.573685,0.258179,559.5132,0.25,-1333.238,33.38192,0.282353,-0.4577,0,0.8891,534.4155,0,1,0,0,-0.8891,0,-0.4577,-1310.696,0,0,0,1
311.1049,534.6094,0,-1310.796,1.574231,1.574231,0.488906,559.5132,0.25,-1333.238,33.17104,0.282353,-0.4577,0,0.8891,534.6094,0,1,0,0,-0.8891,0,-0.4577,-1310.796,0,0,0,1
311.116,534.8029,0,-1310.895,1.575049,1.575049,0.613418,559.5132,0.25,-1333.238,32.96068,0.282353,-0.4578,0,0.889,534.8029,0,1,0,0,-0.889,0,-0.4578,-1310.895,0,0,0,1
311.1283,534.9957,0,-1310.995,1.57576,1.57576,0.807509,559.5132,0.25,-1333.238,32.751,0.282353,-0.458,0,0.889,534.9957,0,1,0,0,-0.889,0,-0.458,-1310.995,0,0,0,1
311.1387,535.1881,0,-1311.094,1.576551,1.576551,1.019912,559.5132,0.25,-1333.238,32.54193,0.282353,-0.4581,0,0.8889,535.1881,0,1,0,0,-0.8889,0,-0.4581,-1311.094,0,0,0,1
311.1508,535.5712,0,-1311.292,1.578353,1.578353,1.184707,559.5132,0.25,-1333.238,32.12572,0.282353,-0.4585,0,0.8887,535.5712,0,1,0,0,-0.8887,0,-0.4585,-1311.292,0,0,0,1
311.1617,535.762,0,-1311.39,1.579417,1.579417,1.378798,559.5132,0.25,-1333.238,31.91853,0.282353,-0.4587,0,0.8886,535.762,0,1,0,0,-0.8886,0,-0.4587,-1311.39,0,0,0,1
311.1739,535.9523,0,-1311.488,1.580372,1.580372,1.591215,559.5132,0.25,-1333.238,31.71201,0.282353,-0.4589,0,0.8885,535.9523,0,1,0,0,-0.8885,0,-0.4589,-1311.488,0,0,0,1
311.1836,536.142,0,-1311.586,1.581355,1.581355,1.741362,559.5132,0.25,-1333.238,31.50616,0.282353,-0.4592,0,0.8883,536.142,0,1,0,0,-0.8883,0,-0.4592,-1311.586,0,0,0,1
311.1937,536.3312,0,-1311.684,1.582447,1.582447,1.884184,559.5132,0.25,-1333.238,31.30085,0.282353,-0.4595,0,0.8882,536.3312,0,1,0,0,-0.8882,0,-0.4595,-1311.684,0,0,0,1
311.2054,536.5198,0,-1311.782,1.583675,1.583675,1.983061,559.5132,0.25,-1333.238,31.09622,0.282353,-0.4598,0,0.888,536.5198,0,1,0,0,-0.888,0,-0.4598,-1311.782,0,0,0,1
311.2163,536.7079,0,-1311.879,1.584903,1.584903,2.129545,559.5132,0.25,-1333.238,30.89218,0.282353,-0.4601,0,0.8878,536.7079,0,1,0,0,-0.8878,0,-0.4601,-1311.879,0,0,0,1
311.2281,536.8955,0,-1311.977,1.586159,1.586159,2.268705,559.5132,0.25,-1333.238,30.68889,0.266667,-0.4605,0,0.8877,536.8955,0,1,0,0,-0.8877,0,-0.4605,-1311.977,0,0,0,1
311.2388,537.0826,0,-1312.074,1.587769,1.587769,2.40788,559.5132,0.25,-1333.238,30.48598,0.266667,-0.4609,0,0.8875,537.0826,0,1,0,0,-0.8875,0,-0.4609,-1312.074,0,0,0,1
311.2496,537.2691,0,-1312.171,1.589162,1.589162,2.514081,559.5132,0.25,-1333.238,30.28384,0.266667,-0.4613,0,0.8873,537.2691,0,1,0,0,-0.8873,0,-0.4613,-1312.171,0,0,0,1
311.2603,537.6406,0,-1312.364,1.592574,1.592574,2.623944,559.5132,0.25,-1333.238,29.88123,0.266667,-0.4621,0,0.8868,537.6406,0,1,0,0,-0.8868,0,-0.4621,-1312.364,0,0,0,1
311.2721,537.8256,0,-1312.461,1.594375,1.594375,2.788739,559.5132,0.25,-1333.238,29.68078,0.266667,-0.4625,0,0.8866,537.8256,0,1,0,0,-0.8866,0,-0.4625,-1312.461,0,0,0,1
311.2832,538.01,0,-1312.557,1.596286,1.596286,2.869306,559.5132,0.25,-1333.238,29.48104,0.266667,-0.4629,0,0.8864,538.01,0,1,0,0,-0.8864,0,-0.4629,-1312.557,0,0,0,1
311.2944,538.194,0,-1312.653,1.598225,1.598225,2.982831,559.5132,0.25,-1333.238,29.28178,0.266667,-0.4634,0,0.8861,538.194,0,1,0,0,-0.8861,0,-0.4634,-1312.653,0,0,0,1
311.3053,538.3774,0,-1312.749,1.600408,1.600408,3.129315,559.5132,0.25,-1333.238,29.08315,0.266667,-0.4639,0,0.8859,538.3774,0,1,0,0,-0.8859,0,-0.4639,-1312.749,0,0,0,1
311.3159,538.5604,0,-1312.845,1.602619,1.602619,3.246503,559.5132,0.25,-1333.238,28.88507,0.266667,-0.4644,0,0.8856,538.5604,0,1,0,0,-0.8856,0,-0.4644,-1312.845,0,0,0,1
311.3271,538.7427,0,-1312.941,1.605076,1.605076,3.418636,559.5132,0.25,-1333.238,28.6876,0.258824,-0.4649,0,0.8854,538.7427,0,1,0,0,-0.8854,0,-0.4649,-1312.941,0,0,0,1
311.343,539.1059,0,-1313.132,1.610017,1.610017,3.568783,559.5132,0.25,-1333.238,28.29457,0.258824,-0.466,0,0.8848,539.1059,0,1,0,0,-0.8848,0,-0.466,-1313.132,0,0,0,1
311.3536,539.2867,0,-1313.228,1.61209,1.61209,3.850765,559.5132,0.25,-1333.238,28.09893,0.25098,-0.4666,0,0.8845,539.2867,0,1,0,0,-0.8845,0,-0.4666,-1313.228,0,0,0,1
311.3618,539.467,0,-1313.323,1.613351,1.613351,4.074154,559.5132,0.25,-1333.238,27.90368,0.25098,-0.4673,0,0.8841,539.467,0,1,0,0,-0.8841,0,-0.4673,-1313.323,0,0,0,1
311.372,539.6468,0,-1313.418,1.614483,1.614483,4.209652,559.5132,0.25,-1333.238,27.70916,0.25098,-0.4679,0,0.8838,539.6468,0,1,0,0,-0.8838,0,-0.4679,-1313.418,0,0,0,1
311.3824,539.826,0,-1313.513,1.615867,1.615867,4.469676,559.5132,0.25,-1333.238,27.51516,0.25098,-0.4686,0,0.8834,539.826,0,1,0,0,-0.8834,0,-0.4686,-1313.513,0,0,0,1
311.3932,540.0048,0,-1313.608,1.617341,1.617341,4.700389,559.5132,0.25,-1333.238,27.32172,0.25098,-0.4693,0,0.883,540.0048,0,1,0,0,-0.883,0,-0.4693,-1313.608,0,0,0,1
311.4052,540.183,0,-1313.703,1.617465,1.617465,4.934764,559.5132,0.25,-1333.238,27.12879,0.243137,-0.4701,0,0.8826,540.183,0,1,0,0,-0.8826,0,-0.4701,-1313.703,0,0,0,1
311.416,540.3608,0,-1313.798,1.615826,1.615826,5.216761,559.5132,0.25,-1333.238,26.93643,0.235294,-0.4709,0,0.8822,540.3608,0,1,0,0,-0.8822,0,-0.4709,-1313.798,0,0,0,1
311.4266,540.538,0,-1313.893,1.614471,1.614471,5.509729,559.5132,0.25,-1333.238,26.74458,0.227451,-0.4717,0,0.8817,540.538,0,1,0,0,-0.8817,0,-0.4717,-1313.893,0,0,0,1
311.4379,540.7147,0,-1313.988,1.61331,1.61331,5.846643,559.5132,0.25,-1333.238,26.5533,0.219608,-0.4726,0,0.8813,540.7147,0,1,0,0,-0.8813,0,-0.4726,-1313.988,0,0,0,1
311.4488,540.8909,0,-1314.082,1.612324,1.612324,5.989466,559.5132,0.25,-1333.238,26.3625,0.211765,-0.4735,0,0.8808,540.8909,0,1,0,0,-0.8808,0,-0.4735,-1314.082,0,0,0,1
311.4598,541.0666,0,-1314.177,1.609282,1.609282,6.271462,559.5132,0.25,-1333.238,26.17217,0.211765,-0.4745,0,0.8803,541.0666,0,1,0,0,-0.8803,0,-0.4745,-1314.177,0,0,0,1
311.4716,541.4166,0,-1314.366,1.601439,1.601439,6.535134,559.5132,0.25,-1333.238,25.793,0.203922,-0.4765,0,0.8792,541.4166,0,1,0,0,-0.8792,0,-0.4765,-1314.366,0,0,0,1
311.4824,541.5909,0,-1314.461,1.598034,1.598034,6.751199,559.5132,0.25,-1333.238,25.60398,0.196078,-0.4776,0,0.8786,541.5909,0,1,0,0,-0.8786,0,-0.4776,-1314.461,0,0,0,1
311.4932,541.7648,0,-1314.556,1.59467,1.59467,6.992898,559.5132,0.25,-1333.238,25.41553,0.180392,-0.4786,0,0.878,541.7648,0,1,0,0,-0.878,0,-0.4786,-1314.556,0,0,0,1
311.5051,541.9382,0,-1314.651,1.589091,1.589091,7.241936,559.5132,0.25,-1333.238,25.22742,0.180392,-0.4797,0,0.8774,541.9382,0,1,0,0,-0.8774,0,-0.4797,-1314.651,0,0,0,1
311.5155,542.1111,0,-1314.746,1.58298,1.58298,7.381096,559.5132,0.25,-1333.238,25.03976,0.164706,-0.4809,0,0.8768,542.1111,0,1,0,0,-0.8768,0,-0.4809,-1314.746,0,0,0,1
311.5263,542.2837,0,-1314.841,1.577079,1.577079,7.542229,559.5132,0.25,-1333.238,24.85245,0.156863,-0.482,0,0.8762,542.2837,0,1,0,0,-0.8762,0,-0.482,-1314.841,0,0,0,1
311.5377,542.4559,0,-1314.936,1.57137,1.57137,7.710686,559.5132,0.25,-1333.238,24.66554,0.14902,-0.4832,0,0.8755,542.4559,0,1,0,0,-0.8755,0,-0.4832,-1314.936,0,0,0,1
311.5488,542.6276,0,-1315.031,1.565978,1.565978,7.83886,559.5132,0.25,-1333.238,24.47899,0.12549,-0.4844,0,0.8749,542.6276,0,1,0,0,-0.8749,0,-0.4844,-1315.031,0,0,0,1
311.5601,542.97,0,-1315.221,1.550058,1.550058,7.981696,559.5132,0.25,-1333.238,24.10681,0.117647,-0.4868,0,0.8735,542.97,0,1,0,0,-0.8735,0,-0.4868,-1315.221,0,0,0,1
311.5721,543.1408,0,-1315.317,1.542168,1.542168,8.095222,559.5132,0.25,-1333.238,23.92111,0.109804,-0.4881,0,0.8728,543.1408,0,1,0,0,-0.8728,0,-0.4881,-1315.317,0,0,0,1
311.5819,543.3112,0,-1315.412,1.534596,1.534596,8.194098,559.5132,0.25,-1333.238,23.73564,0.101961,-0.4893,0,0.8721,543.3112,0,1,0,0,-0.8721,0,-0.4893,-1315.412,0,0,0,1
311.5933,543.4813,0,-1315.508,1.527111,1.527111,8.267341,559.5132,0.25,-1333.238,23.55062,0.086275,-0.4906,0,0.8714,543.4813,0,1,0,0,-0.8714,0,-0.4906,-1315.508,0,0,0,1
311.6043,543.6511,0,-1315.604,1.517289,1.517289,8.358893,559.5132,0.25,-1333.238,23.36569,0.078431,-0.4918,0,0.8707,543.6511,0,1,0,0,-0.8707,0,-0.4918,-1315.604,0,0,0,1
311.6153,543.8206,0,-1315.7,1.507183,1.507183,8.406501,559.5132,0.25,-1333.238,23.18105,0.070588,-0.4931,0,0.87,543.8206,0,1,0,0,-0.87,0,-0.4931,-1315.7,0,0,0,1
311.6263,543.9899,0,-1315.796,1.497468,1.497468,8.465095,559.5132,0.25,-1333.238,22.99655,0.054902,-0.4944,0,0.8692,543.9899,0,1,0,0,-0.8692,0,-0.4944,-1315.796,0,0,0,1
311.6377,544.1589,0,-1315.893,1.487904,1.487904,8.560309,559.5132,0.25,-1333.238,22.8123,0.039216,-0.4957,0,0.8685,544.1589,0,1,0,0,-0.8685,0,-0.4957,-1315.893,0,0,0,1
311.6486,544.3281,0,-1315.99,1.478628,1.478628,8.629889,559.5132,0.25,-1333.238,22.62773,0.031373,-0.497,0,0.8677,544.3281,0,1,0,0,-0.8677,0,-0.497,-1315.99,0,0,0,1
311.6595,544.4975,0,-1316.087,1.466872,1.466872,8.721442,559.5132,0.25,-1333.238,22.4428,0,-0.4983,0,0.867,544.4975,0,1,0,0,-0.867,0,-0.4983,-1316.087,0,0,0,1
311.6743,544.8369,0,-1316.283,1.443025,1.443025,8.816657,559.5132,0.25,-1333.238,22.07212,0,-0.501,0,0.8655,544.8369,0,1,0,0,-0.8655,0,-0.501,-1316.283,0,0,0,1
311.6849,545.0069,0,-1316.382,1.431432,1.431432,8.985128,559.5132,0.25,-1333.238,21.88647,0,-0.5023,0,0.8647,545.0069,0,1,0,0,-0.8647,0,-0.5023,-1316.382,0,0,0,1
311.6931,545.1771,0,-1316.481,1.420162,1.420162,9.127951,559.5132,0.25,-1333.238,21.70042,0,-0.5037,0,0.8639,545.1771,0,1,0,0,-0.8639,0,-0.5037,-1316.481,0,0,0,1
311.7049,545.3474,0,-1316.581,1.406374,1.406374,9.2488,559.5132,0.25,-1333.238,21.51408,0,-0.5051,0,0.863,545.3474,0,1,0,0,-0.863,0,-0.5051,-1316.581,0,0,0,1
311.7155,545.5179,0,-1316.681,1.39234,1.39234,9.442892,559.5132,0.25,-1333.238,21.32744,0,-0.5065,0,0.8622,545.5179,0,1,0,0,-0.8622,0,-0.5065,-1316.681,0,0,0,1
311.7265,545.6887,0,-1316.782,1.378662,1.378662,9.593039,559.5132,0.25,-1333.238,21.14052,0,-0.508,0,0.8614,545.6887,0,1,0,0,-0.8614,0,-0.508,-1316.782,0,0,0,1
311.738,545.8596,0,-1316.883,1.365307,1.365307,9.801779,559.5132,0.25,-1333.238,20.95321,0,-0.5095,0,0.8605,545.8596,0,1,0,0,-0.8605,0,-0.5095,-1316.883,0,0,0,1
311.7493,546.0306,0,-1316.985,1.352005,1.352005,9.973912,559.5132,0.25,-1333.238,20.76581,0,-0.511,0,0.8596,546.0306,0,1,0,0,-0.8596,0,-0.511,-1316.985,0,0,0,1
311.7602,546.3732,0,-1317.189,1.320101,1.320101,10.13871,559.5132,0.25,-1333.238,20.39008,0,-0.514,0,0.8578,546.3732,0,1,0,0,-0.8578,0,-0.514,-1317.189,0,0,0,1
311.7722,546.5448,0,-1317.293,1.304521,1.304521,10.40604,559.5132,0.25,-1333.238,20.20172,0,-0.5156,0,0.8569,546.5448,0,1,0,0,-0.8569,0,-0.5156,-1317.293,0,0,0,1
311.783,546.7165,0,-1317.396,1.289329,1.289329,10.53055,559.5132,0.25,-1333.238,20.01312,0,-0.5171,0,0.8559,546.7165,0,1,0,0,-0.8559,0,-0.5171,-1317.396,0,0,0,1
311.7943,546.8883,0,-1317.501,1.274274,1.274274,10.68436,559.5132,0.25,-1333.238,19.82431,0,-0.5187,0,0.8549,546.8883,0,1,0,0,-0.8549,0,-0.5187,-1317.501,0,0,0,1
311.8052,547.0603,0,-1317.605,1.256201,1.256201,10.83452,559.5132,0.25,-1333.238,19.63524,0,-0.5203,0,0.854,547.0603,0,1,0,0,-0.854,0,-0.5203,-1317.605,0,0,0,1
311.8168,547.2324,0,-1317.711,1.238489,1.238489,10.9334,559.5132,0.25,-1333.238,19.44587,0,-0.522,0,0.853,547.2324,0,1,0,0,-0.853,0,-0.522,-1317.711,0,0,0,1
311.8281,547.4047,0,-1317.817,1.221166,1.221166,11.03228,559.5132,0.25,-1333.238,19.25628,0,-0.5236,0,0.852,547.4047,0,1,0,0,-0.852,0,-0.5236,-1317.817,0,0,0,1
311.8394,547.5771,0,-1317.923,1.204133,1.204133,11.10186,559.5132,0.25,-1333.238,19.06636,0,-0.5253,0,0.8509,547.5771,0,1,0,0,-0.8509,0,-0.5253,-1317.923,0,0,0,1
311.8498,547.7496,0,-1318.03,1.186898,1.186898,11.12383,559.5132,0.25,-1333.238,18.87624,0,-0.5269,0,0.8499,547.7496,0,1,0,0,-0.8499,0,-0.5269,-1318.03,0,0,0,1
311.861,548.0951,0,-1318.246,1.147711,1.147711,11.12383,559.5132,0.25,-1333.238,18.49524,0,-0.5302,0,0.8479,548.0951,0,1,0,0,-0.8479,0,-0.5302,-1318.246,0,0,0,1
311.8732,548.268,0,-1318.354,1.128736,1.128736,11.12383,559.5132,0.25,-1333.238,18.30438,0,-0.5318,0,0.8468,548.268,0,1,0,0,-0.8468,0,-0.5318,-1318.354,0,0,0,1
311.884,548.441,0,-1318.463,1.109955,1.109955,11.12383,559.5132,0.25,-1333.238,18.11333,0,-0.5335,0,0.8458,548.441,0,1,0,0,-0.8458,0,-0.5335,-1318.463,0,0,0,1
311.8947,548.6141,0,-1318.573,1.090333,1.090333,11.12383,559.5132,0.25,-1333.238,17.92216,0,-0.5351,0,0.8448,548.6141,0,1,0,0,-0.8448,0,-0.5351,-1318.573,0,0,0,1
311.9057,548.7875,0,-1318.683,1.068946,1.068946,11.12383,559.5132,0.25,-1333.238,17.73056,0,-0.5368,0,0.8437,548.7875,0,1,0,0,-0.8437,0,-0.5368,-1318.683,0,0,0,1
311.9174,548.9609,0,-1318.794,1.047791,1.047791,11.12383,559.5132,0.25,-1333.238,17.53884,0,-0.5384,0,0.8427,548.9609,0,1,0,0,-0.8427,0,-0.5384,-1318.794,0,0,0,1
311.9283,549.1344,0,-1318.906,1.026891,1.026891,11.12383,559.5132,0.25,-1333.238,17.34698,0,-0.54,0,0.8416,549.1344,0,1,0,0,-0.8416,0,-0.54,-1318.906,0,0,0,1
311.9397,549.308,0,-1319.017,1.006455,1.006455,11.12383,559.5132,0.25,-1333.238,17.15488,0,-0.5417,0,0.8406,549.308,0,1,0,0,-0.8406,0,-0.5417,-1319.017,0,0,0,1
311.9501,549.6557,0,-1319.243,0.961195,0.961195,11.12383,559.5132,0.25,-1333.238,16.77011,0,-0.5449,0,0.8385,549.6557,0,1,0,0,-0.8385,0,-0.5449,-1319.243,0,0,0,1
311.9603,549.8297,0,-1319.356,0.938129,0.938129,11.12383,559.5132,0.25,-1333.238,16.57768,0,-0.5466,0,0.8374,549.8297,0,1,0,0,-0.8374,0,-0.5466,-1319.356,0,0,0,1
311.9716,550.0038,0,-1319.471,0.915489,0.915489,11.12383,559.5132,0.25,-1333.238,16.38489,0,-0.5482,0,0.8364,550.0038,0,1,0,0,-0.8364,0,-0.5482,-1319.471,0,0,0,1
311.9835,550.1781,0,-1319.585,0.893182,0.893182,11.12383,559.5132,0.25,-1333.238,16.19194,0,-0.5498,0,0.8353,550.1781,0,1,0,0,-0.8353,0,-0.5498,-1319.585,0,0,0,1
311.9942,550.3525,0,-1319.701,0.868412,0.868412,11.1458,559.5132,0.25,-1333.238,15.99891,0,-0.5514,0,0.8342,550.3525,0,1,0,0,-0.8342,0,-0.5514,-1319.701,0,0,0,1
312.0089,550.5269,0,-1319.816,0.8434,0.8434,11.19341,559.5132,0.25,-1333.238,15.80575,0,-0.5531,0,0.8331,550.5269,0,1,0,0,-0.8331,0,-0.5531,-1319.816,0,0,0,1
312.0193,550.7015,0,-1319.933,0.818548,0.818548,11.24834,559.5132,0.25,-1333.238,15.61253,0,-0.5547,0,0.8321,550.7015,0,1,0,0,-0.8321,0,-0.5547,-1319.933,0,0,0,1
312.0272,550.8762,0,-1320.05,0.794123,0.794123,11.36553,559.5132,0.25,-1333.238,15.41916,0,-0.5563,0,0.831,550.8762,0,1,0,0,-0.831,0,-0.5563,-1320.05,0,0,0,1
312.0389,551.0509,0,-1320.167,0.769962,0.769962,11.50469,559.5132,0.25,-1333.238,15.22569,0,-0.558,0,0.8298,551.0509,0,1,0,0,-0.8298,0,-0.558,-1320.167,0,0,0,1
312.0493,551.2258,0,-1320.285,0.74265,0.74265,11.7464,559.5132,0.25,-1333.238,15.03211,0,-0.5597,0,0.8287,551.2258,0,1,0,0,-0.8287,0,-0.5597,-1320.285,0,0,0,1
312.061,551.5757,0,-1320.523,0.68912,0.68912,11.99176,559.5132,0.25,-1333.238,14.64503,0,-0.5632,0,0.8263,551.5757,0,1,0,0,-0.8263,0,-0.5632,-1320.523,0,0,0,1
312.0711,551.7508,0,-1320.643,0.662995,0.662995,12.35065,559.5132,0.25,-1333.238,14.45134,0,-0.565,0,0.8251,551.7508,0,1,0,0,-0.8251,0,-0.565,-1320.643,0,0,0,1
312.0822,551.926,0,-1320.764,0.635897,0.635897,12.70589,559.5132,0.25,-1333.238,14.25762,0,-0.5668,0,0.8239,551.926,0,1,0,0,-0.8239,0,-0.5668,-1320.764,0,0,0,1
312.0933,552.1012,0,-1320.885,0.607055,0.607055,13.15999,559.5132,0.25,-1333.238,14.06389,0,-0.5687,0,0.8226,552.1012,0,1,0,0,-0.8226,0,-0.5687,-1320.885,0,0,0,1
312.1046,552.2764,0,-1321.006,0.578631,0.578631,13.73862,559.5132,0.25,-1333.238,13.87009,0,-0.5706,0,0.8212,552.2764,0,1,0,0,-0.8212,0,-0.5706,-1321.006,0,0,0,1
312.1155,552.4517,0,-1321.129,0.550635,0.550635,14.07919,559.5132,0.25,-1333.238,13.67632,0,-0.5727,0,0.8198,552.4517,0,1,0,0,-0.8198,0,-0.5727,-1321.129,0,0,0,1
312.1265,552.627,0,-1321.252,0.523018,0.523018,14.53697,559.5132,0.25,-1333.238,13.48262,0,-0.5747,0,0.8183,552.627,0,1,0,0,-0.8183,0,-0.5747,-1321.252,0,0,0,1
312.138,552.8023,0,-1321.376,0.493515,0.493515,15.1046,559.5132,0.25,-1333.238,13.28891,0,-0.5769,0,0.8168,552.8023,0,1,0,0,-0.8168,0,-0.5769,-1321.376,0,0,0,1
312.1489,552.9776,0,-1321.5,0.463299,0.463299,15.65759,559.5132,0.25,-1333.238,13.0952,0,-0.5791,0,0.8152,552.9776,0,1,0,0,-0.8152,0,-0.5791,-1321.5,0,0,0,1
312.1599,553.1528,0,-1321.625,0.433683,0.433683,16.12268,559.5132,0.25,-1333.238,12.90156,0,-0.5814,0,0.8136,553.1528,0,1,0,0,-0.8136,0,-0.5814,-1321.625,0,0,0,1
312.1717,553.5032,0,-1321.878,0.375957,0.375957,16.78554,559.5132,0.25,-1333.238,12.51459,0,-0.5862,0,0.8102,553.5032,0,1,0,0,-0.8102,0,-0.5862,-1321.878,0,0,0,1
312.1829,553.6783,0,-1322.006,0.344373,0.344373,17.14808,559.5132,0.25,-1333.238,12.32112,0,-0.5886,0,0.8084,553.6783,0,1,0,0,-0.8084,0,-0.5886,-1322.006,0,0,0,1
312.1934,553.8534,0,-1322.134,0.313301,0.313301,17.70108,559.5132,0.25,-1333.238,12.12792,0,-0.5911,0,0.8066,553.8534,0,1,0,0,-0.8066,0,-0.5911,-1322.134,0,0,0,1
312.2053,554.0283,0,-1322.263,0.283002,0.283002,18.18447,559.5132,0.25,-1333.238,11.93471,0,-0.5937,0,0.8047,554.0283,0,1,0,0,-0.8047,0,-0.5937,-1322.263,0,0,0,1
312.2158,554.2032,0,-1322.393,0.253346,0.253346,18.78141,559.5132,0.25,-1333.238,11.74172,0,-0.5963,0,0.8028,554.2032,0,1,0,0,-0.8028,0,-0.5963,-1322.393,0,0,0,1
312.2267,554.3779,0,-1322.524,0.222698,0.222698,19.27948,559.5132,0.25,-1333.238,11.54888,0,-0.599,0,0.8008,554.3779,0,1,0,0,-0.8008,0,-0.599,-1322.524,0,0,0,1
312.2379,554.5525,0,-1322.655,0.190678,0.190678,19.88372,559.5132,0.25,-1333.238,11.35627,0,-0.6018,0,0.7987,554.5525,0,1,0,0,-0.7987,0,-0.6018,-1322.655,0,0,0,1
312.2491,554.7269,0,-1322.788,0.159345,0.159345,20.38911,559.5132,0.25,-1333.238,11.16388,0,-0.6046,0,0.7965,554.7269,0,1,0,0,-0.7965,0,-0.6046,-1322.788,0,0,0,1
312.26,554.9012,0,-1322.921,0.128701,0.128701,21.00434,559.5132,0.25,-1333.238,10.97177,0,-0.6075,0,0.7943,554.9012,0,1,0,0,-0.7943,0,-0.6075,-1322.921,0,0,0,1
312.2711,555.2491,0,-1323.19,0.066614,0.066614,21.70382,559.5132,0.25,-1333.238,10.58847,0,-0.6135,0,0.7897,555.2491,0,1,0,0,-0.7897,0,-0.6135,-1323.19,0,0,0,1
312.2821,555.4229,0,-1323.326,0.034493,0.034493,22.09568,559.5132,0.25,-1333.238,10.39735,0,-0.6166,0,0.7873,555.4229,0,1,0,0,-0.7873,0,-0.6166,-1323.326,0,0,0,1
312.2931,555.5963,0,-1323.463,0.003151,0.003151,22.67063,559.5132,0.25,-1333.238,10.20661,0,-0.6197,0,0.7849,555.5963,0,1,0,0,-0.7849,0,-0.6197,-1323.463,0,0,0,1
312.3046,555.7695,0,-1323.601,0.027284,-0.027284,23.10644,559.5132,0.25,-1333.238,10.01627,0,-0.6228,0,0.7824,555.7695,0,1,0,0,-0.7824,0,-0.6228,-1323.601,0,0,0,1
312.3159,555.9425,0,-1323.74,0.057881,-0.057881,23.64477,559.5132,0.25,-1333.238,9.826404,0,-0.626,0,0.7798,555.9425,0,1,0,0,-0.7798,0,-0.626,-1323.74,0,0,0,1
312.3267,556.1152,0,-1323.88,0.090367,-0.090367,24.08057,559.5132,0.25,-1333.238,9.637078,0,-0.6293,0,0.7771,556.1152,0,1,0,0,-0.7771,0,-0.6293,-1323.88,0,0,0,1
312.3414,556.4596,0,-1324.163,0.152785,-0.152785,24.75074,559.5132,0.25,-1333.238,9.2603,0,-0.636,0,0.7717,556.4596,0,1,0,0,-0.7717,0,-0.636,-1324.163,0,0,0,1
312.352,556.6313,0,-1324.305,0.182589,-0.182589,25.15725,559.5132,0.25,-1333.238,9.07298,0,-0.6394,0,0.7689,556.6313,0,1,0,0,-0.7689,0,-0.6394,-1324.305,0,0,0,1
312.3603,556.8029,0,-1324.449,0.21427,-0.21427,25.63698,559.5132,0.25,-1333.238,8.886338,0,-0.6428,0,0.766,556.8029,0,1,0,0,-0.766,0,-0.6428,-1324.449,0,0,0,1
312.3715,556.9739,0,-1324.594,0.246095,-0.246095,25.93363,559.5132,0.25,-1333.238,8.700642,0,-0.6463,0,0.7631,556.9739,0,1,0,0,-0.7631,0,-0.6463,-1324.594,0,0,0,1
312.3825,557.1447,0,-1324.74,0.276963,-0.276963,26.31449,559.5132,0.25,-1333.238,8.515792,0,-0.6498,0,0.7601,557.1447,0,1,0,0,-0.7601,0,-0.6498,-1324.74,0,0,0,1
312.3938,557.3149,0,-1324.887,0.306793,-0.306793,26.74663,559.5132,0.25,-1333.238,8.332064,0,-0.6533,0,0.7571,557.3149,0,1,0,0,-0.7571,0,-0.6533,-1324.887,0,0,0,1
312.405,557.4849,0,-1325.035,0.336368,-0.336368,27.17144,559.5132,0.25,-1333.238,8.149411,0,-0.6569,0,0.754,557.4849,0,1,0,0,-0.754,0,-0.6569,-1325.035,0,0,0,1
312.4164,557.6544,0,-1325.184,0.368106,-0.368106,27.50835,559.5132,0.25,-1333.238,7.967944,0,-0.6605,0,0.7508,557.6544,0,1,0,0,-0.7508,0,-0.6605,-1325.184,0,0,0,1
312.4271,557.8235,0,-1325.335,0.398761,-0.398761,27.87091,559.5132,0.25,-1333.238,7.787796,0,-0.6642,0,0.7476,557.8235,0,1,0,0,-0.7476,0,-0.6642,-1325.335,0,0,0,1
312.4385,557.9922,0,-1325.486,0.428363,-0.428363,28.2591,559.5132,0.25,-1333.238,7.60911,0,-0.6678,0,0.7443,557.9922,0,1,0,0,-0.7443,0,-0.6678,-1325.486,0,0,0,1
312.4501,558.3281,0,-1325.792,0.487135,-0.487135,28.47882,559.5132,0.25,-1333.238,7.25667,0,-0.6752,0,0.7376,558.3281,0,1,0,0,-0.7376,0,-0.6752,-1325.792,0,0,0,1
312.4605,558.4954,0,-1325.947,0.517449,-0.517449,28.78279,559.5132,0.25,-1333.238,7.08325,0,-0.6789,0,0.7342,558.4954,0,1,0,0,-0.7342,0,-0.6789,-1325.947,0,0,0,1
312.4718,558.6621,0,-1326.103,0.546708,-0.546708,29.00984,559.5132,0.25,-1333.238,6.911932,0,-0.6826,0,0.7308,558.6621,0,1,0,0,-0.7308,0,-0.6826,-1326.103,0,0,0,1
312.4836,558.8284,0,-1326.259,0.574879,-0.574879,29.24055,559.5132,0.25,-1333.238,6.74292,0,-0.6863,0,0.7273,558.8284,0,1,0,0,-0.7273,0,-0.6863,-1326.259,0,0,0,1
312.4939,558.9941,0,-1326.417,0.602791,-0.602791,29.48225,559.5132,0.25,-1333.238,6.576312,0,-0.6901,0,0.7237,558.9941,0,1,0,0,-0.7237,0,-0.6901,-1326.417,0,0,0,1
312.5051,559.1593,0,-1326.577,0.632679,-0.632679,29.76425,559.5132,0.25,-1333.238,6.412464,0,-0.6938,0,0.7201,559.1593,0,1,0,0,-0.7201,0,-0.6938,-1326.577,0,0,0,1
312.5163,559.324,0,-1326.737,0.661385,-0.661385,29.90707,559.5132,0.25,-1333.238,6.251343,0,-0.6976,0,0.7165,559.324,0,1,0,0,-0.7165,0,-0.6976,-1326.737,0,0,0,1
312.5273,559.4881,0,-1326.898,0.688955,-0.688955,30.10483,559.5132,0.25,-1333.238,6.089844,0,-0.7013,0,0.7128,559.4881,0,1,0,0,-0.7128,0,-0.7013,-1326.898,0,0,0,1
312.5386,559.6516,0,-1327.061,0.715293,-0.715293,30.24765,559.5132,0.25,-1333.238,5.927246,0,-0.7051,0,0.7091,559.6516,0,1,0,0,-0.7091,0,-0.7051,-1327.061,0,0,0,1
312.5495,559.8146,0,-1327.225,0.743799,-0.743799,30.41977,559.5132,0.25,-1333.238,5.763778,0,-0.7088,0,0.7054,559.8146,0,1,0,0,-0.7054,0,-0.7088,-1327.225,0,0,0,1
312.5605,560.1387,0,-1327.556,0.798647,-0.798647,30.56627,559.5132,0.25,-1333.238,5.445574,0,-0.7163,0,0.6978,560.1387,0,1,0,0,-0.6978,0,-0.7163,-1327.556,0,0,0,1
312.5721,560.2998,0,-1327.723,0.82422,-0.82422,30.73106,559.5132,0.25,-1333.238,5.292649,0,-0.7201,0,0.6939,560.2998,0,1,0,0,-0.6939,0,-0.7201,-1327.723,0,0,0,1
312.5829,560.4603,0,-1327.891,0.850329,-0.850329,30.89586,559.5132,0.25,-1333.238,5.144492,0,-0.7238,0,0.69,560.4603,0,1,0,0,-0.69,0,-0.7238,-1327.891,0,0,0,1
312.594,560.6202,0,-1328.061,0.877568,-0.877568,31.02037,559.5132,0.25,-1333.238,5.001449,0,-0.7275,0,0.6861,560.6202,0,1,0,0,-0.6861,0,-0.7275,-1328.061,0,0,0,1
312.6052,560.7794,0,-1328.231,0.903574,-0.903574,31.18517,559.5132,0.25,-1333.238,4.864152,0,-0.7312,0,0.6821,560.7794,0,1,0,0,-0.6821,0,-0.7312,-1328.231,0,0,0,1
312.6169,560.9379,0,-1328.403,0.928343,-0.928343,31.26207,559.5132,0.25,-1333.238,4.733048,0,-0.7349,0,0.6781,560.9379,0,1,0,0,-0.6781,0,-0.7349,-1328.403,0,0,0,1
312.6272,561.0958,0,-1328.576,0.952097,-0.952097,31.38292,559.5132,0.25,-1333.238,4.60884,0,-0.7386,0,0.6741,561.0958,0,1,0,0,-0.6741,0,-0.7386,-1328.576,0,0,0,1
312.6385,561.253,0,-1328.75,0.978496,-0.978496,31.46716,559.5132,0.25,-1333.238,4.492019,0,-0.7423,0,0.67,561.253,0,1,0,0,-0.67,0,-0.7423,-1328.75,0,0,0,1
312.6497,561.4095,0,-1328.926,1.003658,-1.003658,31.55139,559.5132,0.25,-1333.238,4.383379,0,-0.746,0,0.6659,561.4095,0,1,0,0,-0.6659,0,-0.746,-1328.926,0,0,0,1
312.6606,561.7203,0,-1329.28,1.050173,-1.050173,31.6466,559.5132,0.25,-1333.238,4.193119,0,-0.7533,0,0.6576,561.7203,0,1,0,0,-0.6576,0,-0.7533,-1329.28,0,0,0,1
312.6752,561.8747,0,-1329.459,1.074295,-1.074295,31.78943,559.5132,0.25,-1333.238,4.112892,0,-0.757,0,0.6535,561.8747,0,1,0,0,-0.6535,0,-0.757,-1329.459,0,0,0,1
312.6857,562.0283,0,-1329.639,1.098524,-1.098524,31.86267,559.5132,0.25,-1333.238,4.043569,0,-0.7606,0,0.6492,562.0283,0,1,0,0,-0.6492,0,-0.7606,-1329.639,0,0,0,1
312.6939,562.1812,0,-1329.82,1.121395,-1.121395,31.95422,559.5132,0.25,-1333.238,3.985649,0,-0.7642,0,0.645,562.1812,0,1,0,0,-0.645,0,-0.7642,-1329.82,0,0,0,1
312.7051,562.3333,0,-1330.002,1.142927,-1.142927,32.02014,559.5132,0.25,-1333.238,3.939843,0,-0.7678,0,0.6407,562.3333,0,1,0,0,-0.6407,0,-0.7678,-1330.002,0,0,0,1
312.7165,562.4846,0,-1330.186,1.164775,-1.164775,32.07874,559.5132,0.25,-1333.238,3.906516,0,-0.7714,0,0.6364,562.4846,0,1,0,0,-0.6364,0,-0.7714,-1330.186,0,0,0,1
312.7282,562.6351,0,-1330.37,1.187958,-1.187958,32.16296,559.5132,0.25,-1333.238,3.886196,0,-0.7749,0,0.6321,562.6351,0,1,0,0,-0.6321,0,-0.7749,-1330.37,0,0,0,1
312.7386,562.7849,0,-1330.556,1.209801,-1.209801,32.24353,559.5132,0.25,-1333.238,3.879035,0,-0.7785,0,0.6277,562.7849,0,1,0,0,-0.6277,0,-0.7785,-1330.556,0,0,0,1
312.7496,562.9339,0,-1330.743,1.230303,-1.230303,32.33508,559.5132,0.25,-1333.238,3.88526,0,-0.782,0,0.6233,562.9339,0,1,0,0,-0.6233,0,-0.782,-1330.743,0,0,0,1
312.7607,563.2294,0,-1331.12,1.271945,-1.271945,32.41566,559.5132,0.25,-1333.238,3.937578,0,-0.789,0,0.6144,563.2294,0,1,0,0,-0.6144,0,-0.789,-1331.12,0,0,0,1
312.7718,563.3759,0,-1331.31,1.292648,-1.292648,32.55116,559.5132,0.25,-1333.238,3.983285,0,-0.7925,0,0.6099,563.3759,0,1,0,0,-0.6099,0,-0.7925,-1331.31,0,0,0,1
