time,pos_x,pos_y,pos_z,distFromRoadCenter,signedDistFromRoadCenter,wheelAngle,obstacle_pos_x,obstacle_pos_y,obstacle_pos_z,distance_to_obstacle,brake_position,simplecar_4x4_R0C0,simplecar_4x4_R0C1,simplecar_4x4_R0C2,simplecar_4x4_R0C3,simplecar_4x4_R1C0,simplecar_4x4_R1C1,simplecar_4x4_R1C2,simplecar_4x4_R1C3,simplecar_4x4_R2C0,simplecar_4x4_R2C1,simplecar_4x4_R2C2,simplecar_4x4_R2C3,simplecar_4x4_R3C0,simplecar_4x4_R3C1,simplecar_4x4_R3C2,simplecar_4x4_R3C3
56.26041,319.905,0,-232.0347,2.318679,2.318679,-1.1957,205.3435,0.25,16.65362,273.4753,0,-0.0032,0,1,319.905,0,1,0,0,-1,0,-0.0032,-232.0347,0,0,0,1
56.27145,320.155,0,-232.0354,2.32144,2.32144,-1.1957,205.3435,0.25,16.65362,273.5805,0,-0.003,0,1,320.155,0,1,0,0,-1,0,-0.003,-232.0354,0,0,0,1
56.28282,320.405,0,-232.0361,2.324157,2.324157,-1.192038,205.3435,0.25,16.65362,273.6859,0,-0.0028,0,1,320.405,0,1,0,0,-1,0,-0.0028,-232.0361,0,0,0,1
56.29382,320.655,0,-232.0367,2.326796,2.326796,-1.188376,205.3435,0.25,16.65362,273.7915,0,-0.0026,0,1,320.655,0,1,0,0,-1,0,-0.0026,-232.0367,0,0,0,1
56.30587,320.905,0,-232.0373,2.329391,2.329391,-1.148086,205.3435,0.25,16.65362,273.8972,0,-0.0024,0,1,320.905,0,1,0,0,-1,0,-0.0024,-232.0373,0,0,0,1
56.31955,321.155,0,-232.0379,2.331954,2.331954,-1.144423,205.3435,0.25,16.65362,274.003,0,-0.0022,0,1,321.155,0,1,0,0,-1,0,-0.0022,-232.0379,0,0,0,1
56.32732,321.405,0,-232.0384,2.334456,2.334456,-1.122451,205.3435,0.25,16.65362,274.109,0,-0.002,0,1,321.405,0,1,0,0,-1,0,-0.002,-232.0384,0,0,0,1
56.33799,321.655,0,-232.0388,2.336913,2.336913,-1.118789,205.3435,0.25,16.65362,274.2151,0,-0.0018,0,1,321.655,0,1,0,0,-1,0,-0.0018,-232.0388,0,0,0,1
56.34917,321.905,0,-232.0392,2.339324,2.339324,-1.100478,205.3435,0.25,16.65362,274.3214,0,-0.0016,0,1,321.905,0,1,0,0,-1,0,-0.0016,-232.0392,0,0,0,1
56.36053,322.405,0,-232.0399,2.343993,2.343993,-1.096816,205.3435,0.25,16.65362,274.5344,0,-0.0012,0,1,322.405,0,1,0,0,-1,0,-0.0012,-232.0399,0,0,0,1
56.37145,322.655,0,-232.0401,2.346267,2.346267,-1.096816,205.3435,0.25,16.65362,274.6411,0,-0.001,0,1,322.655,0,1,0,0,-1,0,-0.001,-232.0401,0,0,0,1
56.38245,322.905,0,-232.0403,2.348495,2.348495,-1.096816,205.3435,0.25,16.65362,274.7479,0,-0.0008,0,1,322.905,0,1,0,0,-1,0,-0.0008,-232.0403,0,0,0,1
56.39357,323.155,0,-232.0405,2.350662,2.350662,-1.096816,205.3435,0.25,16.65362,274.8549,0,-0.0006,0,1,323.155,0,1,0,0,-1,0,-0.0006,-232.0405,0,0,0,1
56.40475,323.405,0,-232.0406,2.352783,2.352783,-1.096816,205.3435,0.25,16.65362,274.962,0,-0.0004,0,1,323.405,0,1,0,0,-1,0,-0.0004,-232.0406,0,0,0,1
56.41584,323.655,0,-232.0406,2.354828,2.354828,-1.096816,205.3435,0.25,16.65362,275.0692,0,-0.0003,0,1,323.655,0,1,0,0,-1,0,-0.0003,-232.0406,0,0,0,1
56.42682,323.905,0,-232.0407,2.356873,2.356873,-1.096816,205.3435,0.25,16.65362,275.1767,0,-0.0001,0,1,323.905,0,1,0,0,-1,0,-0.0001,-232.0407,0,0,0,1
56.43801,324.155,0,-232.0406,2.358856,2.358856,-1.096816,205.3435,0.25,16.65362,275.2842,0,0.0001,0,1,324.155,0,1,0,0,-1,0,0.0001,-232.0406,0,0,0,1
56.44908,324.405,0,-232.0406,2.360794,2.360794,-1.096816,205.3435,0.25,16.65362,275.3919,0,0.0003,0,1,324.405,0,1,0,0,-1,0,0.0003,-232.0406,0,0,0,1
56.46019,324.905,0,-232.0403,2.364502,2.364502,-1.096816,205.3435,0.25,16.65362,275.6077,0,0.0007,0,1,324.905,0,1,0,0,-1,0,0.0007,-232.0403,0,0,0,1
56.47141,325.1551,0,-232.04,2.366287,2.366287,-1.096816,205.3435,0.25,16.65362,275.7159,0,0.0009,0,1,325.1551,0,1,0,0,-1,0,0.0009,-232.04,0,0,0,1
56.48257,325.405,0,-232.0398,2.368012,2.368012,-1.096816,205.3435,0.25,16.65362,275.8241,0,0.0011,0,1,325.405,0,1,0,0,-1,0,0.0011,-232.0398,0,0,0,1
56.49339,325.655,0,-232.0394,2.36969,2.36969,-1.096816,205.3435,0.25,16.65362,275.9325,0,0.0013,0,1,325.655,0,1,0,0,-1,0,0.0013,-232.0394,0,0,0,1
56.50455,325.905,0,-232.0391,2.371353,2.371353,-1.096816,205.3435,0.25,16.65362,276.041,0,0.0015,0,1,325.905,0,1,0,0,-1,0,0.0015,-232.0391,0,0,0,1
56.51569,326.155,0,-232.0387,2.372956,2.372956,-1.096816,205.3435,0.25,16.65362,276.1497,0,0.0017,0,1,326.155,0,1,0,0,-1,0,0.0017,-232.0387,0,0,0,1
56.5267,326.405,0,-232.0382,2.374497,2.374497,-1.096816,205.3435,0.25,16.65362,276.2585,0,0.0019,0,1,326.405,0,1,0,0,-1,0,0.0019,-232.0382,0,0,0,1
56.54172,326.905,0,-232.0371,2.377442,2.377442,-1.096816,205.3435,0.25,16.65362,276.4766,0,0.0022,0,1,326.905,0,1,0,0,-1,0,0.0022,-232.0371,0,0,0,1
56.55199,327.155,0,-232.0365,2.378846,2.378846,-1.096816,205.3435,0.25,16.65362,276.5858,0,0.0024,0,1,327.155,0,1,0,0,-1,0,0.0024,-232.0365,0,0,0,1
56.56033,327.405,0,-232.0359,2.380189,2.380189,-1.096816,205.3435,0.25,16.65362,276.6952,0,0.0026,0,1,327.405,0,1,0,0,-1,0,0.0026,-232.0359,0,0,0,1
56.57108,327.655,0,-232.0351,2.381485,2.381485,-1.096816,205.3435,0.25,16.65362,276.8047,0,0.0028,0,1,327.655,0,1,0,0,-1,0,0.0028,-232.0351,0,0,0,1
56.58231,327.905,0,-232.0344,2.382767,2.382767,-1.096816,205.3435,0.25,16.65362,276.9144,0,0.003,0,1,327.905,0,1,0,0,-1,0,0.003,-232.0344,0,0,0,1
56.5934,328.155,0,-232.0336,2.383973,2.383973,-1.096816,205.3435,0.25,16.65362,277.0242,0,0.0032,0,1,328.155,0,1,0,0,-1,0,0.0032,-232.0336,0,0,0,1
56.6046,328.405,0,-232.0328,2.385148,2.385148,-1.096816,205.3435,0.25,16.65362,277.1341,0,0.0034,0,1,328.405,0,1,0,0,-1,0,0.0034,-232.0328,0,0,0,1
56.6158,328.655,0,-232.0319,2.386262,2.386262,-1.096816,205.3435,0.25,16.65362,277.2442,0,0.0036,0,1,328.655,0,1,0,0,-1,0,0.0036,-232.0319,0,0,0,1
56.62685,328.905,0,-232.0309,2.38733,2.38733,-1.096816,205.3435,0.25,16.65362,277.3544,0,0.0038,0,1,328.905,0,1,0,0,-1,0,0.0038,-232.0309,0,0,0,1
56.63832,329.155,0,-232.0299,2.388337,2.388337,-1.096816,205.3435,0.25,16.65362,277.4648,0,0.004,0,1,329.155,0,1,0,0,-1,0,0.004,-232.0299,0,0,0,1
56.64942,329.405,0,-232.0289,2.389298,2.389298,-1.096816,205.3435,0.25,16.65362,277.5753,0,0.0042,0,1,329.405,0,1,0,0,-1,0,0.0042,-232.0289,0,0,0,1
56.66035,329.905,0,-232.0267,2.391114,2.391114,-1.096816,205.3435,0.25,16.65362,277.7967,0,0.0045,0,1,329.905,0,1,0,0,-1,0,0.0045,-232.0267,0,0,0,1
56.67152,330.155,0,-232.0255,2.391938,2.391938,-1.096816,205.3435,0.25,16.65362,277.9076,0,0.0047,0,1,330.155,0,1,0,0,-1,0,0.0047,-232.0255,0,0,0,1
56.68255,330.405,0,-232.0243,2.392701,2.392701,-1.096816,205.3435,0.25,16.65362,278.0186,0,0.0049,0,1,330.405,0,1,0,0,-1,0,0.0049,-232.0243,0,0,0,1
56.69376,330.655,0,-232.023,2.393434,2.393434,-1.096816,205.3435,0.25,16.65362,278.1298,0,0.0051,0,1,330.655,0,1,0,0,-1,0,0.0051,-232.023,0,0,0,1
56.70506,330.905,0,-232.0217,2.394136,2.394136,-1.093154,205.3435,0.25,16.65362,278.2411,0,0.0053,0,1,330.905,0,1,0,0,-1,0,0.0053,-232.0217,0,0,0,1
56.71603,331.155,0,-232.0203,2.394777,2.394777,-1.027236,205.3435,0.25,16.65362,278.3526,0,0.0055,0,1,331.155,0,1,0,0,-1,0,0.0055,-232.0203,0,0,0,1
56.72711,331.405,0,-232.0189,2.395356,2.395356,-0.983291,205.3435,0.25,16.65362,278.4642,0,0.0057,0,1,331.405,0,1,0,0,-1,0,0.0057,-232.0189,0,0,0,1
56.73837,331.655,0,-232.0174,2.395921,2.395921,-0.880752,205.3435,0.25,16.65362,278.5759,0,0.0058,0,1,331.655,0,1,0,0,-1,0,0.0058,-232.0174,0,0,0,1
56.75018,332.155,0,-232.0144,2.396943,2.396943,-0.781875,205.3435,0.25,16.65362,278.7998,0,0.0061,0,1,332.155,0,1,0,0,-1,0,0.0061,-232.0144,0,0,0,1
56.76033,332.4051,0,-232.0129,2.397416,2.397416,-0.620735,205.3435,0.25,16.65362,278.9121,0,0.0062,0,1,332.4051,0,1,0,0,-1,0,0.0062,-232.0129,0,0,0,1
56.77166,332.655,0,-232.0113,2.397859,2.397859,-0.470588,205.3435,0.25,16.65362,279.0244,0,0.0063,0,1,332.655,0,1,0,0,-1,0,0.0063,-232.0113,0,0,0,1
56.78281,332.905,0,-232.0097,2.398286,2.398286,-0.254524,205.3435,0.25,16.65362,279.1369,0,0.0063,0,1,332.905,0,1,0,0,-1,0,0.0063,-232.0097,0,0,0,1
56.79364,333.155,0,-232.0081,2.398713,2.398713,-0.042114,205.3435,0.25,16.65362,279.2496,0,0.0063,0,1,333.155,0,1,0,0,-1,0,0.0063,-232.0081,0,0,0,1
56.80497,333.405,0,-232.0066,2.399141,2.399141,0.276489,205.3435,0.25,16.65362,279.3625,0,0.0063,0,1,333.405,0,1,0,0,-1,0,0.0063,-232.0066,0,0,0,1
56.81603,333.655,0,-232.005,2.399614,2.399614,0.444946,205.3435,0.25,16.65362,279.4756,0,0.0062,0,1,333.655,0,1,0,0,-1,0,0.0062,-232.005,0,0,0,1
56.82707,333.905,0,-232.0035,2.400133,2.400133,0.726943,205.3435,0.25,16.65362,279.589,0,0.0061,0,1,333.905,0,1,0,0,-1,0,0.0061,-232.0035,0,0,0,1
56.83826,334.155,0,-232.002,2.400651,2.400651,1.01625,205.3435,0.25,16.65362,279.7025,0,0.0059,0,1,334.155,0,1,0,0,-1,0,0.0059,-232.002,0,0,0,1
56.84945,334.405,0,-232.0006,2.401247,2.401247,1.257949,205.3435,0.25,16.65362,279.8162,0,0.0057,0,1,334.405,0,1,0,0,-1,0,0.0057,-232.0006,0,0,0,1
56.86139,334.905,0,-231.998,2.40265,2.40265,1.550932,205.3435,0.25,16.65362,280.0444,0,0.0051,0,1,334.905,0,1,0,0,-1,0,0.0051,-231.998,0,0,0,1
56.87603,335.155,0,-231.9968,2.403459,2.403459,1.957426,205.3435,0.25,16.65362,280.1588,0,0.0048,0,1,335.155,0,1,0,0,-1,0,0.0048,-231.9968,0,0,0,1
56.88523,335.405,0,-231.9957,2.40436,2.40436,2.217436,205.3435,0.25,16.65362,280.2736,0,0.0044,0,1,335.405,0,1,0,0,-1,0,0.0044,-231.9957,0,0,0,1
56.89328,335.655,0,-231.9947,2.405382,2.405382,2.459149,205.3435,0.25,16.65362,280.3886,0,0.004,0,1,335.655,0,1,0,0,-1,0,0.004,-231.9947,0,0,0,1
56.90426,335.905,0,-231.9938,2.406511,2.406511,2.656903,205.3435,0.25,16.65362,280.5038,0,0.0035,0,1,335.905,0,1,0,0,-1,0,0.0035,-231.9938,0,0,0,1
56.91521,336.155,0,-231.9931,2.407793,2.407793,2.920575,205.3435,0.25,16.65362,280.6194,0,0.003,0,1,336.155,0,1,0,0,-1,0,0.003,-231.9931,0,0,0,1
56.92646,336.405,0,-231.9925,2.409181,2.409181,3.228192,205.3435,0.25,16.65362,280.7353,0,0.0024,0,1,336.405,0,1,0,0,-1,0,0.0024,-231.9925,0,0,0,1
56.93754,336.655,0,-231.992,2.410738,2.410738,3.488216,205.3435,0.25,16.65362,280.8514,0,0.0018,0,1,336.655,0,1,0,0,-1,0,0.0018,-231.992,0,0,0,1
56.94857,336.905,0,-231.9918,2.412477,2.412477,3.781185,205.3435,0.25,16.65362,280.968,0,0.0012,0,1,336.905,0,1,0,0,-1,0,0.0012,-231.9918,0,0,0,1
56.95963,337.155,0,-231.9916,2.414354,2.414354,4.026546,205.3435,0.25,16.65362,281.0848,0,0.0005,0,1,337.155,0,1,0,0,-1,0,0.0005,-231.9916,0,0,0,1
56.97079,337.655,0,-231.992,2.418718,2.418718,4.396434,205.3435,0.25,16.65362,281.3195,0,-0.0011,0,1,337.655,0,1,0,0,-1,0,-0.0011,-231.992,0,0,0,1
56.98205,337.905,0,-231.9924,2.421206,2.421206,4.601512,205.3435,0.25,16.65362,281.4373,0,-0.0019,0,1,337.905,0,1,0,0,-1,0,-0.0019,-231.9924,0,0,0,1
56.99304,338.155,0,-231.9931,2.423907,2.423907,4.92744,205.3435,0.25,16.65362,281.5555,0,-0.0027,0,1,338.155,0,1,0,0,-1,0,-0.0027,-231.9931,0,0,0,1
57.00418,338.405,0,-231.994,2.426821,2.426821,5.224085,205.3435,0.25,16.65362,281.6741,0,-0.0036,0,1,338.405,0,1,0,0,-1,0,-0.0036,-231.994,0,0,0,1
57.01518,338.655,0,-231.9952,2.42998,2.42998,5.491419,205.3435,0.25,16.65362,281.7931,0,-0.0046,0,1,338.655,0,1,0,0,-1,0,-0.0046,-231.9952,0,0,0,1
57.02625,338.905,0,-231.9966,2.433383,2.433383,5.817347,205.3435,0.25,16.65362,281.9125,0,-0.0056,0,1,338.905,0,1,0,0,-1,0,-0.0056,-231.9966,0,0,0,1
57.03743,339.155,0,-231.9983,2.43709,2.43709,6.17991,205.3435,0.25,16.65362,282.0323,0,-0.0067,0,1,339.155,0,1,0,0,-1,0,-0.0067,-231.9983,0,0,0,1
57.04849,339.405,0,-232.0002,2.441043,2.441043,6.377664,205.3435,0.25,16.65362,282.1525,0,-0.0078,0,1,339.405,0,1,0,0,-1,0,-0.0078,-232.0002,0,0,0,1
57.05953,339.655,0,-232.0025,2.4453,2.4453,6.630349,205.3435,0.25,16.65362,282.2731,0,-0.009,0,1,339.655,0,1,0,0,-1,0,-0.009,-232.0025,0,0,0,1
57.07088,340.155,0,-232.0079,2.454715,2.454715,6.894021,205.3435,0.25,16.65362,282.5156,0,-0.0114,0,0.9999,340.155,0,1,0,0,-0.9999,0,-0.0114,-232.0079,0,0,0,1
57.082,340.405,0,-232.011,2.459872,2.459872,7.095451,205.3435,0.25,16.65362,282.6375,0,-0.0126,0,0.9999,340.405,0,1,0,0,-0.9999,0,-0.0126,-232.011,0,0,0,1
57.09297,340.6549,0,-232.0145,2.465366,2.465366,7.311516,205.3435,0.25,16.65362,282.7599,0,-0.0139,0,0.9999,340.6549,0,1,0,0,-0.9999,0,-0.0139,-232.0145,0,0,0,1
57.104,340.9049,0,-232.0183,2.471164,2.471164,7.498283,205.3435,0.25,16.65362,282.8827,0,-0.0152,0,0.9999,340.9049,0,1,0,0,-0.9999,0,-0.0152,-232.0183,0,0,0,1
57.11519,341.1549,0,-232.0224,2.477314,2.477314,7.600822,205.3435,0.25,16.65362,283.006,0,-0.0165,0,0.9999,341.1549,0,1,0,0,-0.9999,0,-0.0165,-232.0224,0,0,0,1
57.12627,341.4048,0,-232.0269,2.483799,2.483799,7.739983,205.3435,0.25,16.65362,283.1298,0,-0.0179,0,0.9998,341.4048,0,1,0,0,-0.9998,0,-0.0179,-232.0269,0,0,0,1
57.13742,341.6548,0,-232.0317,2.49062,2.49062,7.83886,205.3435,0.25,16.65362,283.2539,0,-0.0192,0,0.9998,341.6548,0,1,0,0,-0.9998,0,-0.0192,-232.0317,0,0,0,1
57.14845,341.9047,0,-232.0369,2.497777,2.497777,7.879143,205.3435,0.25,16.65362,283.3786,0,-0.0206,0,0.9998,341.9047,0,1,0,0,-0.9998,0,-0.0206,-232.0369,0,0,0,1
57.15974,342.1547,0,-232.0424,2.505284,2.505284,7.90844,205.3435,0.25,16.65362,283.5037,0,-0.022,0,0.9998,342.1547,0,1,0,0,-0.9998,0,-0.022,-232.0424,0,0,0,1
57.1708,342.6545,0,-232.0544,2.521352,2.521352,7.912102,205.3435,0.25,16.65362,283.7554,0,-0.0248,0,0.9997,342.6545,0,1,0,0,-0.9997,0,-0.0248,-232.0544,0,0,0,1
57.18167,342.9044,0,-232.0609,2.529867,2.529867,7.912102,205.3435,0.25,16.65362,283.8819,0,-0.0261,0,0.9997,342.9044,0,1,0,0,-0.9997,0,-0.0261,-232.0609,0,0,0,1
57.19306,343.1543,0,-232.0678,2.538778,2.538778,7.912102,205.3435,0.25,16.65362,284.0089,0,-0.0275,0,0.9996,343.1543,0,1,0,0,-0.9996,0,-0.0275,-232.0678,0,0,0,1
57.20744,343.4042,0,-232.075,2.54801,2.54801,7.912102,205.3435,0.25,16.65362,284.1364,0,-0.0289,0,0.9996,343.4042,0,1,0,0,-0.9996,0,-0.0289,-232.075,0,0,0,1
57.21795,343.6541,0,-232.0826,2.557593,2.557593,7.92675,205.3435,0.25,16.65362,284.2642,0,-0.0303,0,0.9995,343.6541,0,1,0,0,-0.9995,0,-0.0303,-232.0826,0,0,0,1
57.22627,343.904,0,-232.0905,2.567512,2.567512,7.930412,205.3435,0.25,16.65362,284.3926,0,-0.0317,0,0.9995,343.904,0,1,0,0,-0.9995,0,-0.0317,-232.0905,0,0,0,1
57.23736,344.1539,0,-232.0988,2.577781,2.577781,7.952385,205.3435,0.25,16.65362,284.5214,0,-0.0331,0,0.9995,344.1539,0,1,0,0,-0.9995,0,-0.0331,-232.0988,0,0,0,1
57.24856,344.4037,0,-232.1074,2.588417,2.588417,8.000007,205.3435,0.25,16.65362,284.6507,0,-0.0344,0,0.9994,344.4037,0,1,0,0,-0.9994,0,-0.0344,-232.1074,0,0,0,1
57.2606,344.9034,0,-232.1257,2.61068,2.61068,8.054938,205.3435,0.25,16.65362,284.9106,0,-0.0373,0,0.9993,344.9034,0,1,0,0,-0.9993,0,-0.0373,-232.1257,0,0,0,1
57.27112,345.1532,0,-232.1353,2.622353,2.622353,8.238044,205.3435,0.25,16.65362,285.0413,0,-0.0387,0,0.9993,345.1532,0,1,0,0,-0.9993,0,-0.0387,-232.1353,0,0,0,1
57.28231,345.403,0,-232.1454,2.634423,2.634423,8.38819,205.3435,0.25,16.65362,285.1724,0,-0.0402,0,0.9992,345.403,0,1,0,0,-0.9992,0,-0.0402,-232.1454,0,0,0,1
57.29351,345.6528,0,-232.1558,2.646829,2.646829,8.582282,205.3435,0.25,16.65362,285.304,0,-0.0417,0,0.9991,345.6528,0,1,0,0,-0.9991,0,-0.0417,-232.1558,0,0,0,1
57.30473,345.9025,0,-232.1666,2.659647,2.659647,8.911886,205.3435,0.25,16.65362,285.4361,0,-0.0432,0,0.9991,345.9025,0,1,0,0,-0.9991,0,-0.0432,-232.1666,0,0,0,1
57.31591,346.1523,0,-232.1778,2.672846,2.672846,9.127951,205.3435,0.25,16.65362,285.5687,0,-0.0448,0,0.999,346.1523,0,1,0,0,-0.999,0,-0.0448,-232.1778,0,0,0,1
57.32706,346.402,0,-232.1894,2.686488,2.686488,9.486837,205.3435,0.25,16.65362,285.7018,0,-0.0465,0,0.9989,346.402,0,1,0,0,-0.9989,0,-0.0465,-232.1894,0,0,0,1
57.33808,346.6517,0,-232.2014,2.700512,2.700512,9.856725,205.3435,0.25,16.65362,285.8354,0,-0.0482,0,0.9988,346.6517,0,1,0,0,-0.9988,0,-0.0482,-232.2014,0,0,0,1
57.34924,346.9014,0,-232.2139,2.715008,2.715008,10.19364,205.3435,0.25,16.65362,285.9696,0,-0.05,0,0.9988,346.9014,0,1,0,0,-0.9988,0,-0.05,-232.2139,0,0,0,1
57.36062,347.4007,0,-232.2403,2.745389,2.745389,10.64042,205.3435,0.25,16.65362,286.2396,0,-0.0537,0,0.9986,347.4007,0,1,0,0,-0.9986,0,-0.0537,-232.2403,0,0,0,1
57.37141,347.6503,0,-232.2542,2.761289,2.761289,11.14946,205.3435,0.25,16.65362,286.3754,0,-0.0556,0,0.9985,347.6503,0,1,0,0,-0.9985,0,-0.0556,-232.2542,0,0,0,1
57.38242,347.8999,0,-232.2686,2.777693,2.777693,11.46074,205.3435,0.25,16.65362,286.5117,0,-0.0576,0,0.9983,347.8999,0,1,0,0,-0.9983,0,-0.0576,-232.2686,0,0,0,1
57.3937,348.1494,0,-232.2835,2.794616,2.794616,11.86725,205.3435,0.25,16.65362,286.6487,0,-0.0597,0,0.9982,348.1494,0,1,0,0,-0.9982,0,-0.0597,-232.2835,0,0,0,1
57.40487,348.3989,0,-232.299,2.812103,2.812103,12.35065,205.3435,0.25,16.65362,286.7863,0,-0.0618,0,0.9981,348.3989,0,1,0,0,-0.9981,0,-0.0618,-232.299,0,0,0,1
57.41578,348.6484,0,-232.315,2.830109,2.830109,12.78279,205.3435,0.25,16.65362,286.9245,0,-0.064,0,0.9979,348.6484,0,1,0,0,-0.9979,0,-0.064,-232.315,0,0,0,1
57.42681,348.8979,0,-232.3316,2.848695,2.848695,13.32845,205.3435,0.25,16.65362,287.0633,0,-0.0664,0,0.9978,348.8979,0,1,0,0,-0.9978,0,-0.0664,-232.3316,0,0,0,1
57.43816,349.1473,0,-232.3488,2.86598,2.86598,13.88144,205.3435,0.25,16.65362,287.2028,0,-0.0688,0,0.9976,349.1473,0,1,0,0,-0.9976,0,-0.0688,-232.3488,0,0,0,1
57.44903,349.3966,0,-232.3666,2.882994,2.882994,14.34287,205.3435,0.25,16.65362,287.343,0,-0.0713,0,0.9975,349.3966,0,1,0,0,-0.9975,0,-0.0713,-232.3666,0,0,0,1
57.46014,349.8952,0,-232.4042,2.91867,2.91867,14.81529,205.3435,0.25,16.65362,287.6253,0,-0.0764,0,0.9971,349.8952,0,1,0,0,-0.9971,0,-0.0764,-232.4042,0,0,0,1
57.47139,350.1444,0,-232.424,2.932877,2.932877,15.59167,205.3435,0.25,16.65362,287.7675,0,-0.0792,0,0.9969,350.1444,0,1,0,0,-0.9969,0,-0.0792,-232.424,0,0,0,1
57.48243,350.3936,0,-232.4444,2.946744,2.946744,15.97253,205.3435,0.25,16.65362,287.9105,0,-0.0819,0,0.9966,350.3936,0,1,0,0,-0.9966,0,-0.0819,-232.4444,0,0,0,1
57.49343,350.6427,0,-232.4656,2.961246,2.961246,16.43397,205.3435,0.25,16.65362,288.0541,0,-0.0848,0,0.9964,350.6427,0,1,0,0,-0.9964,0,-0.0848,-232.4656,0,0,0,1
57.50455,350.8917,0,-232.4876,2.975863,2.975863,16.97963,205.3435,0.25,16.65362,288.1985,0,-0.0877,0,0.9961,350.8917,0,1,0,0,-0.9961,0,-0.0877,-232.4876,0,0,0,1
57.51579,351.1407,0,-232.5103,2.986255,2.986255,17.41177,205.3435,0.25,16.65362,288.3438,0,-0.0908,0,0.9959,351.1407,0,1,0,0,-0.9959,0,-0.0908,-232.5103,0,0,0,1
57.5267,351.3896,0,-232.5337,2.997312,2.997312,17.93545,205.3435,0.25,16.65362,288.4897,0,-0.0939,0,0.9956,351.3896,0,1,0,0,-0.9956,0,-0.0939,-232.5337,0,0,0,1
57.54166,351.8871,0,-232.5831,3.019575,3.019575,18.51774,205.3435,0.25,16.65362,288.7841,0,-0.1003,0,0.995,351.8871,0,1,0,0,-0.995,0,-0.1003,-232.5831,0,0,0,1
57.55086,352.1358,0,-232.609,3.027372,3.027372,19.02311,205.3435,0.25,16.65362,288.9324,0,-0.1036,0,0.9946,352.1358,0,1,0,0,-0.9946,0,-0.1036,-232.609,0,0,0,1
57.56007,352.3844,0,-232.6357,3.03591,3.03591,19.42962,205.3435,0.25,16.65362,289.0816,0,-0.107,0,0.9943,352.3844,0,1,0,0,-0.9943,0,-0.107,-232.6357,0,0,0,1
57.5703,352.6328,0,-232.6633,3.0452,3.0452,19.74456,205.3435,0.25,16.65362,289.2316,0,-0.1104,0,0.9939,352.6328,0,1,0,0,-0.9939,0,-0.1104,-232.6633,0,0,0,1
57.58155,352.8812,0,-232.6918,3.051779,3.051779,20.1474,205.3435,0.25,16.65362,289.3825,0,-0.1139,0,0.9935,352.8812,0,1,0,0,-0.9935,0,-0.1139,-232.6918,0,0,0,1
57.5924,353.1295,0,-232.7212,3.057248,3.057248,20.64912,205.3435,0.25,16.65362,289.5342,0,-0.1175,0,0.9931,353.1295,0,1,0,0,-0.9931,0,-0.1175,-232.7212,0,0,0,1
57.60365,353.3777,0,-232.7515,3.063549,3.063549,21.08491,205.3435,0.25,16.65362,289.6868,0,-0.1211,0,0.9926,353.3777,0,1,0,0,-0.9926,0,-0.1211,-232.7515,0,0,0,1
57.61498,353.6257,0,-232.7827,3.07065,3.07065,21.6379,205.3435,0.25,16.65362,289.8402,0,-0.1249,0,0.9922,353.6257,0,1,0,0,-0.9922,0,-0.1249,-232.7827,0,0,0,1
57.62585,353.8736,0,-232.8149,3.073617,3.073617,22.11765,205.3435,0.25,16.65362,289.9946,0,-0.1287,0,0.9917,353.8736,0,1,0,0,-0.9917,0,-0.1287,-232.8149,0,0,0,1
57.63695,354.1214,0,-232.8481,3.07709,3.07709,22.90501,205.3435,0.25,16.65362,290.1499,0,-0.1327,0,0.9912,354.1214,0,1,0,0,-0.9912,0,-0.1327,-232.8481,0,0,0,1
57.64796,354.3691,0,-232.8822,3.081486,3.081486,23.19799,205.3435,0.25,16.65362,290.3061,0,-0.1367,0,0.9906,354.3691,0,1,0,0,-0.9906,0,-0.1367,-232.8822,0,0,0,1
57.65914,354.6166,0,-232.9174,3.085657,3.085657,23.81689,205.3435,0.25,16.65362,290.4632,0,-0.1408,0,0.99,354.6166,0,1,0,0,-0.99,0,-0.1408,-232.9174,0,0,0,1
57.67046,355.1111,0,-232.991,3.08839,3.08839,24.41382,205.3435,0.25,16.65362,290.7804,0,-0.1492,0,0.9888,355.1111,0,1,0,0,-0.9888,0,-0.1492,-232.991,0,0,0,1
57.68144,355.3582,0,-233.0294,3.091201,3.091201,24.92653,205.3435,0.25,16.65362,290.9404,0,-0.1535,0,0.9881,355.3582,0,1,0,0,-0.9881,0,-0.1535,-233.0294,0,0,0,1
57.69249,355.605,0,-233.0689,3.09233,3.09233,25.5674,205.3435,0.25,16.65362,291.1013,0,-0.158,0,0.9874,355.605,0,1,0,0,-0.9874,0,-0.158,-233.0689,0,0,0,1
57.70387,355.8517,0,-233.1095,3.091812,3.091812,26.31815,205.3435,0.25,16.65362,291.2633,0,-0.1625,0,0.9867,355.8517,0,1,0,0,-0.9867,0,-0.1625,-233.1095,0,0,0,1
57.71461,356.0982,0,-233.1513,3.092353,3.092353,26.74297,205.3435,0.25,16.65362,291.4264,0,-0.1671,0,0.9859,356.0982,0,1,0,0,-0.9859,0,-0.1671,-233.1513,0,0,0,1
57.7258,356.3445,0,-233.1942,3.094001,3.094001,27.29229,205.3435,0.25,16.65362,291.5904,0,-0.1718,0,0.9851,356.3445,0,1,0,0,-0.9851,0,-0.1718,-233.1942,0,0,0,1
57.73697,356.5905,0,-233.2384,3.092484,3.092484,27.94415,205.3435,0.25,16.65362,291.7554,0,-0.1766,0,0.9843,356.5905,0,1,0,0,-0.9843,0,-0.1766,-233.2384,0,0,0,1
57.74792,356.8364,0,-233.2837,3.090957,3.090957,28.46784,205.3435,0.25,16.65362,291.9216,0,-0.1815,0,0.9834,356.8364,0,1,0,0,-0.9834,0,-0.1815,-233.2837,0,0,0,1
57.75935,357.082,0,-233.3304,3.090601,3.090601,29.0721,205.3435,0.25,16.65362,292.0887,0,-0.1865,0,0.9825,357.082,0,1,0,0,-0.9825,0,-0.1865,-233.3304,0,0,0,1
57.77039,357.5724,0,-233.4274,3.087644,3.087644,29.64706,205.3435,0.25,16.65362,292.4263,0,-0.1966,0,0.9805,357.5724,0,1,0,0,-0.9805,0,-0.1966,-233.4274,0,0,0,1
57.78143,357.8173,0,-233.4778,3.085459,3.085459,30.10483,205.3435,0.25,16.65362,292.5967,0,-0.2018,0,0.9794,357.8173,0,1,0,0,-0.9794,0,-0.2018,-233.4778,0,0,0,1
57.79233,358.0619,0,-233.5296,3.084526,3.084526,30.61754,205.3435,0.25,16.65362,292.7682,0,-0.207,0,0.9783,358.0619,0,1,0,0,-0.9783,0,-0.207,-233.5296,0,0,0,1
57.80347,358.3062,0,-233.5827,3.082897,3.082897,31.16319,205.3435,0.25,16.65362,292.9408,0,-0.2123,0,0.9772,358.3062,0,1,0,0,-0.9772,0,-0.2123,-233.5827,0,0,0,1
57.8146,358.5502,0,-233.6371,3.079092,3.079092,31.45251,205.3435,0.25,16.65362,293.1146,0,-0.2177,0,0.976,358.5502,0,1,0,0,-0.976,0,-0.2177,-233.6371,0,0,0,1
57.82559,358.7939,0,-233.6929,3.076552,3.076552,31.81506,205.3435,0.25,16.65362,293.2894,0,-0.2231,0,0.9748,358.7939,0,1,0,0,-0.9748,0,-0.2231,-233.6929,0,0,0,1
57.83698,359.0373,0,-233.75,3.075338,3.075338,32.23987,205.3435,0.25,16.65362,293.4653,0,-0.2286,0,0.9735,359.0373,0,1,0,0,-0.9735,0,-0.2286,-233.75,0,0,0,1
57.84793,359.2804,0,-233.8085,3.07192,3.07192,32.55116,205.3435,0.25,16.65362,293.6423,0,-0.2341,0,0.9722,359.2804,0,1,0,0,-0.9722,0,-0.2341,-233.8085,0,0,0,1
57.85936,359.5231,0,-233.8685,3.067936,3.067936,32.91737,205.3435,0.25,16.65362,293.8204,0,-0.2397,0,0.9708,359.5231,0,1,0,0,-0.9708,0,-0.2397,-233.8685,0,0,0,1
57.87569,360.0074,0,-233.9926,3.064014,3.064014,33.37515,205.3435,0.25,16.65362,294.1801,0,-0.251,0,0.968,360.0074,0,1,0,0,-0.968,0,-0.251,-233.9926,0,0,0,1
57.88533,360.2491,0,-234.0567,3.059065,3.059065,33.68277,205.3435,0.25,16.65362,294.3616,0,-0.2567,0,0.9665,360.2491,0,1,0,0,-0.9665,0,-0.2567,-234.0567,0,0,0,1
57.89214,360.4903,0,-234.1223,3.055124,3.055124,33.89883,205.3435,0.25,16.65362,294.5442,0,-0.2624,0,0.965,360.4903,0,1,0,0,-0.965,0,-0.2624,-234.1223,0,0,0,1
57.90286,360.7311,0,-234.1893,3.052569,3.052569,34.02334,205.3435,0.25,16.65362,294.7279,0,-0.2681,0,0.9634,360.7311,0,1,0,0,-0.9634,0,-0.2681,-234.1893,0,0,0,1
57.91389,360.9716,0,-234.2578,3.050241,3.050241,34.22844,205.3435,0.25,16.65362,294.9128,0,-0.2739,0,0.9618,360.9716,0,1,0,0,-0.9618,0,-0.2739,-234.2578,0,0,0,1
57.92505,361.2116,0,-234.3277,3.04505,3.04505,34.41887,205.3435,0.25,16.65362,295.0987,0,-0.2796,0,0.9601,361.2116,0,1,0,0,-0.9601,0,-0.2796,-234.3277,0,0,0,1
57.93621,361.4512,0,-234.399,3.041252,3.041252,34.59465,205.3435,0.25,16.65362,295.2857,0,-0.2854,0,0.9584,361.4512,0,1,0,0,-0.9584,0,-0.2854,-234.399,0,0,0,1
57.94727,361.6904,0,-234.4719,3.038912,3.038912,34.71183,205.3435,0.25,16.65362,295.4738,0,-0.2912,0,0.9567,361.6904,0,1,0,0,-0.9567,0,-0.2912,-234.4719,0,0,0,1
57.95831,361.9291,0,-234.5461,3.035305,3.035305,34.82902,205.3435,0.25,16.65362,295.663,0,-0.297,0,0.9549,361.9291,0,1,0,0,-0.9549,0,-0.297,-234.5461,0,0,0,1
57.96965,362.1674,0,-234.6218,3.030379,3.030379,34.92424,205.3435,0.25,16.65362,295.8533,0,-0.3028,0,0.953,362.1674,0,1,0,0,-0.953,0,-0.3028,-234.6218,0,0,0,1
57.98045,362.6425,0,-234.7776,3.024769,3.024769,34.93522,205.3435,0.25,16.65362,296.2371,0,-0.3144,0,0.9493,362.6425,0,1,0,0,-0.9493,0,-0.3144,-234.7776,0,0,0,1
57.99177,362.8793,0,-234.8577,3.019922,3.019922,34.94987,205.3435,0.25,16.65362,296.4306,0,-0.3202,0,0.9473,362.8793,0,1,0,0,-0.9473,0,-0.3202,-234.8577,0,0,0,1
58.00315,363.1156,0,-234.9392,3.01527,3.01527,34.94987,205.3435,0.25,16.65362,296.6251,0,-0.326,0,0.9454,363.1156,0,1,0,0,-0.9454,0,-0.326,-234.9392,0,0,0,1
58.01398,363.3514,0,-235.0221,3.012057,3.012057,34.94987,205.3435,0.25,16.65362,296.8206,0,-0.3318,0,0.9434,363.3514,0,1,0,0,-0.9434,0,-0.3318,-235.0221,0,0,0,1
58.02503,363.5868,0,-235.1065,3.009958,3.009958,34.94987,205.3435,0.25,16.65362,297.0172,0,-0.3375,0,0.9413,363.5868,0,1,0,0,-0.9413,0,-0.3375,-235.1065,0,0,0,1
58.03622,363.8216,0,-235.1923,3.004171,3.004171,34.94987,205.3435,0.25,16.65362,297.2148,0,-0.3432,0,0.9392,363.8216,0,1,0,0,-0.9392,0,-0.3432,-235.1923,0,0,0,1
58.04707,364.0559,0,-235.2796,2.999815,2.999815,34.94987,205.3435,0.25,16.65362,297.4135,0,-0.349,0,0.9371,364.0559,0,1,0,0,-0.9371,0,-0.349,-235.2796,0,0,0,1
58.0583,364.2896,0,-235.3682,2.996855,2.996855,34.94987,205.3435,0.25,16.65362,297.6131,0,-0.3547,0,0.935,364.2896,0,1,0,0,-0.935,0,-0.3547,-235.3682,0,0,0,1
58.06956,364.5228,0,-235.4583,2.993523,2.993523,34.94987,205.3435,0.25,16.65362,297.8137,0,-0.3604,0,0.9328,364.5228,0,1,0,0,-0.9328,0,-0.3604,-235.4583,0,0,0,1
58.08053,364.9875,0,-235.6428,2.983932,2.983932,34.93522,205.3435,0.25,16.65362,298.2178,0,-0.3717,0,0.9283,364.9875,0,1,0,0,-0.9283,0,-0.3717,-235.6428,0,0,0,1
58.09149,365.2191,0,-235.7371,2.98129,2.98129,34.93522,205.3435,0.25,16.65362,298.4213,0,-0.3774,0,0.9261,365.2191,0,1,0,0,-0.9261,0,-0.3774,-235.7371,0,0,0,1
58.10312,365.45,0,-235.8329,2.97674,2.97674,34.93522,205.3435,0.25,16.65362,298.6258,0,-0.383,0,0.9237,365.45,0,1,0,0,-0.9237,0,-0.383,-235.8329,0,0,0,1
58.11385,365.6803,0,-235.9301,2.971529,2.971529,34.93522,205.3435,0.25,16.65362,298.8312,0,-0.3886,0,0.9214,365.6803,0,1,0,0,-0.9214,0,-0.3886,-235.9301,0,0,0,1
58.12508,365.9101,0,-236.0286,2.967694,2.967694,34.93522,205.3435,0.25,16.65362,299.0375,0,-0.3943,0,0.919,365.9101,0,1,0,0,-0.919,0,-0.3943,-236.0286,0,0,0,1
58.13619,366.1392,0,-236.1286,2.965289,2.965289,34.93522,205.3435,0.25,16.65362,299.2448,0,-0.3999,0,0.9166,366.1392,0,1,0,0,-0.9166,0,-0.3999,-236.1286,0,0,0,1
58.14711,366.3678,0,-236.2299,2.959559,2.959559,34.93522,205.3435,0.25,16.65362,299.453,0,-0.4054,0,0.9141,366.3678,0,1,0,0,-0.9141,0,-0.4054,-236.2299,0,0,0,1
58.15829,366.5957,0,-236.3327,2.954597,2.954597,34.93522,205.3435,0.25,16.65362,299.6621,0,-0.411,0,0.9116,366.5957,0,1,0,0,-0.9116,0,-0.411,-236.3327,0,0,0,1
58.16956,366.8229,0,-236.4368,2.951106,2.951106,34.93522,205.3435,0.25,16.65362,299.872,0,-0.4166,0,0.9091,366.8229,0,1,0,0,-0.9091,0,-0.4166,-236.4368,0,0,0,1
58.18043,367.2755,0,-236.6492,2.942075,2.942075,34.95353,205.3435,0.25,16.65362,300.2946,0,-0.4276,0,0.904,367.2755,0,1,0,0,-0.904,0,-0.4276,-236.6492,0,0,0,1
58.19158,367.5009,0,-236.7575,2.937387,2.937387,34.9572,205.3435,0.25,16.65362,300.5072,0,-0.4331,0,0.9013,367.5009,0,1,0,0,-0.9013,0,-0.4331,-236.7575,0,0,0,1
58.2058,367.7256,0,-236.8672,2.934143,2.934143,34.98283,205.3435,0.25,16.65362,300.7206,0,-0.4386,0,0.8987,367.7256,0,1,0,0,-0.8987,0,-0.4386,-236.8672,0,0,0,1
58.21714,367.9496,0,-236.9782,2.930013,2.930013,35.02311,205.3435,0.25,16.65362,300.935,0,-0.4441,0,0.896,367.9496,0,1,0,0,-0.896,0,-0.4441,-236.9782,0,0,0,1
58.22491,368.1729,0,-237.0906,2.924194,2.924194,35.05241,205.3435,0.25,16.65362,301.1501,0,-0.4496,0,0.8932,368.1729,0,1,0,0,-0.8932,0,-0.4496,-237.0906,0,0,0,1
58.23682,368.3955,0,-237.2043,2.919805,2.919805,35.07804,205.3435,0.25,16.65362,301.3661,0,-0.455,0,0.8905,368.3955,0,1,0,0,-0.8905,0,-0.455,-237.2043,0,0,0,1
58.24715,368.6174,0,-237.3195,2.916889,2.916889,35.17327,205.3435,0.25,16.65362,301.5829,0,-0.4605,0,0.8877,368.6174,0,1,0,0,-0.8877,0,-0.4605,-237.3195,0,0,0,1
58.2588,368.8386,0,-237.436,2.911613,2.911613,35.31609,205.3435,0.25,16.65362,301.8004,0,-0.466,0,0.8848,368.8386,0,1,0,0,-0.8848,0,-0.466,-237.436,0,0,0,1
58.26997,369.0591,0,-237.5538,2.906116,2.906116,35.4992,205.3435,0.25,16.65362,302.0189,0,-0.4714,0,0.8819,369.0591,0,1,0,0,-0.8819,0,-0.4714,-237.5538,0,0,0,1
58.28111,369.4978,0,-237.7936,2.899587,2.899587,35.65667,205.3435,0.25,16.65362,302.4581,0,-0.4824,0,0.876,369.4978,0,1,0,0,-0.876,0,-0.4824,-237.7936,0,0,0,1
58.29234,369.716,0,-237.9156,2.893251,2.893251,35.86541,205.3435,0.25,16.65362,302.6789,0,-0.4878,0,0.8729,369.716,0,1,0,0,-0.8729,0,-0.4878,-237.9156,0,0,0,1
58.30362,369.9335,0,-238.0389,2.888213,2.888213,36.13276,205.3435,0.25,16.65362,302.9004,0,-0.4933,0,0.8698,369.9335,0,1,0,0,-0.8698,0,-0.4933,-238.0389,0,0,0,1
58.31492,370.1502,0,-238.1636,2.884679,2.884679,36.27558,205.3435,0.25,16.65362,303.1227,0,-0.4988,0,0.8667,370.1502,0,1,0,0,-0.8667,0,-0.4988,-238.1636,0,0,0,1
58.32622,370.3661,0,-238.2897,2.881363,2.881363,36.47334,205.3435,0.25,16.65362,303.3459,0,-0.5043,0,0.8635,370.3661,0,1,0,0,-0.8635,0,-0.5043,-238.2897,0,0,0,1
58.33761,370.5811,0,-238.4172,2.875397,2.875397,36.70405,205.3435,0.25,16.65362,303.5697,0,-0.5099,0,0.8603,370.5811,0,1,0,0,-0.8603,0,-0.5099,-238.4172,0,0,0,1
58.34913,370.7953,0,-238.5461,2.870943,2.870943,36.92011,205.3435,0.25,16.65362,303.7943,0,-0.5154,0,0.857,370.7953,0,1,0,0,-0.857,0,-0.5154,-238.5461,0,0,0,1
58.35997,371.0088,0,-238.6763,2.868006,2.868006,37.09225,205.3435,0.25,16.65362,304.0197,0,-0.5209,0,0.8536,371.0088,0,1,0,0,-0.8536,0,-0.5209,-238.6763,0,0,0,1
58.37126,371.433,0,-238.9409,2.858555,2.858555,37.25338,205.3435,0.25,16.65362,304.4726,0,-0.532,0,0.8468,371.433,0,1,0,0,-0.8468,0,-0.532,-238.9409,0,0,0,1
58.38235,371.6438,0,-239.0753,2.854775,2.854775,37.30465,205.3435,0.25,16.65362,304.7002,0,-0.5375,0,0.8433,371.6438,0,1,0,0,-0.8433,0,-0.5375,-239.0753,0,0,0,1
58.39342,371.8538,0,-239.211,2.852521,2.852521,37.32296,205.3435,0.25,16.65362,304.9284,0,-0.543,0,0.8398,371.8538,0,1,0,0,-0.8398,0,-0.543,-239.211,0,0,0,1
58.40462,372.0628,0,-239.3481,2.847664,2.847664,37.32296,205.3435,0.25,16.65362,305.1573,0,-0.5484,0,0.8362,372.0628,0,1,0,0,-0.8362,0,-0.5484,-239.3481,0,0,0,1
58.4159,372.271,0,-239.4866,2.843049,2.843049,37.30831,205.3435,0.25,16.65362,305.3869,0,-0.5539,0,0.8326,372.271,0,1,0,0,-0.8326,0,-0.5539,-239.4866,0,0,0,1
58.42672,372.4782,0,-239.6264,2.839964,2.839964,37.30465,205.3435,0.25,16.65362,305.6172,0,-0.5593,0,0.829,372.4782,0,1,0,0,-0.829,0,-0.5593,-239.6264,0,0,0,1
58.43801,372.6845,0,-239.7675,2.838267,2.838267,37.28634,205.3435,0.25,16.65362,305.8482,0,-0.5647,0,0.8253,372.6845,0,1,0,0,-0.8253,0,-0.5647,-239.7675,0,0,0,1
58.44907,372.89,0,-239.91,2.832803,2.832803,37.2607,205.3435,0.25,16.65362,306.0797,0,-0.57,0,0.8216,372.89,0,1,0,0,-0.8216,0,-0.57,-239.91,0,0,0,1
58.46043,373.298,0,-240.199,2.826504,2.826504,37.22775,205.3435,0.25,16.65362,306.5448,0,-0.5806,0,0.8142,373.298,0,1,0,0,-0.8142,0,-0.5806,-240.199,0,0,0,1
58.47128,373.5006,0,-240.3455,2.82405,2.82405,37.19112,205.3435,0.25,16.65362,306.7783,0,-0.5859,0,0.8104,373.5006,0,1,0,0,-0.8104,0,-0.5859,-240.3455,0,0,0,1
58.4826,373.7022,0,-240.4933,2.819263,2.819263,37.13619,205.3435,0.25,16.65362,307.0123,0,-0.5912,0,0.8066,373.7022,0,1,0,0,-0.8066,0,-0.5912,-240.4933,0,0,0,1
58.49375,373.9029,0,-240.6424,2.816035,2.816035,37.08858,205.3435,0.25,16.65362,307.247,0,-0.5964,0,0.8027,373.9029,0,1,0,0,-0.8027,0,-0.5964,-240.6424,0,0,0,1
58.50454,374.1026,0,-240.7928,2.814306,2.814306,37.04098,205.3435,0.25,16.65362,307.4822,0,-0.6015,0,0.7988,374.1026,0,1,0,0,-0.7988,0,-0.6015,-240.7928,0,0,0,1
58.51553,374.3013,0,-240.9445,2.811103,2.811103,36.99702,205.3435,0.25,16.65362,307.718,0,-0.6067,0,0.7949,374.3013,0,1,0,0,-0.7949,0,-0.6067,-240.9445,0,0,0,1
58.52668,374.4991,0,-241.0974,2.806991,2.806991,36.94941,205.3435,0.25,16.65362,307.9544,0,-0.6118,0,0.791,374.4991,0,1,0,0,-0.791,0,-0.6118,-241.0974,0,0,0,1
58.54116,374.8916,0,-241.4071,2.803291,2.803291,36.92011,205.3435,0.25,16.65362,308.4287,0,-0.6219,0,0.7831,374.8916,0,1,0,0,-0.7831,0,-0.6219,-241.4071,0,0,0,1
58.55061,375.0864,0,-241.5639,2.799291,2.799291,36.87983,205.3435,0.25,16.65362,308.6666,0,-0.627,0,0.779,375.0864,0,1,0,0,-0.779,0,-0.627,-241.5639,0,0,0,1
58.56003,375.2802,0,-241.7218,2.795768,2.795768,36.85786,205.3435,0.25,16.65362,308.905,0,-0.632,0,0.775,375.2802,0,1,0,0,-0.775,0,-0.632,-241.7218,0,0,0,1
58.57003,375.4729,0,-241.8811,2.793789,2.793789,36.82124,205.3435,0.25,16.65362,309.144,0,-0.6369,0,0.7709,375.4729,0,1,0,0,-0.7709,0,-0.6369,-241.8811,0,0,0,1
58.58087,375.6646,0,-242.0415,2.792927,2.792927,36.77729,205.3435,0.25,16.65362,309.3834,0,-0.6419,0,0.7668,375.6646,0,1,0,0,-0.7668,0,-0.6419,-242.0415,0,0,0,1
58.5921,375.8553,0,-242.2032,2.788487,2.788487,36.72968,205.3435,0.25,16.65362,309.6233,0,-0.6468,0,0.7627,375.8553,0,1,0,0,-0.7627,0,-0.6468,-242.2032,0,0,0,1
58.60344,376.0449,0,-242.3661,2.785607,2.785607,36.67841,205.3435,0.25,16.65362,309.8636,0,-0.6516,0,0.7585,376.0449,0,1,0,0,-0.7585,0,-0.6516,-242.3661,0,0,0,1
58.61432,376.2335,0,-242.5303,2.784201,2.784201,36.63447,205.3435,0.25,16.65362,310.1045,0,-0.6565,0,0.7543,376.2335,0,1,0,0,-0.7543,0,-0.6565,-242.5303,0,0,0,1
58.62534,376.421,0,-242.6956,2.782486,2.782486,36.60883,205.3435,0.25,16.65362,310.3457,0,-0.6613,0,0.7501,376.421,0,1,0,0,-0.7501,0,-0.6613,-242.6956,0,0,0,1
58.63746,376.6075,0,-242.8621,2.778696,2.778696,36.5832,205.3435,0.25,16.65362,310.5874,0,-0.6661,0,0.7459,376.6075,0,1,0,0,-0.7459,0,-0.6661,-242.8621,0,0,0,1
58.64747,376.7929,0,-243.0298,2.776368,2.776368,36.56123,205.3435,0.25,16.65362,310.8294,0,-0.6708,0,0.7416,376.7929,0,1,0,0,-0.7416,0,-0.6708,-243.0298,0,0,0,1
58.65864,376.9772,0,-243.1987,2.775555,2.775555,36.55756,205.3435,0.25,16.65362,311.0719,0,-0.6755,0,0.7373,376.9772,0,1,0,0,-0.7373,0,-0.6755,-243.1987,0,0,0,1
58.67,377.3426,0,-243.5399,2.769791,2.769791,36.53559,205.3435,0.25,16.65362,311.5581,0,-0.6849,0,0.7287,377.3426,0,1,0,0,-0.7287,0,-0.6849,-243.5399,0,0,0,1
58.68102,377.5237,0,-243.7123,2.768034,2.768034,36.53559,205.3435,0.25,16.65362,311.8017,0,-0.6895,0,0.7243,377.5237,0,1,0,0,-0.7243,0,-0.6895,-243.7123,0,0,0,1
58.69188,377.7036,0,-243.8858,2.767792,2.767792,36.53193,205.3435,0.25,16.65362,312.0457,0,-0.6941,0,0.7199,377.7036,0,1,0,0,-0.7199,0,-0.6941,-243.8858,0,0,0,1
58.70324,377.8825,0,-244.0605,2.764406,2.764406,36.53193,205.3435,0.25,16.65362,312.29,0,-0.6987,0,0.7154,377.8825,0,1,0,0,-0.7154,0,-0.6987,-244.0605,0,0,0,1
58.71418,378.0602,0,-244.2363,2.761725,2.761725,36.53193,205.3435,0.25,16.65362,312.5348,0,-0.7032,0,0.711,378.0602,0,1,0,0,-0.711,0,-0.7032,-244.2363,0,0,0,1
58.72531,378.2368,0,-244.4133,2.760527,2.760527,36.53193,205.3435,0.25,16.65362,312.7798,0,-0.7077,0,0.7065,378.2368,0,1,0,0,-0.7065,0,-0.7077,-244.4133,0,0,0,1
58.73672,378.4123,0,-244.5913,2.760311,2.760311,36.53193,205.3435,0.25,16.65362,313.0251,0,-0.7122,0,0.7019,378.4123,0,1,0,0,-0.7019,0,-0.7122,-244.5913,0,0,0,1
58.74764,378.5867,0,-244.7705,2.756651,2.756651,36.53193,205.3435,0.25,16.65362,313.2708,0,-0.7167,0,0.6974,378.5867,0,1,0,0,-0.6974,0,-0.7167,-244.7705,0,0,0,1
58.75889,378.7599,0,-244.9508,2.754506,2.754506,36.53193,205.3435,0.25,16.65362,313.5167,0,-0.7211,0,0.6928,378.7599,0,1,0,0,-0.6928,0,-0.7211,-244.9508,0,0,0,1
58.76991,378.9319,0,-245.1322,2.753856,2.753856,36.53193,205.3435,0.25,16.65362,313.7629,0,-0.7255,0,0.6882,378.9319,0,1,0,0,-0.6882,0,-0.7255,-245.1322,0,0,0,1
58.78093,379.2725,0,-245.4982,2.749711,2.749711,36.53193,205.3435,0.25,16.65362,314.2562,0,-0.7343,0,0.6789,379.2725,0,1,0,0,-0.6789,0,-0.7343,-245.4982,0,0,0,1
58.7921,379.4411,0,-245.6828,2.748146,2.748146,36.53193,205.3435,0.25,16.65362,314.5033,0,-0.7386,0,0.6742,379.4411,0,1,0,0,-0.6742,0,-0.7386,-245.6828,0,0,0,1
58.80325,379.6084,0,-245.8686,2.748099,2.748099,36.53193,205.3435,0.25,16.65362,314.7505,0,-0.7428,0,0.6695,379.6084,0,1,0,0,-0.6695,0,-0.7428,-245.8686,0,0,0,1
58.81414,379.7746,0,-246.0554,2.746222,2.746222,36.53193,205.3435,0.25,16.65362,314.9981,0,-0.7471,0,0.6647,379.7746,0,1,0,0,-0.6647,0,-0.7471,-246.0554,0,0,0,1
58.82553,379.9396,0,-246.2432,2.743684,2.743684,36.53193,205.3435,0.25,16.65362,315.2458,0,-0.7513,0,0.6599,379.9396,0,1,0,0,-0.6599,0,-0.7513,-246.2432,0,0,0,1
58.83689,380.1034,0,-246.4321,2.742679,2.742679,36.53193,205.3435,0.25,16.65362,315.4937,0,-0.7555,0,0.6551,380.1034,0,1,0,0,-0.6551,0,-0.7555,-246.4321,0,0,0,1
58.84755,380.2659,0,-246.622,2.743171,2.743171,36.53193,205.3435,0.25,16.65362,315.7419,0,-0.7597,0,0.6503,380.2659,0,1,0,0,-0.6503,0,-0.7597,-246.622,0,0,0,1
58.85862,380.4273,0,-246.8129,2.74049,2.74049,36.53193,205.3435,0.25,16.65362,315.9902,0,-0.7638,0,0.6454,380.4273,0,1,0,0,-0.6454,0,-0.7638,-246.8129,0,0,0,1
58.87362,380.7463,0,-247.1979,2.738085,2.738085,36.53193,205.3435,0.25,16.65362,316.4874,0,-0.772,0,0.6356,380.7463,0,1,0,0,-0.6356,0,-0.772,-247.1979,0,0,0,1
58.88531,380.904,0,-247.3919,2.738474,2.738474,36.52094,205.3435,0.25,16.65362,316.7362,0,-0.776,0,0.6307,380.904,0,1,0,0,-0.6307,0,-0.776,-247.3919,0,0,0,1
58.89249,381.0604,0,-247.5869,2.735601,2.735601,36.51362,205.3435,0.25,16.65362,316.9852,0,-0.78,0,0.6258,381.0604,0,1,0,0,-0.6258,0,-0.78,-247.5869,0,0,0,1
58.90325,381.2156,0,-247.7829,2.73419,2.73419,36.51362,205.3435,0.25,16.65362,317.2344,0,-0.784,0,0.6208,381.2156,0,1,0,0,-0.6208,0,-0.784,-247.7829,0,0,0,1
58.91452,381.3695,0,-247.9799,2.734318,2.734318,36.50996,205.3435,0.25,16.65362,317.4836,0,-0.7879,0,0.6158,381.3695,0,1,0,0,-0.6158,0,-0.7879,-247.9799,0,0,0,1
58.92567,381.5222,0,-248.1778,2.733921,2.733921,36.49531,205.3435,0.25,16.65362,317.733,0,-0.7918,0,0.6107,381.5222,0,1,0,0,-0.6107,0,-0.7918,-248.1778,0,0,0,1
58.93767,381.6736,0,-248.3768,2.731571,2.731571,36.49165,205.3435,0.25,16.65362,317.9825,0,-0.7957,0,0.6057,381.6736,0,1,0,0,-0.6057,0,-0.7957,-248.3768,0,0,0,1
58.9482,381.8238,0,-248.5766,2.730741,2.730741,36.46601,205.3435,0.25,16.65362,318.2321,0,-0.7995,0,0.6006,381.8238,0,1,0,0,-0.6006,0,-0.7995,-248.5766,0,0,0,1
58.95971,381.9727,0,-248.7775,2.731413,2.731413,36.42573,205.3435,0.25,16.65362,318.4818,0,-0.8034,0,0.5955,381.9727,0,1,0,0,-0.5955,0,-0.8034,-248.7775,0,0,0,1
58.97062,382.2666,0,-249.182,2.728364,2.728364,36.34516,205.3435,0.25,16.65362,318.9813,0,-0.8108,0,0.5853,382.2666,0,1,0,0,-0.5853,0,-0.8108,-249.182,0,0,0,1
58.98175,382.4116,0,-249.3856,2.728045,2.728045,36.31953,205.3435,0.25,16.65362,319.2312,0,-0.8145,0,0.5801,382.4116,0,1,0,0,-0.5801,0,-0.8145,-249.3856,0,0,0,1
58.99286,382.5554,0,-249.5901,2.729235,2.729235,36.24262,205.3435,0.25,16.65362,319.4811,0,-0.8182,0,0.575,382.5554,0,1,0,0,-0.575,0,-0.8182,-249.5901,0,0,0,1
59.00406,382.6978,0,-249.7956,2.727115,2.727115,36.14741,205.3435,0.25,16.65362,319.7311,0,-0.8218,0,0.5698,382.6978,0,1,0,0,-0.5698,0,-0.8218,-249.7956,0,0,0,1
59.01499,382.839,0,-250.002,2.725797,2.725797,36.0595,205.3435,0.25,16.65362,319.9811,0,-0.8254,0,0.5646,382.839,0,1,0,0,-0.5646,0,-0.8254,-250.002,0,0,0,1
59.02613,382.9788,0,-250.2092,2.726005,2.726005,35.96429,205.3435,0.25,16.65362,320.2311,0,-0.8289,0,0.5594,382.9788,0,1,0,0,-0.5594,0,-0.8289,-250.2092,0,0,0,1
59.03741,383.1174,0,-250.4173,2.726939,2.726939,35.81414,205.3435,0.25,16.65362,320.4811,0,-0.8324,0,0.5542,383.1174,0,1,0,0,-0.5542,0,-0.8324,-250.4173,0,0,0,1
59.04836,383.2546,0,-250.6262,2.724623,2.724623,35.71893,205.3435,0.25,16.65362,320.7311,0,-0.8358,0,0.549,383.2546,0,1,0,0,-0.549,0,-0.8358,-250.6262,0,0,0,1
59.05961,383.3906,0,-250.836,2.723773,2.723773,35.55779,205.3435,0.25,16.65362,320.9811,0,-0.8392,0,0.5438,383.3906,0,1,0,0,-0.5438,0,-0.8392,-250.836,0,0,0,1
