time,pos_x,pos_y,pos_z,distFromRoadCenter,signedDistFromRoadCenter,wheelAngle,obstacle_pos_x,obstacle_pos_y,obstacle_pos_z,distance_to_obstacle,brake_position,simplecar_4x4_R0C0,simplecar_4x4_R0C1,simplecar_4x4_R0C2,simplecar_4x4_R0C3,simplecar_4x4_R1C0,simplecar_4x4_R1C1,simplecar_4x4_R1C2,simplecar_4x4_R1C3,simplecar_4x4_R2C0,simplecar_4x4_R2C1,simplecar_4x4_R2C2,simplecar_4x4_R2C3,simplecar_4x4_R3C0,simplecar_4x4_R3C1,simplecar_4x4_R3C2,simplecar_4x4_R3C3
102.6403,878.0088,0,-599.5469,1.193812,1.193812,-0.547493,951.8359,0.25,-586.7365,74.64149,0,-0.0635,0,-0.998,878.0088,0,1,0,0,0.998,0,-0.0635,-599.5469,0,0,0,1
102.6513,877.7593,0,-599.5629,1.192517,1.192517,-0.547493,951.8359,0.25,-586.7365,74.89014,0,-0.0636,0,-0.998,877.7593,0,1,0,0,0.998,0,-0.0636,-599.5629,0,0,0,1
102.6628,877.5098,0,-599.5787,1.191332,1.191332,-0.547493,951.8359,0.25,-586.7365,75.13878,0,-0.0637,0,-0.998,877.5098,0,1,0,0,0.998,0,-0.0637,-599.5787,0,0,0,1
102.6738,877.2603,0,-599.5946,1.190168,1.190168,-0.547493,951.8359,0.25,-586.7365,75.38742,0,-0.0638,0,-0.998,877.2603,0,1,0,0,0.998,0,-0.0638,-599.5946,0,0,0,1
102.6847,877.0107,0,-599.6107,1.188763,1.188763,-0.547493,951.8359,0.25,-586.7365,75.63612,0,-0.0639,0,-0.998,877.0107,0,1,0,0,0.998,0,-0.0639,-599.6107,0,0,0,1
102.6959,876.7612,0,-599.6266,1.18754,1.18754,-0.547493,951.8359,0.25,-586.7365,75.8848,0,-0.064,0,-0.9979,876.7612,0,1,0,0,0.9979,0,-0.064,-599.6266,0,0,0,1
102.7105,876.2622,0,-599.6588,1.184788,1.184788,-0.547493,951.8359,0.25,-586.7365,76.38221,0,-0.0642,0,-0.9979,876.2622,0,1,0,0,0.9979,0,-0.0642,-599.6588,0,0,0,1
102.7178,876.2622,0,-599.6588,1.184788,1.184788,-0.547493,951.8359,0.25,-586.7365,76.38221,0,-0.0642,0,-0.9979,876.2622,0,1,0,0,0.9979,0,-0.0642,-599.6588,0,0,0,1
102.7294,876.0127,0,-599.6748,1.183444,1.183444,-0.547493,951.8359,0.25,-586.7365,76.63094,0,-0.0643,0,-0.9979,876.0127,0,1,0,0,0.9979,0,-0.0643,-599.6748,0,0,0,1
102.741,875.5137,0,-599.707,1.180634,1.180634,-0.547493,951.8359,0.25,-586.7365,77.12836,0,-0.0645,0,-0.9979,875.5137,0,1,0,0,0.9979,0,-0.0645,-599.707,0,0,0,1
102.7511,875.2643,0,-599.7232,1.179164,1.179164,-0.547493,951.8359,0.25,-586.7365,77.37701,0,-0.0646,0,-0.9979,875.2643,0,1,0,0,0.9979,0,-0.0646,-599.7232,0,0,0,1
102.7623,875.0148,0,-599.7394,1.177698,1.177698,-0.547493,951.8359,0.25,-586.7365,77.62584,0,-0.0647,0,-0.9979,875.0148,0,1,0,0,0.9979,0,-0.0647,-599.7394,0,0,0,1
102.7736,874.7654,0,-599.7556,1.176168,1.176168,-0.547493,951.8359,0.25,-586.7365,77.87444,0,-0.0648,0,-0.9979,874.7654,0,1,0,0,0.9979,0,-0.0648,-599.7556,0,0,0,1
102.7844,874.516,0,-599.7718,1.174638,1.174638,-0.547493,951.8359,0.25,-586.7365,78.12318,0,-0.0649,0,-0.9979,874.516,0,1,0,0,0.9979,0,-0.0649,-599.7718,0,0,0,1
102.7958,874.2665,0,-599.788,1.173111,1.173111,-0.547493,951.8359,0.25,-586.7365,78.37199,0,-0.065,0,-0.9979,874.2665,0,1,0,0,0.9979,0,-0.065,-599.788,0,0,0,1
102.8077,874.0171,0,-599.8043,1.17158,1.17158,-0.547493,951.8359,0.25,-586.7365,78.62069,0,-0.0651,0,-0.9979,874.0171,0,1,0,0,0.9979,0,-0.0651,-599.8043,0,0,0,1
102.818,873.7676,0,-599.8206,1.169932,1.169932,-0.547493,951.8359,0.25,-586.7365,78.86952,0,-0.0651,0,-0.9979,873.7676,0,1,0,0,0.9979,0,-0.0651,-599.8206,0,0,0,1
102.829,873.5181,0,-599.8368,1.168401,1.168401,-0.547493,951.8359,0.25,-586.7365,79.11829,0,-0.0652,0,-0.9979,873.5181,0,1,0,0,0.9979,0,-0.0652,-599.8368,0,0,0,1
102.8404,873.0192,0,-599.8696,1.165039,1.165039,-0.547493,951.8359,0.25,-586.7365,79.61591,0,-0.0654,0,-0.9979,873.0192,0,1,0,0,0.9979,0,-0.0654,-599.8696,0,0,0,1
102.8525,872.7697,0,-599.8859,1.163391,1.163391,-0.547493,951.8359,0.25,-586.7365,79.86478,0,-0.0655,0,-0.9979,872.7697,0,1,0,0,0.9979,0,-0.0655,-599.8859,0,0,0,1
102.8622,872.5203,0,-599.9023,1.161617,1.161617,-0.547493,951.8359,0.25,-586.7365,80.11356,0,-0.0656,0,-0.9978,872.5203,0,1,0,0,0.9978,0,-0.0656,-599.9023,0,0,0,1
102.8747,872.2709,0,-599.9188,1.159903,1.159903,-0.547493,951.8359,0.25,-586.7365,80.3624,0,-0.0657,0,-0.9978,872.2709,0,1,0,0,0.9978,0,-0.0657,-599.9188,0,0,0,1
102.8848,872.0214,0,-599.9352,1.158194,1.158194,-0.547493,951.8359,0.25,-586.7365,80.61124,0,-0.0658,0,-0.9978,872.0214,0,1,0,0,0.9978,0,-0.0658,-599.9352,0,0,0,1
102.8999,871.772,0,-599.9517,1.156359,1.156359,-0.547493,951.8359,0.25,-586.7365,80.86011,0,-0.0659,0,-0.9978,871.772,0,1,0,0,0.9978,0,-0.0659,-599.9517,0,0,0,1
102.9097,871.5225,0,-599.9682,1.154585,1.154585,-0.54383,951.8359,0.25,-586.7365,81.10898,0,-0.066,0,-0.9978,871.5225,0,1,0,0,0.9978,0,-0.066,-599.9682,0,0,0,1
102.9178,871.2731,0,-599.9847,1.152749,1.152749,-0.52552,951.8359,0.25,-586.7365,81.35786,0,-0.0661,0,-0.9978,871.2731,0,1,0,0,0.9978,0,-0.0661,-599.9847,0,0,0,1
102.929,871.0236,0,-600.0013,1.150914,1.150914,-0.518196,951.8359,0.25,-586.7365,81.60676,0,-0.0662,0,-0.9978,871.0236,0,1,0,0,0.9978,0,-0.0662,-600.0013,0,0,0,1
102.94,870.5247,0,-600.0344,1.147126,1.147126,-0.496223,951.8359,0.25,-586.7365,82.10458,0,-0.0664,0,-0.9978,870.5247,0,1,0,0,0.9978,0,-0.0664,-600.0344,0,0,0,1
102.9511,870.2753,0,-600.051,1.14523,1.14523,-0.470588,951.8359,0.25,-586.7365,82.35349,0,-0.0664,0,-0.9978,870.2753,0,1,0,0,0.9978,0,-0.0664,-600.051,0,0,0,1
102.9622,870.0258,0,-600.0676,1.143273,1.143273,-0.426643,951.8359,0.25,-586.7365,82.60242,0,-0.0665,0,-0.9978,870.0258,0,1,0,0,0.9978,0,-0.0665,-600.0676,0,0,0,1
102.9736,869.7764,0,-600.0843,1.14132,1.14132,-0.375373,951.8359,0.25,-586.7365,82.85137,0,-0.0666,0,-0.9978,869.7764,0,1,0,0,0.9978,0,-0.0666,-600.0843,0,0,0,1
102.9844,869.5269,0,-600.101,1.139363,1.139363,-0.305793,951.8359,0.25,-586.7365,83.10032,0,-0.0666,0,-0.9978,869.5269,0,1,0,0,0.9978,0,-0.0666,-600.101,0,0,0,1
102.9957,869.2775,0,-600.1176,1.137406,1.137406,-0.250862,951.8359,0.25,-586.7365,83.34927,0,-0.0667,0,-0.9978,869.2775,0,1,0,0,0.9978,0,-0.0667,-600.1176,0,0,0,1
103.0079,869.028,0,-600.1343,1.135388,1.135388,-0.159302,951.8359,0.25,-586.7365,83.59824,0,-0.0667,0,-0.9978,869.028,0,1,0,0,0.9978,0,-0.0667,-600.1343,0,0,0,1
103.0186,868.7786,0,-600.1509,1.133431,1.133431,-0.093384,951.8359,0.25,-586.7365,83.84721,0,-0.0667,0,-0.9978,868.7786,0,1,0,0,0.9978,0,-0.0667,-600.1509,0,0,0,1
103.0289,868.5292,0,-600.1676,1.131474,1.131474,-0.038452,951.8359,0.25,-586.7365,84.09612,0,-0.0667,0,-0.9978,868.5292,0,1,0,0,0.9978,0,-0.0667,-600.1676,0,0,0,1
103.04,868.0302,0,-600.2009,1.12756,1.12756,0.016479,951.8359,0.25,-586.7365,84.59415,0,-0.0667,0,-0.9978,868.0302,0,1,0,0,0.9978,0,-0.0667,-600.2009,0,0,0,1
103.0511,867.7808,0,-600.2176,1.125603,1.125603,0.045776,951.8359,0.25,-586.7365,84.84315,0,-0.0667,0,-0.9978,867.7808,0,1,0,0,0.9978,0,-0.0667,-600.2176,0,0,0,1
103.0621,867.5313,0,-600.2343,1.123646,1.123646,0.056763,951.8359,0.25,-586.7365,85.09221,0,-0.0667,0,-0.9978,867.5313,0,1,0,0,0.9978,0,-0.0667,-600.2343,0,0,0,1
103.0734,867.2819,0,-600.2509,1.12169,1.12169,0.056763,951.8359,0.25,-586.7365,85.34116,0,-0.0667,0,-0.9978,867.2819,0,1,0,0,0.9978,0,-0.0667,-600.2509,0,0,0,1
103.0845,867.0323,0,-600.2676,1.119733,1.119733,0.056763,951.8359,0.25,-586.7365,85.59023,0,-0.0667,0,-0.9978,867.0323,0,1,0,0,0.9978,0,-0.0667,-600.2676,0,0,0,1
103.0956,866.783,0,-600.2842,1.117718,1.117718,0.038452,951.8359,0.25,-586.7365,85.83919,0,-0.0667,0,-0.9978,866.783,0,1,0,0,0.9978,0,-0.0667,-600.2842,0,0,0,1
103.1067,866.5335,0,-600.3009,1.115761,1.115761,0.012817,951.8359,0.25,-586.7365,86.08821,0,-0.0667,0,-0.9978,866.5335,0,1,0,0,0.9978,0,-0.0667,-600.3009,0,0,0,1
103.1177,866.2841,0,-600.3176,1.113804,1.113804,-0.016479,951.8359,0.25,-586.7365,86.33724,0,-0.0667,0,-0.9978,866.2841,0,1,0,0,0.9978,0,-0.0667,-600.3176,0,0,0,1
103.1287,866.0345,0,-600.3342,1.111848,1.111848,-0.042114,951.8359,0.25,-586.7365,86.58633,0,-0.0667,0,-0.9978,866.0345,0,1,0,0,0.9978,0,-0.0667,-600.3342,0,0,0,1
103.1401,865.5357,0,-600.3676,1.107812,1.107812,-0.045776,951.8359,0.25,-586.7365,87.08437,0,-0.0667,0,-0.9978,865.5357,0,1,0,0,0.9978,0,-0.0667,-600.3676,0,0,0,1
103.151,865.2863,0,-600.3842,1.105916,1.105916,-0.045776,951.8359,0.25,-586.7365,87.33341,0,-0.0667,0,-0.9978,865.2863,0,1,0,0,0.9978,0,-0.0667,-600.3842,0,0,0,1
103.1622,865.0369,0,-600.4009,1.103898,1.103898,-0.045776,951.8359,0.25,-586.7365,87.58241,0,-0.0667,0,-0.9978,865.0369,0,1,0,0,0.9978,0,-0.0667,-600.4009,0,0,0,1
103.1734,864.7874,0,-600.4175,1.101941,1.101941,-0.045776,951.8359,0.25,-586.7365,87.83153,0,-0.0667,0,-0.9978,864.7874,0,1,0,0,0.9978,0,-0.0667,-600.4175,0,0,0,1
103.1843,864.5378,0,-600.4342,1.099984,1.099984,-0.045776,951.8359,0.25,-586.7365,88.08066,0,-0.0667,0,-0.9978,864.5378,0,1,0,0,0.9978,0,-0.0667,-600.4342,0,0,0,1
103.196,864.2885,0,-600.4509,1.098027,1.098027,-0.045776,951.8359,0.25,-586.7365,88.32967,0,-0.0667,0,-0.9978,864.2885,0,1,0,0,0.9978,0,-0.0667,-600.4509,0,0,0,1
103.2066,864.039,0,-600.4675,1.096074,1.096074,-0.045776,951.8359,0.25,-586.7365,88.57875,0,-0.0668,0,-0.9978,864.039,0,1,0,0,0.9978,0,-0.0668,-600.4675,0,0,0,1
103.2175,863.7896,0,-600.4842,1.094117,1.094117,-0.045776,951.8359,0.25,-586.7365,88.82784,0,-0.0668,0,-0.9978,863.7896,0,1,0,0,0.9978,0,-0.0668,-600.4842,0,0,0,1
103.2287,863.5401,0,-600.5009,1.09216,1.09216,-0.045776,951.8359,0.25,-586.7365,89.07692,0,-0.0668,0,-0.9978,863.5401,0,1,0,0,0.9978,0,-0.0668,-600.5009,0,0,0,1
103.2437,863.0411,0,-600.5342,1.088185,1.088185,-0.016479,951.8359,0.25,-586.7365,89.57518,0,-0.0668,0,-0.9978,863.0411,0,1,0,0,0.9978,0,-0.0668,-600.5342,0,0,0,1
103.2535,862.7917,0,-600.5509,1.086167,1.086167,0.03479,951.8359,0.25,-586.7365,89.82423,0,-0.0668,0,-0.9978,862.7917,0,1,0,0,0.9978,0,-0.0668,-600.5509,0,0,0,1
103.2621,862.5424,0,-600.5676,1.084211,1.084211,0.082397,951.8359,0.25,-586.7365,90.07327,0,-0.0668,0,-0.9978,862.5424,0,1,0,0,0.9978,0,-0.0668,-600.5676,0,0,0,1
103.2734,862.2928,0,-600.5842,1.082254,1.082254,0.108032,951.8359,0.25,-586.7365,90.32245,0,-0.0667,0,-0.9978,862.2928,0,1,0,0,0.9978,0,-0.0667,-600.5842,0,0,0,1
103.2845,862.0434,0,-600.6009,1.080236,1.080236,0.181274,951.8359,0.25,-586.7365,90.57156,0,-0.0667,0,-0.9978,862.0434,0,1,0,0,0.9978,0,-0.0667,-600.6009,0,0,0,1
103.2957,861.7939,0,-600.6176,1.078279,1.078279,0.254517,951.8359,0.25,-586.7365,90.82069,0,-0.0667,0,-0.9978,861.7939,0,1,0,0,0.9978,0,-0.0667,-600.6176,0,0,0,1
103.3068,861.5445,0,-600.6342,1.076322,1.076322,0.353394,951.8359,0.25,-586.7365,91.06982,0,-0.0666,0,-0.9978,861.5445,0,1,0,0,0.9978,0,-0.0666,-600.6342,0,0,0,1
103.318,861.295,0,-600.6508,1.07443,1.07443,0.452271,951.8359,0.25,-586.7365,91.31895,0,-0.0665,0,-0.9978,861.295,0,1,0,0,0.9978,0,-0.0665,-600.6508,0,0,0,1
103.3287,861.0456,0,-600.6674,1.072473,1.072473,0.591445,951.8359,0.25,-586.7365,91.56807,0,-0.0664,0,-0.9978,861.0456,0,1,0,0,0.9978,0,-0.0664,-600.6674,0,0,0,1
103.341,860.5467,0,-600.7005,1.068806,1.068806,0.759902,951.8359,0.25,-586.7365,92.06632,0,-0.0662,0,-0.9978,860.5467,0,1,0,0,0.9978,0,-0.0662,-600.7005,0,0,0,1
103.3512,860.2972,0,-600.717,1.067032,1.067032,0.869765,951.8359,0.25,-586.7365,92.31545,0,-0.066,0,-0.9978,860.2972,0,1,0,0,0.9978,0,-0.066,-600.717,0,0,0,1
103.3622,860.0478,0,-600.7335,1.065258,1.065258,1.027236,951.8359,0.25,-586.7365,92.56458,0,-0.0658,0,-0.9978,860.0478,0,1,0,0,0.9978,0,-0.0658,-600.7335,0,0,0,1
103.3734,859.7983,0,-600.7499,1.063545,1.063545,1.166396,951.8359,0.25,-586.7365,92.81371,0,-0.0656,0,-0.9978,859.7983,0,1,0,0,0.9978,0,-0.0656,-600.7499,0,0,0,1
103.3848,859.5489,0,-600.7662,1.061896,1.061896,1.360488,951.8359,0.25,-586.7365,93.06283,0,-0.0654,0,-0.9979,859.5489,0,1,0,0,0.9979,0,-0.0654,-600.7662,0,0,0,1
103.396,859.2994,0,-600.7825,1.060305,1.060305,1.528959,951.8359,0.25,-586.7365,93.31194,0,-0.0651,0,-0.9979,859.2994,0,1,0,0,0.9979,0,-0.0651,-600.7825,0,0,0,1
103.4071,859.05,0,-600.7987,1.058778,1.058778,1.858549,951.8359,0.25,-586.7365,93.56104,0,-0.0648,0,-0.9979,859.05,0,1,0,0,0.9979,0,-0.0648,-600.7987,0,0,0,1
103.418,858.8005,0,-600.8148,1.057369,1.057369,2.001371,951.8359,0.25,-586.7365,93.81014,0,-0.0644,0,-0.9979,858.8005,0,1,0,0,0.9979,0,-0.0644,-600.8148,0,0,0,1
103.4293,858.551,0,-600.8308,1.056086,1.056086,2.334623,951.8359,0.25,-586.7365,94.05929,0,-0.064,0,-0.9979,858.551,0,1,0,0,0.9979,0,-0.064,-600.8308,0,0,0,1
103.4414,858.052,0,-600.8624,1.053824,1.053824,2.726483,951.8359,0.25,-586.7365,94.55754,0,-0.0631,0,-0.998,858.052,0,1,0,0,0.998,0,-0.0631,-600.8624,0,0,0,1
103.4513,857.8025,0,-600.8781,1.052907,1.052907,3.198895,951.8359,0.25,-586.7365,94.80665,0,-0.0625,0,-0.998,857.8025,0,1,0,0,0.998,0,-0.0625,-600.8781,0,0,0,1
103.4623,857.553,0,-600.8936,1.052115,1.052115,3.634701,951.8359,0.25,-586.7365,95.05574,0,-0.0619,0,-0.9981,857.553,0,1,0,0,0.9981,0,-0.0619,-600.8936,0,0,0,1
103.4736,857.3035,0,-600.9089,1.051502,1.051502,4.114437,951.8359,0.25,-586.7365,95.30481,0,-0.0612,0,-0.9981,857.3035,0,1,0,0,0.9981,0,-0.0612,-600.9089,0,0,0,1
103.4844,857.054,0,-600.924,1.051072,1.051072,4.744334,951.8359,0.25,-586.7365,95.55385,0,-0.0604,0,-0.9982,857.054,0,1,0,0,0.9982,0,-0.0604,-600.924,0,0,0,1
103.4959,856.8043,0,-600.9388,1.05095,1.05095,5.33761,951.8359,0.25,-586.7365,95.80298,0,-0.0594,0,-0.9982,856.8043,0,1,0,0,0.9982,0,-0.0594,-600.9388,0,0,0,1
103.507,856.5547,0,-600.9534,1.051072,1.051072,6.231179,951.8359,0.25,-586.7365,96.05208,0,-0.0583,0,-0.9983,856.5547,0,1,0,0,0.9983,0,-0.0583,-600.9534,0,0,0,1
103.5177,856.3052,0,-600.9677,1.051502,1.051502,6.798806,951.8359,0.25,-586.7365,96.30102,0,-0.0572,0,-0.9984,856.3052,0,1,0,0,0.9984,0,-0.0572,-600.9677,0,0,0,1
103.5289,856.0555,0,-600.9816,1.052233,1.052233,7.66674,951.8359,0.25,-586.7365,96.55004,0,-0.0558,0,-0.9984,856.0555,0,1,0,0,0.9984,0,-0.0558,-600.9816,0,0,0,1
103.5402,855.5563,0,-601.0084,1.054925,1.054925,8.585944,951.8359,0.25,-586.7365,97.04792,0,-0.0528,0,-0.9986,855.5563,0,1,0,0,0.9986,0,-0.0528,-601.0084,0,0,0,1
103.5511,855.3066,0,-601.0212,1.056821,1.056821,9.373312,951.8359,0.25,-586.7365,97.29684,0,-0.0512,0,-0.9987,855.3066,0,1,0,0,0.9987,0,-0.0512,-601.0212,0,0,0,1
103.5622,855.0569,0,-601.0335,1.059143,1.059143,10.13871,951.8359,0.25,-586.7365,97.54572,0,-0.0494,0,-0.9988,855.0569,0,1,0,0,0.9988,0,-0.0494,-601.0335,0,0,0,1
103.5774,854.8072,0,-601.0454,1.061957,1.061957,10.97368,951.8359,0.25,-586.7365,97.79453,0,-0.0475,0,-0.9989,854.8072,0,1,0,0,0.9989,0,-0.0475,-601.0454,0,0,0,1
103.5886,854.5574,0,-601.0568,1.065319,1.065319,11.96613,951.8359,0.25,-586.7365,98.04332,0,-0.0454,0,-0.999,854.5574,0,1,0,0,0.999,0,-0.0454,-601.0568,0,0,0,1
103.5964,854.3077,0,-601.0676,1.069172,1.069172,12.53742,951.8359,0.25,-586.7365,98.29198,0,-0.0432,0,-0.9991,854.3077,0,1,0,0,0.9991,0,-0.0432,-601.0676,0,0,0,1
103.6066,854.0579,0,-601.0778,1.073634,1.073634,12.96956,951.8359,0.25,-586.7365,98.54076,0,-0.041,0,-0.9992,854.0579,0,1,0,0,0.9992,0,-0.041,-601.0778,0,0,0,1
103.6179,853.808,0,-601.0875,1.078709,1.078709,13.45662,951.8359,0.25,-586.7365,98.78939,0,-0.0386,0,-0.9993,853.808,0,1,0,0,0.9993,0,-0.0386,-601.0875,0,0,0,1
103.629,853.5582,0,-601.0965,1.084393,1.084393,13.99863,951.8359,0.25,-586.7365,99.03794,0,-0.0362,0,-0.9993,853.5582,0,1,0,0,0.9993,0,-0.0362,-601.0965,0,0,0,1
103.6401,853.0585,0,-601.1128,1.097479,1.097479,14.48935,951.8359,0.25,-586.7365,99.53493,0,-0.0311,0,-0.9995,853.0585,0,1,0,0,0.9995,0,-0.0311,-601.1128,0,0,0,1
103.6511,852.8086,0,-601.1199,1.10512,1.10512,14.88487,951.8359,0.25,-586.7365,99.78329,0,-0.0285,0,-0.9996,852.8086,0,1,0,0,0.9996,0,-0.0285,-601.1199,0,0,0,1
103.6621,852.5587,0,-601.1263,1.113313,1.113313,15.25108,951.8359,0.25,-586.7365,100.0316,0,-0.0259,0,-0.9997,852.5587,0,1,0,0,0.9997,0,-0.0259,-601.1263,0,0,0,1
103.6733,852.3087,0,-601.1321,1.122241,1.122241,15.82605,951.8359,0.25,-586.7365,100.2799,0,-0.0231,0,-0.9997,852.3087,0,1,0,0,0.9997,0,-0.0231,-601.1321,0,0,0,1
103.6842,852.0588,0,-601.1372,1.131901,1.131901,16.09705,951.8359,0.25,-586.7365,100.528,0,-0.0203,0,-0.9998,852.0588,0,1,0,0,0.9998,0,-0.0203,-601.1372,0,0,0,1
103.6956,851.8088,0,-601.1415,1.142295,1.142295,16.44496,951.8359,0.25,-586.7365,100.7761,0,-0.0174,0,-0.9998,851.8088,0,1,0,0,0.9998,0,-0.0174,-601.1415,0,0,0,1
103.7068,851.5588,0,-601.1451,1.153362,1.153362,16.83681,951.8359,0.25,-586.7365,101.0241,0,-0.0145,0,-0.9999,851.5588,0,1,0,0,0.9999,0,-0.0145,-601.1451,0,0,0,1
103.7175,851.3088,0,-601.148,1.165222,1.165222,17.17006,951.8359,0.25,-586.7365,101.2721,0,-0.0115,0,-0.9999,851.3088,0,1,0,0,0.9999,0,-0.0115,-601.148,0,0,0,1
103.7288,851.0588,0,-601.1501,1.177756,1.177756,17.57656,951.8359,0.25,-586.7365,101.5199,0,-0.0084,0,-1,851.0588,0,1,0,0,1,0,-0.0084,-601.1501,0,0,0,1
103.7402,850.5588,0,-601.152,1.205271,1.205271,17.93179,951.8359,0.25,-586.7365,102.0153,0,-0.0022,0,-1,850.5588,0,1,0,0,1,0,-0.0022,-601.152,0,0,0,1
103.7508,850.3088,0,-601.1518,1.220188,1.220188,18.39323,951.8359,0.25,-586.7365,102.2629,0,0.001,0,-1,850.3088,0,1,0,0,1,0,0.001,-601.1518,0,0,0,1
103.762,850.0588,0,-601.1507,1.236023,1.236023,18.8217,951.8359,0.25,-586.7365,102.5103,0,0.0043,0,-1,850.0588,0,1,0,0,1,0,0.0043,-601.1507,0,0,0,1
103.7732,849.8088,0,-601.1487,1.252653,1.252653,19.36004,951.8359,0.25,-586.7365,102.7577,0,0.0077,0,-1,849.8088,0,1,0,0,1,0,0.0077,-601.1487,0,0,0,1
103.7845,849.5588,0,-601.146,1.270079,1.270079,19.93133,951.8359,0.25,-586.7365,103.0049,0,0.0112,0,-0.9999,849.5588,0,1,0,0,0.9999,0,0.0112,-601.146,0,0,0,1
103.7958,849.3088,0,-601.1423,1.288483,1.288483,20.43305,951.8359,0.25,-586.7365,103.252,0,0.0147,0,-0.9999,849.3088,0,1,0,0,0.9999,0,0.0147,-601.1423,0,0,0,1
103.8065,849.0589,0,-601.1377,1.307744,1.307744,21.07759,951.8359,0.25,-586.7365,103.499,0,0.0184,0,-0.9998,849.0589,0,1,0,0,0.9998,0,0.0184,-601.1377,0,0,0,1
103.8176,848.809,0,-601.1321,1.32798,1.32798,21.63058,951.8359,0.25,-586.7365,103.7458,0,0.0222,0,-0.9998,848.809,0,1,0,0,0.9998,0,0.0222,-601.1321,0,0,0,1
103.8288,848.559,0,-601.1256,1.348901,1.348901,22.27879,951.8359,0.25,-586.7365,103.9926,0,0.0261,0,-0.9997,848.559,0,1,0,0,0.9997,0,0.0261,-601.1256,0,0,0,1
103.84,848.0593,0,-601.1096,1.389354,1.389354,23.05151,951.8359,0.25,-586.7365,104.4855,0,0.0341,0,-0.9994,848.0593,0,1,0,0,0.9994,0,0.0341,-601.1096,0,0,0,1
103.851,847.8094,0,-601.1,1.411085,1.411085,23.50195,951.8359,0.25,-586.7365,104.7317,0,0.0382,0,-0.9993,847.8094,0,1,0,0,0.9993,0,0.0382,-601.1,0,0,0,1
103.8629,847.5597,0,-601.0894,1.432976,1.432976,24.05494,951.8359,0.25,-586.7365,104.9778,0,0.0424,0,-0.9991,847.5597,0,1,0,0,0.9991,0,0.0424,-601.0894,0,0,0,1
103.8733,847.3099,0,-601.0777,1.451889,1.451889,24.79835,951.8359,0.25,-586.7365,105.2238,0,0.0467,0,-0.9989,847.3099,0,1,0,0,0.9989,0,0.0467,-601.0777,0,0,0,1
103.8842,847.0602,0,-601.0649,1.471927,1.471927,25.30373,951.8359,0.25,-586.7365,105.4695,0,0.0512,0,-0.9987,847.0602,0,1,0,0,0.9987,0,0.0512,-601.0649,0,0,0,1
103.8958,846.8106,0,-601.051,1.493088,1.493088,25.76882,951.8359,0.25,-586.7365,105.715,0,0.0556,0,-0.9985,846.8106,0,1,0,0,0.9985,0,0.0556,-601.051,0,0,0,1
103.91,846.3116,0,-601.0197,1.532341,1.532341,26.26688,951.8359,0.25,-586.7365,106.2055,0,0.0648,0,-0.9979,846.3116,0,1,0,0,0.9979,0,0.0648,-601.0197,0,0,0,1
103.9204,846.0622,0,-601.0023,1.55194,1.55194,26.75029,951.8359,0.25,-586.7365,106.4504,0,0.0695,0,-0.9976,846.0622,0,1,0,0,0.9976,0,0.0695,-601.0023,0,0,0,1
103.9287,846.0622,0,-601.0023,1.55194,1.55194,26.75029,951.8359,0.25,-586.7365,106.4504,0,0.0695,0,-0.9976,846.0622,0,1,0,0,0.9976,0,0.0695,-601.0023,0,0,0,1
103.9399,845.8129,0,-600.9838,1.572721,1.572721,27.24468,951.8359,0.25,-586.7365,106.6951,0,0.0742,0,-0.9972,845.8129,0,1,0,0,0.9972,0,0.0742,-600.9838,0,0,0,1
103.951,845.3145,0,-600.9431,1.610871,1.610871,27.43877,951.8359,0.25,-586.7365,107.184,0,0.0838,0,-0.9965,845.3145,0,1,0,0,0.9965,0,0.0838,-600.9431,0,0,0,1
103.9622,845.0655,0,-600.921,1.630344,1.630344,27.4937,951.8359,0.25,-586.7365,107.4279,0,0.0885,0,-0.9961,845.0655,0,1,0,0,0.9961,0,0.0885,-600.921,0,0,0,1
103.9735,844.8166,0,-600.8976,1.650875,1.650875,27.50835,951.8359,0.25,-586.7365,107.6717,0,0.0933,0,-0.9956,844.8166,0,1,0,0,0.9956,0,0.0933,-600.8976,0,0,0,1
103.9851,844.5678,0,-600.8731,1.670071,1.670071,27.44243,951.8359,0.25,-586.7365,107.9153,0,0.0981,0,-0.9952,844.5678,0,1,0,0,0.9952,0,0.0981,-600.8731,0,0,0,1
103.9957,844.3192,0,-600.8474,1.688124,1.688124,27.34722,951.8359,0.25,-586.7365,108.1586,0,0.1028,0,-0.9947,844.3192,0,1,0,0,0.9947,0,0.1028,-600.8474,0,0,0,1
104.0069,844.0706,0,-600.8206,1.707232,1.707232,27.13115,951.8359,0.25,-586.7365,108.4016,0,0.1075,0,-0.9942,844.0706,0,1,0,0,0.9942,0,0.1075,-600.8206,0,0,0,1
104.0179,843.8222,0,-600.7925,1.727522,1.727522,26.96636,951.8359,0.25,-586.7365,108.6444,0,0.1122,0,-0.9937,843.8222,0,1,0,0,0.9937,0,0.1122,-600.7925,0,0,0,1
104.0289,843.5739,0,-600.7632,1.74594,1.74594,26.69535,951.8359,0.25,-586.7365,108.887,0,0.1168,0,-0.9932,843.5739,0,1,0,0,0.9932,0,0.1168,-600.7632,0,0,0,1
104.0402,843.0778,0,-600.7014,1.782449,1.782449,26.36576,951.8359,0.25,-586.7365,109.3714,0,0.126,0,-0.992,843.0778,0,1,0,0,0.992,0,0.126,-600.7014,0,0,0,1
104.0512,842.8299,0,-600.6688,1.802381,1.802381,26.09476,951.8359,0.25,-586.7365,109.6133,0,0.1305,0,-0.9914,842.8299,0,1,0,0,0.9914,0,0.1305,-600.6688,0,0,0,1
104.0626,842.5822,0,-600.635,1.819661,1.819661,25.78714,951.8359,0.25,-586.7365,109.8549,0,0.135,0,-0.9909,842.5822,0,1,0,0,0.9909,0,0.135,-600.635,0,0,0,1
104.0735,842.3346,0,-600.6002,1.836946,1.836946,25.30373,951.8359,0.25,-586.7365,110.0962,0,0.1393,0,-0.9902,842.3346,0,1,0,0,0.9902,0,0.1393,-600.6002,0,0,0,1
104.0844,842.0872,0,-600.5643,1.855164,1.855164,25.06936,951.8359,0.25,-586.7365,110.3373,0,0.1437,0,-0.9896,842.0872,0,1,0,0,0.9896,0,0.1437,-600.5643,0,0,0,1
104.096,841.8399,0,-600.5273,1.874562,1.874562,24.79835,951.8359,0.25,-586.7365,110.5782,0,0.1479,0,-0.989,841.8399,0,1,0,0,0.989,0,0.1479,-600.5273,0,0,0,1
104.1068,841.5929,0,-600.4893,1.890522,1.890522,24.5127,951.8359,0.25,-586.7365,110.8187,0,0.1522,0,-0.9884,841.5929,0,1,0,0,0.9884,0,0.1522,-600.4893,0,0,0,1
104.1178,841.3459,0,-600.4502,1.907031,1.907031,24.3003,951.8359,0.25,-586.7365,111.0591,0,0.1564,0,-0.9877,841.3459,0,1,0,0,0.9877,0,0.1564,-600.4502,0,0,0,1
104.1289,841.0991,0,-600.4101,1.924597,1.924597,24.08423,951.8359,0.25,-586.7365,111.2992,0,0.1605,0,-0.987,841.0991,0,1,0,0,0.987,0,0.1605,-600.4101,0,0,0,1
104.1401,840.6061,0,-600.3268,1.9576,1.9576,23.93409,951.8359,0.25,-586.7365,111.7786,0,0.1688,0,-0.9857,840.6061,0,1,0,0,0.9857,0,0.1688,-600.3268,0,0,0,1
104.1511,840.3599,0,-600.2836,1.973336,1.973336,23.83886,951.8359,0.25,-586.7365,112.018,0,0.1729,0,-0.9849,840.3599,0,1,0,0,0.9849,0,0.1729,-600.2836,0,0,0,1
104.1622,840.1139,0,-600.2393,1.990075,1.990075,23.75097,951.8359,0.25,-586.7365,112.257,0,0.1769,0,-0.9842,840.1139,0,1,0,0,0.9842,0,0.1769,-600.2393,0,0,0,1
104.1734,839.868,0,-600.1941,2.006803,2.006803,23.67773,951.8359,0.25,-586.7365,112.4958,0,0.181,0,-0.9835,839.868,0,1,0,0,0.9835,0,0.181,-600.1941,0,0,0,1
104.1843,839.6224,0,-600.1478,2.02071,2.02071,23.65575,951.8359,0.25,-586.7365,112.7344,0,0.1851,0,-0.9827,839.6224,0,1,0,0,0.9827,0,0.1851,-600.1478,0,0,0,1
104.1964,839.3769,0,-600.1005,2.03562,2.03562,23.64843,951.8359,0.25,-586.7365,112.9727,0,0.1891,0,-0.982,839.3769,0,1,0,0,0.982,0,0.1891,-600.1005,0,0,0,1
104.207,839.1316,0,-600.0522,2.051464,2.051464,23.63378,951.8359,0.25,-586.7365,113.2108,0,0.1932,0,-0.9812,839.1316,0,1,0,0,0.9812,0,0.1932,-600.0522,0,0,0,1
104.2176,838.8865,0,-600.0029,2.06657,2.06657,23.63012,951.8359,0.25,-586.7365,113.4486,0,0.1972,0,-0.9804,838.8865,0,1,0,0,0.9804,0,0.1972,-600.0029,0,0,0,1
104.2289,838.6416,0,-599.9526,2.07965,2.07965,23.63012,951.8359,0.25,-586.7365,113.6861,0,0.2013,0,-0.9795,838.6416,0,1,0,0,0.9795,0,0.2013,-599.9526,0,0,0,1
104.2434,838.1525,0,-599.849,2.108616,2.108616,23.63012,951.8359,0.25,-586.7365,114.1603,0,0.2093,0,-0.9778,838.1525,0,1,0,0,0.9778,0,0.2093,-599.849,0,0,0,1
104.2545,837.9082,0,-599.7957,2.122146,2.122146,23.62646,951.8359,0.25,-586.7365,114.3971,0,0.2134,0,-0.977,837.9082,0,1,0,0,0.977,0,0.2134,-599.7957,0,0,0,1
104.2624,837.6642,0,-599.7413,2.134265,2.134265,23.6228,951.8359,0.25,-586.7365,114.6335,0,0.2174,0,-0.9761,837.6642,0,1,0,0,0.9761,0,0.2174,-599.7413,0,0,0,1
104.2732,837.4204,0,-599.686,2.147394,2.147394,23.60448,951.8359,0.25,-586.7365,114.8696,0,0.2214,0,-0.9752,837.4204,0,1,0,0,0.9752,0,0.2214,-599.686,0,0,0,1
104.2845,837.1768,0,-599.6296,2.161453,2.161453,23.60448,951.8359,0.25,-586.7365,115.1055,0,0.2254,0,-0.9743,837.1768,0,1,0,0,0.9743,0,0.2254,-599.6296,0,0,0,1
104.2956,836.9335,0,-599.5723,2.173351,2.173351,23.60082,951.8359,0.25,-586.7365,115.3411,0,0.2294,0,-0.9733,836.9335,0,1,0,0,0.9733,0,0.2294,-599.5723,0,0,0,1
104.3068,836.6904,0,-599.5139,2.184582,2.184582,23.60082,951.8359,0.25,-586.7365,115.5764,0,0.2334,0,-0.9724,836.6904,0,1,0,0,0.9724,0,0.2334,-599.5139,0,0,0,1
104.3177,836.4475,0,-599.4545,2.196873,2.196873,23.60082,951.8359,0.25,-586.7365,115.8115,0,0.2374,0,-0.9714,836.4475,0,1,0,0,0.9714,0,0.2374,-599.4545,0,0,0,1
104.3289,836.2049,0,-599.3942,2.210114,2.210114,23.60082,951.8359,0.25,-586.7365,116.0462,0,0.2414,0,-0.9704,836.2049,0,1,0,0,0.9704,0,0.2414,-599.3942,0,0,0,1
104.34,835.9625,0,-599.3328,2.220269,2.220269,23.60082,951.8359,0.25,-586.7365,116.2807,0,0.2454,0,-0.9694,835.9625,0,1,0,0,0.9694,0,0.2454,-599.3328,0,0,0,1
104.3509,835.4785,0,-599.2071,2.242063,2.242063,23.60082,951.8359,0.25,-586.7365,116.7487,0,0.2534,0,-0.9674,835.4785,0,1,0,0,0.9674,0,0.2534,-599.2071,0,0,0,1
104.3624,835.2369,0,-599.1428,2.254294,2.254294,23.6228,951.8359,0.25,-586.7365,116.9823,0,0.2574,0,-0.9663,835.2369,0,1,0,0,0.9663,0,0.2574,-599.1428,0,0,0,1
104.3733,834.9957,0,-599.0774,2.262839,2.262839,23.6704,951.8359,0.25,-586.7365,117.2155,0,0.2614,0,-0.9652,834.9957,0,1,0,0,0.9652,0,0.2614,-599.0774,0,0,0,1
104.3843,834.7546,0,-599.0111,2.272321,2.272321,23.74364,951.8359,0.25,-586.7365,117.4484,0,0.2654,0,-0.9641,834.7546,0,1,0,0,0.9641,0,0.2654,-599.0111,0,0,0,1
104.3956,834.5139,0,-598.9437,2.282887,2.282887,23.81689,951.8359,0.25,-586.7365,117.6811,0,0.2694,0,-0.963,834.5139,0,1,0,0,0.963,0,0.2694,-598.9437,0,0,0,1
104.4069,834.2734,0,-598.8754,2.293411,2.293411,23.91578,951.8359,0.25,-586.7365,117.9134,0,0.2734,0,-0.9619,834.2734,0,1,0,0,0.9619,0,0.2734,-598.8754,0,0,0,1
104.4176,834.0332,0,-598.806,2.301104,2.301104,23.99268,951.8359,0.25,-586.7365,118.1454,0,0.2774,0,-0.9607,834.0332,0,1,0,0,0.9607,0,0.2774,-598.806,0,0,0,1
104.4288,833.7933,0,-598.7357,2.309805,2.309805,24.13184,951.8359,0.25,-586.7365,118.3771,0,0.2815,0,-0.9596,833.7933,0,1,0,0,0.9596,0,0.2815,-598.7357,0,0,0,1
104.4402,833.3145,0,-598.5919,2.328461,2.328461,24.24537,951.8359,0.25,-586.7365,118.8394,0,0.2896,0,-0.9572,833.3145,0,1,0,0,0.9572,0,0.2896,-598.5919,0,0,0,1
104.4511,833.0756,0,-598.5184,2.335479,2.335479,24.37354,951.8359,0.25,-586.7365,119.0701,0,0.2937,0,-0.9559,833.0756,0,1,0,0,0.9559,0,0.2937,-598.5184,0,0,0,1
104.462,832.8369,0,-598.444,2.343462,2.343462,24.51636,951.8359,0.25,-586.7365,119.3004,0,0.2977,0,-0.9546,832.8369,0,1,0,0,0.9546,0,0.2977,-598.444,0,0,0,1
104.4733,832.5985,0,-598.3685,2.352468,2.352468,24.70313,951.8359,0.25,-586.7365,119.5305,0,0.3019,0,-0.9534,832.5985,0,1,0,0,0.9534,0,0.3019,-598.3685,0,0,0,1
104.4842,832.3606,0,-598.2921,2.35973,2.35973,24.89357,951.8359,0.25,-586.7365,119.7601,0,0.306,0,-0.952,832.3606,0,1,0,0,0.952,0,0.306,-598.2921,0,0,0,1
104.4954,832.1229,0,-598.2145,2.366017,2.366017,25.04372,951.8359,0.25,-586.7365,119.9895,0,0.3102,0,-0.9507,832.1229,0,1,0,0,0.9507,0,0.3102,-598.2145,0,0,0,1
104.5066,831.8856,0,-598.1359,2.373403,2.373403,25.27443,951.8359,0.25,-586.7365,120.2185,0,0.3143,0,-0.9493,831.8856,0,1,0,0,0.9493,0,0.3143,-598.1359,0,0,0,1
104.5174,831.6486,0,-598.0563,2.381752,2.381752,25.39894,951.8359,0.25,-586.7365,120.4471,0,0.3186,0,-0.9479,831.6486,0,1,0,0,0.9479,0,0.3186,-598.0563,0,0,0,1
104.5285,831.4119,0,-597.9756,2.387574,2.387574,25.5967,951.8359,0.25,-586.7365,120.6753,0,0.3228,0,-0.9465,831.4119,0,1,0,0,0.9465,0,0.3228,-597.9756,0,0,0,1
104.5398,831.1757,0,-597.8938,2.393326,2.393326,25.7798,951.8359,0.25,-586.7365,120.9032,0,0.327,0,-0.945,831.1757,0,1,0,0,0.945,0,0.327,-597.8938,0,0,0,1
104.5515,830.7043,0,-597.7271,2.408029,2.408029,25.98124,951.8359,0.25,-586.7365,121.3578,0,0.3356,0,-0.942,830.7043,0,1,0,0,0.942,0,0.3356,-597.7271,0,0,0,1
104.562,830.4692,0,-597.6421,2.412475,2.412475,26.21561,951.8359,0.25,-586.7365,121.5845,0,0.3399,0,-0.9405,830.4692,0,1,0,0,0.9405,0,0.3399,-597.6421,0,0,0,1
104.5767,830.2344,0,-597.556,2.417791,2.417791,26.41336,951.8359,0.25,-586.7365,121.8109,0,0.3442,0,-0.9389,830.2344,0,1,0,0,0.9389,0,0.3442,-597.556,0,0,0,1
104.5875,830.0001,0,-597.4689,2.424224,2.424224,26.69535,951.8359,0.25,-586.7365,122.0368,0,0.3486,0,-0.9373,830.0001,0,1,0,0,0.9373,0,0.3486,-597.4689,0,0,0,1
104.5958,829.7662,0,-597.3806,2.431084,2.431084,26.94072,951.8359,0.25,-586.7365,122.2623,0,0.353,0,-0.9356,829.7662,0,1,0,0,0.9356,0,0.353,-597.3806,0,0,0,1
104.6067,829.5328,0,-597.2913,2.434983,2.434983,27.11284,951.8359,0.25,-586.7365,122.4873,0,0.3574,0,-0.9339,829.5328,0,1,0,0,0.9339,0,0.3574,-597.2913,0,0,0,1
104.618,829.2997,0,-597.2008,2.439999,2.439999,27.32891,951.8359,0.25,-586.7365,122.712,0,0.3619,0,-0.9322,829.2997,0,1,0,0,0.9322,0,0.3619,-597.2008,0,0,0,1
104.6287,829.0671,0,-597.1092,2.446191,2.446191,27.55596,951.8359,0.25,-586.7365,122.9362,0,0.3664,0,-0.9305,829.0671,0,1,0,0,0.9305,0,0.3664,-597.1092,0,0,0,1
104.64,828.835,0,-597.0165,2.451927,2.451927,27.73175,951.8359,0.25,-586.7365,123.16,0,0.3709,0,-0.9287,828.835,0,1,0,0,0.9287,0,0.3709,-597.0165,0,0,0,1
104.6511,828.372,0,-596.8276,2.46052,2.46052,27.90387,951.8359,0.25,-586.7365,123.6063,0,0.3799,0,-0.925,828.372,0,1,0,0,0.925,0,0.3799,-596.8276,0,0,0,1
104.6624,828.1412,0,-596.7315,2.466606,2.466606,28.06867,951.8359,0.25,-586.7365,123.8287,0,0.3844,0,-0.9232,828.1412,0,1,0,0,0.9232,0,0.3844,-596.7315,0,0,0,1
104.6734,827.9109,0,-596.6343,2.471254,2.471254,28.24079,951.8359,0.25,-586.7365,124.0507,0,0.389,0,-0.9213,827.9109,0,1,0,0,0.9213,0,0.389,-596.6343,0,0,0,1
104.6843,827.6811,0,-596.5359,2.474866,2.474866,28.336,951.8359,0.25,-586.7365,124.2722,0,0.3935,0,-0.9193,827.6811,0,1,0,0,0.9193,0,0.3935,-596.5359,0,0,0,1
104.696,827.4518,0,-596.4363,2.479732,2.479732,28.44953,951.8359,0.25,-586.7365,124.4933,0,0.3981,0,-0.9174,827.4518,0,1,0,0,0.9174,0,0.3981,-596.4363,0,0,0,1
104.7068,827.2229,0,-596.3357,2.485681,2.485681,28.58869,951.8359,0.25,-586.7365,124.7139,0,0.4026,0,-0.9154,827.2229,0,1,0,0,0.9154,0,0.4026,-596.3357,0,0,0,1
104.7177,826.9946,0,-596.2339,2.48946,2.48946,28.69124,951.8359,0.25,-586.7365,124.934,0,0.4072,0,-0.9133,826.9946,0,1,0,0,0.9133,0,0.4072,-596.2339,0,0,0,1
104.7288,826.7668,0,-596.1309,2.493052,2.493052,28.81209,951.8359,0.25,-586.7365,125.1536,0,0.4118,0,-0.9113,826.7668,0,1,0,0,0.9113,0,0.4118,-596.1309,0,0,0,1
104.74,826.5395,0,-596.0268,2.497897,2.497897,28.91096,951.8359,0.25,-586.7365,125.3727,0,0.4164,0,-0.9092,826.5395,0,1,0,0,0.9092,0,0.4164,-596.0268,0,0,0,1
104.7509,826.0865,0,-595.8152,2.506696,2.506696,28.99886,951.8359,0.25,-586.7365,125.8096,0,0.4256,0,-0.9049,826.0865,0,1,0,0,0.9049,0,0.4256,-595.8152,0,0,0,1
104.7628,825.8608,0,-595.7076,2.510357,2.510357,29.03181,951.8359,0.25,-586.7365,126.0272,0,0.4302,0,-0.9028,825.8608,0,1,0,0,0.9028,0,0.4302,-595.7076,0,0,0,1
104.7733,825.6356,0,-595.5989,2.515269,2.515269,29.04646,951.8359,0.25,-586.7365,126.2444,0,0.4347,0,-0.9006,825.6356,0,1,0,0,0.9006,0,0.4347,-595.5989,0,0,0,1
104.7847,825.411,0,-595.4891,2.520733,2.520733,29.04646,951.8359,0.25,-586.7365,126.461,0,0.4393,0,-0.8983,825.411,0,1,0,0,0.8983,0,0.4393,-595.4891,0,0,0,1
104.7954,825.187,0,-595.3782,2.523298,2.523298,29.04646,951.8359,0.25,-586.7365,126.6771,0,0.4438,0,-0.8961,825.187,0,1,0,0,0.8961,0,0.4438,-595.3782,0,0,0,1
104.8067,824.9635,0,-595.2661,2.527055,2.527055,29.0428,951.8359,0.25,-586.7365,126.8928,0,0.4484,0,-0.8938,824.9635,0,1,0,0,0.8938,0,0.4484,-595.2661,0,0,0,1
104.8174,824.7407,0,-595.1528,2.532032,2.532032,29.03181,951.8359,0.25,-586.7365,127.1078,0,0.4529,0,-0.8916,824.7407,0,1,0,0,0.8916,0,0.4529,-595.1528,0,0,0,1
104.8286,824.5184,0,-595.0385,2.536676,2.536676,29.02449,951.8359,0.25,-586.7365,127.3224,0,0.4574,0,-0.8893,824.5184,0,1,0,0,0.8893,0,0.4574,-595.0385,0,0,0,1
104.8399,824.2966,0,-594.923,2.539283,2.539283,28.97688,951.8359,0.25,-586.7365,127.5364,0,0.4619,0,-0.8869,824.2966,0,1,0,0,0.8869,0,0.4619,-594.923,0,0,0,1
104.8509,823.8549,0,-594.6887,2.54799,2.54799,28.93294,951.8359,0.25,-586.7365,127.963,0,0.4708,0,-0.8822,823.8549,0,1,0,0,0.8822,0,0.4708,-594.6887,0,0,0,1
104.8619,823.635,0,-594.5698,2.551774,2.551774,28.8597,951.8359,0.25,-586.7365,128.1754,0,0.4753,0,-0.8798,823.635,0,1,0,0,0.8798,0,0.4753,-594.5698,0,0,0,1
104.8733,823.4156,0,-594.4499,2.554396,2.554396,28.75716,951.8359,0.25,-586.7365,128.3874,0,0.4797,0,-0.8774,823.4156,0,1,0,0,0.8774,0,0.4797,-594.4499,0,0,0,1
104.8842,823.1968,0,-594.3289,2.558265,2.558265,28.62166,951.8359,0.25,-586.7365,128.5989,0,0.4841,0,-0.875,823.1968,0,1,0,0,0.875,0,0.4841,-594.3289,0,0,0,1
104.8958,822.9787,0,-594.2067,2.563327,2.563327,28.49713,951.8359,0.25,-586.7365,128.8097,0,0.4884,0,-0.8726,822.9787,0,1,0,0,0.8726,0,0.4884,-594.2067,0,0,0,1
104.9094,822.7612,0,-594.0836,2.56599,2.56599,28.32868,951.8359,0.25,-586.7365,129.0201,0,0.4927,0,-0.8702,822.7612,0,1,0,0,0.8702,0,0.4927,-594.0836,0,0,0,1
104.9207,822.3279,0,-593.834,2.572431,2.572431,28.11627,951.8359,0.25,-586.7365,129.4392,0,0.5012,0,-0.8653,822.3279,0,1,0,0,0.8653,0,0.5012,-593.834,0,0,0,1
104.9288,822.3279,0,-593.834,2.572431,2.572431,28.11627,951.8359,0.25,-586.7365,129.4392,0,0.5012,0,-0.8653,822.3279,0,1,0,0,0.8653,0,0.5012,-593.834,0,0,0,1
104.9398,822.1122,0,-593.7076,2.577319,2.577319,27.82331,951.8359,0.25,-586.7365,129.648,0,0.5054,0,-0.8629,822.1122,0,1,0,0,0.8629,0,0.5054,-593.7076,0,0,0,1
104.9509,821.6827,0,-593.4518,2.581363,2.581363,27.61089,951.8359,0.25,-586.7365,130.064,0,0.5137,0,-0.858,821.6827,0,1,0,0,0.858,0,0.5137,-593.4518,0,0,0,1
104.962,821.4688,0,-593.3224,2.58494,2.58494,27.42046,951.8359,0.25,-586.7365,130.2712,0,0.5178,0,-0.8555,821.4688,0,1,0,0,0.8555,0,0.5178,-593.3224,0,0,0,1
104.9733,821.2556,0,-593.1919,2.589011,2.589011,27.18242,951.8359,0.25,-586.7365,130.4779,0,0.5219,0,-0.853,821.2556,0,1,0,0,0.853,0,0.5219,-593.1919,0,0,0,1
104.9842,821.0429,0,-593.0604,2.590024,2.590024,26.94072,951.8359,0.25,-586.7365,130.6842,0,0.5259,0,-0.8506,821.0429,0,1,0,0,0.8506,0,0.5259,-593.0604,0,0,0,1
104.996,820.8309,0,-592.928,2.592176,2.592176,26.72832,951.8359,0.25,-586.7365,130.8899,0,0.5298,0,-0.8481,820.8309,0,1,0,0,0.8481,0,0.5298,-592.928,0,0,0,1
105.0072,820.6194,0,-592.7946,2.595414,2.595414,26.43167,951.8359,0.25,-586.7365,131.0952,0,0.5338,0,-0.8456,820.6194,0,1,0,0,0.8456,0,0.5338,-592.7946,0,0,0,1
105.0174,820.4087,0,-592.6602,2.598108,2.598108,26.26688,951.8359,0.25,-586.7365,131.2998,0,0.5376,0,-0.8432,820.4087,0,1,0,0,0.8432,0,0.5376,-592.6602,0,0,0,1
105.0287,820.1984,0,-592.5248,2.598752,2.598752,26.02884,951.8359,0.25,-586.7365,131.5042,0,0.5414,0,-0.8407,820.1984,0,1,0,0,0.8407,0,0.5414,-592.5248,0,0,0,1
105.0398,819.9888,0,-592.3885,2.600482,2.600482,25.85672,951.8359,0.25,-586.7365,131.7079,0,0.5452,0,-0.8383,819.9888,0,1,0,0,0.8383,0,0.5452,-592.3885,0,0,0,1
105.0507,819.5715,0,-592.113,2.604454,2.604454,25.66262,951.8359,0.25,-586.7365,132.1138,0,0.5527,0,-0.8334,819.5715,0,1,0,0,0.8334,0,0.5527,-592.113,0,0,0,1
105.0619,819.3638,0,-591.9739,2.604593,2.604593,25.52712,951.8359,0.25,-586.7365,132.3161,0,0.5564,0,-0.8309,819.3638,0,1,0,0,0.8309,0,0.5564,-591.9739,0,0,0,1
105.073,819.1567,0,-591.8339,2.605818,2.605818,25.39894,951.8359,0.25,-586.7365,132.5178,0,0.5601,0,-0.8284,819.1567,0,1,0,0,0.8284,0,0.5601,-591.8339,0,0,0,1
105.0839,818.9502,0,-591.693,2.607993,2.607993,25.35866,951.8359,0.25,-586.7365,132.7192,0,0.5638,0,-0.8259,818.9502,0,1,0,0,0.8259,0,0.5638,-591.693,0,0,0,1
105.0954,818.7444,0,-591.5511,2.607617,2.607617,25.355,951.8359,0.25,-586.7365,132.9199,0,0.5674,0,-0.8234,818.7444,0,1,0,0,0.8234,0,0.5674,-591.5511,0,0,0,1
105.1064,818.5392,0,-591.4084,2.607218,2.607218,25.355,951.8359,0.25,-586.7365,133.1201,0,0.5711,0,-0.8209,818.5392,0,1,0,0,0.8209,0,0.5711,-591.4084,0,0,0,1
105.1174,818.3346,0,-591.2647,2.607803,2.607803,25.355,951.8359,0.25,-586.7365,133.3199,0,0.5747,0,-0.8184,818.3346,0,1,0,0,0.8184,0,0.5747,-591.2647,0,0,0,1
105.1284,818.1306,0,-591.1201,2.60946,2.60946,25.355,951.8359,0.25,-586.7365,133.5193,0,0.5783,0,-0.8158,818.1306,0,1,0,0,0.8158,0,0.5783,-591.1201,0,0,0,1
105.1397,817.9273,0,-590.9747,2.607499,2.607499,25.355,951.8359,0.25,-586.7365,133.7181,0,0.5819,0,-0.8133,817.9273,0,1,0,0,0.8133,0,0.5819,-590.9747,0,0,0,1
105.1506,817.5226,0,-590.681,2.606524,2.606524,25.355,951.8359,0.25,-586.7365,134.1142,0,0.5891,0,-0.8081,817.5226,0,1,0,0,0.8081,0,0.5891,-590.681,0,0,0,1
105.1618,817.3212,0,-590.5329,2.606728,2.606728,25.355,951.8359,0.25,-586.7365,134.3115,0,0.5926,0,-0.8055,817.3212,0,1,0,0,0.8055,0,0.5926,-590.5329,0,0,0,1
105.173,817.1205,0,-590.3838,2.604109,2.604109,25.355,951.8359,0.25,-586.7365,134.5083,0,0.5962,0,-0.8028,817.1205,0,1,0,0,0.8028,0,0.5962,-590.3838,0,0,0,1
105.1841,816.9205,0,-590.2339,2.602511,2.602511,25.355,951.8359,0.25,-586.7365,134.7046,0,0.5998,0,-0.8002,816.9205,0,1,0,0,0.8002,0,0.5998,-590.2339,0,0,0,1
105.1955,816.7211,0,-590.0831,2.601935,2.601935,25.355,951.8359,0.25,-586.7365,134.9004,0,0.6033,0,-0.7975,816.7211,0,1,0,0,0.7975,0,0.6033,-590.0831,0,0,0,1
105.2065,816.5223,0,-589.9313,2.600564,2.600564,25.355,951.8359,0.25,-586.7365,135.0956,0,0.6068,0,-0.7948,816.5223,0,1,0,0,0.7948,0,0.6068,-589.9313,0,0,0,1
105.2173,816.3243,0,-589.7787,2.597369,2.597369,25.355,951.8359,0.25,-586.7365,135.2904,0,0.6103,0,-0.7922,816.3243,0,1,0,0,0.7922,0,0.6103,-589.7787,0,0,0,1
105.2286,816.1269,0,-589.6253,2.595196,2.595196,25.355,951.8359,0.25,-586.7365,135.4847,0,0.6138,0,-0.7894,816.1269,0,1,0,0,0.7894,0,0.6138,-589.6253,0,0,0,1
105.2426,815.7343,0,-589.3157,2.591259,2.591259,25.355,951.8359,0.25,-586.7365,135.8716,0,0.6208,0,-0.784,815.7343,0,1,0,0,0.784,0,0.6208,-589.3157,0,0,0,1
105.2533,815.5389,0,-589.1597,2.58745,2.58745,25.355,951.8359,0.25,-586.7365,136.0643,0,0.6243,0,-0.7812,815.5389,0,1,0,0,0.7812,0,0.6243,-589.1597,0,0,0,1
105.2618,815.3442,0,-589.0027,2.584663,2.584663,25.355,951.8359,0.25,-586.7365,136.2566,0,0.6277,0,-0.7785,815.3442,0,1,0,0,0.7785,0,0.6277,-589.0027,0,0,0,1
105.2727,815.1504,0,-588.845,2.582983,2.582983,25.355,951.8359,0.25,-586.7365,136.4482,0,0.6311,0,-0.7757,815.1504,0,1,0,0,0.7757,0,0.6311,-588.845,0,0,0,1
105.2839,814.9572,0,-588.6863,2.578514,2.578514,25.355,951.8359,0.25,-586.7365,136.6393,0,0.6346,0,-0.7729,814.9572,0,1,0,0,0.7729,0,0.6346,-588.6863,0,0,0,1
105.295,814.7646,0,-588.5269,2.574183,2.574183,25.34768,951.8359,0.25,-586.7365,136.8299,0,0.638,0,-0.7701,814.7646,0,1,0,0,0.7701,0,0.638,-588.5269,0,0,0,1
105.3065,814.5728,0,-588.3665,2.570866,2.570866,25.34768,951.8359,0.25,-586.7365,137.02,0,0.6414,0,-0.7672,814.5728,0,1,0,0,0.7672,0,0.6414,-588.3665,0,0,0,1
105.3171,814.3817,0,-588.2053,2.568512,2.568512,25.34768,951.8359,0.25,-586.7365,137.2096,0,0.6448,0,-0.7644,814.3817,0,1,0,0,0.7644,0,0.6448,-588.2053,0,0,0,1
105.3283,814.1913,0,-588.0433,2.562509,2.562509,25.34768,951.8359,0.25,-586.7365,137.3987,0,0.6481,0,-0.7615,814.1913,0,1,0,0,0.7615,0,0.6481,-588.0433,0,0,0,1
105.3396,814.0017,0,-587.8804,2.557647,2.557647,25.34768,951.8359,0.25,-586.7365,137.5871,0,0.6515,0,-0.7586,814.0017,0,1,0,0,0.7586,0,0.6515,-587.8804,0,0,0,1
105.3504,813.6245,0,-587.5521,2.549811,2.549811,25.35866,951.8359,0.25,-586.7365,137.9625,0,0.6582,0,-0.7528,813.6245,0,1,0,0,0.7528,0,0.6582,-587.5521,0,0,0,1
105.3615,813.437,0,-587.3867,2.543276,2.543276,25.35866,951.8359,0.25,-586.7365,138.1494,0,0.6615,0,-0.7499,813.437,0,1,0,0,0.7499,0,0.6615,-587.3867,0,0,0,1
105.373,813.2502,0,-587.2205,2.537761,2.537761,25.37697,951.8359,0.25,-586.7365,138.3358,0,0.6648,0,-0.747,813.2502,0,1,0,0,0.747,0,0.6648,-587.2205,0,0,0,1
105.384,813.0642,0,-587.0535,2.533262,2.533262,25.39894,951.8359,0.25,-586.7365,138.5217,0,0.6681,0,-0.744,813.0642,0,1,0,0,0.744,0,0.6681,-587.0535,0,0,0,1
