time,pos_x,pos_y,pos_z,distFromRoadCenter,signedDistFromRoadCenter,wheelAngle,obstacle_pos_x,obstacle_pos_y,obstacle_pos_z,distance_to_obstacle,brake_position,simplecar_4x4_R0C0,simplecar_4x4_R0C1,simplecar_4x4_R0C2,simplecar_4x4_R0C3,simplecar_4x4_R1C0,simplecar_4x4_R1C1,simplecar_4x4_R1C2,simplecar_4x4_R1C3,simplecar_4x4_R2C0,simplecar_4x4_R2C1,simplecar_4x4_R2C2,simplecar_4x4_R2C3,simplecar_4x4_R3C0,simplecar_4x4_R3C1,simplecar_4x4_R3C2,simplecar_4x4_R3C3
148.6304,232.6708,0,-925.3122,1.642578,1.642578,0.254517,198.6734,0.25,-879.4603,56.73113,0,0.7005,0,-0.7136,232.6708,0,1,0,0,0.7136,0,0.7005,-925.3122,0,0,0,1
148.6416,232.4924,0,-925.1371,1.641175,1.641175,0.302124,198.6734,0.25,-879.4603,56.48426,0,0.7005,0,-0.7136,232.4924,0,1,0,0,0.7136,0,0.7005,-925.1371,0,0,0,1
148.6528,232.314,0,-924.9619,1.639824,1.639824,0.324097,198.6734,0.25,-879.4603,56.23738,0,0.7006,0,-0.7136,232.314,0,1,0,0,0.7136,0,0.7006,-924.9619,0,0,0,1
148.6636,232.1356,0,-924.7867,1.638508,1.638508,0.327759,198.6734,0.25,-879.4603,55.99053,0,0.7006,0,-0.7135,232.1356,0,1,0,0,0.7135,0,0.7006,-924.7867,0,0,0,1
148.6798,231.9572,0,-924.6116,1.637149,1.637149,0.327759,198.6734,0.25,-879.4603,55.74371,0,0.7007,0,-0.7135,231.9572,0,1,0,0,0.7135,0,0.7007,-924.6116,0,0,0,1
148.6899,231.7789,0,-924.4364,1.635843,1.635843,0.327759,198.6734,0.25,-879.4603,55.49693,0,0.7007,0,-0.7134,231.7789,0,1,0,0,0.7134,0,0.7007,-924.4364,0,0,0,1
148.698,231.6005,0,-924.2612,1.634494,1.634494,0.327759,198.6734,0.25,-879.4603,55.25018,0,0.7008,0,-0.7134,231.6005,0,1,0,0,0.7134,0,0.7008,-924.2612,0,0,0,1
148.708,231.4222,0,-924.0861,1.633189,1.633189,0.327759,198.6734,0.25,-879.4603,55.00347,0,0.7008,0,-0.7134,231.4222,0,1,0,0,0.7134,0,0.7008,-924.0861,0,0,0,1
148.7192,231.2439,0,-923.9108,1.631959,1.631959,0.327759,198.6734,0.25,-879.4603,54.75674,0,0.7008,0,-0.7133,231.2439,0,1,0,0,0.7133,0,0.7008,-923.9108,0,0,0,1
148.7309,230.8872,0,-923.5604,1.629412,1.629412,0.327759,198.6734,0.25,-879.4603,54.2634,0,0.7009,0,-0.7132,230.8872,0,1,0,0,0.7132,0,0.7009,-923.5604,0,0,0,1
148.7456,230.7089,0,-923.3851,1.628193,1.628193,0.327759,198.6734,0.25,-879.4603,54.01678,0,0.701,0,-0.7132,230.7089,0,1,0,0,0.7132,0,0.701,-923.3851,0,0,0,1
148.7536,230.5307,0,-923.21,1.62692,1.62692,0.327759,198.6734,0.25,-879.4603,53.77027,0,0.701,0,-0.7132,230.5307,0,1,0,0,0.7132,0,0.701,-923.21,0,0,0,1
148.765,230.3524,0,-923.0347,1.625722,1.625722,0.327759,198.6734,0.25,-879.4603,53.52367,0,0.701,0,-0.7131,230.3524,0,1,0,0,0.7131,0,0.701,-923.0347,0,0,0,1
148.7751,230.1741,0,-922.8594,1.624525,1.624525,0.327759,198.6734,0.25,-879.4603,53.27711,0,0.7011,0,-0.7131,230.1741,0,1,0,0,0.7131,0,0.7011,-922.8594,0,0,0,1
148.7862,229.9958,0,-922.6841,1.623338,1.623338,0.327759,198.6734,0.25,-879.4603,53.03059,0,0.7011,0,-0.713,229.9958,0,1,0,0,0.713,0,0.7011,-922.6841,0,0,0,1
148.7973,229.8176,0,-922.5088,1.622194,1.622194,0.327759,198.6734,0.25,-879.4603,52.78412,0,0.7012,0,-0.713,229.8176,0,1,0,0,0.713,0,0.7012,-922.5088,0,0,0,1
148.8084,229.6393,0,-922.3335,1.621007,1.621007,0.327759,198.6734,0.25,-879.4603,52.53768,0,0.7012,0,-0.713,229.6393,0,1,0,0,0.713,0,0.7012,-922.3335,0,0,0,1
148.8193,229.4611,0,-922.1582,1.619874,1.619874,0.327759,198.6734,0.25,-879.4603,52.29128,0,0.7012,0,-0.7129,229.4611,0,1,0,0,0.7129,0,0.7012,-922.1582,0,0,0,1
148.8305,229.1047,0,-921.8076,1.61763,1.61763,0.327759,198.6734,0.25,-879.4603,51.79861,0,0.7013,0,-0.7128,229.1047,0,1,0,0,0.7128,0,0.7013,-921.8076,0,0,0,1
148.8422,228.9265,0,-921.6321,1.616594,1.616594,0.327759,198.6734,0.25,-879.4603,51.55217,0,0.7014,0,-0.7128,228.9265,0,1,0,0,0.7128,0,0.7014,-921.6321,0,0,0,1
148.8529,228.7483,0,-921.4568,1.615494,1.615494,0.327759,198.6734,0.25,-879.4603,51.30595,0,0.7014,0,-0.7128,228.7483,0,1,0,0,0.7128,0,0.7014,-921.4568,0,0,0,1
148.8649,228.5701,0,-921.2815,1.614436,1.614436,0.327759,198.6734,0.25,-879.4603,51.0597,0,0.7014,0,-0.7127,228.5701,0,1,0,0,0.7127,0,0.7014,-921.2815,0,0,0,1
148.8758,228.3919,0,-921.1061,1.613347,1.613347,0.327759,198.6734,0.25,-879.4603,50.8135,0,0.7015,0,-0.7127,228.3919,0,1,0,0,0.7127,0,0.7015,-921.1061,0,0,0,1
148.8863,228.2138,0,-920.9308,1.6123,1.6123,0.327759,198.6734,0.25,-879.4603,50.56734,0,0.7015,0,-0.7126,228.2138,0,1,0,0,0.7126,0,0.7015,-920.9308,0,0,0,1
148.8971,228.0356,0,-920.7554,1.611286,1.611286,0.327759,198.6734,0.25,-879.4603,50.32117,0,0.7016,0,-0.7126,228.0356,0,1,0,0,0.7126,0,0.7016,-920.7554,0,0,0,1
148.9083,227.8575,0,-920.58,1.610304,1.610304,0.320435,198.6734,0.25,-879.4603,50.07505,0,0.7016,0,-0.7126,227.8575,0,1,0,0,0.7126,0,0.7016,-920.58,0,0,0,1
148.9193,227.6793,0,-920.4045,1.60929,1.60929,0.302124,198.6734,0.25,-879.4603,49.82898,0,0.7016,0,-0.7125,227.6793,0,1,0,0,0.7125,0,0.7016,-920.4045,0,0,0,1
148.9311,227.3231,0,-920.0537,1.607358,1.607358,0.2948,198.6734,0.25,-879.4603,49.33696,0,0.7017,0,-0.7125,227.3231,0,1,0,0,0.7125,0,0.7017,-920.0537,0,0,0,1
148.944,227.145,0,-919.8784,1.606344,1.606344,0.280151,198.6734,0.25,-879.4603,49.09108,0,0.7018,0,-0.7124,227.145,0,1,0,0,0.7124,0,0.7018,-919.8784,0,0,0,1
148.9526,226.9669,0,-919.7028,1.60547,1.60547,0.280151,198.6734,0.25,-879.4603,48.84508,0,0.7018,0,-0.7124,226.9669,0,1,0,0,0.7124,0,0.7018,-919.7028,0,0,0,1
148.9635,226.7888,0,-919.5273,1.604542,1.604542,0.280151,198.6734,0.25,-879.4603,48.59918,0,0.7018,0,-0.7124,226.7888,0,1,0,0,0.7124,0,0.7018,-919.5273,0,0,0,1
148.9748,226.6107,0,-919.3519,1.603604,1.603604,0.280151,198.6734,0.25,-879.4603,48.35332,0,0.7019,0,-0.7123,226.6107,0,1,0,0,0.7123,0,0.7019,-919.3519,0,0,0,1
148.9855,226.4327,0,-919.1764,1.602676,1.602676,0.280151,198.6734,0.25,-879.4603,48.10752,0,0.7019,0,-0.7123,226.4327,0,1,0,0,0.7123,0,0.7019,-919.1764,0,0,0,1
148.9969,226.2546,0,-919.001,1.601737,1.601737,0.280151,198.6734,0.25,-879.4603,47.86182,0,0.7019,0,-0.7122,226.2546,0,1,0,0,0.7122,0,0.7019,-919.001,0,0,0,1
149.0126,225.8985,0,-918.65,1.599946,1.599946,0.280151,198.6734,0.25,-879.4603,47.37047,0,0.702,0,-0.7122,225.8985,0,1,0,0,0.7122,0,0.702,-918.65,0,0,0,1
149.0229,225.7205,0,-918.4744,1.599169,1.599169,0.280151,198.6734,0.25,-879.4603,47.12469,0,0.702,0,-0.7121,225.7205,0,1,0,0,0.7121,0,0.702,-918.4744,0,0,0,1
149.0311,225.5424,0,-918.299,1.598284,1.598284,0.280151,198.6734,0.25,-879.4603,46.8792,0,0.7021,0,-0.7121,225.5424,0,1,0,0,0.7121,0,0.7021,-918.299,0,0,0,1
149.0411,225.3644,0,-918.1234,1.597507,1.597507,0.280151,198.6734,0.25,-879.4603,46.63359,0,0.7021,0,-0.7121,225.3644,0,1,0,0,0.7121,0,0.7021,-918.1234,0,0,0,1
149.052,225.1864,0,-917.9478,1.596666,1.596666,0.280151,198.6734,0.25,-879.4603,46.3881,0,0.7021,0,-0.712,225.1864,0,1,0,0,0.712,0,0.7021,-917.9478,0,0,0,1
149.0631,225.0084,0,-917.7723,1.595803,1.595803,0.280151,198.6734,0.25,-879.4603,46.14269,0,0.7022,0,-0.712,225.0084,0,1,0,0,0.712,0,0.7022,-917.7723,0,0,0,1
149.0745,224.8304,0,-917.5967,1.595036,1.595036,0.280151,198.6734,0.25,-879.4603,45.89725,0,0.7022,0,-0.712,224.8304,0,1,0,0,0.712,0,0.7022,-917.5967,0,0,0,1
149.0862,224.6524,0,-917.4212,1.594249,1.594249,0.280151,198.6734,0.25,-879.4603,45.65191,0,0.7022,0,-0.7119,224.6524,0,1,0,0,0.7119,0,0.7022,-917.4212,0,0,0,1
149.0964,224.4745,0,-917.2456,1.593483,1.593483,0.280151,198.6734,0.25,-879.4603,45.40658,0,0.7023,0,-0.7119,224.4745,0,1,0,0,0.7119,0,0.7023,-917.2456,0,0,0,1
149.1079,224.2965,0,-917.07,1.59276,1.59276,0.280151,198.6734,0.25,-879.4603,45.16129,0,0.7023,0,-0.7119,224.2965,0,1,0,0,0.7119,0,0.7023,-917.07,0,0,0,1
149.1197,224.1185,0,-916.8944,1.592005,1.592005,0.280151,198.6734,0.25,-879.4603,44.91608,0,0.7023,0,-0.7118,224.1185,0,1,0,0,0.7118,0,0.7023,-916.8944,0,0,0,1
149.1298,223.9406,0,-916.7188,1.591293,1.591293,0.280151,198.6734,0.25,-879.4603,44.67092,0,0.7024,0,-0.7118,223.9406,0,1,0,0,0.7118,0,0.7024,-916.7188,0,0,0,1
149.1409,223.5847,0,-916.3676,1.589836,1.589836,0.283814,198.6734,0.25,-879.4603,44.18077,0,0.7025,0,-0.7117,223.5847,0,1,0,0,0.7117,0,0.7025,-916.3676,0,0,0,1
149.1519,223.4068,0,-916.192,1.589145,1.589145,0.2948,198.6734,0.25,-879.4603,43.93579,0,0.7025,0,-0.7117,223.4068,0,1,0,0,0.7117,0,0.7025,-916.192,0,0,0,1
149.1632,223.2289,0,-916.0164,1.588455,1.588455,0.2948,198.6734,0.25,-879.4603,43.6908,0,0.7025,0,-0.7117,223.2289,0,1,0,0,0.7117,0,0.7025,-916.0164,0,0,0,1
149.1742,223.051,0,-915.8407,1.587786,1.587786,0.2948,198.6734,0.25,-879.4603,43.4459,0,0.7026,0,-0.7116,223.051,0,1,0,0,0.7116,0,0.7026,-915.8407,0,0,0,1
149.1853,222.8731,0,-915.665,1.58716,1.58716,0.2948,198.6734,0.25,-879.4603,43.20106,0,0.7026,0,-0.7116,222.8731,0,1,0,0,0.7116,0,0.7026,-915.665,0,0,0,1
149.1967,222.6952,0,-915.4894,1.58648,1.58648,0.2948,198.6734,0.25,-879.4603,42.95626,0,0.7026,0,-0.7116,222.6952,0,1,0,0,0.7116,0,0.7026,-915.4894,0,0,0,1
149.2075,222.5173,0,-915.3137,1.585865,1.585865,0.2948,198.6734,0.25,-879.4603,42.71156,0,0.7027,0,-0.7115,222.5173,0,1,0,0,0.7115,0,0.7027,-915.3137,0,0,0,1
149.2185,222.3394,0,-915.1381,1.585207,1.585207,0.2948,198.6734,0.25,-879.4603,42.46692,0,0.7027,0,-0.7115,222.3394,0,1,0,0,0.7115,0,0.7027,-915.1381,0,0,0,1
149.2298,222.1616,0,-914.9624,1.584592,1.584592,0.302124,198.6734,0.25,-879.4603,42.22233,0,0.7027,0,-0.7114,222.1616,0,1,0,0,0.7114,0,0.7027,-914.9624,0,0,0,1
149.2417,221.8059,0,-914.6109,1.583438,1.583438,0.346069,198.6734,0.25,-879.4603,41.73322,0,0.7028,0,-0.7114,221.8059,0,1,0,0,0.7114,0,0.7028,-914.6109,0,0,0,1
149.2517,221.6281,0,-914.4352,1.582833,1.582833,0.415649,198.6734,0.25,-879.4603,41.48885,0,0.7029,0,-0.7113,221.6281,0,1,0,0,0.7113,0,0.7029,-914.4352,0,0,0,1
149.2638,221.4502,0,-914.2595,1.582294,1.582294,0.49623,198.6734,0.25,-879.4603,41.24449,0,0.7029,0,-0.7112,221.4502,0,1,0,0,0.7112,0,0.7029,-914.2595,0,0,0,1
149.2745,221.2724,0,-914.0837,1.581787,1.581787,0.657363,198.6734,0.25,-879.4603,41.00017,0,0.703,0,-0.7112,221.2724,0,1,0,0,0.7112,0,0.703,-914.0837,0,0,0,1
149.2851,221.0947,0,-913.908,1.581334,1.581334,0.752578,198.6734,0.25,-879.4603,40.75595,0,0.7031,0,-0.7111,221.0947,0,1,0,0,0.7111,0,0.7031,-913.908,0,0,0,1
149.2964,220.917,0,-913.7322,1.580902,1.580902,0.880752,198.6734,0.25,-879.4603,40.51181,0,0.7032,0,-0.711,220.917,0,1,0,0,0.711,0,0.7032,-913.7322,0,0,0,1
149.3076,220.7393,0,-913.5563,1.580492,1.580492,1.063857,198.6734,0.25,-879.4603,40.2677,0,0.7034,0,-0.7108,220.7393,0,1,0,0,0.7108,0,0.7034,-913.5563,0,0,0,1
149.3188,220.5616,0,-913.3804,1.580158,1.580158,1.239638,198.6734,0.25,-879.4603,40.02361,0,0.7035,0,-0.7107,220.5616,0,1,0,0,0.7107,0,0.7035,-913.3804,0,0,0,1
149.3302,220.2064,0,-913.0286,1.579683,1.579683,1.404433,198.6734,0.25,-879.4603,39.53571,0,0.7039,0,-0.7103,220.2064,0,1,0,0,0.7103,0,0.7039,-913.0286,0,0,0,1
149.3463,220.0288,0,-912.8525,1.579532,1.579532,1.649809,198.6734,0.25,-879.4603,39.29184,0,0.7041,0,-0.7101,220.0288,0,1,0,0,0.7101,0,0.7041,-912.8525,0,0,0,1
149.3567,219.8513,0,-912.6765,1.579456,1.579456,1.836576,198.6734,0.25,-879.4603,39.04802,0,0.7043,0,-0.7099,219.8513,0,1,0,0,0.7099,0,0.7043,-912.6765,0,0,0,1
149.3656,219.6739,0,-912.5003,1.579521,1.579521,1.997709,198.6734,0.25,-879.4603,38.80426,0,0.7045,0,-0.7097,219.6739,0,1,0,0,0.7097,0,0.7045,-912.5003,0,0,0,1
149.3727,219.4966,0,-912.3241,1.579618,1.579618,2.129545,198.6734,0.25,-879.4603,38.56056,0,0.7048,0,-0.7094,219.4966,0,1,0,0,0.7094,0,0.7048,-912.3241,0,0,0,1
149.384,219.3193,0,-912.1478,1.579856,1.579856,2.217436,198.6734,0.25,-879.4603,38.31694,0,0.7051,0,-0.7091,219.3193,0,1,0,0,0.7091,0,0.7051,-912.1478,0,0,0,1
149.3948,219.1421,0,-911.9714,1.580201,1.580201,2.367597,198.6734,0.25,-879.4603,38.07332,0,0.7054,0,-0.7088,219.1421,0,1,0,0,0.7088,0,0.7054,-911.9714,0,0,0,1
149.406,218.9649,0,-911.795,1.580568,1.580568,2.481122,198.6734,0.25,-879.4603,37.82982,0,0.7057,0,-0.7085,218.9649,0,1,0,0,0.7085,0,0.7057,-911.795,0,0,0,1
149.417,218.7879,0,-911.6186,1.581085,1.581085,2.59831,198.6734,0.25,-879.4603,37.58642,0,0.706,0,-0.7082,218.7879,0,1,0,0,0.7082,0,0.706,-911.6186,0,0,0,1
149.4284,218.6109,0,-911.442,1.581754,1.581754,2.675214,198.6734,0.25,-879.4603,37.34304,0,0.7063,0,-0.7079,218.6109,0,1,0,0,0.7079,0,0.7063,-911.442,0,0,0,1
149.4394,218.4341,0,-911.2653,1.582542,1.582542,2.752118,198.6734,0.25,-879.4603,37.09968,0,0.7067,0,-0.7075,218.4341,0,1,0,0,0.7075,0,0.7067,-911.2653,0,0,0,1
149.4506,218.0805,0,-910.9117,1.58443,1.58443,2.788739,198.6734,0.25,-879.4603,36.61321,0,0.7074,0,-0.7069,218.0805,0,1,0,0,0.7069,0,0.7074,-910.9117,0,0,0,1
149.4617,217.9039,0,-910.7348,1.585574,1.585574,2.814374,198.6734,0.25,-879.4603,36.37006,0,0.7077,0,-0.7065,217.9039,0,1,0,0,0.7065,0,0.7077,-910.7348,0,0,0,1
149.4726,217.7274,0,-910.5579,1.586782,1.586782,2.818036,198.6734,0.25,-879.4603,36.12704,0,0.7081,0,-0.7062,217.7274,0,1,0,0,0.7062,0,0.7081,-910.5579,0,0,0,1
149.4837,217.5509,0,-910.3806,1.58825,1.58825,2.818036,198.6734,0.25,-879.4603,35.8839,0,0.7084,0,-0.7058,217.5509,0,1,0,0,0.7058,0,0.7084,-910.3806,0,0,0,1
149.4949,217.3745,0,-910.2035,1.589706,1.589706,2.818036,198.6734,0.25,-879.4603,35.641,0,0.7087,0,-0.7055,217.3745,0,1,0,0,0.7055,0,0.7087,-910.2035,0,0,0,1
149.5062,217.1983,0,-910.0262,1.591336,1.591336,2.818036,198.6734,0.25,-879.4603,35.39815,0,0.7091,0,-0.7051,217.1983,0,1,0,0,0.7051,0,0.7091,-910.0262,0,0,0,1
149.5173,217.0221,0,-909.8489,1.593116,1.593116,2.818036,198.6734,0.25,-879.4603,35.15533,0,0.7094,0,-0.7048,217.0221,0,1,0,0,0.7048,0,0.7094,-909.8489,0,0,0,1
149.5282,216.846,0,-909.6715,1.594929,1.594929,2.818036,198.6734,0.25,-879.4603,34.91267,0,0.7098,0,-0.7044,216.846,0,1,0,0,0.7044,0,0.7098,-909.6715,0,0,0,1
149.5392,216.67,0,-909.4939,1.597,1.597,2.818036,198.6734,0.25,-879.4603,34.66994,0,0.7101,0,-0.7041,216.67,0,1,0,0,0.7041,0,0.7101,-909.4939,0,0,0,1
149.5503,216.3182,0,-909.1385,1.601402,1.601402,2.818036,198.6734,0.25,-879.4603,34.18477,0,0.7108,0,-0.7034,216.3182,0,1,0,0,0.7034,0,0.7108,-909.1385,0,0,0,1
149.5615,216.1424,0,-908.9607,1.603787,1.603787,2.818036,198.6734,0.25,-879.4603,33.94233,0,0.7112,0,-0.703,216.1424,0,1,0,0,0.703,0,0.7112,-908.9607,0,0,0,1
149.5726,215.9668,0,-908.7829,1.606215,1.606215,2.818036,198.6734,0.25,-879.4603,33.70006,0,0.7115,0,-0.7027,215.9668,0,1,0,0,0.7027,0,0.7115,-908.7829,0,0,0,1
149.5836,215.7912,0,-908.605,1.608837,1.608837,2.818036,198.6734,0.25,-879.4603,33.45783,0,0.7119,0,-0.7023,215.7912,0,1,0,0,0.7023,0,0.7119,-908.605,0,0,0,1
149.5947,215.6157,0,-908.4269,1.611599,1.611599,2.818036,198.6734,0.25,-879.4603,33.21561,0,0.7122,0,-0.702,215.6157,0,1,0,0,0.702,0,0.7122,-908.4269,0,0,0,1
149.6065,215.4403,0,-908.2487,1.614458,1.614458,2.818036,198.6734,0.25,-879.4603,32.97349,0,0.7126,0,-0.7016,215.4403,0,1,0,0,0.7016,0,0.7126,-908.2487,0,0,0,1
149.6174,215.265,0,-908.0705,1.617447,1.617447,2.818036,198.6734,0.25,-879.4603,32.73148,0.031373,0.7129,0,-0.7013,215.265,0,1,0,0,0.7013,0,0.7129,-908.0705,0,0,0,1
149.6284,215.0898,0,-907.8922,1.620543,1.620543,2.818036,198.6734,0.25,-879.4603,32.48957,0.047059,0.7132,0,-0.7009,215.0898,0,1,0,0,0.7009,0,0.7132,-907.8922,0,0,0,1
149.6394,214.9146,0,-907.7138,1.623791,1.623791,2.818036,198.6734,0.25,-879.4603,32.24774,0.062745,0.7136,0,-0.7006,214.9146,0,1,0,0,0.7006,0,0.7136,-907.7138,0,0,0,1
149.6509,214.5648,0,-907.357,1.63061,1.63061,2.818036,198.6734,0.25,-879.4603,31.76469,0.078431,0.7143,0,-0.6999,214.5648,0,1,0,0,0.6999,0,0.7143,-907.357,0,0,0,1
149.6616,214.3903,0,-907.1786,1.634203,1.634203,2.818036,198.6734,0.25,-879.4603,31.52357,0.101961,0.7146,0,-0.6995,214.3903,0,1,0,0,0.6995,0,0.7146,-907.1786,0,0,0,1
149.6766,214.2159,0,-907.0004,1.637904,1.637904,2.818036,198.6734,0.25,-879.4603,31.28274,0.117647,0.715,0,-0.6992,214.2159,0,1,0,0,0.6992,0,0.715,-907.0004,0,0,0,1
149.6871,214.0418,0,-906.8221,1.641756,1.641756,2.818036,198.6734,0.25,-879.4603,31.04222,0.141177,0.7153,0,-0.6988,214.0418,0,1,0,0,0.6988,0,0.7153,-906.8221,0,0,0,1
149.6952,213.868,0,-906.644,1.645662,1.645662,2.818036,198.6734,0.25,-879.4603,30.80208,0.164706,0.7157,0,-0.6985,213.868,0,1,0,0,0.6985,0,0.7157,-906.644,0,0,0,1
149.7057,213.6945,0,-906.4661,1.649773,1.649773,2.818036,198.6734,0.25,-879.4603,30.56234,0.188235,0.716,0,-0.6981,213.6945,0,1,0,0,0.6981,0,0.716,-906.4661,0,0,0,1
149.7171,213.5213,0,-906.2883,1.653916,1.653916,2.818036,198.6734,0.25,-879.4603,30.32312,0.203922,0.7163,0,-0.6978,213.5213,0,1,0,0,0.6978,0,0.7163,-906.2883,0,0,0,1
149.7286,213.3485,0,-906.1107,1.658232,1.658232,2.818036,198.6734,0.25,-879.4603,30.08434,0.219608,0.7167,0,-0.6974,213.3485,0,1,0,0,0.6974,0,0.7167,-906.1107,0,0,0,1
149.7404,213.0041,0,-905.7563,1.667166,1.667166,2.818036,198.6734,0.25,-879.4603,29.60847,0.25098,0.7174,0,-0.6967,213.0041,0,1,0,0,0.6967,0,0.7174,-905.7563,0,0,0,1
149.751,212.8326,0,-905.5794,1.671826,1.671826,2.818036,198.6734,0.25,-879.4603,29.37136,0.258824,0.7177,0,-0.6963,212.8326,0,1,0,0,0.6963,0,0.7177,-905.5794,0,0,0,1
149.7624,212.6614,0,-905.403,1.676531,1.676531,2.818036,198.6734,0.25,-879.4603,29.13499,0.258824,0.7181,0,-0.696,212.6614,0,1,0,0,0.696,0,0.7181,-905.403,0,0,0,1
149.7736,212.4908,0,-905.2267,1.681375,1.681375,2.818036,198.6734,0.25,-879.4603,28.89915,0.266667,0.7184,0,-0.6956,212.4908,0,1,0,0,0.6956,0,0.7184,-905.2267,0,0,0,1
149.7849,212.3206,0,-905.0508,1.686339,1.686339,2.818036,198.6734,0.25,-879.4603,28.66402,0.266667,0.7187,0,-0.6953,212.3206,0,1,0,0,0.6953,0,0.7187,-905.0508,0,0,0,1
149.7963,212.1508,0,-904.8751,1.691421,1.691421,2.818036,198.6734,0.25,-879.4603,28.42946,0.266667,0.7191,0,-0.6949,212.1508,0,1,0,0,0.6949,0,0.7191,-904.8751,0,0,0,1
149.8079,211.9815,0,-904.6997,1.696653,1.696653,2.818036,198.6734,0.25,-879.4603,28.1955,0.266667,0.7194,0,-0.6946,211.9815,0,1,0,0,0.6946,0,0.7194,-904.6997,0,0,0,1
149.8198,211.8127,0,-904.5247,1.700233,1.700233,2.818036,198.6734,0.25,-879.4603,27.96225,0.266667,0.7198,0,-0.6942,211.8127,0,1,0,0,0.6942,0,0.7198,-904.5247,0,0,0,1
149.831,211.4764,0,-904.1755,1.706915,1.706915,2.818036,198.6734,0.25,-879.4603,27.49775,0.266667,0.7204,0,-0.6935,211.4764,0,1,0,0,0.6935,0,0.7204,-904.1755,0,0,0,1
149.842,211.3089,0,-904.0013,1.710436,1.710436,2.818036,198.6734,0.25,-879.4603,27.26641,0.266667,0.7208,0,-0.6932,211.3089,0,1,0,0,0.6932,0,0.7208,-904.0013,0,0,0,1
149.8528,211.1419,0,-903.8275,1.710791,1.710791,2.818036,198.6734,0.25,-879.4603,27.03576,0.266667,0.7211,0,-0.6928,211.1419,0,1,0,0,0.6928,0,0.7211,-903.8275,0,0,0,1
149.8639,210.9753,0,-903.6541,1.710359,1.710359,2.818036,198.6734,0.25,-879.4603,26.80585,0.266667,0.7215,0,-0.6924,210.9753,0,1,0,0,0.6924,0,0.7215,-903.6541,0,0,0,1
149.8753,210.8092,0,-903.4808,1.710082,1.710082,2.818036,198.6734,0.25,-879.4603,26.57648,0.266667,0.7218,0,-0.6921,210.8092,0,1,0,0,0.6921,0,0.7218,-903.4808,0,0,0,1
149.8867,210.6436,0,-903.3079,1.709808,1.709808,2.818036,198.6734,0.25,-879.4603,26.34784,0.266667,0.7221,0,-0.6917,210.6436,0,1,0,0,0.6917,0,0.7221,-903.3079,0,0,0,1
149.8978,210.4784,0,-903.1353,1.706689,1.706689,2.818036,198.6734,0.25,-879.4603,26.11986,0.266667,0.7225,0,-0.6914,210.4784,0,1,0,0,0.6914,0,0.7225,-903.1353,0,0,0,1
149.9089,210.3136,0,-902.963,1.702629,1.702629,2.818036,198.6734,0.25,-879.4603,25.89255,0.266667,0.7228,0,-0.691,210.3136,0,1,0,0,0.691,0,0.7228,-902.963,0,0,0,1
149.9199,210.1493,0,-902.791,1.698608,1.698608,2.818036,198.6734,0.25,-879.4603,25.66591,0.266667,0.7232,0,-0.6907,210.1493,0,1,0,0,0.6907,0,0.7232,-902.791,0,0,0,1
149.9309,209.8221,0,-902.4479,1.688329,1.688329,2.818036,198.6734,0.25,-879.4603,25.21467,0.266667,0.7238,0,-0.69,209.8221,0,1,0,0,0.69,0,0.7238,-902.4479,0,0,0,1
149.9433,209.6592,0,-902.2768,1.680649,1.680649,2.818036,198.6734,0.25,-879.4603,24.99009,0.266667,0.7242,0,-0.6896,209.6592,0,1,0,0,0.6896,0,0.7242,-902.2768,0,0,0,1
149.9531,209.4967,0,-902.106,1.673061,1.673061,2.818036,198.6734,0.25,-879.4603,24.76618,0.266667,0.7245,0,-0.6892,209.4967,0,1,0,0,0.6892,0,0.7245,-902.106,0,0,0,1
149.9645,209.3347,0,-901.9355,1.665594,1.665594,2.818036,198.6734,0.25,-879.4603,24.54296,0.266667,0.7249,0,-0.6889,209.3347,0,1,0,0,0.6889,0,0.7249,-901.9355,0,0,0,1
149.9753,209.1731,0,-901.7654,1.656126,1.656126,2.818036,198.6734,0.25,-879.4603,24.32043,0.266667,0.7252,0,-0.6885,209.1731,0,1,0,0,0.6885,0,0.7252,-901.7654,0,0,0,1
149.9866,209.0119,0,-901.5956,1.644912,1.644912,2.818036,198.6734,0.25,-879.4603,24.09866,0.266667,0.7255,0,-0.6882,209.0119,0,1,0,0,0.6882,0,0.7255,-901.5956,0,0,0,1
149.9982,208.8513,0,-901.426,1.633814,1.633814,2.818036,198.6734,0.25,-879.4603,23.87753,0.266667,0.7259,0,-0.6878,208.8513,0,1,0,0,0.6878,0,0.7259,-901.426,0,0,0,1
150.0124,208.5313,0,-901.0878,1.610559,1.610559,2.818036,198.6734,0.25,-879.4603,23.43732,0.266667,0.7266,0,-0.6871,208.5313,0,1,0,0,0.6871,0,0.7266,-901.0878,0,0,0,1
150.0231,208.3719,0,-900.9192,1.595876,1.595876,2.821698,198.6734,0.25,-879.4603,23.21837,0.266667,0.7269,0,-0.6867,208.3719,0,1,0,0,0.6867,0,0.7269,-900.9192,0,0,0,1
150.0331,208.213,0,-900.7508,1.581385,1.581385,2.843671,198.6734,0.25,-879.4603,23.00002,0.266667,0.7272,0,-0.6864,208.213,0,1,0,0,0.6864,0,0.7272,-900.7508,0,0,0,1
150.0425,208.0546,0,-900.5828,1.566967,1.566967,2.865644,198.6734,0.25,-879.4603,22.78244,0.266667,0.7276,0,-0.686,208.0546,0,1,0,0,0.686,0,0.7276,-900.5828,0,0,0,1
150.052,207.8966,0,-900.415,1.552096,1.552096,2.916913,198.6734,0.25,-879.4603,22.5656,0.266667,0.7279,0,-0.6857,207.8966,0,1,0,0,0.6857,0,0.7279,-900.415,0,0,0,1
150.063,207.7391,0,-900.2476,1.534081,1.534081,2.968183,198.6734,0.25,-879.4603,22.34948,0.266667,0.7283,0,-0.6853,207.7391,0,1,0,0,0.6853,0,0.7283,-900.2476,0,0,0,1
150.074,207.582,0,-900.0804,1.516248,1.516248,3.056073,198.6734,0.25,-879.4603,22.13404,0.266667,0.7286,0,-0.6849,207.582,0,1,0,0,0.6849,0,0.7286,-900.0804,0,0,0,1
150.0851,207.4254,0,-899.9137,1.498439,1.498439,3.158612,198.6734,0.25,-879.4603,21.91946,0.266667,0.729,0,-0.6845,207.4254,0,1,0,0,0.6845,0,0.729,-899.9137,0,0,0,1
150.0963,207.2693,0,-899.7472,1.480853,1.480853,3.261151,198.6734,0.25,-879.4603,21.70556,0.266667,0.7294,0,-0.6841,207.2693,0,1,0,0,0.6841,0,0.7294,-899.7472,0,0,0,1
150.1078,207.1136,0,-899.581,1.459984,1.459984,3.447933,198.6734,0.25,-879.4603,21.49243,0.266667,0.7298,0,-0.6836,207.1136,0,1,0,0,0.6836,0,0.7298,-899.581,0,0,0,1
150.1185,206.9583,0,-899.4151,1.438868,1.438868,3.565121,198.6734,0.25,-879.4603,21.28005,0.266667,0.7303,0,-0.6832,206.9583,0,1,0,0,0.6832,0,0.7303,-899.4151,0,0,0,1
150.1297,206.8036,0,-899.2495,1.417938,1.417938,3.704281,198.6734,0.25,-879.4603,21.06839,0.266667,0.7307,0,-0.6827,206.8036,0,1,0,0,0.6827,0,0.7307,-899.2495,0,0,0,1
150.1409,206.4955,0,-898.9191,1.374414,1.374414,3.883724,198.6734,0.25,-879.4603,20.64739,0.266667,0.7316,0,-0.6817,206.4955,0,1,0,0,0.6817,0,0.7316,-898.9191,0,0,0,1
150.1519,206.3422,0,-898.7543,1.350255,1.350255,4.044857,198.6734,0.25,-879.4603,20.43801,0.266667,0.7321,0,-0.6812,206.3422,0,1,0,0,0.6812,0,0.7321,-898.7543,0,0,0,1
150.163,206.1894,0,-898.5897,1.326307,1.326307,4.257274,198.6734,0.25,-879.4603,20.22938,0.266667,0.7326,0,-0.6807,206.1894,0,1,0,0,0.6807,0,0.7326,-898.5897,0,0,0,1
150.174,206.037,0,-898.4255,1.30251,1.30251,4.524608,198.6734,0.25,-879.4603,20.02161,0.266667,0.7331,0,-0.6801,206.037,0,1,0,0,0.6801,0,0.7331,-898.4255,0,0,0,1
150.1854,205.8852,0,-898.2616,1.278212,1.278212,4.693065,198.6734,0.25,-879.4603,19.81459,0.266667,0.7337,0,-0.6795,205.8852,0,1,0,0,0.6795,0,0.7337,-898.2616,0,0,0,1
150.1964,205.7339,0,-898.0979,1.251125,1.251125,4.953074,198.6734,0.25,-879.4603,19.60835,0.266667,0.7343,0,-0.6788,205.7339,0,1,0,0,0.6788,0,0.7343,-898.0979,0,0,0,1
150.2076,205.583,0,-897.9344,1.224298,1.224298,5.176477,198.6734,0.25,-879.4603,19.40286,0.266667,0.7349,0,-0.6782,205.583,0,1,0,0,0.6782,0,0.7349,-897.9344,0,0,0,1
150.219,205.4327,0,-897.7712,1.197734,1.197734,5.465784,198.6734,0.25,-879.4603,19.19816,0.266667,0.7355,0,-0.6775,205.4327,0,1,0,0,0.6775,0,0.7355,-897.7712,0,0,0,1
150.2297,205.2829,0,-897.6083,1.171422,1.171422,5.725794,198.6734,0.25,-879.4603,18.99426,0.266667,0.7362,0,-0.6767,205.2829,0,1,0,0,0.6767,0,0.7362,-897.6083,0,0,0,1
150.2409,204.9849,0,-897.2831,1.113082,1.113082,6.055384,198.6734,0.25,-879.4603,18.58885,0.266667,0.7377,0,-0.6752,204.9849,0,1,0,0,0.6752,0,0.7377,-897.2831,0,0,0,1
150.2519,204.8367,0,-897.1208,1.083888,1.083888,6.344705,198.6734,0.25,-879.4603,18.38738,0.266667,0.7384,0,-0.6744,204.8367,0,1,0,0,0.6744,0,0.7384,-897.1208,0,0,0,1
150.2629,204.6891,0,-896.9589,1.055043,1.055043,6.710916,198.6734,0.25,-879.4603,18.18674,0.266667,0.7392,0,-0.6735,204.6891,0,1,0,0,0.6735,0,0.7392,-896.9589,0,0,0,1
150.2741,204.542,0,-896.797,1.025566,1.025566,7.165031,198.6734,0.25,-879.4603,17.9868,0.266667,0.74,0,-0.6726,204.542,0,1,0,0,0.6726,0,0.74,-896.797,0,0,0,1
150.2851,204.3955,0,-896.6354,0.993683,0.993683,7.428703,198.6734,0.25,-879.4603,17.78773,0.266667,0.7409,0,-0.6716,204.3955,0,1,0,0,0.6716,0,0.7409,-896.6354,0,0,0,1
150.2965,204.2496,0,-896.4739,0.96214,0.96214,7.783928,198.6734,0.25,-879.4603,17.58945,0.266667,0.7418,0,-0.6706,204.2496,0,1,0,0,0.6706,0,0.7418,-896.4739,0,0,0,1
150.3081,204.1042,0,-896.3127,0.93102,0.93102,8.223395,198.6734,0.25,-879.4603,17.39199,0.266667,0.7428,0,-0.6695,204.1042,0,1,0,0,0.6695,0,0.7428,-896.3127,0,0,0,1
150.3184,203.9595,0,-896.1516,0.900268,0.900268,8.673835,198.6734,0.25,-879.4603,17.19535,0.266667,0.7438,0,-0.6684,203.9595,0,1,0,0,0.6684,0,0.7438,-896.1516,0,0,0,1
150.3297,203.8154,0,-895.9907,0.867382,0.867382,9.058371,198.6734,0.25,-879.4603,16.99954,0.266667,0.7448,0,-0.6672,203.8154,0,1,0,0,0.6672,0,0.7448,-895.9907,0,0,0,1
150.3438,203.529,0,-895.6694,0.800637,0.800637,9.636984,198.6734,0.25,-879.4603,16.61042,0.266667,0.7471,0,-0.6647,203.529,0,1,0,0,0.6647,0,0.7471,-895.6694,0,0,0,1
150.3547,203.3867,0,-895.5089,0.767952,0.767952,9.977574,198.6734,0.25,-879.4603,16.41701,0.266667,0.7482,0,-0.6634,203.3867,0,1,0,0,0.6634,0,0.7482,-895.5089,0,0,0,1
150.3628,203.2451,0,-895.3487,0.735534,0.735534,10.30716,198.6734,0.25,-879.4603,16.2246,0.266667,0.7494,0,-0.6621,203.2451,0,1,0,0,0.6621,0,0.7494,-895.3487,0,0,0,1
150.3739,203.1042,0,-895.1885,0.70011,0.70011,10.54886,198.6734,0.25,-879.4603,16.03295,0.266667,0.7507,0,-0.6607,203.1042,0,1,0,0,0.6607,0,0.7507,-895.1885,0,0,0,1
150.3851,202.9639,0,-895.0285,0.665181,0.665181,10.85649,198.6734,0.25,-879.4603,15.84215,0.266667,0.7519,0,-0.6593,202.9639,0,1,0,0,0.6593,0,0.7519,-895.0285,0,0,0,1
150.3971,202.8242,0,-894.8687,0.630696,0.630696,11.07256,198.6734,0.25,-879.4603,15.65225,0.266667,0.7532,0,-0.6578,202.8242,0,1,0,0,0.6578,0,0.7532,-894.8687,0,0,0,1
150.4074,202.6853,0,-894.7089,0.59674,0.59674,11.3106,198.6734,0.25,-879.4603,15.46322,0.266667,0.7545,0,-0.6563,202.6853,0,1,0,0,0.6563,0,0.7545,-894.7089,0,0,0,1
150.4187,202.5469,0,-894.5493,0.562075,0.562075,11.46074,198.6734,0.25,-879.4603,15.27505,0.266667,0.7558,0,-0.6548,202.5469,0,1,0,0,0.6548,0,0.7558,-894.5493,0,0,0,1
150.43,202.2724,0,-894.2305,0.489536,0.489536,11.59624,198.6734,0.25,-879.4603,14.9014,0.266667,0.7584,0,-0.6518,202.2724,0,1,0,0,0.6518,0,0.7584,-894.2305,0,0,0,1
150.4413,202.1361,0,-894.0712,0.454033,0.454033,11.77204,198.6734,0.25,-879.4603,14.71586,0.266667,0.7598,0,-0.6502,202.1361,0,1,0,0,0.6502,0,0.7598,-894.0712,0,0,0,1
150.4526,202.0005,0,-893.9121,0.419021,0.419021,11.87091,198.6734,0.25,-879.4603,14.53136,0.266667,0.7611,0,-0.6486,202.0005,0,1,0,0,0.6486,0,0.7611,-893.9121,0,0,0,1
150.4637,201.8655,0,-893.7531,0.382651,0.382651,12.05768,198.6734,0.25,-879.4603,14.34767,0.266667,0.7625,0,-0.647,201.8655,0,1,0,0,0.647,0,0.7625,-893.7531,0,0,0,1
150.4751,201.7313,0,-893.5942,0.34512,0.34512,12.25177,198.6734,0.25,-879.4603,14.16505,0.266667,0.7639,0,-0.6454,201.7313,0,1,0,0,0.6454,0,0.7639,-893.5942,0,0,0,1
150.4865,201.5977,0,-893.4355,0.308145,0.308145,12.43854,198.6734,0.25,-879.4603,13.98333,0.266667,0.7653,0,-0.6437,201.5977,0,1,0,0,0.6437,0,0.7653,-893.4355,0,0,0,1
150.4976,201.4649,0,-893.2769,0.271699,0.271699,12.70955,198.6734,0.25,-879.4603,13.80258,0.266667,0.7667,0,-0.642,201.4649,0,1,0,0,0.642,0,0.7667,-893.2769,0,0,0,1
150.5088,201.3327,0,-893.1183,0.235839,0.235839,13.13436,198.6734,0.25,-879.4603,13.62276,0.266667,0.7682,0,-0.6403,201.3327,0,1,0,0,0.6403,0,0.7682,-893.1183,0,0,0,1
150.5198,201.2012,0,-892.9598,0.198219,0.198219,13.31014,198.6734,0.25,-879.4603,13.44395,0.266667,0.7696,0,-0.6385,201.2012,0,1,0,0,0.6385,0,0.7696,-892.9598,0,0,0,1
150.5311,200.9405,0,-892.6432,0.122365,0.122365,13.69467,198.6734,0.25,-879.4603,13.08934,0.243137,0.7727,0,-0.6348,200.9405,0,1,0,0,0.6348,0,0.7727,-892.6432,0,0,0,1
150.5422,200.8112,0,-892.485,0.085324,0.085324,14.14511,198.6734,0.25,-879.4603,12.91351,0.243137,0.7742,0,-0.6329,200.8112,0,1,0,0,0.6329,0,0.7742,-892.485,0,0,0,1
150.5533,200.6826,0,-892.3269,0.048855,0.048855,14.53697,198.6734,0.25,-879.4603,12.73869,0.243137,0.7758,0,-0.6309,200.6826,0,1,0,0,0.6309,0,0.7758,-892.3269,0,0,0,1
150.5643,200.5547,0,-892.1688,0.01058,0.01058,14.96544,198.6734,0.25,-879.4603,12.5649,0.235294,0.7775,0,-0.6289,200.5547,0,1,0,0,0.6289,0,0.7775,-892.1688,0,0,0,1
150.5754,200.4276,0,-892.0107,0.028121,-0.028121,15.51477,198.6734,0.25,-879.4603,12.3921,0.227451,0.7792,0,-0.6268,200.4276,0,1,0,0,0.6268,0,0.7792,-892.0107,0,0,0,1
150.5865,200.3011,0,-891.8527,0.066181,-0.066181,15.97253,198.6734,0.25,-879.4603,12.2203,0.219608,0.7809,0,-0.6246,200.3011,0,1,0,0,0.6246,0,0.7809,-891.8527,0,0,0,1
150.5975,200.1754,0,-891.6946,0.103571,-0.103571,16.52553,198.6734,0.25,-879.4603,12.04953,0.196078,0.7827,0,-0.6224,200.1754,0,1,0,0,0.6224,0,0.7827,-891.6946,0,0,0,1
150.6087,200.0504,0,-891.5364,0.14033,-0.14033,17.17372,198.6734,0.25,-879.4603,11.87975,0.196078,0.7846,0,-0.62,200.0504,0,1,0,0,0.62,0,0.7846,-891.5364,0,0,0,1
150.6197,199.9262,0,-891.3782,0.178622,-0.178622,17.53628,198.6734,0.25,-879.4603,11.71092,0.164706,0.7865,0,-0.6176,199.9262,0,1,0,0,0.6176,0,0.7865,-891.3782,0,0,0,1
150.6311,199.6797,0,-891.0613,0.255518,-0.255518,18.06363,198.6734,0.25,-879.4603,11.37618,0.14902,0.7904,0,-0.6126,199.6797,0,1,0,0,0.6126,0,0.7904,-891.0613,0,0,0,1
150.642,199.5576,0,-890.9026,0.292925,-0.292925,18.58732,198.6734,0.25,-879.4603,11.21027,0.133333,0.7924,0,-0.6101,199.5576,0,1,0,0,0.6101,0,0.7924,-890.9026,0,0,0,1
150.6534,199.4361,0,-890.7437,0.329618,-0.329618,19.02311,198.6734,0.25,-879.4603,11.04535,0.109804,0.7944,0,-0.6074,199.4361,0,1,0,0,0.6074,0,0.7944,-890.7437,0,0,0,1
150.6643,199.3153,0,-890.5846,0.367532,-0.367532,19.50286,198.6734,0.25,-879.4603,10.88139,0.094118,0.7964,0,-0.6047,199.3153,0,1,0,0,0.6047,0,0.7964,-890.5846,0,0,0,1
150.6786,199.1952,0,-890.4253,0.406233,-0.406233,20.10345,198.6734,0.25,-879.4603,10.71847,0.078431,0.7986,0,-0.6019,199.1952,0,1,0,0,0.6019,0,0.7986,-890.4253,0,0,0,1
150.6894,199.0757,0,-890.2656,0.444179,-0.444179,20.53193,198.6734,0.25,-879.4603,10.5564,0.070588,0.8007,0,-0.5991,199.0757,0,1,0,0,0.5991,0,0.8007,-890.2656,0,0,0,1
150.6977,198.9569,0,-890.1056,0.481371,-0.481371,21.04096,198.6734,0.25,-879.4603,10.39538,0.054902,0.8029,0,-0.5961,198.9569,0,1,0,0,0.5961,0,0.8029,-890.1056,0,0,0,1
150.709,198.8388,0,-889.9453,0.517831,-0.517831,21.39254,198.6734,0.25,-879.4603,10.23499,0.039216,0.8051,0,-0.5931,198.8388,0,1,0,0,0.5931,0,0.8051,-889.9453,0,0,0,1
150.72,198.721,0,-889.7841,0.555023,-0.555023,21.79903,198.6734,0.25,-879.4603,10.07385,0.023529,0.8074,0,-0.59,198.721,0,1,0,0,0.59,0,0.8074,-889.7841,0,0,0,1
150.7308,198.4867,0,-889.4595,0.631312,-0.631312,22.27879,198.6734,0.25,-879.4603,9.749268,0,0.8119,0,-0.5837,198.4867,0,1,0,0,0.5837,0,0.8119,-889.4595,0,0,0,1
150.7419,198.3702,0,-889.2961,0.668447,-0.668447,22.67063,198.6734,0.25,-879.4603,9.585963,0,0.8142,0,-0.5805,198.3702,0,1,0,0,0.5805,0,0.8142,-889.2961,0,0,0,1
150.753,198.254,0,-889.1318,0.704783,-0.704783,23.09911,198.6734,0.25,-879.4603,9.423031,0,0.8166,0,-0.5772,198.254,0,1,0,0,0.5772,0,0.8166,-889.1318,0,0,0,1
150.7641,198.1384,0,-888.9668,0.741417,-0.741417,23.46532,198.6734,0.25,-879.4603,9.260919,0,0.8189,0,-0.5739,198.1384,0,1,0,0,0.5739,0,0.8189,-888.9668,0,0,0,1
150.7754,198.0232,0,-888.8009,0.779758,-0.779758,23.94141,198.6734,0.25,-879.4603,9.099444,0,0.8213,0,-0.5705,198.0232,0,1,0,0,0.5705,0,0.8213,-888.8009,0,0,0,1
150.7865,197.9084,0,-888.6342,0.817325,-0.817325,24.27833,198.6734,0.25,-879.4603,8.938796,0,0.8237,0,-0.567,197.9084,0,1,0,0,0.567,0,0.8237,-888.6342,0,0,0,1
150.7975,197.7942,0,-888.4667,0.854102,-0.854102,24.62989,198.6734,0.25,-879.4603,8.778987,0,0.8262,0,-0.5634,197.7942,0,1,0,0,0.5634,0,0.8262,-888.4667,0,0,0,1
150.809,197.6805,0,-888.2983,0.890065,-0.890065,25.0364,198.6734,0.25,-879.4603,8.620152,0,0.8286,0,-0.5598,197.6805,0,1,0,0,0.5598,0,0.8286,-888.2983,0,0,0,1
150.8202,197.4545,0,-887.9591,0.963714,-0.963714,25.355,198.6734,0.25,-879.4603,8.305545,0,0.8335,0,-0.5525,197.4545,0,1,0,0,0.5525,0,0.8335,-887.9591,0,0,0,1
150.8313,197.3424,0,-887.7883,1.000745,-1.000745,25.73952,198.6734,0.25,-879.4603,8.150071,0,0.836,0,-0.5487,197.3424,0,1,0,0,0.5487,0,0.836,-887.7883,0,0,0,1
150.8424,197.2309,0,-887.6166,1.03689,-1.03689,26.18998,198.6734,0.25,-879.4603,7.995807,0,0.8385,0,-0.5449,197.2309,0,1,0,0,0.5449,0,0.8385,-887.6166,0,0,0,1
150.8534,197.1199,0,-887.4441,1.072134,-1.072134,26.42801,198.6734,0.25,-879.4603,7.842913,0,0.841,0,-0.541,197.1199,0,1,0,0,0.541,0,0.841,-887.4441,0,0,0,1
150.8649,197.0095,0,-887.2707,1.107022,-1.107022,26.79058,198.6734,0.25,-879.4603,7.691508,0,0.8435,0,-0.5371,197.0095,0,1,0,0,0.5371,0,0.8435,-887.2707,0,0,0,1
150.8759,196.8997,0,-887.0964,1.144075,-1.144075,27.08355,198.6734,0.25,-879.4603,7.541703,0,0.8461,0,-0.5331,196.8997,0,1,0,0,0.5331,0,0.8461,-887.0964,0,0,0,1
150.8869,196.7905,0,-886.9213,1.1802,-1.1802,27.44609,198.6734,0.25,-879.4603,7.393573,0,0.8486,0,-0.529,196.7905,0,1,0,0,0.529,0,0.8486,-886.9213,0,0,0,1
150.898,196.682,0,-886.7454,1.215461,-1.215461,27.7464,198.6734,0.25,-879.4603,7.247429,0,0.8512,0,-0.5249,196.682,0,1,0,0,0.5249,0,0.8512,-886.7454,0,0,0,1
150.9091,196.5741,0,-886.5685,1.24972,-1.24972,28.09064,198.6734,0.25,-879.4603,7.103179,0,0.8537,0,-0.5207,196.5741,0,1,0,0,0.5207,0,0.8537,-886.5685,0,0,0,1
150.9202,196.3604,0,-886.2122,1.319459,-1.319459,28.35797,198.6734,0.25,-879.4603,6.821352,0,0.8588,0,-0.5123,196.3604,0,1,0,0,0.5123,0,0.8588,-886.2122,0,0,0,1
150.9314,196.2545,0,-886.0327,1.354463,-1.354463,28.69124,198.6734,0.25,-879.4603,6.684117,0,0.8614,0,-0.5079,196.2545,0,1,0,0,0.5079,0,0.8614,-886.0327,0,0,0,1
150.9434,196.1494,0,-885.8523,1.388472,-1.388472,29.05013,198.6734,0.25,-879.4603,6.549484,0,0.864,0,-0.5036,196.1494,0,1,0,0,0.5036,0,0.864,-885.8523,0,0,0,1
150.9534,196.045,0,-885.6711,1.421477,-1.421477,29.29549,198.6734,0.25,-879.4603,6.417809,0,0.8665,0,-0.4991,196.045,0,1,0,0,0.4991,0,0.8665,-885.6711,0,0,0,1
150.9641,195.9413,0,-885.489,1.454025,-1.454025,29.55185,198.6734,0.25,-879.4603,6.289201,0,0.8691,0,-0.4947,195.9413,0,1,0,0,0.4947,0,0.8691,-885.489,0,0,0,1
150.9751,195.8384,0,-885.306,1.488658,-1.488658,29.79355,198.6734,0.25,-879.4603,6.16394,0,0.8716,0,-0.4901,195.8384,0,1,0,0,0.4901,0,0.8716,-885.306,0,0,0,1
150.9864,195.7363,0,-885.1221,1.522244,-1.522244,30.03159,198.6734,0.25,-879.4603,6.042218,0,0.8742,0,-0.4856,195.7363,0,1,0,0,0.4856,0,0.8742,-885.1221,0,0,0,1
150.9974,195.6349,0,-884.9373,1.554767,-1.554767,30.29892,198.6734,0.25,-879.4603,5.924298,0,0.8768,0,-0.4809,195.6349,0,1,0,0,0.4809,0,0.8768,-884.9373,0,0,0,1
151.0117,195.4346,0,-884.5651,1.617453,-1.617453,30.66148,198.6734,0.25,-879.4603,5.701075,0,0.8819,0,-0.4715,195.4346,0,1,0,0,0.4715,0,0.8819,-884.5651,0,0,0,1
151.0229,195.3356,0,-884.3776,1.650457,-1.650457,30.87389,198.6734,0.25,-879.4603,5.596255,0,0.8844,0,-0.4668,195.3356,0,1,0,0,0.4668,0,0.8844,-884.3776,0,0,0,1
151.0313,195.2375,0,-884.1892,1.682369,-1.682369,31.08995,198.6734,0.25,-879.4603,5.496433,0,0.8869,0,-0.462,195.2375,0,1,0,0,0.462,0,0.8869,-884.1892,0,0,0,1
151.0419,195.1403,0,-884,1.713172,-1.713172,31.20714,198.6734,0.25,-879.4603,5.40192,0,0.8894,0,-0.4571,195.1403,0,1,0,0,0.4571,0,0.8894,-884,0,0,0,1
151.0531,195.0439,0,-883.8099,1.742886,-1.742886,31.42322,198.6734,0.25,-879.4603,5.313025,0,0.8919,0,-0.4522,195.0439,0,1,0,0,0.4522,0,0.8919,-883.8099,0,0,0,1
151.0639,194.9483,0,-883.6189,1.772698,-1.772698,31.59534,198.6734,0.25,-879.4603,5.230066,0,0.8944,0,-0.4473,194.9483,0,1,0,0,0.4473,0,0.8944,-883.6189,0,0,0,1
151.0752,194.8537,0,-883.427,1.80389,-1.80389,31.82971,198.6734,0.25,-879.4603,5.15336,0,0.8968,0,-0.4423,194.8537,0,1,0,0,0.4423,0,0.8968,-883.427,0,0,0,1
151.0863,194.7599,0,-883.2343,1.833947,-1.833947,31.99817,198.6734,0.25,-879.4603,5.083265,0,0.8993,0,-0.4373,194.7599,0,1,0,0,0.4373,0,0.8993,-883.2343,0,0,0,1
151.0975,194.6671,0,-883.0406,1.862856,-1.862856,32.21423,198.6734,0.25,-879.4603,5.020097,0,0.9017,0,-0.4323,194.6671,0,1,0,0,0.4323,0,0.9017,-883.0406,0,0,0,1
151.1085,194.5752,0,-882.8461,1.890547,-1.890547,32.45594,198.6734,0.25,-879.4603,4.964077,0,0.9042,0,-0.4271,194.5752,0,1,0,0,0.4271,0,0.9042,-882.8461,0,0,0,1
151.1195,194.4842,0,-882.6506,1.918893,-1.918893,32.57679,198.6734,0.25,-879.4603,4.915589,0,0.9066,0,-0.422,194.4842,0,1,0,0,0.422,0,0.9066,-882.6506,0,0,0,1
151.1307,194.3052,0,-882.2571,1.975992,-1.975992,32.76722,198.6734,0.25,-879.4603,4.842169,0,0.9114,0,-0.4116,194.3052,0,1,0,0,0.4116,0,0.9114,-882.2571,0,0,0,1
151.1418,194.2171,0,-882.0591,2.002728,-2.002728,32.93202,198.6734,0.25,-879.4603,4.817704,0,0.9137,0,-0.4064,194.2171,0,1,0,0,0.4064,0,0.9137,-882.0591,0,0,0,1
151.1528,194.13,0,-881.8602,2.028251,-2.028251,33.13343,198.6734,0.25,-879.4603,4.801638,0,0.916,0,-0.4011,194.13,0,1,0,0,0.4011,0,0.916,-881.8602,0,0,0,1
151.1641,194.0439,0,-881.6603,2.055082,-2.055082,33.34219,198.6734,0.25,-879.4603,4.794043,0,0.9184,0,-0.3957,194.0439,0,1,0,0,0.3957,0,0.9184,-881.6603,0,0,0,1
151.1751,193.9588,0,-881.4597,2.082015,-2.082015,33.61685,198.6734,0.25,-879.4603,4.795117,0,0.9207,0,-0.3903,193.9588,0,1,0,0,0.3903,0,0.9207,-881.4597,0,0,0,1
151.1861,193.8748,0,-881.2581,2.107659,-2.107659,33.78531,198.6734,0.25,-879.4603,4.804786,0,0.923,0,-0.3849,193.8748,0,1,0,0,0.3849,0,0.923,-881.2581,0,0,0,1
151.1974,193.7918,0,-881.0557,2.132044,-2.132044,34.04531,198.6734,0.25,-879.4603,4.823118,0,0.9252,0,-0.3794,193.7918,0,1,0,0,0.3794,0,0.9252,-881.0557,0,0,0,1
151.2087,193.7098,0,-880.8525,2.155138,-2.155138,34.32731,198.6734,0.25,-879.4603,4.85001,0,0.9275,0,-0.3739,193.7098,0,1,0,0,0.3739,0,0.9275,-880.8525,0,0,0,1
151.2196,193.629,0,-880.6484,2.180411,-2.180411,34.56901,198.6734,0.25,-879.4603,4.885365,0,0.9297,0,-0.3683,193.629,0,1,0,0,0.3683,0,0.9297,-880.6484,0,0,0,1
151.2308,193.4706,0,-880.2374,2.227862,-2.227862,34.85099,198.6734,0.25,-879.4603,4.980826,0,0.9341,0,-0.3569,193.4706,0,1,0,0,0.3569,0,0.9341,-880.2374,0,0,0,1
151.2419,193.393,0,-880.0308,2.249622,-2.249622,35.07438,198.6734,0.25,-879.4603,5.04058,0,0.9363,0,-0.3512,193.393,0,1,0,0,0.3512,0,0.9363,-880.0308,0,0,0,1
151.253,193.3167,0,-879.8232,2.270618,-2.270618,35.36736,198.6734,0.25,-879.4603,5.108015,0,0.9385,0,-0.3454,193.3167,0,1,0,0,0.3454,0,0.9385,-879.8232,0,0,0,1
151.2641,193.2414,0,-879.6149,2.293634,-2.293634,35.62371,198.6734,0.25,-879.4603,5.182007,0,0.9406,0,-0.3396,193.2414,0,1,0,0,0.3396,0,0.9406,-879.6149,0,0,0,1
151.2751,193.1674,0,-879.4056,2.315271,-2.315271,35.98626,198.6734,0.25,-879.4603,5.256058,0,0.9427,0,-0.3337,193.1674,0,1,0,0,0.3337,0,0.9427,-879.4056,0,0,0,1
151.2864,193.0945,0,-879.1956,2.335496,-2.335496,36.1767,198.6734,0.25,-879.4603,5.328939,0,0.9448,0,-0.3277,193.0945,0,1,0,0,0.3277,0,0.9448,-879.1956,0,0,0,1
151.2973,193.0228,0,-878.9846,2.354326,-2.354326,36.46601,198.6734,0.25,-879.4603,5.405286,0,0.9469,0,-0.3217,193.0228,0,1,0,0,0.3217,0,0.9469,-878.9846,0,0,0,1
151.3084,192.9524,0,-878.7729,2.37354,-2.37354,36.75166,198.6734,0.25,-879.4603,5.488463,0,0.9489,0,-0.3156,192.9524,0,1,0,0,0.3156,0,0.9489,-878.7729,0,0,0,1
151.3198,192.8832,0,-878.5603,2.393533,-2.393533,36.97504,198.6734,0.25,-879.4603,5.578187,0,0.9509,0,-0.3095,192.8832,0,1,0,0,0.3095,0,0.9509,-878.5603,0,0,0,1
151.3312,192.7487,0,-878.1326,2.429134,-2.429134,37.23141,198.6734,0.25,-879.4603,5.776174,0,0.9549,0,-0.2971,192.7487,0,1,0,0,0.2971,0,0.9549,-878.1326,0,0,0,1
