time,pos_x,pos_y,pos_z,distFromRoadCenter,signedDistFromRoadCenter,wheelAngle,obstacle_pos_x,obstacle_pos_y,obstacle_pos_z,distance_to_obstacle,brake_position,simplecar_4x4_R0C0,simplecar_4x4_R0C1,simplecar_4x4_R0C2,simplecar_4x4_R0C3,simplecar_4x4_R1C0,simplecar_4x4_R1C1,simplecar_4x4_R1C2,simplecar_4x4_R1C3,simplecar_4x4_R2C0,simplecar_4x4_R2C1,simplecar_4x4_R2C2,simplecar_4x4_R2C3,simplecar_4x4_R3C0,simplecar_4x4_R3C1,simplecar_4x4_R3C2,simplecar_4x4_R3C3
78.59468,736.6298,0,-407.7227,1.215828,1.215828,-1.166396,668.097,0.25,-377.4604,74.58733,0,-0.4895,0,0.872,736.6298,0,1,0,0,-0.872,0,-0.4895,-407.7227,0,0,0,1
78.60928,736.8478,0,-407.845,1.211514,1.211514,-1.166396,668.097,0.25,-377.4604,74.83614,0,-0.4894,0,0.8721,736.8478,0,1,0,0,-0.8721,0,-0.4894,-407.845,0,0,0,1
78.61714,737.0658,0,-407.9673,1.207185,1.207185,-1.166396,668.097,0.25,-377.4604,75.08494,0,-0.4892,0,0.8722,737.0658,0,1,0,0,-0.8722,0,-0.4892,-407.9673,0,0,0,1
78.62624,737.2839,0,-408.0896,1.202779,1.202779,-1.166396,668.097,0.25,-377.4604,75.33379,0,-0.489,0,0.8723,737.2839,0,1,0,0,-0.8723,0,-0.489,-408.0896,0,0,0,1
78.6373,737.502,0,-408.2118,1.198319,1.198319,-1.166396,668.097,0.25,-377.4604,75.58265,0,-0.4888,0,0.8724,737.502,0,1,0,0,-0.8724,0,-0.4888,-408.2118,0,0,0,1
78.64838,737.7201,0,-408.334,1.193834,1.193834,-1.166396,668.097,0.25,-377.4604,75.83155,0,-0.4887,0,0.8725,737.7201,0,1,0,0,-0.8725,0,-0.4887,-408.334,0,0,0,1
78.65938,737.9382,0,-408.4561,1.189295,1.189295,-1.166396,668.097,0.25,-377.4604,76.08043,0,-0.4885,0,0.8726,737.9382,0,1,0,0,-0.8726,0,-0.4885,-408.4561,0,0,0,1
78.67432,738.3746,0,-408.7002,1.180078,1.180078,-1.166396,668.097,0.25,-377.4604,76.57821,0,-0.4881,0,0.8728,738.3746,0,1,0,0,-0.8728,0,-0.4881,-408.7002,0,0,0,1
78.6847,738.5928,0,-408.8221,1.175346,1.175346,-1.166396,668.097,0.25,-377.4604,76.8271,0,-0.4879,0,0.8729,738.5928,0,1,0,0,-0.8729,0,-0.4879,-408.8221,0,0,0,1
78.69364,738.811,0,-408.9441,1.170615,1.170615,-1.166396,668.097,0.25,-377.4604,77.07605,0,-0.4878,0,0.873,738.811,0,1,0,0,-0.873,0,-0.4878,-408.9441,0,0,0,1
78.70389,739.0293,0,-409.066,1.165799,1.165799,-1.166396,668.097,0.25,-377.4604,77.32499,0,-0.4876,0,0.8731,739.0293,0,1,0,0,-0.8731,0,-0.4876,-409.066,0,0,0,1
78.71865,739.2476,0,-409.1879,1.160958,1.160958,-1.166396,668.097,0.25,-377.4604,77.57398,0,-0.4874,0,0.8732,739.2476,0,1,0,0,-0.8732,0,-0.4874,-409.1879,0,0,0,1
78.72682,739.4659,0,-409.3097,1.156033,1.156033,-1.166396,668.097,0.25,-377.4604,77.82295,0,-0.4872,0,0.8733,739.4659,0,1,0,0,-0.8733,0,-0.4872,-409.3097,0,0,0,1
78.73713,739.6843,0,-409.4314,1.151108,1.151108,-1.166396,668.097,0.25,-377.4604,78.07191,0,-0.4871,0,0.8734,739.6843,0,1,0,0,-0.8734,0,-0.4871,-409.4314,0,0,0,1
78.74821,739.9026,0,-409.5531,1.146077,1.146077,-1.166396,668.097,0.25,-377.4604,78.32091,0,-0.4869,0,0.8735,739.9026,0,1,0,0,-0.8735,0,-0.4869,-409.5531,0,0,0,1
78.75951,740.1211,0,-409.6748,1.140985,1.140985,-1.166396,668.097,0.25,-377.4604,78.56995,0,-0.4867,0,0.8736,740.1211,0,1,0,0,-0.8736,0,-0.4867,-409.6748,0,0,0,1
78.77065,740.5579,0,-409.918,1.130758,1.130758,-1.166396,668.097,0.25,-377.4604,79.06796,0,-0.4863,0,0.8738,740.5579,0,1,0,0,-0.8738,0,-0.4863,-409.918,0,0,0,1
78.7818,740.7764,0,-410.0396,1.12556,1.12556,-1.166396,668.097,0.25,-377.4604,79.31698,0,-0.4862,0,0.8739,740.7764,0,1,0,0,-0.8739,0,-0.4862,-410.0396,0,0,0,1
78.79267,740.9949,0,-410.1611,1.120253,1.120253,-1.166396,668.097,0.25,-377.4604,79.56609,0,-0.486,0,0.874,740.9949,0,1,0,0,-0.874,0,-0.486,-410.1611,0,0,0,1
78.80387,741.2134,0,-410.2825,1.115003,1.115003,-1.166396,668.097,0.25,-377.4604,79.81508,0,-0.4858,0,0.8741,741.2134,0,1,0,0,-0.8741,0,-0.4858,-410.2825,0,0,0,1
78.81489,741.4319,0,-410.4039,1.109617,1.109617,-1.144423,668.097,0.25,-377.4604,80.06416,0,-0.4856,0,0.8742,741.4319,0,1,0,0,-0.8742,0,-0.4856,-410.4039,0,0,0,1
78.82613,741.6505,0,-410.5253,1.104199,1.104199,-1.096816,668.097,0.25,-377.4604,80.31324,0,-0.4855,0,0.8743,741.6505,0,1,0,0,-0.8743,0,-0.4855,-410.5253,0,0,0,1
78.83756,741.8691,0,-410.6466,1.098756,1.098756,-1.023574,668.097,0.25,-377.4604,80.5623,0,-0.4853,0,0.8743,741.8691,0,1,0,0,-0.8743,0,-0.4853,-410.6466,0,0,0,1
78.84817,742.0877,0,-410.7679,1.093229,1.093229,-0.979629,668.097,0.25,-377.4604,80.81142,0,-0.4852,0,0.8744,742.0877,0,1,0,0,-0.8744,0,-0.4852,-410.7679,0,0,0,1
78.85939,742.3063,0,-410.8892,1.087676,1.087676,-0.902724,668.097,0.25,-377.4604,81.06052,0,-0.485,0,0.8745,742.3063,0,1,0,0,-0.8745,0,-0.485,-410.8892,0,0,0,1
78.87093,742.7437,0,-411.1316,1.07649,1.07649,-0.807509,668.097,0.25,-377.4604,81.55875,0,-0.4848,0,0.8746,742.7437,0,1,0,0,-0.8746,0,-0.4848,-411.1316,0,0,0,1
78.88142,742.9624,0,-411.2527,1.070801,1.070801,-0.708633,668.097,0.25,-377.4604,81.80794,0,-0.4847,0,0.8747,742.9624,0,1,0,0,-0.8747,0,-0.4847,-411.2527,0,0,0,1
78.89354,743.181,0,-411.3738,1.065168,1.065168,-0.551155,668.097,0.25,-377.4604,82.05701,0,-0.4846,0,0.8747,743.181,0,1,0,0,-0.8747,0,-0.4846,-411.3738,0,0,0,1
78.90385,743.3998,0,-411.495,1.059479,1.059479,-0.382698,668.097,0.25,-377.4604,82.30621,0,-0.4845,0,0.8748,743.3998,0,1,0,0,-0.8748,0,-0.4845,-411.495,0,0,0,1
78.9148,743.6184,0,-411.6161,1.053816,1.053816,-0.228882,668.097,0.25,-377.4604,82.5553,0,-0.4845,0,0.8748,743.6184,0,1,0,0,-0.8748,0,-0.4845,-411.6161,0,0,0,1
78.92583,743.8371,0,-411.7372,1.048153,1.048153,-0.049438,668.097,0.25,-377.4604,82.80444,0,-0.4845,0,0.8748,743.8371,0,1,0,0,-0.8748,0,-0.4845,-411.7372,0,0,0,1
78.93719,744.0558,0,-411.8584,1.04249,1.04249,0.199585,668.097,0.25,-377.4604,83.0536,0,-0.4845,0,0.8748,744.0558,0,1,0,0,-0.8748,0,-0.4845,-411.8584,0,0,0,1
78.94836,744.2745,0,-411.9795,1.0368,1.0368,0.357056,668.097,0.25,-377.4604,83.30275,0,-0.4846,0,0.8748,744.2745,0,1,0,0,-0.8748,0,-0.4846,-411.9795,0,0,0,1
78.95922,744.4932,0,-412.1007,1.031137,1.031137,0.518203,668.097,0.25,-377.4604,83.55192,0,-0.4846,0,0.8747,744.4932,0,1,0,0,-0.8747,0,-0.4846,-412.1007,0,0,0,1
78.97065,744.9305,0,-412.3431,1.019947,1.019947,0.712295,668.097,0.25,-377.4604,84.05025,0,-0.4849,0,0.8746,744.9305,0,1,0,0,-0.8746,0,-0.4849,-412.3431,0,0,0,1
78.98277,745.149,0,-412.4643,1.014451,1.014451,0.87709,668.097,0.25,-377.4604,84.29937,0,-0.485,0,0.8745,745.149,0,1,0,0,-0.8745,0,-0.485,-412.4643,0,0,0,1
78.99313,745.3677,0,-412.5856,1.008928,1.008928,1.08583,668.097,0.25,-377.4604,84.54855,0,-0.4852,0,0.8744,745.3677,0,1,0,0,-0.8744,0,-0.4852,-412.5856,0,0,0,1
79.00793,745.5863,0,-412.7069,1.003485,1.003485,1.334853,668.097,0.25,-377.4604,84.79777,0,-0.4854,0,0.8743,745.5863,0,1,0,0,-0.8743,0,-0.4854,-412.7069,0,0,0,1
79.01897,745.8049,0,-412.8283,0.998042,0.998042,1.47769,668.097,0.25,-377.4604,85.04701,0,-0.4856,0,0.8742,745.8049,0,1,0,0,-0.8742,0,-0.4856,-412.8283,0,0,0,1
79.02752,746.0233,0,-412.9498,0.992818,0.992818,1.646147,668.097,0.25,-377.4604,85.29607,0,-0.4858,0,0.874,746.0233,0,1,0,0,-0.874,0,-0.4858,-412.9498,0,0,0,1
79.03832,746.2418,0,-413.0713,0.987563,0.987563,1.745024,668.097,0.25,-377.4604,85.54526,0,-0.4861,0,0.8739,746.2418,0,1,0,0,-0.8739,0,-0.4861,-413.0713,0,0,0,1
79.04962,746.4603,0,-413.1929,0.982423,0.982423,1.862211,668.097,0.25,-377.4604,85.79444,0,-0.4864,0,0.8737,746.4603,0,1,0,0,-0.8737,0,-0.4864,-413.1929,0,0,0,1
79.06107,746.897,0,-413.4364,0.972437,0.972437,1.983061,668.097,0.25,-377.4604,86.29276,0,-0.487,0,0.8734,746.897,0,1,0,0,-0.8734,0,-0.487,-413.4364,0,0,0,1
79.07233,747.1152,0,-413.5582,0.967512,0.967512,2.096586,668.097,0.25,-377.4604,86.54185,0,-0.4873,0,0.8732,747.1152,0,1,0,0,-0.8732,0,-0.4873,-413.5582,0,0,0,1
79.08338,747.3336,0,-413.6801,0.962754,0.962754,2.173491,668.097,0.25,-377.4604,86.79107,0,-0.4877,0,0.873,747.3336,0,1,0,0,-0.873,0,-0.4877,-413.6801,0,0,0,1
79.09476,747.5518,0,-413.8021,0.958075,0.958075,2.250395,668.097,0.25,-377.4604,87.04022,0,-0.488,0,0.8728,747.5518,0,1,0,0,-0.8728,0,-0.488,-413.8021,0,0,0,1
79.10648,747.7699,0,-413.9242,0.95351,0.95351,2.334623,668.097,0.25,-377.4604,87.28935,0,-0.4883,0,0.8726,747.7699,0,1,0,0,-0.8726,0,-0.4883,-413.9242,0,0,0,1
79.11736,747.988,0,-414.0464,0.949024,0.949024,2.360272,668.097,0.25,-377.4604,87.53852,0,-0.4887,0,0.8724,747.988,0,1,0,0,-0.8724,0,-0.4887,-414.0464,0,0,0,1
79.1288,748.2061,0,-414.1686,0.944591,0.944591,2.382245,668.097,0.25,-377.4604,87.78767,0,-0.4891,0,0.8722,748.2061,0,1,0,0,-0.8722,0,-0.4891,-414.1686,0,0,0,1
79.13975,748.4241,0,-414.291,0.940325,0.940325,2.385907,668.097,0.25,-377.4604,88.03681,0,-0.4894,0,0.872,748.4241,0,1,0,0,-0.872,0,-0.4894,-414.291,0,0,0,1
79.15073,748.86,0,-414.5359,0.932092,0.932092,2.385907,668.097,0.25,-377.4604,88.53505,0,-0.4902,0,0.8716,748.86,0,1,0,0,-0.8716,0,-0.4902,-414.5359,0,0,0,1
79.16245,749.0778,0,-414.6586,0.928125,0.928125,2.385907,668.097,0.25,-377.4604,88.78416,0,-0.4905,0,0.8714,749.0778,0,1,0,0,-0.8714,0,-0.4905,-414.6586,0,0,0,1
79.17336,749.2957,0,-414.7813,0.924267,0.924267,2.360272,668.097,0.25,-377.4604,89.0333,0,-0.4909,0,0.8712,749.2957,0,1,0,0,-0.8712,0,-0.4909,-414.7813,0,0,0,1
79.18406,749.5134,0,-414.9041,0.920467,0.920467,2.338285,668.097,0.25,-377.4604,89.28242,0,-0.4912,0,0.871,749.5134,0,1,0,0,-0.871,0,-0.4912,-414.9041,0,0,0,1
79.195,749.7311,0,-415.027,0.916829,0.916829,2.290678,668.097,0.25,-377.4604,89.53155,0,-0.4916,0,0.8708,749.7311,0,1,0,0,-0.8708,0,-0.4916,-415.027,0,0,0,1
79.20625,749.9488,0,-415.15,0.913302,0.913302,2.22476,668.097,0.25,-377.4604,89.78065,0,-0.4919,0,0.8706,749.9488,0,1,0,0,-0.8706,0,-0.4919,-415.15,0,0,0,1
79.21741,750.1664,0,-415.273,0.909826,0.909826,2.151518,668.097,0.25,-377.4604,90.02975,0,-0.4923,0,0.8705,750.1664,0,1,0,0,-0.8705,0,-0.4923,-415.273,0,0,0,1
79.22924,750.384,0,-415.3962,0.906435,0.906435,2.048979,668.097,0.25,-377.4604,90.27888,0,-0.4926,0,0.8703,750.384,0,1,0,0,-0.8703,0,-0.4926,-415.3962,0,0,0,1
79.23949,750.6015,0,-415.5194,0.903153,0.903153,1.913481,668.097,0.25,-377.4604,90.52798,0,-0.4929,0,0.8701,750.6015,0,1,0,0,-0.8701,0,-0.4929,-415.5194,0,0,0,1
79.25127,751.0365,0,-415.766,0.896778,0.896778,1.785307,668.097,0.25,-377.4604,91.02625,0,-0.4934,0,0.8698,751.0365,0,1,0,0,-0.8698,0,-0.4934,-415.766,0,0,0,1
79.26167,751.2539,0,-415.8895,0.893742,0.893742,1.591215,668.097,0.25,-377.4604,91.27535,0,-0.4936,0,0.8697,751.2539,0,1,0,0,-0.8697,0,-0.4936,-415.8895,0,0,0,1
79.27347,751.4713,0,-416.0129,0.890733,0.890733,1.356826,668.097,0.25,-377.4604,91.52441,0,-0.4938,0,0.8696,751.4713,0,1,0,0,-0.8696,0,-0.4938,-416.0129,0,0,0,1
79.2846,751.6886,0,-416.1364,0.88778,0.88778,1.144423,668.097,0.25,-377.4604,91.77349,0,-0.494,0,0.8695,751.6886,0,1,0,0,-0.8695,0,-0.494,-416.1364,0,0,0,1
79.29565,751.9059,0,-416.2599,0.88485,0.88485,0.880752,668.097,0.25,-377.4604,92.0226,0,-0.4941,0,0.8694,751.9059,0,1,0,0,-0.8694,0,-0.4941,-416.2599,0,0,0,1
79.3063,752.1233,0,-416.3835,0.881924,0.881924,0.543838,668.097,0.25,-377.4604,92.27171,0,-0.4942,0,0.8693,752.1233,0,1,0,0,-0.8693,0,-0.4942,-416.3835,0,0,0,1
79.3171,752.3407,0,-416.5071,0.879055,0.879055,0.228882,668.097,0.25,-377.4604,92.5209,0,-0.4943,0,0.8693,752.3407,0,1,0,0,-0.8693,0,-0.4943,-416.5071,0,0,0,1
79.32832,752.558,0,-416.6306,0.876182,0.876182,-0.166626,668.097,0.25,-377.4604,92.76997,0,-0.4942,0,0.8693,752.558,0,1,0,0,-0.8693,0,-0.4942,-416.6306,0,0,0,1
79.34377,752.9927,0,-416.8777,0.87033,0.87033,-0.609748,668.097,0.25,-377.4604,93.26821,0,-0.4941,0,0.8694,752.9927,0,1,0,0,-0.8694,0,-0.4941,-416.8777,0,0,0,1
79.35353,753.2101,0,-417.0012,0.86732,0.86732,-0.994277,668.097,0.25,-377.4604,93.51738,0,-0.4939,0,0.8695,753.2101,0,1,0,0,-0.8695,0,-0.4939,-417.0012,0,0,0,1
79.3615,753.4275,0,-417.1246,0.864254,0.864254,-1.331198,668.097,0.25,-377.4604,93.76652,0,-0.4937,0,0.8696,753.4275,0,1,0,0,-0.8696,0,-0.4937,-417.1246,0,0,0,1
79.37254,753.645,0,-417.2479,0.861081,0.861081,-1.616843,668.097,0.25,-377.4604,94.01575,0,-0.4935,0,0.8698,753.645,0,1,0,0,-0.8698,0,-0.4935,-417.2479,0,0,0,1
79.38341,753.8624,0,-417.3712,0.857909,0.857909,-1.983061,668.097,0.25,-377.4604,94.26485,0,-0.4932,0,0.8699,753.8624,0,1,0,0,-0.8699,0,-0.4932,-417.3712,0,0,0,1
79.39456,754.08,0,-417.4944,0.854597,0.854597,-2.440832,668.097,0.25,-377.4604,94.51402,0,-0.4928,0,0.8702,754.08,0,1,0,0,-0.8702,0,-0.4928,-417.4944,0,0,0,1
79.40587,754.2975,0,-417.6175,0.851179,0.851179,-2.82536,668.097,0.25,-377.4604,94.76321,0,-0.4924,0,0.8704,754.2975,0,1,0,0,-0.8704,0,-0.4924,-417.6175,0,0,0,1
79.41695,754.5152,0,-417.7405,0.847594,0.847594,-3.305104,668.097,0.25,-377.4604,95.01241,0,-0.4919,0,0.8707,754.5152,0,1,0,0,-0.8707,0,-0.4919,-417.7405,0,0,0,1
79.42867,754.733,0,-417.8633,0.843851,0.843851,-3.707943,668.097,0.25,-377.4604,95.26166,0,-0.4913,0,0.871,754.733,0,1,0,0,-0.871,0,-0.4913,-417.8633,0,0,0,1
79.43986,754.9508,0,-417.9859,0.83991,0.83991,-4.38544,668.097,0.25,-377.4604,95.51089,0,-0.4906,0,0.8714,754.9508,0,1,0,0,-0.8714,0,-0.4906,-417.9859,0,0,0,1
79.45078,755.3868,0,-418.2307,0.83143,0.83143,-4.726024,668.097,0.25,-377.4604,96.00942,0,-0.4892,0,0.8722,755.3868,0,1,0,0,-0.8722,0,-0.4892,-418.2307,0,0,0,1
79.46117,755.605,0,-418.3528,0.826866,0.826866,-5.154498,668.097,0.25,-377.4604,96.25879,0,-0.4884,0,0.8726,755.605,0,1,0,0,-0.8726,0,-0.4884,-418.3528,0,0,0,1
79.47236,755.8232,0,-418.4747,0.82205,0.82205,-5.659876,668.097,0.25,-377.4604,96.50803,0,-0.4875,0,0.8731,755.8232,0,1,0,0,-0.8731,0,-0.4875,-418.4747,0,0,0,1
79.48357,756.0416,0,-418.5963,0.816932,0.816932,-6.081026,668.097,0.25,-377.4604,96.75742,0,-0.4866,0,0.8736,756.0416,0,1,0,0,-0.8736,0,-0.4866,-418.5963,0,0,0,1
79.49447,756.2601,0,-418.7177,0.811572,0.811572,-6.564431,668.097,0.25,-377.4604,97.00676,0,-0.4856,0,0.8742,756.2601,0,1,0,0,-0.8742,0,-0.4856,-418.7177,0,0,0,1
79.50563,756.4788,0,-418.8388,0.805883,0.805883,-7.117417,668.097,0.25,-377.4604,97.25615,0,-0.4845,0,0.8748,756.4788,0,1,0,0,-0.8748,0,-0.4845,-418.8388,0,0,0,1
79.51707,756.6977,0,-418.9597,0.799895,0.799895,-7.410393,668.097,0.25,-377.4604,97.50558,0,-0.4834,0,0.8754,756.6977,0,1,0,0,-0.8754,0,-0.4834,-418.9597,0,0,0,1
79.52772,756.9167,0,-419.0802,0.793577,0.793577,-7.769287,668.097,0.25,-377.4604,97.75503,0,-0.4822,0,0.8761,756.9167,0,1,0,0,-0.8761,0,-0.4822,-419.0802,0,0,0,1
79.5391,757.1359,0,-419.2005,0.786903,0.786903,-8.153809,668.097,0.25,-377.4604,98.00449,0,-0.481,0,0.8767,757.1359,0,1,0,0,-0.8767,0,-0.481,-419.2005,0,0,0,1
79.5501,757.5748,0,-419.44,0.772405,0.772405,-8.50904,668.097,0.25,-377.4604,98.50354,0,-0.4784,0,0.8782,757.5748,0,1,0,0,-0.8782,0,-0.4784,-419.44,0,0,0,1
79.56184,757.7945,0,-419.5592,0.764554,0.764554,-8.750746,668.097,0.25,-377.4604,98.75309,0,-0.477,0,0.8789,757.7945,0,1,0,0,-0.8789,0,-0.477,-419.5592,0,0,0,1
79.57238,758.0144,0,-419.6781,0.756321,0.756321,-9.01808,668.097,0.25,-377.4604,99.00266,0,-0.4756,0,0.8796,758.0144,0,1,0,0,-0.8796,0,-0.4756,-419.6781,0,0,0,1
79.58331,758.2345,0,-419.7967,0.747732,0.747732,-9.204855,668.097,0.25,-377.4604,99.25226,0,-0.4742,0,0.8804,758.2345,0,1,0,0,-0.8804,0,-0.4742,-419.7967,0,0,0,1
79.59464,758.4548,0,-419.9149,0.738703,0.738703,-9.373312,668.097,0.25,-377.4604,99.50187,0,-0.4728,0,0.8812,758.4548,0,1,0,0,-0.8812,0,-0.4728,-419.9149,0,0,0,1
79.60578,758.6753,0,-420.0327,0.729266,0.729266,-9.519796,668.097,0.25,-377.4604,99.75155,0,-0.4713,0,0.882,758.6753,0,1,0,0,-0.882,0,-0.4713,-420.0327,0,0,0,1
79.61658,758.896,0,-420.1502,0.71939,0.71939,-9.585714,668.097,0.25,-377.4604,100.0012,0,-0.4698,0,0.8828,758.896,0,1,0,0,-0.8828,0,-0.4698,-420.1502,0,0,0,1
79.62779,759.1169,0,-420.2673,0.709162,0.709162,-9.636992,668.097,0.25,-377.4604,100.2509,0,-0.4683,0,0.8835,759.1169,0,1,0,0,-0.8835,0,-0.4683,-420.2673,0,0,0,1
79.63927,759.338,0,-420.384,0.698468,0.698468,-9.662626,668.097,0.25,-377.4604,100.5006,0,-0.4669,0,0.8843,759.338,0,1,0,0,-0.8843,0,-0.4669,-420.384,0,0,0,1
79.6499,759.5592,0,-420.5003,0.687335,0.687335,-9.666288,668.097,0.25,-377.4604,100.7504,0,-0.4654,0,0.8851,759.5592,0,1,0,0,-0.8851,0,-0.4654,-420.5003,0,0,0,1
79.66103,760.0024,0,-420.7319,0.66384,0.66384,-9.666288,668.097,0.25,-377.4604,101.2499,0,-0.4624,0,0.8867,760.0024,0,1,0,0,-0.8867,0,-0.4624,-420.7319,0,0,0,1
79.67693,760.2242,0,-420.8471,0.651446,0.651446,-9.666288,668.097,0.25,-377.4604,101.4997,0,-0.4609,0,0.8875,760.2242,0,1,0,0,-0.8875,0,-0.4609,-420.8471,0,0,0,1
79.68642,760.4463,0,-420.9619,0.638617,0.638617,-9.666288,668.097,0.25,-377.4604,101.7495,0,-0.4594,0,0.8882,760.4463,0,1,0,0,-0.8882,0,-0.4594,-420.9619,0,0,0,1
79.69422,760.6685,0,-421.0764,0.625406,0.625406,-9.666288,668.097,0.25,-377.4604,101.9993,0,-0.4579,0,0.889,760.6685,0,1,0,0,-0.889,0,-0.4579,-421.0764,0,0,0,1
79.70526,760.891,0,-421.1905,0.611756,0.611756,-9.666288,668.097,0.25,-377.4604,102.2492,0,-0.4564,0,0.8898,760.891,0,1,0,0,-0.8898,0,-0.4564,-421.1905,0,0,0,1
79.71647,761.1136,0,-421.3042,0.59767,0.59767,-9.684599,668.097,0.25,-377.4604,102.4991,0,-0.4549,0,0.8906,761.1136,0,1,0,0,-0.8906,0,-0.4549,-421.3042,0,0,0,1
79.72736,761.3364,0,-421.4175,0.583198,0.583198,-9.732206,668.097,0.25,-377.4604,102.7489,0,-0.4534,0,0.8913,761.3364,0,1,0,0,-0.8913,0,-0.4534,-421.4175,0,0,0,1
79.73874,761.5595,0,-421.5305,0.568234,0.568234,-9.812773,668.097,0.25,-377.4604,102.9989,0,-0.4518,0,0.8921,761.5595,0,1,0,0,-0.8921,0,-0.4518,-421.5305,0,0,0,1
79.75034,762.0062,0,-421.7552,0.537112,0.537112,-9.926298,668.097,0.25,-377.4604,103.4987,0,-0.4487,0,0.8937,762.0062,0,1,0,0,-0.8937,0,-0.4487,-421.7552,0,0,0,1
79.7607,762.2297,0,-421.867,0.520918,0.520918,-10.09476,668.097,0.25,-377.4604,103.7486,0,-0.4472,0,0.8945,762.2297,0,1,0,0,-0.8945,0,-0.4472,-421.867,0,0,0,1
79.77188,762.4536,0,-421.9784,0.504256,0.504256,-10.31083,668.097,0.25,-377.4604,103.9985,0,-0.4456,0,0.8953,762.4536,0,1,0,0,-0.8953,0,-0.4456,-421.9784,0,0,0,1
79.78294,762.6776,0,-422.0894,0.489235,0.489235,-10.46097,668.097,0.25,-377.4604,104.2485,0,-0.4439,0,0.8961,762.6776,0,1,0,0,-0.8961,0,-0.4439,-422.0894,0,0,0,1
79.79412,762.9018,0,-422.2,0.473765,0.473765,-10.66606,668.097,0.25,-377.4604,104.4984,0,-0.4423,0,0.8969,762.9018,0,1,0,0,-0.8969,0,-0.4423,-422.2,0,0,0,1
79.80526,763.1262,0,-422.3101,0.457794,0.457794,-10.91508,668.097,0.25,-377.4604,104.7484,0,-0.4405,0,0.8977,763.1262,0,1,0,0,-0.8977,0,-0.4405,-422.3101,0,0,0,1
79.81624,763.3509,0,-422.4198,0.441305,0.441305,-11.17144,668.097,0.25,-377.4604,104.9984,0,-0.4388,0,0.8986,763.3509,0,1,0,0,-0.8986,0,-0.4388,-422.4198,0,0,0,1
79.82808,763.5757,0,-422.5291,0.42855,0.42855,-11.39482,668.097,0.25,-377.4604,105.2484,0,-0.437,0,0.8995,763.5757,0,1,0,0,-0.8995,0,-0.437,-422.5291,0,0,0,1
79.83856,763.8008,0,-422.6379,0.415277,0.415277,-11.69879,668.097,0.25,-377.4604,105.4984,0,-0.4352,0,0.9004,763.8008,0,1,0,0,-0.9004,0,-0.4352,-422.6379,0,0,0,1
79.85036,764.2517,0,-422.854,0.387155,0.387155,-11.94415,668.097,0.25,-377.4604,105.9984,0,-0.4314,0,0.9022,764.2517,0,1,0,0,-0.9022,0,-0.4314,-422.854,0,0,0,1
79.86069,764.4775,0,-422.9614,0.376313,0.376313,-12.25177,668.097,0.25,-377.4604,106.2484,0,-0.4295,0,0.9031,764.4775,0,1,0,0,-0.9031,0,-0.4295,-422.9614,0,0,0,1
79.87183,764.7035,0,-423.0683,0.365122,0.365122,-12.51179,668.097,0.25,-377.4604,106.4984,0,-0.4275,0,0.904,764.7035,0,1,0,0,-0.904,0,-0.4275,-423.0683,0,0,0,1
79.88281,764.9297,0,-423.1747,0.353379,0.353379,-12.82307,668.097,0.25,-377.4604,106.7484,0,-0.4255,0,0.905,764.9297,0,1,0,0,-0.905,0,-0.4255,-423.1747,0,0,0,1
79.89398,765.1563,0,-423.2805,0.34103,0.34103,-13.07576,668.097,0.25,-377.4604,106.9984,0,-0.4234,0,0.9059,765.1563,0,1,0,0,-0.9059,0,-0.4234,-423.2805,0,0,0,1
79.90516,765.383,0,-423.3858,0.332029,0.332029,-13.38339,668.097,0.25,-377.4604,107.2484,0,-0.4213,0,0.9069,765.383,0,1,0,0,-0.9069,0,-0.4213,-423.3858,0,0,0,1
79.91605,765.61,0,-423.4906,0.322669,0.322669,-13.69467,668.097,0.25,-377.4604,107.4984,0,-0.4191,0,0.9079,765.61,0,1,0,0,-0.9079,0,-0.4191,-423.4906,0,0,0,1
79.92721,765.8372,0,-423.5948,0.312786,0.312786,-13.91806,668.097,0.25,-377.4604,107.7484,0,-0.4169,0,0.9089,765.8372,0,1,0,0,-0.9089,0,-0.4169,-423.5948,0,0,0,1
79.9386,766.0647,0,-423.6985,0.302242,0.302242,-14.22202,668.097,0.25,-377.4604,107.9984,0,-0.4147,0,0.91,766.0647,0,1,0,0,-0.91,0,-0.4147,-423.6985,0,0,0,1
79.94952,766.2925,0,-423.8016,0.294863,0.294863,-14.37217,668.097,0.25,-377.4604,108.2484,0,-0.4124,0,0.911,766.2925,0,1,0,0,-0.911,0,-0.4124,-423.8016,0,0,0,1
79.96085,766.7488,0,-424.006,0.279004,0.279004,-14.58457,668.097,0.25,-377.4604,108.7483,0,-0.4077,0,0.9131,766.7488,0,1,0,0,-0.9131,0,-0.4077,-424.006,0,0,0,1
79.97196,766.9772,0,-424.1074,0.270153,0.270153,-14.76768,668.097,0.25,-377.4604,108.9981,0,-0.4054,0,0.9141,766.9772,0,1,0,0,-0.9141,0,-0.4054,-424.1074,0,0,0,1
79.98269,767.2061,0,-424.2081,0.264293,0.264293,-14.89586,668.097,0.25,-377.4604,109.2481,0,-0.403,0,0.9152,767.2061,0,1,0,0,-0.9152,0,-0.403,-424.2081,0,0,0,1
79.99379,767.4352,0,-424.3083,0.258343,0.258343,-15.01671,668.097,0.25,-377.4604,109.498,0,-0.4006,0,0.9163,767.4352,0,1,0,0,-0.9163,0,-0.4006,-424.3083,0,0,0,1
80.00853,767.6645,0,-424.4078,0.251678,0.251678,-15.17784,668.097,0.25,-377.4604,109.7479,0,-0.3982,0,0.9173,767.6645,0,1,0,0,-0.9173,0,-0.3982,-424.4078,0,0,0,1
80.01892,767.8941,0,-424.5067,0.244328,0.244328,-15.25842,668.097,0.25,-377.4604,109.9978,0,-0.3957,0,0.9184,767.8941,0,1,0,0,-0.9184,0,-0.3957,-424.5067,0,0,0,1
80.02729,768.124,0,-424.6051,0.239999,0.239999,-15.37194,668.097,0.25,-377.4604,110.2477,0,-0.3933,0,0.9194,768.124,0,1,0,0,-0.9194,0,-0.3933,-424.6051,0,0,0,1
80.03834,768.3541,0,-424.7028,0.235549,0.235549,-15.44518,668.097,0.25,-377.4604,110.4975,0,-0.3908,0,0.9205,768.3541,0,1,0,0,-0.9205,0,-0.3908,-424.7028,0,0,0,1
80.05039,768.8151,0,-424.8963,0.224585,0.224585,-15.52209,668.097,0.25,-377.4604,110.997,0,-0.3858,0,0.9226,768.8151,0,1,0,0,-0.9226,0,-0.3858,-424.8963,0,0,0,1
80.06139,769.046,0,-424.9921,0.22167,0.22167,-15.63927,668.097,0.25,-377.4604,111.2468,0,-0.3833,0,0.9236,769.046,0,1,0,0,-0.9236,0,-0.3833,-424.9921,0,0,0,1
80.07224,769.2772,0,-425.0873,0.218691,0.218691,-15.76013,668.097,0.25,-377.4604,111.4965,0,-0.3807,0,0.9247,769.2772,0,1,0,0,-0.9247,0,-0.3807,-425.0873,0,0,0,1
80.08338,769.5087,0,-425.1818,0.214999,0.214999,-15.87732,668.097,0.25,-377.4604,111.7462,0,-0.3782,0,0.9257,769.5087,0,1,0,0,-0.9257,0,-0.3782,-425.1818,0,0,0,1
80.09449,769.7404,0,-425.2757,0.210646,0.210646,-16.04578,668.097,0.25,-377.4604,111.9958,0,-0.3756,0,0.9268,769.7404,0,1,0,0,-0.9268,0,-0.3756,-425.2757,0,0,0,1
80.10658,769.9724,0,-425.369,0.209038,0.209038,-16.28382,668.097,0.25,-377.4604,112.2455,0,-0.3729,0,0.9279,769.9724,0,1,0,0,-0.9279,0,-0.3729,-425.369,0,0,0,1
80.11703,770.2046,0,-425.4615,0.207425,0.207425,-16.4303,668.097,0.25,-377.4604,112.495,0,-0.3703,0,0.9289,770.2046,0,1,0,0,-0.9289,0,-0.3703,-425.4615,0,0,0,1
80.12846,770.4371,0,-425.5534,0.205123,0.205123,-16.66835,668.097,0.25,-377.4604,112.7445,0,-0.3676,0,0.93,770.4371,0,1,0,0,-0.93,0,-0.3676,-425.5534,0,0,0,1
80.13926,770.6699,0,-425.6446,0.202053,0.202053,-16.86976,668.097,0.25,-377.4604,112.994,0,-0.3648,0,0.9311,770.6699,0,1,0,0,-0.9311,0,-0.3648,-425.6446,0,0,0,1
80.15104,771.1362,0,-425.825,0.201339,0.201339,-17.1078,668.097,0.25,-377.4604,113.4929,0,-0.3593,0,0.9332,771.1362,0,1,0,0,-0.9332,0,-0.3593,-425.825,0,0,0,1
80.16237,771.3698,0,-425.9141,0.200238,0.200238,-17.34218,668.097,0.25,-377.4604,113.7422,0,-0.3564,0,0.9343,771.3698,0,1,0,0,-0.9343,0,-0.3564,-425.9141,0,0,0,1
80.17284,771.6036,0,-426.0024,0.19834,0.19834,-17.61319,668.097,0.25,-377.4604,113.9914,0,-0.3536,0,0.9354,771.6036,0,1,0,0,-0.9354,0,-0.3536,-426.0024,0,0,0,1
80.18446,771.8378,0,-426.0901,0.199131,0.199131,-17.72671,668.097,0.25,-377.4604,114.2407,0,-0.3507,0,0.9365,771.8378,0,1,0,0,-0.9365,0,-0.3507,-426.0901,0,0,0,1
80.19505,772.0721,0,-426.1771,0.199876,0.199876,-17.94644,668.097,0.25,-377.4604,114.4898,0,-0.3477,0,0.9376,772.0721,0,1,0,0,-0.9376,0,-0.3477,-426.1771,0,0,0,1
80.20598,772.3068,0,-426.2632,0.199846,0.199846,-18.15885,668.097,0.25,-377.4604,114.7389,0,-0.3448,0,0.9387,772.3068,0,1,0,0,-0.9387,0,-0.3448,-426.2632,0,0,0,1
80.21694,772.5417,0,-426.3487,0.199041,0.199041,-18.34562,668.097,0.25,-377.4604,114.9879,0,-0.3418,0,0.9398,772.5417,0,1,0,0,-0.9398,0,-0.3418,-426.3487,0,0,0,1
80.2281,772.777,0,-426.4334,0.200717,0.200717,-18.51407,668.097,0.25,-377.4604,115.2369,0,-0.3387,0,0.9409,772.777,0,1,0,0,-0.9409,0,-0.3387,-426.4334,0,0,0,1
80.23946,773.0125,0,-426.5173,0.202506,0.202506,-18.73014,668.097,0.25,-377.4604,115.4858,0,-0.3356,0,0.942,773.0125,0,1,0,0,-0.942,0,-0.3356,-426.5173,0,0,0,1
80.25025,773.4843,0,-426.6828,0.203494,0.203494,-18.94987,668.097,0.25,-377.4604,115.9833,0,-0.3294,0,0.9442,773.4843,0,1,0,0,-0.9442,0,-0.3294,-426.6828,0,0,0,1
80.26159,773.7206,0,-426.7643,0.206037,0.206037,-19.14397,668.097,0.25,-377.4604,116.232,0,-0.3262,0,0.9453,773.7206,0,1,0,0,-0.9453,0,-0.3262,-426.7643,0,0,0,1
80.27284,773.9572,0,-426.8451,0.208635,0.208635,-19.45526,668.097,0.25,-377.4604,116.4805,0,-0.323,0,0.9464,773.9572,0,1,0,0,-0.9464,0,-0.323,-426.8451,0,0,0,1
80.28348,774.194,0,-426.925,0.210401,0.210401,-19.64569,668.097,0.25,-377.4604,116.729,0,-0.3198,0,0.9475,774.194,0,1,0,0,-0.9475,0,-0.3198,-426.925,0,0,0,1
80.29469,774.4312,0,-427.0042,0.211332,0.211332,-19.97894,668.097,0.25,-377.4604,116.9774,0,-0.3165,0,0.9486,774.4312,0,1,0,0,-0.9486,0,-0.3165,-427.0042,0,0,0,1
80.30592,774.6686,0,-427.0825,0.214513,0.214513,-20.29755,668.097,0.25,-377.4604,117.2257,0,-0.3131,0,0.9497,774.6686,0,1,0,0,-0.9497,0,-0.3131,-427.0825,0,0,0,1
80.31702,774.9063,0,-427.1599,0.217837,0.217837,-20.72968,668.097,0.25,-377.4604,117.4739,0,-0.3097,0,0.9508,774.9063,0,1,0,0,-0.9508,0,-0.3097,-427.1599,0,0,0,1
80.32809,775.1443,0,-427.2364,0.22021,0.22021,-21.1545,668.097,0.25,-377.4604,117.722,0,-0.3062,0,0.952,775.1443,0,1,0,0,-0.952,0,-0.3062,-427.2364,0,0,0,1
80.34232,775.6212,0,-427.3867,0.2252,0.2252,-21.87961,668.097,0.25,-377.4604,118.2179,0,-0.2989,0,0.9543,775.6212,0,1,0,0,-0.9543,0,-0.2989,-427.3867,0,0,0,1
80.35336,775.86,0,-427.4605,0.228862,0.228862,-22.38132,668.097,0.25,-377.4604,118.4656,0,-0.2952,0,0.9555,775.86,0,1,0,0,-0.9555,0,-0.2952,-427.4605,0,0,0,1
80.36143,776.0992,0,-427.5334,0.231557,0.231557,-22.98558,668.097,0.25,-377.4604,118.7133,0,-0.2913,0,0.9566,776.0992,0,1,0,0,-0.9566,0,-0.2913,-427.5334,0,0,0,1
80.37243,776.3386,0,-427.6052,0.233182,0.233182,-23.41405,668.097,0.25,-377.4604,118.9608,0,-0.2874,0,0.9578,776.3386,0,1,0,0,-0.9578,0,-0.2874,-427.6052,0,0,0,1
80.38357,776.5784,0,-427.6761,0.23697,0.23697,-23.9414,668.097,0.25,-377.4604,119.2082,0,-0.2834,0,0.959,776.5784,0,1,0,0,-0.959,0,-0.2834,-427.6761,0,0,0,1
80.39458,776.8184,0,-427.7458,0.240691,0.240691,-24.57129,668.097,0.25,-377.4604,119.4553,0,-0.2793,0,0.9602,776.8184,0,1,0,0,-0.9602,0,-0.2793,-427.7458,0,0,0,1
80.40585,777.0588,0,-427.8146,0.24331,0.24331,-25.20852,668.097,0.25,-377.4604,119.7024,0,-0.2751,0,0.9614,777.0588,0,1,0,0,-0.9614,0,-0.2751,-427.8146,0,0,0,1
80.41705,777.2994,0,-427.8823,0.24486,0.24486,-25.72488,668.097,0.25,-377.4604,119.9493,0,-0.2707,0,0.9627,777.2994,0,1,0,0,-0.9627,0,-0.2707,-427.8823,0,0,0,1
80.42892,777.5404,0,-427.9489,0.248252,0.248252,-26.21927,668.097,0.25,-377.4604,120.1961,0,-0.2663,0,0.9639,777.5404,0,1,0,0,-0.9639,0,-0.2663,-427.9489,0,0,0,1
80.44046,778.0232,0,-428.0787,0.253879,0.253879,-26.92241,668.097,0.25,-377.4604,120.6889,0,-0.2573,0,0.9663,778.0232,0,1,0,0,-0.9663,0,-0.2573,-428.0787,0,0,0,1
80.45025,778.2651,0,-428.1418,0.254924,0.254924,-27.22271,668.097,0.25,-377.4604,120.9352,0,-0.2527,0,0.9676,778.2651,0,1,0,0,-0.9676,0,-0.2527,-428.1418,0,0,0,1
80.46144,778.5073,0,-428.2039,0.257719,0.257719,-27.54132,668.097,0.25,-377.4604,121.1812,0,-0.248,0,0.9688,778.5073,0,1,0,0,-0.9688,0,-0.248,-428.2039,0,0,0,1
80.4721,778.7498,0,-428.2647,0.26055,0.26055,-27.82696,668.097,0.25,-377.4604,121.4269,0,-0.2433,0,0.9699,778.7498,0,1,0,0,-0.9699,0,-0.2433,-428.2647,0,0,0,1
80.48315,778.9927,0,-428.3243,0.262148,0.262148,-27.99542,668.097,0.25,-377.4604,121.6726,0,-0.2386,0,0.9711,778.9927,0,1,0,0,-0.9711,0,-0.2386,-428.3243,0,0,0,1
80.49435,779.2357,0,-428.3828,0.262527,0.262527,-28.0943,668.097,0.25,-377.4604,121.9179,0,-0.2338,0,0.9723,779.2357,0,1,0,0,-0.9723,0,-0.2338,-428.3828,0,0,0,1
80.50571,779.479,0,-428.44,0.264539,0.264539,-28.11627,668.097,0.25,-377.4604,122.163,0,-0.229,0,0.9734,779.479,0,1,0,0,-0.9734,0,-0.229,-428.44,0,0,0,1
80.51725,779.7227,0,-428.4961,0.266675,0.266675,-28.11627,668.097,0.25,-377.4604,122.408,0,-0.2242,0,0.9745,779.7227,0,1,0,0,-0.9745,0,-0.2242,-428.4961,0,0,0,1
80.52776,779.9666,0,-428.5509,0.267607,0.267607,-28.11627,668.097,0.25,-377.4604,122.6527,0,-0.2195,0,0.9756,779.9666,0,1,0,0,-0.9756,0,-0.2195,-428.5509,0,0,0,1
80.539,780.2108,0,-428.6046,0.26729,0.26729,-28.11627,668.097,0.25,-377.4604,122.8972,0,-0.2147,0,0.9767,780.2108,0,1,0,0,-0.9767,0,-0.2147,-428.6046,0,0,0,1
80.54993,780.4552,0,-428.6571,0.26852,0.26852,-28.11627,668.097,0.25,-377.4604,123.1414,0,-0.2099,0,0.9777,780.4552,0,1,0,0,-0.9777,0,-0.2099,-428.6571,0,0,0,1
80.56123,780.9448,0,-428.7584,0.270139,0.270139,-28.11627,668.097,0.25,-377.4604,123.6291,0,-0.2003,0,0.9797,780.9448,0,1,0,0,-0.9797,0,-0.2003,-428.7584,0,0,0,1
80.5724,781.1899,0,-428.8073,0.269128,0.269128,-28.11627,668.097,0.25,-377.4604,123.8726,0,-0.1955,0,0.9807,781.1899,0,1,0,0,-0.9807,0,-0.1955,-428.8073,0,0,0,1
80.58313,781.4354,0,-428.8549,0.26956,0.26956,-28.11627,668.097,0.25,-377.4604,124.1159,0,-0.1906,0,0.9817,781.4354,0,1,0,0,-0.9817,0,-0.1906,-428.8549,0,0,0,1
80.59425,781.6811,0,-428.9014,0.270276,0.270276,-28.11627,668.097,0.25,-377.4604,124.3589,0,-0.1858,0,0.9826,781.6811,0,1,0,0,-0.9826,0,-0.1858,-428.9014,0,0,0,1
80.60558,781.9269,0,-428.9467,0.269773,0.269773,-28.11627,668.097,0.25,-377.4604,124.6016,0,-0.181,0,0.9835,781.9269,0,1,0,0,-0.9835,0,-0.181,-428.9467,0,0,0,1
80.61741,782.173,0,-428.9907,0.268032,0.268032,-28.11627,668.097,0.25,-377.4604,124.844,0,-0.1762,0,0.9844,782.173,0,1,0,0,-0.9844,0,-0.1762,-428.9907,0,0,0,1
80.62759,782.4193,0,-429.0335,0.267706,0.267706,-28.11627,668.097,0.25,-377.4604,125.0862,0,-0.1713,0,0.9852,782.4193,0,1,0,0,-0.9852,0,-0.1713,-429.0335,0,0,0,1
80.63888,782.6658,0,-429.0752,0.267741,0.267741,-28.11627,668.097,0.25,-377.4604,125.3281,0,-0.1665,0,0.986,782.6658,0,1,0,0,-0.986,0,-0.1665,-429.0752,0,0,0,1
80.64998,782.9125,0,-429.1156,0.266506,0.266506,-28.11627,668.097,0.25,-377.4604,125.5697,0,-0.1617,0,0.9868,782.9125,0,1,0,0,-0.9868,0,-0.1617,-429.1156,0,0,0,1
80.66091,783.4065,0,-429.1928,0.262978,0.262978,-28.11627,668.097,0.25,-377.4604,126.052,0,-0.152,0,0.9884,783.4065,0,1,0,0,-0.9884,0,-0.152,-429.1928,0,0,0,1
80.67538,783.6537,0,-429.2296,0.26227,0.26227,-28.11627,668.097,0.25,-377.4604,126.2928,0,-0.1471,0,0.9891,783.6537,0,1,0,0,-0.9891,0,-0.1471,-429.2296,0,0,0,1
80.68613,783.9012,0,-429.2651,0.260383,0.260383,-28.11627,668.097,0.25,-377.4604,126.5332,0,-0.1423,0,0.9898,783.9012,0,1,0,0,-0.9898,0,-0.1423,-429.2651,0,0,0,1
80.69521,784.1488,0,-429.2995,0.257197,0.257197,-28.11627,668.097,0.25,-377.4604,126.7733,0,-0.1374,0,0.9905,784.1488,0,1,0,0,-0.9905,0,-0.1374,-429.2995,0,0,0,1
80.70541,784.3966,0,-429.3326,0.255321,0.255321,-28.11627,668.097,0.25,-377.4604,127.0132,0,-0.1325,0,0.9912,784.3966,0,1,0,0,-0.9912,0,-0.1325,-429.3326,0,0,0,1
80.71665,784.6445,0,-429.3645,0.253939,0.253939,-28.11627,668.097,0.25,-377.4604,127.2527,0,-0.1277,0,0.9918,784.6445,0,1,0,0,-0.9918,0,-0.1277,-429.3645,0,0,0,1
80.72782,784.8926,0,-429.3952,0.251319,0.251319,-28.09796,668.097,0.25,-377.4604,127.492,0,-0.1228,0,0.9924,784.8926,0,1,0,0,-0.9924,0,-0.1228,-429.3952,0,0,0,1
80.73885,785.1409,0,-429.4247,0.247469,0.247469,-28.065,668.097,0.25,-377.4604,127.7308,0,-0.1179,0,0.993,785.1409,0,1,0,0,-0.993,0,-0.1179,-429.4247,0,0,0,1
80.74982,785.3893,0,-429.453,0.244794,0.244794,-27.99909,668.097,0.25,-377.4604,127.9695,0,-0.1131,0,0.9936,785.3893,0,1,0,0,-0.9936,0,-0.1131,-429.453,0,0,0,1
80.76104,785.8865,0,-429.5059,0.239392,0.239392,-27.87457,668.097,0.25,-377.4604,128.4457,0,-0.1034,0,0.9946,785.8865,0,1,0,0,-0.9946,0,-0.1034,-429.5059,0,0,0,1
80.77226,786.1353,0,-429.5305,0.234899,0.234899,-27.63653,668.097,0.25,-377.4604,128.6833,0,-0.0986,0,0.9951,786.1353,0,1,0,0,-0.9951,0,-0.0986,-429.5305,0,0,0,1
80.7831,786.3842,0,-429.554,0.231555,0.231555,-27.4461,668.097,0.25,-377.4604,128.9206,0,-0.0939,0,0.9956,786.3842,0,1,0,0,-0.9956,0,-0.0939,-429.554,0,0,0,1
80.7943,786.6332,0,-429.5763,0.228833,0.228833,-27.15679,668.097,0.25,-377.4604,129.1576,0,-0.0891,0,0.996,786.6332,0,1,0,0,-0.996,0,-0.0891,-429.5763,0,0,0,1
80.8055,786.8823,0,-429.5974,0.225,0.225,-26.74296,668.097,0.25,-377.4604,129.3942,0,-0.0845,0,0.9964,786.8823,0,1,0,0,-0.9964,0,-0.0845,-429.5974,0,0,0,1
80.81644,787.1315,0,-429.6174,0.219998,0.219998,-26.26322,668.097,0.25,-377.4604,129.6305,0,-0.0799,0,0.9968,787.1315,0,1,0,0,-0.9968,0,-0.0799,-429.6174,0,0,0,1
80.82775,787.3807,0,-429.6363,0.216135,0.216135,-25.81277,668.097,0.25,-377.4604,129.8665,0,-0.0754,0,0.9972,787.3807,0,1,0,0,-0.9972,0,-0.0754,-429.6363,0,0,0,1
80.839,787.6301,0,-429.654,0.213108,0.213108,-25.18654,668.097,0.25,-377.4604,130.1022,0,-0.071,0,0.9975,787.6301,0,1,0,0,-0.9975,0,-0.071,-429.654,0,0,0,1
80.85016,788.1291,0,-429.6863,0.203798,0.203798,-24.80934,668.097,0.25,-377.4604,130.5727,0,-0.0624,0,0.9981,788.1291,0,1,0,0,-0.9981,0,-0.0624,-429.6863,0,0,0,1
80.86121,788.3787,0,-429.7009,0.199811,0.199811,-24.26002,668.097,0.25,-377.4604,130.8075,0,-0.0582,0,0.9983,788.3787,0,1,0,0,-0.9983,0,-0.0582,-429.7009,0,0,0,1
80.87231,788.6283,0,-429.7144,0.196753,0.196753,-23.729,668.097,0.25,-377.4604,131.042,0,-0.054,0,0.9985,788.6283,0,1,0,0,-0.9985,0,-0.054,-429.7144,0,0,0,1
80.88351,788.878,0,-429.7269,0.192657,0.192657,-23.29687,668.097,0.25,-377.4604,131.2761,0,-0.05,0,0.9988,788.878,0,1,0,0,-0.9988,0,-0.05,-429.7269,0,0,0,1
80.89428,789.1277,0,-429.7384,0.187544,0.187544,-22.81346,668.097,0.25,-377.4604,131.51,0,-0.046,0,0.9989,789.1277,0,1,0,0,-0.9989,0,-0.046,-429.7384,0,0,0,1
80.90561,789.3775,0,-429.7489,0.183632,0.183632,-22.44724,668.097,0.25,-377.4604,131.7436,0,-0.0421,0,0.9991,789.3775,0,1,0,0,-0.9991,0,-0.0421,-429.7489,0,0,0,1
80.91663,789.6273,0,-429.7585,0.180795,0.180795,-22.04807,668.097,0.25,-377.4604,131.9769,0,-0.0382,0,0.9993,789.6273,0,1,0,0,-0.9993,0,-0.0382,-429.7585,0,0,0,1
80.92792,789.8772,0,-429.7671,0.177006,0.177006,-21.76241,668.097,0.25,-377.4604,132.21,0,-0.0344,0,0.9994,789.8772,0,1,0,0,-0.9994,0,-0.0344,-429.7671,0,0,0,1
80.939,790.1271,0,-429.7747,0.172297,0.172297,-21.4255,668.097,0.25,-377.4604,132.4427,0,-0.0307,0,0.9995,790.1271,0,1,0,0,-0.9995,0,-0.0307,-429.7747,0,0,0,1
80.94999,790.377,0,-429.7815,0.168759,0.168759,-21.25704,668.097,0.25,-377.4604,132.6752,0,-0.027,0,0.9996,790.377,0,1,0,0,-0.9996,0,-0.027,-429.7815,0,0,0,1
80.96111,790.8768,0,-429.7922,0.163113,0.163113,-21.04097,668.097,0.25,-377.4604,133.1393,0,-0.0197,0,0.9998,790.8768,0,1,0,0,-0.9998,0,-0.0197,-429.7922,0,0,0,1
80.97225,791.1268,0,-429.7962,0.158897,0.158897,-20.87251,668.097,0.25,-377.4604,133.371,0,-0.016,0,0.9999,791.1268,0,1,0,0,-0.9999,0,-0.016,-429.7962,0,0,0,1
80.98317,791.3768,0,-429.7993,0.15584,0.15584,-20.75166,668.097,0.25,-377.4604,133.6023,0,-0.0124,0,0.9999,791.3768,0,1,0,0,-0.9999,0,-0.0124,-429.7993,0,0,0,1
80.99435,791.6268,0,-429.8016,0.154103,0.154103,-20.64546,668.097,0.25,-377.4604,133.8335,0,-0.0088,0,1,791.6268,0,1,0,0,-1,0,-0.0088,-429.8016,0,0,0,1
81.00848,791.8768,0,-429.8029,0.151387,0.151387,-20.56123,668.097,0.25,-377.4604,134.0643,0,-0.0052,0,1,791.8768,0,1,0,0,-1,0,-0.0052,-429.8029,0,0,0,1
81.01971,792.1268,0,-429.8033,0.147782,0.147782,-20.5063,668.097,0.25,-377.4604,134.2948,0,-0.0016,0,1,792.1268,0,1,0,0,-1,0,-0.0016,-429.8033,0,0,0,1
81.02784,792.3768,0,-429.8028,0.145322,0.145322,-20.50263,668.097,0.25,-377.4604,134.5251,0,0.002,0,1,792.3768,0,1,0,0,-1,0,0.002,-429.8028,0,0,0,1
81.03889,792.6268,0,-429.8014,0.144165,0.144165,-20.50263,668.097,0.25,-377.4604,134.7551,0,0.0055,0,1,792.6268,0,1,0,0,-1,0,0.0055,-429.8014,0,0,0,1
81.05049,793.1268,0,-429.7959,0.139097,0.139097,-20.50263,668.097,0.25,-377.4604,135.2142,0,0.0127,0,0.9999,793.1268,0,1,0,0,-0.9999,0,0.0127,-429.7959,0,0,0,1
81.06086,793.3767,0,-429.7918,0.137165,0.137165,-20.50263,668.097,0.25,-377.4604,135.4433,0,0.0163,0,0.9999,793.3767,0,1,0,0,-0.9999,0,0.0163,-429.7918,0,0,0,1
81.07228,793.6267,0,-429.7869,0.136649,0.136649,-20.50263,668.097,0.25,-377.4604,135.6722,0,0.0198,0,0.9998,793.6267,0,1,0,0,-0.9998,0,0.0198,-429.7869,0,0,0,1
81.08334,793.8766,0,-429.781,0.135183,0.135183,-20.50263,668.097,0.25,-377.4604,135.9008,0,0.0234,0,0.9997,793.8766,0,1,0,0,-0.9997,0,0.0234,-429.781,0,0,0,1
81.09452,794.1266,0,-429.7743,0.132861,0.132861,-20.50263,668.097,0.25,-377.4604,136.1291,0,0.027,0,0.9996,794.1266,0,1,0,0,-0.9996,0,0.027,-429.7743,0,0,0,1
81.10576,794.3765,0,-429.7666,0.131545,0.131545,-20.53193,668.097,0.25,-377.4604,136.3571,0,0.0306,0,0.9995,794.3765,0,1,0,0,-0.9995,0,0.0306,-429.7666,0,0,0,1
81.11676,794.6263,0,-429.7581,0.131578,0.131578,-20.60151,668.097,0.25,-377.4604,136.5849,0,0.0342,0,0.9994,794.6263,0,1,0,0,-0.9994,0,0.0342,-429.7581,0,0,0,1
81.12804,794.8762,0,-429.7486,0.130721,0.130721,-20.72236,668.097,0.25,-377.4604,136.8123,0,0.0378,0,0.9993,794.8762,0,1,0,0,-0.9993,0,0.0378,-429.7486,0,0,0,1
81.13913,795.1259,0,-429.7382,0.128948,0.128948,-20.94576,668.097,0.25,-377.4604,137.0393,0,0.0414,0,0.9991,795.1259,0,1,0,0,-0.9991,0,0.0414,-429.7382,0,0,0,1
81.15018,795.6254,0,-429.7148,0.1288,0.1288,-21.23506,668.097,0.25,-377.4604,137.4926,0,0.0489,0,0.9988,795.6254,0,1,0,0,-0.9988,0,0.0489,-429.7148,0,0,0,1
81.16225,795.875,0,-429.7016,0.128465,0.128465,-21.52071,668.097,0.25,-377.4604,137.7188,0,0.0526,0,0.9986,795.875,0,1,0,0,-0.9986,0,0.0526,-429.7016,0,0,0,1
81.1725,796.1245,0,-429.6875,0.127149,0.127149,-22.04807,668.097,0.25,-377.4604,137.9446,0,0.0564,0,0.9984,796.1245,0,1,0,0,-0.9984,0,0.0564,-429.6875,0,0,0,1
81.18381,796.3741,0,-429.6725,0.126755,0.126755,-22.28611,668.097,0.25,-377.4604,138.1702,0,0.0603,0,0.9982,796.3741,0,1,0,0,-0.9982,0,0.0603,-429.6725,0,0,0,1
81.19439,796.6237,0,-429.6563,0.127614,0.127614,-22.78783,668.097,0.25,-377.4604,138.3953,0,0.0643,0,0.9979,796.6237,0,1,0,0,-0.9979,0,0.0643,-429.6563,0,0,0,1
81.20655,796.873,0,-429.6393,0.127583,0.127583,-23.2456,668.097,0.25,-377.4604,138.6201,0,0.0683,0,0.9977,796.873,0,1,0,0,-0.9977,0,0.0683,-429.6393,0,0,0,1
81.21648,797.1224,0,-429.6211,0.12642,0.12642,-23.81689,668.097,0.25,-377.4604,138.8446,0,0.0725,0,0.9974,797.1224,0,1,0,0,-0.9974,0,0.0725,-429.6211,0,0,0,1
81.22768,797.3716,0,-429.6019,0.126031,0.126031,-24.30396,668.097,0.25,-377.4604,139.0686,0,0.0767,0,0.9971,797.3716,0,1,0,0,-0.9971,0,0.0767,-429.6019,0,0,0,1
81.23887,797.6208,0,-429.5817,0.126981,0.126981,-24.92286,668.097,0.25,-377.4604,139.2923,0,0.0811,0,0.9967,797.6208,0,1,0,0,-0.9967,0,0.0811,-429.5817,0,0,0,1
81.24977,797.8699,0,-429.5603,0.126798,0.126798,-25.41359,668.097,0.25,-377.4604,139.5156,0,0.0855,0,0.9963,797.8699,0,1,0,0,-0.9963,0,0.0855,-429.5603,0,0,0,1
81.26083,798.3678,0,-429.5142,0.124845,0.124845,-25.98489,668.097,0.25,-377.4604,139.9608,0,0.0945,0,0.9955,798.3678,0,1,0,0,-0.9955,0,0.0945,-429.5142,0,0,0,1
81.27213,798.6166,0,-429.4894,0.1254,0.1254,-26.56352,668.097,0.25,-377.4604,140.1828,0,0.0991,0,0.9951,798.6166,0,1,0,0,-0.9951,0,0.0991,-429.4894,0,0,0,1
81.28324,798.8652,0,-429.4635,0.124884,0.124884,-26.84916,668.097,0.25,-377.4604,140.4044,0,0.1038,0,0.9946,798.8652,0,1,0,0,-0.9946,0,0.1038,-429.4635,0,0,0,1
81.29428,799.1138,0,-429.4363,0.123072,0.123072,-27.18608,668.097,0.25,-377.4604,140.6254,0,0.1085,0,0.9941,799.1138,0,1,0,0,-0.9941,0,0.1085,-429.4363,0,0,0,1
81.30543,799.3622,0,-429.408,0.121884,0.121884,-27.39849,668.097,0.25,-377.4604,140.8461,0,0.1133,0,0.9936,799.3622,0,1,0,0,-0.9936,0,0.1133,-429.408,0,0,0,1
81.31655,799.6105,0,-429.3785,0.121917,0.121917,-27.56695,668.097,0.25,-377.4604,141.0662,0,0.118,0,0.993,799.6105,0,1,0,0,-0.993,0,0.118,-429.3785,0,0,0,1
81.32751,799.8585,0,-429.3478,0.120751,0.120751,-27.63287,668.097,0.25,-377.4604,141.2858,0,0.1228,0,0.9924,799.8585,0,1,0,0,-0.9924,0,0.1228,-429.3478,0,0,0,1
