time,pos_x,pos_y,pos_z,distFromRoadCenter,signedDistFromRoadCenter,wheelAngle,obstacle_pos_x,obstacle_pos_y,obstacle_pos_z,distance_to_obstacle,brake_position,simplecar_4x4_R0C0,simplecar_4x4_R0C1,simplecar_4x4_R0C2,simplecar_4x4_R0C3,simplecar_4x4_R1C0,simplecar_4x4_R1C1,simplecar_4x4_R1C2,simplecar_4x4_R1C3,simplecar_4x4_R2C0,simplecar_4x4_R2C1,simplecar_4x4_R2C2,simplecar_4x4_R2C3,simplecar_4x4_R3C0,simplecar_4x4_R3C1,simplecar_4x4_R3C2,simplecar_4x4_R3C3
143.2327,343.4519,0,-948.0994,1.839265,1.839265,-0.686653,401.343,0.25,-900.426,74.64233,0,-0.5688,0,-0.8225,343.4519,0,1,0,0,0.8225,0,-0.5688,-948.0994,0,0,0,1
143.2437,343.2463,0,-948.2416,1.834152,1.834152,-0.565803,401.343,0.25,-900.426,74.89145,0,-0.5689,0,-0.8224,343.2463,0,1,0,0,0.8224,0,-0.5689,-948.2416,0,0,0,1
143.255,343.0407,0,-948.3838,1.829109,1.829109,-0.477912,401.343,0.25,-900.426,75.14056,0,-0.5689,0,-0.8224,343.0407,0,1,0,0,0.8224,0,-0.5689,-948.3838,0,0,0,1
143.2664,342.8351,0,-948.5261,1.823895,1.823895,-0.379036,401.343,0.25,-900.426,75.38976,0,-0.569,0,-0.8224,342.8351,0,1,0,0,0.8224,0,-0.569,-948.5261,0,0,0,1
143.2774,342.6295,0,-948.6685,1.818647,1.818647,-0.228882,401.343,0.25,-900.426,75.63898,0,-0.569,0,-0.8223,342.6295,0,1,0,0,0.8223,0,-0.569,-948.6685,0,0,0,1
143.2883,342.424,0,-948.8107,1.813518,1.813518,-0.140991,401.343,0.25,-900.426,75.8881,0,-0.569,0,-0.8223,342.424,0,1,0,0,0.8223,0,-0.569,-948.8107,0,0,0,1
143.3029,342.0128,0,-949.0952,1.803175,1.803175,-0.045776,401.343,0.25,-900.426,76.38644,0,-0.569,0,-0.8223,342.0128,0,1,0,0,0.8223,0,-0.569,-949.0952,0,0,0,1
143.3109,341.8073,0,-949.2375,1.797995,1.797995,0.045776,401.343,0.25,-900.426,76.63562,0,-0.569,0,-0.8223,341.8073,0,1,0,0,0.8223,0,-0.569,-949.2375,0,0,0,1
143.3217,341.6017,0,-949.3798,1.792798,1.792798,0.08606,401.343,0.25,-900.426,76.8848,0,-0.569,0,-0.8223,341.6017,0,1,0,0,0.8223,0,-0.569,-949.3798,0,0,0,1
143.3328,341.3961,0,-949.522,1.787652,1.787652,0.108032,401.343,0.25,-900.426,77.13401,0,-0.569,0,-0.8223,341.3961,0,1,0,0,0.8223,0,-0.569,-949.522,0,0,0,1
143.3477,341.1905,0,-949.6643,1.782523,1.782523,0.108032,401.343,0.25,-900.426,77.38326,0,-0.569,0,-0.8223,341.1905,0,1,0,0,0.8223,0,-0.569,-949.6643,0,0,0,1
143.3582,340.9849,0,-949.8066,1.777343,1.777343,0.108032,401.343,0.25,-900.426,77.63245,0,-0.569,0,-0.8224,340.9849,0,1,0,0,0.8224,0,-0.569,-949.8066,0,0,0,1
143.3667,340.7793,0,-949.9488,1.772213,1.772213,0.108032,401.343,0.25,-900.426,77.88165,0,-0.569,0,-0.8224,340.7793,0,1,0,0,0.8224,0,-0.569,-949.9488,0,0,0,1
143.3783,340.5737,0,-950.091,1.767101,1.767101,0.108032,401.343,0.25,-900.426,78.13084,0,-0.5689,0,-0.8224,340.5737,0,1,0,0,0.8224,0,-0.5689,-950.091,0,0,0,1
143.3899,340.3681,0,-950.2332,1.761989,1.761989,0.108032,401.343,0.25,-900.426,78.38004,0,-0.5689,0,-0.8224,340.3681,0,1,0,0,0.8224,0,-0.5689,-950.2332,0,0,0,1
143.4005,339.9569,0,-950.5177,1.751679,1.751679,0.108032,401.343,0.25,-900.426,78.87849,0,-0.5689,0,-0.8224,339.9569,0,1,0,0,0.8224,0,-0.5689,-950.5177,0,0,0,1
143.4123,339.7513,0,-950.6598,1.746685,1.746685,0.108032,401.343,0.25,-900.426,79.12762,0,-0.5689,0,-0.8224,339.7513,0,1,0,0,0.8224,0,-0.5689,-950.6598,0,0,0,1
143.4227,339.5457,0,-950.802,1.741573,1.741573,0.108032,401.343,0.25,-900.426,79.37685,0,-0.5689,0,-0.8224,339.5457,0,1,0,0,0.8224,0,-0.5689,-950.802,0,0,0,1
143.4339,339.3401,0,-950.9442,1.736444,1.736444,0.108032,401.343,0.25,-900.426,79.62607,0,-0.5689,0,-0.8224,339.3401,0,1,0,0,0.8224,0,-0.5689,-950.9442,0,0,0,1
143.445,339.1345,0,-951.0865,1.731315,1.731315,0.108032,401.343,0.25,-900.426,79.87537,0,-0.5688,0,-0.8225,339.1345,0,1,0,0,0.8225,0,-0.5688,-951.0865,0,0,0,1
143.456,338.9289,0,-951.2287,1.726202,1.726202,0.108032,401.343,0.25,-900.426,80.12462,0,-0.5688,0,-0.8225,338.9289,0,1,0,0,0.8225,0,-0.5688,-951.2287,0,0,0,1
143.4673,338.7233,0,-951.371,1.721073,1.721073,0.108032,401.343,0.25,-900.426,80.37392,0,-0.5688,0,-0.8225,338.7233,0,1,0,0,0.8225,0,-0.5688,-951.371,0,0,0,1
143.4782,338.5176,0,-951.5131,1.716045,1.716045,0.108032,401.343,0.25,-900.426,80.62311,0,-0.5688,0,-0.8225,338.5176,0,1,0,0,0.8225,0,-0.5688,-951.5131,0,0,0,1
143.4894,338.312,0,-951.6553,1.710916,1.710916,0.108032,401.343,0.25,-900.426,80.87242,0,-0.5688,0,-0.8225,338.312,0,1,0,0,0.8225,0,-0.5688,-951.6553,0,0,0,1
143.5005,337.9008,0,-951.9398,1.700658,1.700658,0.108032,401.343,0.25,-900.426,81.37102,0,-0.5687,0,-0.8225,337.9008,0,1,0,0,0.8225,0,-0.5687,-951.9398,0,0,0,1
143.5114,337.6951,0,-952.0819,1.695681,1.695681,0.108032,401.343,0.25,-900.426,81.62022,0,-0.5687,0,-0.8225,337.6951,0,1,0,0,0.8225,0,-0.5687,-952.0819,0,0,0,1
143.5228,337.4895,0,-952.2241,1.690619,1.690619,0.108032,401.343,0.25,-900.426,81.86951,0,-0.5687,0,-0.8225,337.4895,0,1,0,0,0.8225,0,-0.5687,-952.2241,0,0,0,1
143.5338,337.2839,0,-952.3662,1.685575,1.685575,0.108032,401.343,0.25,-900.426,82.11873,0,-0.5687,0,-0.8225,337.2839,0,1,0,0,0.8225,0,-0.5687,-952.3662,0,0,0,1
143.5451,337.0782,0,-952.5084,1.680513,1.680513,0.108032,401.343,0.25,-900.426,82.36803,0,-0.5687,0,-0.8226,337.0782,0,1,0,0,0.8226,0,-0.5687,-952.5084,0,0,0,1
143.5571,336.8726,0,-952.6506,1.675469,1.675469,0.108032,401.343,0.25,-900.426,82.61729,0,-0.5687,0,-0.8226,336.8726,0,1,0,0,0.8226,0,-0.5687,-952.6506,0,0,0,1
143.5673,336.667,0,-952.7927,1.670424,1.670424,0.108032,401.343,0.25,-900.426,82.86658,0,-0.5687,0,-0.8226,336.667,0,1,0,0,0.8226,0,-0.5687,-952.7927,0,0,0,1
143.5786,336.4613,0,-952.9349,1.665379,1.665379,0.108032,401.343,0.25,-900.426,83.11588,0,-0.5686,0,-0.8226,336.4613,0,1,0,0,0.8226,0,-0.5686,-952.9349,0,0,0,1
143.5895,336.2556,0,-953.077,1.660386,1.660386,0.111694,401.343,0.25,-900.426,83.36518,0,-0.5686,0,-0.8226,336.2556,0,1,0,0,0.8226,0,-0.5686,-953.077,0,0,0,1
143.6012,335.8444,0,-953.3613,1.650296,1.650296,0.140991,401.343,0.25,-900.426,83.86377,0,-0.5686,0,-0.8226,335.8444,0,1,0,0,0.8226,0,-0.5686,-953.3613,0,0,0,1
143.6119,335.6387,0,-953.5035,1.645303,1.645303,0.181274,401.343,0.25,-900.426,84.11311,0,-0.5686,0,-0.8226,335.6387,0,1,0,0,0.8226,0,-0.5686,-953.5035,0,0,0,1
143.6229,335.433,0,-953.6457,1.64019,1.64019,0.22522,401.343,0.25,-900.426,84.36246,0,-0.5685,0,-0.8227,335.433,0,1,0,0,0.8227,0,-0.5685,-953.6457,0,0,0,1
143.6339,335.2273,0,-953.7877,1.635281,1.635281,0.276489,401.343,0.25,-900.426,84.61173,0,-0.5685,0,-0.8227,335.2273,0,1,0,0,0.8227,0,-0.5685,-953.7877,0,0,0,1
143.6451,335.0216,0,-953.9298,1.630355,1.630355,0.349731,401.343,0.25,-900.426,84.86105,0,-0.5684,0,-0.8227,335.0216,0,1,0,0,0.8227,0,-0.5684,-953.9298,0,0,0,1
143.6561,334.8159,0,-954.0719,1.625395,1.625395,0.419312,401.343,0.25,-900.426,85.11036,0,-0.5684,0,-0.8228,334.8159,0,1,0,0,0.8228,0,-0.5684,-954.0719,0,0,0,1
143.6671,334.6102,0,-954.214,1.620418,1.620418,0.518203,401.343,0.25,-900.426,85.3597,0,-0.5683,0,-0.8228,334.6102,0,1,0,0,0.8228,0,-0.5683,-954.214,0,0,0,1
143.6819,334.1988,0,-954.4981,1.610617,1.610617,0.639052,401.343,0.25,-900.426,85.85838,0,-0.5681,0,-0.823,334.1988,0,1,0,0,0.823,0,-0.5681,-954.4981,0,0,0,1
143.6924,333.993,0,-954.6401,1.605775,1.605775,0.785537,401.343,0.25,-900.426,86.10769,0,-0.568,0,-0.823,333.993,0,1,0,0,0.823,0,-0.568,-954.6401,0,0,0,1
143.7007,333.7873,0,-954.7821,1.600883,1.600883,0.899062,401.343,0.25,-900.426,86.35703,0,-0.5679,0,-0.8231,333.7873,0,1,0,0,0.8231,0,-0.5679,-954.7821,0,0,0,1
143.7117,333.5814,0,-954.924,1.596211,1.596211,1.001601,401.343,0.25,-900.426,86.60633,0,-0.5677,0,-0.8232,333.5814,0,1,0,0,0.8232,0,-0.5677,-954.924,0,0,0,1
143.7228,333.3756,0,-955.0658,1.591538,1.591538,1.162734,401.343,0.25,-900.426,86.85564,0,-0.5676,0,-0.8233,333.3756,0,1,0,0,0.8233,0,-0.5676,-955.0658,0,0,0,1
143.7339,333.1697,0,-955.2078,1.586782,1.586782,1.287246,401.343,0.25,-900.426,87.10506,0,-0.5674,0,-0.8235,333.1697,0,1,0,0,0.8235,0,-0.5674,-955.2078,0,0,0,1
143.7449,332.9638,0,-955.3495,1.582245,1.582245,1.470366,401.343,0.25,-900.426,87.35434,0,-0.5672,0,-0.8236,332.9638,0,1,0,0,0.8236,0,-0.5672,-955.3495,0,0,0,1
143.7562,332.7579,0,-955.4912,1.577708,1.577708,1.602201,401.343,0.25,-900.426,87.60365,0,-0.5669,0,-0.8238,332.7579,0,1,0,0,0.8238,0,-0.5669,-955.4912,0,0,0,1
143.7672,332.5519,0,-955.6328,1.573375,1.573375,1.788969,401.343,0.25,-900.426,87.85294,0,-0.5667,0,-0.8239,332.5519,0,1,0,0,0.8239,0,-0.5667,-955.6328,0,0,0,1
143.7784,332.3459,0,-955.7745,1.568906,1.568906,2.001371,401.343,0.25,-900.426,88.10234,0,-0.5664,0,-0.8241,332.3459,0,1,0,0,0.8241,0,-0.5664,-955.7745,0,0,0,1
143.7895,332.1398,0,-955.916,1.564657,1.564657,2.125883,401.343,0.25,-900.426,88.35163,0,-0.5661,0,-0.8243,332.1398,0,1,0,0,0.8243,0,-0.5661,-955.916,0,0,0,1
143.8006,331.7274,0,-956.1988,1.556463,1.556463,2.319975,401.343,0.25,-900.426,88.85026,0,-0.5654,0,-0.8248,331.7274,0,1,0,0,0.8248,0,-0.5654,-956.1988,0,0,0,1
143.8116,331.5211,0,-956.3401,1.552434,1.552434,2.488446,401.343,0.25,-900.426,89.09959,0,-0.5651,0,-0.8251,331.5211,0,1,0,0,0.8251,0,-0.5651,-956.3401,0,0,0,1
143.8228,331.3148,0,-956.4812,1.548693,1.548693,2.704511,401.343,0.25,-900.426,89.34886,0,-0.5647,0,-0.8253,331.3148,0,1,0,0,0.8253,0,-0.5647,-956.4812,0,0,0,1
143.8338,331.1084,0,-956.6223,1.544901,1.544901,2.891278,401.343,0.25,-900.426,89.59818,0,-0.5643,0,-0.8256,331.1084,0,1,0,0,0.8256,0,-0.5643,-956.6223,0,0,0,1
143.8448,330.9019,0,-956.7632,1.541448,1.541448,3.176923,401.343,0.25,-900.426,89.84745,0,-0.5638,0,-0.8259,330.9019,0,1,0,0,0.8259,0,-0.5638,-956.7632,0,0,0,1
143.856,330.6954,0,-956.9041,1.537944,1.537944,3.327084,401.343,0.25,-900.426,90.09675,0,-0.5633,0,-0.8262,330.6954,0,1,0,0,0.8262,0,-0.5633,-956.9041,0,0,0,1
143.8671,330.4887,0,-957.0447,1.534727,1.534727,3.583431,401.343,0.25,-900.426,90.34596,0,-0.5628,0,-0.8266,330.4887,0,1,0,0,0.8266,0,-0.5628,-957.0447,0,0,0,1
143.8785,330.282,0,-957.1852,1.531647,1.531647,3.832455,401.343,0.25,-900.426,90.59525,0,-0.5622,0,-0.827,330.282,0,1,0,0,0.827,0,-0.5622,-957.1852,0,0,0,1
143.8892,330.0751,0,-957.3257,1.528701,1.528701,4.048519,401.343,0.25,-900.426,90.84453,0,-0.5617,0,-0.8274,330.0751,0,1,0,0,0.8274,0,-0.5617,-957.3257,0,0,0,1
143.9004,329.6612,0,-957.606,1.523437,1.523437,4.279246,401.343,0.25,-900.426,91.34297,0,-0.5604,0,-0.8282,329.6612,0,1,0,0,0.8282,0,-0.5604,-957.606,0,0,0,1
143.912,329.454,0,-957.746,1.521033,1.521033,4.568553,401.343,0.25,-900.426,91.59222,0,-0.5598,0,-0.8287,329.454,0,1,0,0,0.8287,0,-0.5598,-957.746,0,0,0,1
143.9227,329.2467,0,-957.8857,1.518968,1.518968,4.861522,401.343,0.25,-900.426,91.84139,0,-0.5591,0,-0.8291,329.2467,0,1,0,0,0.8291,0,-0.5591,-957.8857,0,0,0,1
143.9339,329.0393,0,-958.0253,1.517004,1.517004,5.103221,401.343,0.25,-900.426,92.09059,0,-0.5583,0,-0.8296,329.0393,0,1,0,0,0.8296,0,-0.5583,-958.0253,0,0,0,1
143.9453,328.8318,0,-958.1647,1.515294,1.515294,5.502405,401.343,0.25,-900.426,92.33984,0,-0.5575,0,-0.8302,328.8318,0,1,0,0,0.8302,0,-0.5575,-958.1647,0,0,0,1
143.9564,328.6241,0,-958.3039,1.513855,1.513855,5.64889,401.343,0.25,-900.426,92.589,0,-0.5567,0,-0.8307,328.6241,0,1,0,0,0.8307,0,-0.5567,-958.3039,0,0,0,1
143.9673,328.4163,0,-958.4429,1.51267,1.51267,5.941858,401.343,0.25,-900.426,92.83816,0,-0.5558,0,-0.8313,328.4163,0,1,0,0,0.8313,0,-0.5558,-958.4429,0,0,0,1
143.9786,328.2083,0,-958.5815,1.511807,1.511807,6.227517,401.343,0.25,-900.426,93.08726,0,-0.5549,0,-0.8319,328.2083,0,1,0,0,0.8319,0,-0.5549,-958.5815,0,0,0,1
143.9902,327.7919,0,-958.8583,1.510791,1.510791,6.450906,401.343,0.25,-900.426,93.58549,0,-0.5531,0,-0.8331,327.7919,0,1,0,0,0.8331,0,-0.5531,-958.8583,0,0,0,1
144.005,327.5834,0,-958.9963,1.510774,1.510774,6.80613,401.343,0.25,-900.426,93.83455,0,-0.5521,0,-0.8338,327.5834,0,1,0,0,0.8338,0,-0.5521,-958.9963,0,0,0,1
144.0145,327.3748,0,-959.1342,1.510994,1.510994,7.025857,401.343,0.25,-900.426,94.08363,0,-0.5511,0,-0.8345,327.3748,0,1,0,0,0.8345,0,-0.5511,-959.1342,0,0,0,1
144.0226,327.166,0,-959.2716,1.511604,1.511604,7.230949,401.343,0.25,-900.426,94.33265,0,-0.55,0,-0.8352,327.166,0,1,0,0,0.8352,0,-0.55,-959.2716,0,0,0,1
144.0333,326.9571,0,-959.4088,1.512552,1.512552,7.377434,401.343,0.25,-900.426,94.58163,0,-0.5489,0,-0.8359,326.9571,0,1,0,0,0.8359,0,-0.5489,-959.4088,0,0,0,1
144.0444,326.7479,0,-959.5458,1.513787,1.513787,7.575188,401.343,0.25,-900.426,94.83061,0,-0.5478,0,-0.8366,326.7479,0,1,0,0,0.8366,0,-0.5478,-959.5458,0,0,0,1
144.0556,326.5386,0,-959.6824,1.515328,1.515328,7.71801,401.343,0.25,-900.426,95.07955,0,-0.5467,0,-0.8373,326.5386,0,1,0,0,0.8373,0,-0.5467,-959.6824,0,0,0,1
144.0668,326.3291,0,-959.8188,1.517241,1.517241,7.886467,401.343,0.25,-900.426,95.32851,0,-0.5455,0,-0.8381,326.3291,0,1,0,0,0.8381,0,-0.5455,-959.8188,0,0,0,1
144.0777,326.1194,0,-959.955,1.519492,1.519492,8.003669,401.343,0.25,-900.426,95.57744,0,-0.5444,0,-0.8388,326.1194,0,1,0,0,0.8388,0,-0.5444,-959.955,0,0,0,1
144.0889,325.9095,0,-960.0907,1.522133,1.522133,8.120856,401.343,0.25,-900.426,95.82628,0,-0.5432,0,-0.8396,325.9095,0,1,0,0,0.8396,0,-0.5432,-960.0907,0,0,0,1
144.0999,325.6993,0,-960.2263,1.525061,1.525061,8.197761,401.343,0.25,-900.426,96.07519,0,-0.542,0,-0.8404,325.6993,0,1,0,0,0.8404,0,-0.542,-960.2263,0,0,0,1
144.1109,325.2786,0,-960.4963,1.532087,1.532087,8.289313,401.343,0.25,-900.426,96.5728,0,-0.5395,0,-0.842,325.2786,0,1,0,0,0.842,0,-0.5395,-960.4963,0,0,0,1
144.1221,325.0679,0,-960.6309,1.536183,1.536183,8.322272,401.343,0.25,-900.426,96.82157,0,-0.5383,0,-0.8427,325.0679,0,1,0,0,0.8427,0,-0.5383,-960.6309,0,0,0,1
144.1331,324.857,0,-960.7651,1.540636,1.540636,8.384528,401.343,0.25,-900.426,97.07027,0,-0.5371,0,-0.8435,324.857,0,1,0,0,0.8435,0,-0.5371,-960.7651,0,0,0,1
144.1445,324.6459,0,-960.8992,1.545325,1.545325,8.45777,401.343,0.25,-900.426,97.31904,0,-0.5358,0,-0.8443,324.6459,0,1,0,0,0.8443,0,-0.5358,-960.8992,0,0,0,1
144.1553,324.4346,0,-961.0328,1.550522,1.550522,8.52735,401.343,0.25,-900.426,97.56771,0,-0.5346,0,-0.8451,324.4346,0,1,0,0,0.8451,0,-0.5346,-961.0328,0,0,0,1
144.1665,324.2231,0,-961.1661,1.556091,1.556091,8.626227,401.343,0.25,-900.426,97.81634,0,-0.5333,0,-0.8459,324.2231,0,1,0,0,0.8459,0,-0.5333,-961.1661,0,0,0,1
144.1778,324.0115,0,-961.2991,1.562016,1.562016,8.747077,401.343,0.25,-900.426,98.06493,0,-0.532,0,-0.8467,324.0115,0,1,0,0,0.8467,0,-0.532,-961.2991,0,0,0,1
144.1886,323.7996,0,-961.4318,1.568381,1.568381,8.83863,401.343,0.25,-900.426,98.31347,0,-0.5307,0,-0.8476,323.7996,0,1,0,0,0.8476,0,-0.5307,-961.4318,0,0,0,1
144.1996,323.5875,0,-961.5641,1.575034,1.575034,8.988791,401.343,0.25,-900.426,98.56203,0,-0.5294,0,-0.8484,323.5875,0,1,0,0,0.8484,0,-0.5294,-961.5641,0,0,0,1
144.2112,323.1627,0,-961.8278,1.589676,1.589676,9.226828,401.343,0.25,-900.426,99.05898,0,-0.5266,0,-0.8501,323.1627,0,1,0,0,0.8501,0,-0.5266,-961.8278,0,0,0,1
144.2221,322.9499,0,-961.9591,1.597582,1.597582,9.512472,401.343,0.25,-900.426,99.30743,0,-0.5252,0,-0.851,322.9499,0,1,0,0,0.851,0,-0.5252,-961.9591,0,0,0,1
144.233,322.737,0,-962.09,1.605928,1.605928,9.779806,401.343,0.25,-900.426,99.55579,0,-0.5238,0,-0.8519,322.737,0,1,0,0,0.8519,0,-0.5238,-962.09,0,0,0,1
144.2443,322.5238,0,-962.2206,1.614713,1.614713,10.06546,401.343,0.25,-900.426,99.80412,0,-0.5223,0,-0.8528,322.5238,0,1,0,0,0.8528,0,-0.5223,-962.2206,0,0,0,1
144.2554,322.3103,0,-962.3508,1.623922,1.623922,10.43168,401.343,0.25,-900.426,100.0525,0,-0.5207,0,-0.8537,322.3103,0,1,0,0,0.8537,0,-0.5207,-962.3508,0,0,0,1
144.2663,322.0966,0,-962.4806,1.633656,1.633656,10.80889,401.343,0.25,-900.426,100.3007,0,-0.5191,0,-0.8547,322.0966,0,1,0,0,0.8547,0,-0.5191,-962.4806,0,0,0,1
144.2776,321.8827,0,-962.6099,1.643914,1.643914,11.22271,401.343,0.25,-900.426,100.5489,0,-0.5174,0,-0.8557,321.8827,0,1,0,0,0.8557,0,-0.5174,-962.6099,0,0,0,1
144.2887,321.6685,0,-962.7388,1.654613,1.654613,11.43877,401.343,0.25,-900.426,100.797,0,-0.5157,0,-0.8568,321.6685,0,1,0,0,0.8568,0,-0.5157,-962.7388,0,0,0,1
144.2995,321.4541,0,-962.8672,1.66587,1.66587,11.72077,401.343,0.25,-900.426,101.0451,0,-0.514,0,-0.8578,321.4541,0,1,0,0,0.8578,0,-0.514,-962.8672,0,0,0,1
144.3109,321.0244,0,-963.1229,1.689891,1.689891,12.0174,401.343,0.25,-900.426,101.5411,0,-0.5104,0,-0.86,321.0244,0,1,0,0,0.86,0,-0.5104,-963.1229,0,0,0,1
144.3222,320.8091,0,-963.25,1.702706,1.702706,12.25177,401.343,0.25,-900.426,101.7891,0,-0.5085,0,-0.861,320.8091,0,1,0,0,0.861,0,-0.5085,-963.25,0,0,0,1
144.3331,320.5935,0,-963.3767,1.716029,1.716029,12.48981,401.343,0.25,-900.426,102.037,0,-0.5067,0,-0.8621,320.5935,0,1,0,0,0.8621,0,-0.5067,-963.3767,0,0,0,1
144.3472,320.3777,0,-963.5028,1.729944,1.729944,12.70955,401.343,0.25,-900.426,102.2847,0,-0.5047,0,-0.8633,320.3777,0,1,0,0,0.8633,0,-0.5047,-963.5028,0,0,0,1
144.3581,320.1616,0,-963.6284,1.744502,1.744502,12.92195,401.343,0.25,-900.426,102.5324,0,-0.5028,0,-0.8644,320.1616,0,1,0,0,0.8644,0,-0.5028,-963.6284,0,0,0,1
144.3664,319.9452,0,-963.7537,1.7595,1.7595,13.11238,401.343,0.25,-900.426,102.7801,0,-0.5008,0,-0.8656,319.9452,0,1,0,0,0.8656,0,-0.5008,-963.7537,0,0,0,1
144.3777,319.7285,0,-963.8784,1.775091,1.775091,13.23689,401.343,0.25,-900.426,103.0277,0,-0.4988,0,-0.8667,319.7285,0,1,0,0,0.8667,0,-0.4988,-963.8784,0,0,0,1
144.3887,319.5116,0,-964.0026,1.791274,1.791274,13.42,401.343,0.25,-900.426,103.2753,0,-0.4968,0,-0.8679,319.5116,0,1,0,0,0.8679,0,-0.4968,-964.0026,0,0,0,1
144.4,319.0768,0,-964.2493,1.82552,1.82552,13.56648,401.343,0.25,-900.426,103.7701,0,-0.4927,0,-0.8702,319.0768,0,1,0,0,0.8702,0,-0.4927,-964.2493,0,0,0,1
144.4113,318.8589,0,-964.372,1.84149,1.84149,13.74228,401.343,0.25,-900.426,104.0175,0,-0.4906,0,-0.8714,318.8589,0,1,0,0,0.8714,0,-0.4906,-964.372,0,0,0,1
144.4225,318.6408,0,-964.4941,1.857217,1.857217,13.90707,401.343,0.25,-900.426,104.2647,0,-0.4885,0,-0.8726,318.6408,0,1,0,0,0.8726,0,-0.4885,-964.4941,0,0,0,1
144.4337,318.4223,0,-964.6157,1.873474,1.873474,14.0975,401.343,0.25,-900.426,104.5119,0,-0.4863,0,-0.8738,318.4223,0,1,0,0,0.8738,0,-0.4863,-964.6157,0,0,0,1
144.4451,318.2036,0,-964.7368,1.890329,1.890329,14.33554,401.343,0.25,-900.426,104.759,0,-0.4841,0,-0.875,318.2036,0,1,0,0,0.875,0,-0.4841,-964.7368,0,0,0,1
144.4562,317.9845,0,-964.8572,1.903481,1.903481,14.47836,401.343,0.25,-900.426,105.0059,0,-0.4819,0,-0.8762,317.9845,0,1,0,0,0.8762,0,-0.4819,-964.8572,0,0,0,1
144.4673,317.7652,0,-964.9772,1.915838,1.915838,14.70177,401.343,0.25,-900.426,105.2529,0,-0.4797,0,-0.8775,317.7652,0,1,0,0,0.8775,0,-0.4797,-964.9772,0,0,0,1
144.4789,317.5455,0,-965.0965,1.92891,1.92891,14.99107,401.343,0.25,-900.426,105.4997,0,-0.4774,0,-0.8787,317.5455,0,1,0,0,0.8787,0,-0.4774,-965.0965,0,0,0,1
144.4897,317.3255,0,-965.2153,1.942492,1.942492,15.27306,401.343,0.25,-900.426,105.7465,0,-0.475,0,-0.88,317.3255,0,1,0,0,0.88,0,-0.475,-965.2153,0,0,0,1
144.501,316.8846,0,-965.451,1.960887,1.960887,15.70886,401.343,0.25,-900.426,106.2397,0,-0.4702,0,-0.8826,316.8846,0,1,0,0,0.8826,0,-0.4702,-965.451,0,0,0,1
144.5119,316.6636,0,-965.5679,1.970822,1.970822,15.97253,401.343,0.25,-900.426,106.4861,0,-0.4677,0,-0.8839,316.6636,0,1,0,0,0.8839,0,-0.4677,-965.5679,0,0,0,1
144.523,316.4423,0,-965.6842,1.98076,1.98076,16.401,401.343,0.25,-900.426,106.7325,0,-0.4652,0,-0.8852,316.4423,0,1,0,0,0.8852,0,-0.4652,-965.6842,0,0,0,1
144.5342,316.2206,0,-965.7998,1.986554,1.986554,16.85878,401.343,0.25,-900.426,106.9787,0,-0.4626,0,-0.8866,316.2206,0,1,0,0,0.8866,0,-0.4626,-965.7998,0,0,0,1
144.5452,315.9986,0,-965.9149,1.992925,1.992925,17.2433,401.343,0.25,-900.426,107.2248,0,-0.4599,0,-0.888,315.9986,0,1,0,0,0.888,0,-0.4599,-965.9149,0,0,0,1
144.5564,315.7763,0,-966.0292,2.000062,2.000062,17.6315,401.343,0.25,-900.426,107.4709,0,-0.4572,0,-0.8894,315.7763,0,1,0,0,0.8894,0,-0.4572,-966.0292,0,0,0,1
144.5675,315.5536,0,-966.1428,2.006191,2.006191,18.10391,401.343,0.25,-900.426,107.7168,0,-0.4544,0,-0.8908,315.5536,0,1,0,0,0.8908,0,-0.4544,-966.1428,0,0,0,1
144.5785,315.3305,0,-966.2556,2.009295,2.009295,18.53971,401.343,0.25,-900.426,107.9625,0,-0.4515,0,-0.8923,315.3305,0,1,0,0,0.8923,0,-0.4515,-966.2556,0,0,0,1
144.5897,315.107,0,-966.3677,2.013204,2.013204,18.8986,401.343,0.25,-900.426,108.2081,0,-0.4485,0,-0.8938,315.107,0,1,0,0,0.8938,0,-0.4485,-966.3677,0,0,0,1
144.6007,314.659,0,-966.5898,2.020405,2.020405,19.29046,401.343,0.25,-900.426,108.699,0,-0.4425,0,-0.8968,314.659,0,1,0,0,0.8968,0,-0.4425,-966.5898,0,0,0,1
144.612,314.4344,0,-966.6996,2.021013,2.021013,19.71527,401.343,0.25,-900.426,108.9442,0,-0.4394,0,-0.8983,314.4344,0,1,0,0,0.8983,0,-0.4394,-966.6996,0,0,0,1
144.623,314.2095,0,-966.8087,2.022494,2.022494,19.93866,401.343,0.25,-900.426,109.1892,0,-0.4363,0,-0.8998,314.2095,0,1,0,0,0.8998,0,-0.4363,-966.8087,0,0,0,1
144.6342,313.9842,0,-966.917,2.02474,2.02474,20.22431,401.343,0.25,-900.426,109.4341,0,-0.4331,0,-0.9013,313.9842,0,1,0,0,0.9013,0,-0.4331,-966.917,0,0,0,1
144.6452,313.7585,0,-967.0245,2.024019,2.024019,20.5539,401.343,0.25,-900.426,109.6788,0,-0.4299,0,-0.9029,313.7585,0,1,0,0,0.9029,0,-0.4299,-967.0245,0,0,0,1
144.657,313.5323,0,-967.1311,2.022457,2.022457,20.81391,401.343,0.25,-900.426,109.9234,0,-0.4266,0,-0.9044,313.5323,0,1,0,0,0.9044,0,-0.4266,-967.1311,0,0,0,1
144.6712,313.0789,0,-967.3419,2.021749,2.021749,21.27169,401.343,0.25,-900.426,110.4121,0,-0.4199,0,-0.9076,313.0789,0,1,0,0,0.9076,0,-0.4199,-967.3419,0,0,0,1
144.6807,312.8516,0,-967.446,2.017924,2.017924,21.61593,401.343,0.25,-900.426,110.6562,0,-0.4164,0,-0.9092,312.8516,0,1,0,0,0.9092,0,-0.4164,-967.446,0,0,0,1
144.6893,312.8517,0,-967.446,2.017924,2.017924,21.61593,401.343,0.25,-900.426,110.6561,0,-0.4164,0,-0.9092,312.8517,0,1,0,0,0.9092,0,-0.4164,-967.446,0,0,0,1
144.7,312.3959,0,-967.6516,2.011601,2.011601,22.07005,401.343,0.25,-900.426,111.1437,0,-0.4094,0,-0.9123,312.3959,0,1,0,0,0.9123,0,-0.4094,-967.6516,0,0,0,1
144.7113,312.1674,0,-967.7531,2.009425,2.009425,22.42893,401.343,0.25,-900.426,111.3872,0,-0.4058,0,-0.9139,312.1674,0,1,0,0,0.9139,0,-0.4058,-967.7531,0,0,0,1
144.7227,311.9385,0,-967.8536,2.003043,2.003043,22.78782,401.343,0.25,-900.426,111.6304,0,-0.4022,0,-0.9155,311.9385,0,1,0,0,0.9155,0,-0.4022,-967.8536,0,0,0,1
144.7334,311.7092,0,-967.9532,1.997524,1.997524,23.09911,401.343,0.25,-900.426,111.8736,0,-0.3985,0,-0.9172,311.7092,0,1,0,0,0.9172,0,-0.3985,-967.9532,0,0,0,1
144.7448,311.4795,0,-968.0519,1.993004,1.993004,23.48363,401.343,0.25,-900.426,112.1164,0,-0.3948,0,-0.9188,311.4795,0,1,0,0,0.9188,0,-0.3948,-968.0519,0,0,0,1
144.7558,311.2494,0,-968.1497,1.988063,1.988063,23.82055,401.343,0.25,-900.426,112.3591,0,-0.3909,0,-0.9204,311.2494,0,1,0,0,0.9204,0,-0.3909,-968.1497,0,0,0,1
144.7675,311.0189,0,-968.2463,1.980036,1.980036,24.22706,401.343,0.25,-900.426,112.6015,0,-0.387,0,-0.9221,311.0189,0,1,0,0,0.9221,0,-0.387,-968.2463,0,0,0,1
144.7784,310.788,0,-968.3421,1.972928,1.972928,24.79835,401.343,0.25,-900.426,112.8437,0,-0.383,0,-0.9237,310.788,0,1,0,0,0.9237,0,-0.383,-968.3421,0,0,0,1
144.7891,310.5566,0,-968.4368,1.966865,1.966865,25.01809,401.343,0.25,-900.426,113.0857,0,-0.379,0,-0.9254,310.5566,0,1,0,0,0.9254,0,-0.379,-968.4368,0,0,0,1
144.8,310.0927,0,-968.6233,1.949939,1.949939,25.35866,401.343,0.25,-900.426,113.5689,0,-0.3708,0,-0.9287,310.0927,0,1,0,0,0.9287,0,-0.3708,-968.6233,0,0,0,1
144.8113,309.8601,0,-968.715,1.941454,1.941454,25.78714,401.343,0.25,-900.426,113.8102,0,-0.3666,0,-0.9304,309.8601,0,1,0,0,0.9304,0,-0.3666,-968.715,0,0,0,1
144.8225,309.627,0,-968.8055,1.934071,1.934071,26.21927,401.343,0.25,-900.426,114.0511,0,-0.3624,0,-0.932,309.627,0,1,0,0,0.932,0,-0.3624,-968.8055,0,0,0,1
144.8335,309.3936,0,-968.895,1.92447,1.92447,26.57816,401.343,0.25,-900.426,114.2918,0,-0.358,0,-0.9337,309.3936,0,1,0,0,0.9337,0,-0.358,-968.895,0,0,0,1
144.8447,309.1598,0,-968.9834,1.913723,1.913723,27.10186,401.343,0.25,-900.426,114.5322,0,-0.3536,0,-0.9354,309.1598,0,1,0,0,0.9354,0,-0.3536,-968.9834,0,0,0,1
144.8556,308.9255,0,-969.0707,1.904195,1.904195,27.41314,401.343,0.25,-900.426,114.7723,0,-0.3491,0,-0.9371,308.9255,0,1,0,0,0.9371,0,-0.3491,-969.0707,0,0,0,1
144.8668,308.6908,0,-969.1568,1.895771,1.895771,27.82331,401.343,0.25,-900.426,115.0121,0,-0.3446,0,-0.9388,308.6908,0,1,0,0,0.9388,0,-0.3446,-969.1568,0,0,0,1
144.8779,308.4557,0,-969.2418,1.8842,1.8842,28.16388,401.343,0.25,-900.426,115.2516,0,-0.34,0,-0.9404,308.4557,0,1,0,0,0.9404,0,-0.34,-969.2418,0,0,0,1
144.8889,308.2202,0,-969.3256,1.872626,1.872626,28.57038,401.343,0.25,-900.426,115.4908,0,-0.3353,0,-0.9421,308.2202,0,1,0,0,0.9421,0,-0.3353,-969.3256,0,0,0,1
144.9002,307.7478,0,-969.4896,1.852931,1.852931,28.86336,401.343,0.25,-900.426,115.9683,0,-0.3257,0,-0.9455,307.7478,0,1,0,0,0.9455,0,-0.3257,-969.4896,0,0,0,1
144.9126,307.511,0,-969.5699,1.839594,1.839594,29.21492,401.343,0.25,-900.426,116.2065,0,-0.3209,0,-0.9471,307.511,0,1,0,0,0.9471,0,-0.3209,-969.5699,0,0,0,1
144.9232,307.2739,0,-969.6489,1.827324,1.827324,29.55551,401.343,0.25,-900.426,116.4444,0,-0.316,0,-0.9487,307.2739,0,1,0,0,0.9487,0,-0.316,-969.6489,0,0,0,1
144.9335,307.0363,0,-969.7266,1.8162,1.8162,29.95834,401.343,0.25,-900.426,116.6819,0,-0.3111,0,-0.9504,307.0363,0,1,0,0,0.9504,0,-0.3111,-969.7266,0,0,0,1
144.945,306.7983,0,-969.8032,1.805654,1.805654,30.15976,401.343,0.25,-900.426,116.9191,0,-0.3061,0,-0.952,306.7983,0,1,0,0,0.952,0,-0.3061,-969.8032,0,0,0,1
144.9556,306.5598,0,-969.8784,1.791566,1.791566,30.41611,401.343,0.25,-900.426,117.1559,0,-0.301,0,-0.9536,306.5598,0,1,0,0,0.9536,0,-0.301,-969.8784,0,0,0,1
144.9665,306.321,0,-969.9524,1.778676,1.778676,30.68346,401.343,0.25,-900.426,117.3923,0,-0.2959,0,-0.9552,306.321,0,1,0,0,0.9552,0,-0.2959,-969.9524,0,0,0,1
144.9777,306.0818,0,-970.0251,1.767051,1.767051,30.90318,401.343,0.25,-900.426,117.6283,0,-0.2907,0,-0.9568,306.0818,0,1,0,0,0.9568,0,-0.2907,-970.0251,0,0,0,1
144.9893,305.8423,0,-970.0965,1.755262,1.755262,31.15953,401.343,0.25,-900.426,117.864,0,-0.2855,0,-0.9584,305.8423,0,1,0,0,0.9584,0,-0.2855,-970.0965,0,0,0,1
145,305.6023,0,-970.1666,1.740738,1.740738,31.40123,401.343,0.25,-900.426,118.0992,0,-0.2803,0,-0.9599,305.6023,0,1,0,0,0.9599,0,-0.2803,-970.1666,0,0,0,1
145.0141,305.1212,0,-970.3027,1.715712,1.715712,31.71252,401.343,0.25,-900.426,118.5684,0,-0.2696,0,-0.963,305.1212,0,1,0,0,0.963,0,-0.2696,-970.3027,0,0,0,1
145.0256,304.88,0,-970.3687,1.702845,1.702845,31.95422,401.343,0.25,-900.426,118.8024,0,-0.2643,0,-0.9645,304.88,0,1,0,0,0.9645,0,-0.2643,-970.3687,0,0,0,1
145.0334,304.6385,0,-970.4335,1.68801,1.68801,32.2655,401.343,0.25,-900.426,119.036,0,-0.2588,0,-0.9659,304.6385,0,1,0,0,0.9659,0,-0.2588,-970.4335,0,0,0,1
145.0443,304.3967,0,-970.4967,1.674735,1.674735,32.48524,401.343,0.25,-900.426,119.2691,0,-0.2533,0,-0.9674,304.3967,0,1,0,0,0.9674,0,-0.2533,-970.4967,0,0,0,1
145.0554,304.1545,0,-970.5587,1.662655,1.662655,32.77089,401.343,0.25,-900.426,119.5018,0,-0.2478,0,-0.9688,304.1545,0,1,0,0,0.9688,0,-0.2478,-970.5587,0,0,0,1
145.0665,303.912,0,-970.6193,1.648789,1.648789,33.15541,401.343,0.25,-900.426,119.734,0,-0.2422,0,-0.9702,303.912,0,1,0,0,0.9702,0,-0.2422,-970.6193,0,0,0,1
145.0776,303.669,0,-970.6784,1.634008,1.634008,33.496,401.343,0.25,-900.426,119.9657,0,-0.2365,0,-0.9716,303.669,0,1,0,0,0.9716,0,-0.2365,-970.6784,0,0,0,1
145.0887,303.4258,0,-970.7361,1.620663,1.620663,33.90249,401.343,0.25,-900.426,120.197,0,-0.2308,0,-0.973,303.4258,0,1,0,0,0.973,0,-0.2308,-970.7361,0,0,0,1
145.0999,303.1822,0,-970.7923,1.608754,1.608754,34.25407,401.343,0.25,-900.426,120.4277,0,-0.2249,0,-0.9744,303.1822,0,1,0,0,0.9744,0,-0.2249,-970.7923,0,0,0,1
145.111,302.694,0,-970.9003,1.579668,1.579668,34.71916,401.343,0.25,-900.426,120.8877,0,-0.2131,0,-0.977,302.694,0,1,0,0,0.977,0,-0.2131,-970.9003,0,0,0,1
145.1221,302.4494,0,-970.9521,1.566552,1.566552,34.9572,401.343,0.25,-900.426,121.1168,0,-0.2072,0,-0.9783,302.4494,0,1,0,0,0.9783,0,-0.2072,-970.9521,0,0,0,1
145.1331,302.2045,0,-971.0023,1.55499,1.55499,35.2868,401.343,0.25,-900.426,121.3455,0,-0.2011,0,-0.9796,302.2045,0,1,0,0,0.9796,0,-0.2011,-971.0023,0,0,0,1
145.1443,301.9593,0,-971.0511,1.539956,1.539956,35.57244,401.343,0.25,-900.426,121.5737,0,-0.195,0,-0.9808,301.9593,0,1,0,0,0.9808,0,-0.195,-971.0511,0,0,0,1
145.1553,301.7138,0,-971.0984,1.525699,1.525699,35.77386,401.343,0.25,-900.426,121.8012,0,-0.1889,0,-0.982,301.7138,0,1,0,0,0.982,0,-0.1889,-971.0984,0,0,0,1
145.1664,301.468,0,-971.144,1.513052,1.513052,35.96062,401.343,0.25,-900.426,122.0282,0,-0.1827,0,-0.9832,301.468,0,1,0,0,0.9832,0,-0.1827,-971.144,0,0,0,1
145.1781,301.222,0,-971.1882,1.501827,1.501827,36.15839,401.343,0.25,-900.426,122.2547,0,-0.1765,0,-0.9843,301.222,0,1,0,0,0.9843,0,-0.1765,-971.1882,0,0,0,1
145.1887,300.9756,0,-971.2308,1.486548,1.486548,36.19868,401.343,0.25,-900.426,122.4805,0,-0.1703,0,-0.9854,300.9756,0,1,0,0,0.9854,0,-0.1703,-971.2308,0,0,0,1
145.1998,300.729,0,-971.2719,1.472877,1.472877,36.206,401.343,0.25,-900.426,122.7058,0,-0.1641,0,-0.9864,300.729,0,1,0,0,0.9864,0,-0.1641,-971.2719,0,0,0,1
145.2112,300.235,0,-971.3492,1.44922,1.44922,36.206,401.343,0.25,-900.426,123.1545,0,-0.1516,0,-0.9884,300.235,0,1,0,0,0.9884,0,-0.1516,-971.3492,0,0,0,1
145.222,299.9877,0,-971.3855,1.434642,1.434642,36.19868,401.343,0.25,-900.426,123.378,0,-0.1454,0,-0.9894,299.9877,0,1,0,0,0.9894,0,-0.1454,-971.3855,0,0,0,1
145.233,299.7402,0,-971.4204,1.421301,1.421301,36.17304,401.343,0.25,-900.426,123.6009,0,-0.1391,0,-0.9903,299.7402,0,1,0,0,0.9903,0,-0.1391,-971.4204,0,0,0,1
145.2442,299.4924,0,-971.4536,1.409688,1.409688,36.10346,401.343,0.25,-900.426,123.8231,0,-0.1329,0,-0.9911,299.4924,0,1,0,0,0.9911,0,-0.1329,-971.4536,0,0,0,1
145.2554,299.2444,0,-971.4852,1.398086,1.398086,35.97894,401.343,0.25,-900.426,124.0447,0,-0.1266,0,-0.9919,299.2444,0,1,0,0,0.9919,0,-0.1266,-971.4852,0,0,0,1
145.2663,298.9962,0,-971.5154,1.383893,1.383893,35.81414,401.343,0.25,-900.426,124.2658,0,-0.1204,0,-0.9927,298.9962,0,1,0,0,0.9927,0,-0.1204,-971.5154,0,0,0,1
145.2776,298.7479,0,-971.5439,1.37124,1.37124,35.5761,401.343,0.25,-900.426,124.4861,0,-0.1143,0,-0.9935,298.7479,0,1,0,0,0.9935,0,-0.1143,-971.5439,0,0,0,1
145.2887,298.4993,0,-971.5709,1.360011,1.360011,35.43328,401.343,0.25,-900.426,124.7059,0,-0.1081,0,-0.9941,298.4993,0,1,0,0,0.9941,0,-0.1081,-971.5709,0,0,0,1
145.2999,298.2506,0,-971.5964,1.348094,1.348094,35.24651,401.343,0.25,-900.426,124.925,0,-0.102,0,-0.9948,298.2506,0,1,0,0,0.9948,0,-0.102,-971.5964,0,0,0,1
145.3122,297.7528,0,-971.6429,1.321877,1.321877,35.04509,401.343,0.25,-900.426,125.3615,0,-0.0898,0,-0.996,297.7528,0,1,0,0,0.996,0,-0.0898,-971.6429,0,0,0,1
145.3224,297.5037,0,-971.6638,1.311024,1.311024,34.83635,401.343,0.25,-900.426,125.5787,0,-0.0838,0,-0.9965,297.5037,0,1,0,0,0.9965,0,-0.0838,-971.6638,0,0,0,1
145.3375,297.2545,0,-971.6832,1.298733,1.298733,34.64225,401.343,0.25,-900.426,125.7954,0,-0.0777,0,-0.997,297.2545,0,1,0,0,0.997,0,-0.0777,-971.6832,0,0,0,1
145.3469,297.0051,0,-971.7012,1.285161,1.285161,34.49577,401.343,0.25,-900.426,126.0114,0,-0.0717,0,-0.9974,297.0051,0,1,0,0,0.9974,0,-0.0717,-971.7012,0,0,0,1
145.3548,296.7557,0,-971.7177,1.27295,1.27295,34.41887,401.343,0.25,-900.426,126.2268,0,-0.0657,0,-0.9978,296.7557,0,1,0,0,0.9978,0,-0.0657,-971.7177,0,0,0,1
145.3661,296.5061,0,-971.7325,1.262344,1.262344,34.34929,401.343,0.25,-900.426,126.4415,0,-0.0598,0,-0.9982,296.5061,0,1,0,0,0.9982,0,-0.0598,-971.7325,0,0,0,1
145.3772,296.2565,0,-971.746,1.24968,1.24968,34.28703,401.343,0.25,-900.426,126.6556,0,-0.0538,0,-0.9986,296.2565,0,1,0,0,0.9986,0,-0.0538,-971.746,0,0,0,1
145.3882,296.0067,0,-971.7579,1.236286,1.236286,34.27971,401.343,0.25,-900.426,126.8691,0,-0.0478,0,-0.9989,296.0067,0,1,0,0,0.9989,0,-0.0478,-971.7579,0,0,0,1
145.3999,295.757,0,-971.7684,1.224377,1.224377,34.28703,401.343,0.25,-900.426,127.0819,0,-0.0418,0,-0.9991,295.757,0,1,0,0,0.9991,0,-0.0418,-971.7684,0,0,0,1
145.4104,295.2572,0,-971.7848,1.200793,1.200793,34.30534,401.343,0.25,-900.426,127.5056,0,-0.0299,0,-0.9996,295.2572,0,1,0,0,0.9996,0,-0.0299,-971.7848,0,0,0,1
145.4216,295.0073,0,-971.7908,1.187512,1.187512,34.35295,401.343,0.25,-900.426,127.7165,0,-0.0239,0,-0.9997,295.0073,0,1,0,0,0.9997,0,-0.0239,-971.7908,0,0,0,1
145.4327,294.7573,0,-971.7952,1.175959,1.175959,34.44816,401.343,0.25,-900.426,127.9266,0,-0.0179,0,-0.9998,294.7573,0,1,0,0,0.9998,0,-0.0179,-971.7952,0,0,0,1
145.4438,294.5074,0,-971.7982,1.16559,1.16559,34.62028,401.343,0.25,-900.426,128.1361,0,-0.0118,0,-0.9999,294.5074,0,1,0,0,0.9999,0,-0.0118,-971.7982,0,0,0,1
145.4547,294.2574,0,-971.7996,1.152118,1.152118,34.71916,401.343,0.25,-900.426,128.345,0,-0.0058,0,-1,294.2574,0,1,0,0,1,0,-0.0058,-971.7996,0,0,0,1
145.4661,294.0074,0,-971.7996,1.139184,1.139184,34.85832,401.343,0.25,-900.426,128.5531,0,0.0003,0,-1,294.0074,0,1,0,0,1,0,0.0003,-971.7996,0,0,0,1
145.4772,293.7574,0,-971.798,1.127681,1.127681,34.97551,401.343,0.25,-900.426,128.7606,0,0.0064,0,-1,293.7574,0,1,0,0,1,0,0.0064,-971.798,0,0,0,1
145.4882,293.5074,0,-971.7948,1.117789,1.117789,35.02678,401.343,0.25,-900.426,128.9673,0,0.0125,0,-0.9999,293.5074,0,1,0,0,0.9999,0,0.0125,-971.7948,0,0,0,1
145.4994,293.2574,0,-971.7902,1.103943,1.103943,35.06706,401.343,0.25,-900.426,129.1733,0,0.0187,0,-0.9998,293.2574,0,1,0,0,0.9998,0,0.0187,-971.7902,0,0,0,1
145.5112,292.7576,0,-971.7763,1.080194,1.080194,35.07072,401.343,0.25,-900.426,129.5832,0,0.0309,0,-0.9995,292.7576,0,1,0,0,0.9995,0,0.0309,-971.7763,0,0,0,1
145.5215,292.5078,0,-971.767,1.070492,1.070492,35.07072,401.343,0.25,-900.426,129.787,0,0.037,0,-0.9993,292.5078,0,1,0,0,0.9993,0,0.037,-971.767,0,0,0,1
145.5325,292.2581,0,-971.7562,1.056681,1.056681,35.07072,401.343,0.25,-900.426,129.9902,0,0.0431,0,-0.9991,292.2581,0,1,0,0,0.9991,0,0.0431,-971.7562,0,0,0,1
145.544,292.0084,0,-971.7439,1.044371,1.044371,35.07072,401.343,0.25,-900.426,130.1926,0,0.0492,0,-0.9988,292.0084,0,1,0,0,0.9988,0,0.0492,-971.7439,0,0,0,1
145.555,291.7588,0,-971.73,1.033555,1.033555,35.07072,401.343,0.25,-900.426,130.3942,0,0.0554,0,-0.9985,291.7588,0,1,0,0,0.9985,0,0.0554,-971.73,0,0,0,1
145.5659,291.5092,0,-971.7147,1.023502,1.023502,35.07072,401.343,0.25,-900.426,130.5952,0,0.0615,0,-0.9981,291.5092,0,1,0,0,0.9981,0,0.0615,-971.7147,0,0,0,1
145.5771,291.2598,0,-971.6978,1.010144,1.010144,35.07072,401.343,0.25,-900.426,130.7954,0,0.0676,0,-0.9977,291.2598,0,1,0,0,0.9977,0,0.0676,-971.6978,0,0,0,1
145.5881,291.0105,0,-971.6793,0.998224,0.998224,35.07072,401.343,0.25,-900.426,130.9948,0,0.0737,0,-0.9973,291.0105,0,1,0,0,0.9973,0,0.0737,-971.6793,0,0,0,1
145.5993,290.7613,0,-971.6594,0.987751,0.987751,35.07072,401.343,0.25,-900.426,131.1935,0,0.0798,0,-0.9968,290.7613,0,1,0,0,0.9968,0,0.0798,-971.6594,0,0,0,1
145.6106,290.2632,0,-971.6149,0.964494,0.964494,35.07438,401.343,0.25,-900.426,131.5886,0,0.092,0,-0.9958,290.2632,0,1,0,0,0.9958,0,0.092,-971.6149,0,0,0,1
145.6223,290.0144,0,-971.5903,0.95291,0.95291,35.10002,401.343,0.25,-900.426,131.785,0,0.0981,0,-0.9952,290.0144,0,1,0,0,0.9952,0,0.0981,-971.5903,0,0,0,1
145.6328,289.7658,0,-971.5643,0.942705,0.942705,35.23919,401.343,0.25,-900.426,131.9807,0,0.1042,0,-0.9946,289.7658,0,1,0,0,0.9946,0,0.1042,-971.5643,0,0,0,1
145.6438,289.5173,0,-971.5367,0.932456,0.932456,35.38934,401.343,0.25,-900.426,132.1755,0,0.1103,0,-0.9939,289.5173,0,1,0,0,0.9939,0,0.1103,-971.5367,0,0,0,1
145.655,289.269,0,-971.5076,0.919679,0.919679,35.62737,401.343,0.25,-900.426,132.3696,0,0.1165,0,-0.9932,289.269,0,1,0,0,0.9932,0,0.1165,-971.5076,0,0,0,1
145.6659,289.0209,0,-971.4769,0.908416,0.908416,35.85809,401.343,0.25,-900.426,132.5629,0,0.1227,0,-0.9924,289.0209,0,1,0,0,0.9924,0,0.1227,-971.4769,0,0,0,1
145.681,288.5253,0,-971.4108,0.888518,0.888518,36.29389,401.343,0.25,-900.426,132.947,0,0.1353,0,-0.9908,288.5253,0,1,0,0,0.9908,0,0.1353,-971.4108,0,0,0,1
145.6916,288.2778,0,-971.3754,0.876304,0.876304,36.63081,401.343,0.25,-900.426,133.1378,0,0.1416,0,-0.9899,288.2778,0,1,0,0,0.9899,0,0.1416,-971.3754,0,0,0,1
145.6994,288.2778,0,-971.3754,0.876245,0.876245,36.63081,401.343,0.25,-900.426,133.1378,0,0.1416,0,-0.9899,288.2778,0,1,0,0,0.9899,0,0.1416,-971.3754,0,0,0,1
145.7105,287.7836,0,-971.2998,0.856572,0.856572,37.28634,401.343,0.25,-900.426,133.5169,0,0.1545,0,-0.988,287.7836,0,1,0,0,0.988,0,0.1545,-971.2998,0,0,0,1
145.7217,287.5368,0,-971.2596,0.84654,0.84654,37.76608,401.343,0.25,-900.426,133.7051,0,0.161,0,-0.987,287.5368,0,1,0,0,0.987,0,0.161,-971.2596,0,0,0,1
145.7331,287.2904,0,-971.2177,0.835076,0.835076,38.24216,401.343,0.25,-900.426,133.8924,0,0.1676,0,-0.9859,287.2904,0,1,0,0,0.9859,0,0.1676,-971.2177,0,0,0,1
145.7443,287.0442,0,-971.1741,0.825271,0.825271,38.62669,401.343,0.25,-900.426,134.0788,0,0.1742,0,-0.9847,287.0442,0,1,0,0,0.9847,0,0.1742,-971.1741,0,0,0,1
145.7552,286.7983,0,-971.1289,0.817187,0.817187,39.05883,401.343,0.25,-900.426,134.2643,0,0.1809,0,-0.9835,286.7983,0,1,0,0,0.9835,0,0.1809,-971.1289,0,0,0,1
145.7665,286.5528,0,-971.082,0.807732,0.807732,39.39574,401.343,0.25,-900.426,134.4488,0,0.1877,0,-0.9822,286.5528,0,1,0,0,0.9822,0,0.1877,-971.082,0,0,0,1
145.7778,286.3075,0,-971.0333,0.797335,0.797335,39.82421,401.343,0.25,-900.426,134.6323,0,0.1945,0,-0.9809,286.3075,0,1,0,0,0.9809,0,0.1945,-971.0333,0,0,0,1
145.7884,286.0627,0,-970.9829,0.788733,0.788733,39.99634,401.343,0.25,-900.426,134.8149,0,0.2014,0,-0.9795,286.0627,0,1,0,0,0.9795,0,0.2014,-970.9829,0,0,0,1
145.7996,285.8181,0,-970.9309,0.781732,0.781732,40.18677,401.343,0.25,-900.426,134.9965,0,0.2082,0,-0.9781,285.8181,0,1,0,0,0.9781,0,0.2082,-970.9309,0,0,0,1
145.8107,285.3302,0,-970.8217,0.763892,0.763892,40.33326,401.343,0.25,-900.426,135.3567,0,0.222,0,-0.9751,285.3302,0,1,0,0,0.9751,0,0.222,-970.8217,0,0,0,1
145.822,285.0869,0,-970.7645,0.756443,0.756443,40.42847,401.343,0.25,-900.426,135.5353,0,0.2289,0,-0.9735,285.0869,0,1,0,0,0.9735,0,0.2289,-970.7645,0,0,0,1
145.8327,284.8439,0,-970.7056,0.750729,0.750729,40.49805,401.343,0.25,-900.426,135.7129,0,0.2357,0,-0.9718,284.8439,0,1,0,0,0.9718,0,0.2357,-970.7056,0,0,0,1
145.8442,284.6014,0,-970.6448,0.743023,0.743023,40.51636,401.343,0.25,-900.426,135.8895,0,0.2426,0,-0.9701,284.6014,0,1,0,0,0.9701,0,0.2426,-970.6448,0,0,0,1
145.855,284.3593,0,-970.5825,0.735154,0.735154,40.51636,401.343,0.25,-900.426,136.065,0,0.2495,0,-0.9684,284.3593,0,1,0,0,0.9684,0,0.2495,-970.5825,0,0,0,1
145.8661,284.1176,0,-970.5184,0.728978,0.728978,40.51636,401.343,0.25,-900.426,136.2395,0,0.2563,0,-0.9666,284.1176,0,1,0,0,0.9666,0,0.2563,-970.5184,0,0,0,1
145.8775,283.8765,0,-970.4525,0.724699,0.724699,40.49439,401.343,0.25,-900.426,136.4129,0,0.2631,0,-0.9648,283.8765,0,1,0,0,0.9648,0,0.2631,-970.4525,0,0,0,1
145.8887,283.6357,0,-970.3851,0.717798,0.717798,40.42115,401.343,0.25,-900.426,136.5854,0,0.2699,0,-0.9629,283.6357,0,1,0,0,0.9629,0,0.2699,-970.3851,0,0,0,1
145.8994,283.3955,0,-970.3159,0.711156,0.711156,40.32959,401.343,0.25,-900.426,136.7568,0,0.2767,0,-0.961,283.3955,0,1,0,0,0.961,0,0.2767,-970.3159,0,0,0,1
145.9107,282.9165,0,-970.1726,0.702993,0.702993,40.18677,401.343,0.25,-900.426,137.0965,0,0.2901,0,-0.957,282.9165,0,1,0,0,0.957,0,0.2901,-970.1726,0,0,0,1
145.9221,282.6778,0,-970.0983,0.697045,0.697045,40.02198,401.343,0.25,-900.426,137.2648,0,0.2968,0,-0.9549,282.6778,0,1,0,0,0.9549,0,0.2968,-970.0983,0,0,0,1
145.9332,282.4395,0,-970.0225,0.691637,0.691637,39.8059,401.343,0.25,-900.426,137.4321,0,0.3034,0,-0.9528,282.4395,0,1,0,0,0.9528,0,0.3034,-970.0225,0,0,0,1
145.9441,282.2019,0,-969.9449,0.687895,0.687895,39.5349,401.343,0.25,-900.426,137.5983,0,0.31,0,-0.9507,282.2019,0,1,0,0,0.9507,0,0.31,-969.9449,0,0,0,1
145.955,281.9647,0,-969.8658,0.685924,0.685924,39.37011,401.343,0.25,-900.426,137.7635,0,0.3165,0,-0.9486,281.9647,0,1,0,0,0.9486,0,0.3165,-969.8658,0,0,0,1
145.9665,281.7281,0,-969.785,0.680627,0.680627,39.14672,401.343,0.25,-900.426,137.9277,0,0.323,0,-0.9464,281.7281,0,1,0,0,0.9464,0,0.323,-969.785,0,0,0,1
145.9774,281.4921,0,-969.7027,0.676219,0.676219,38.8867,401.343,0.25,-900.426,138.0908,0,0.3294,0,-0.9442,281.4921,0,1,0,0,0.9442,0,0.3294,-969.7027,0,0,0,1
145.9883,281.2566,0,-969.6188,0.673477,0.673477,38.64866,401.343,0.25,-900.426,138.253,0,0.3358,0,-0.9419,281.2566,0,1,0,0,0.9419,0,0.3358,-969.6188,0,0,0,1
145.9995,281.0217,0,-969.5333,0.672403,0.672403,38.45823,401.343,0.25,-900.426,138.4141,0,0.3421,0,-0.9397,281.0217,0,1,0,0,0.9397,0,0.3421,-969.5333,0,0,0,1
