time,fixedTime,deltaTime,smoothDeltaTime,realtimeSinceStartup,pos_x,pos_y,pos_z,distFromRoadCenter,signedDistFromRoadCenter,wheelAngle,obstacle_pos_x,obstacle_pos_y,obstacle_pos_z,distance_to_obstacle,brake_position,car_speed,car_vel_x,car_vel_y,car_vel_z,simplecar_4x4_R0C0,simplecar_4x4_R0C1,simplecar_4x4_R0C2,simplecar_4x4_R0C3,simplecar_4x4_R1C0,simplecar_4x4_R1C1,simplecar_4x4_R1C2,simplecar_4x4_R1C3,simplecar_4x4_R2C0,simplecar_4x4_R2C1,simplecar_4x4_R2C2,simplecar_4x4_R2C3,simplecar_4x4_R3C0,simplecar_4x4_R3C1,simplecar_4x4_R3C2,simplecar_4x4_R3C3
1061.352,1061.35,0.014211,0.015716,1071.893,-702.7275,0,-138.8318,1.493735,1.493735,0.855117,NaN,NaN,NaN,NaN,0,20.1,-7.910396,0,-18.47799,-0.9193,0,-0.3936,-702.7275,0,1,0,0,0.3936,0,-0.9193,-138.8318,0,0,0,1
1061.373,1061.37,0.021123,0.016797,1071.908,-702.8857,0,-139.2014,1.4948,1.4948,0.855117,NaN,NaN,NaN,NaN,0,20.1,-7.91591,0,-18.47562,-0.9192,0,-0.3938,-702.8857,0,1,0,0,0.3938,0,-0.9192,-139.2014,0,0,0,1
1061.393,1061.39,0.019861,0.01741,1071.928,-703.0442,0,-139.5708,1.496144,1.496144,0.855117,NaN,NaN,NaN,NaN,0,20.1,-7.921425,0,-18.47325,-0.9191,0,-0.3941,-703.0442,0,1,0,0,0.3941,0,-0.9191,-139.5708,0,0,0,1
1061.41,1061.41,0.017276,0.017383,1071.945,-703.2027,0,-139.9403,1.497533,1.497533,0.855117,NaN,NaN,NaN,NaN,0,20.1,-7.926939,0,-18.47089,-0.9189,0,-0.3944,-703.2027,0,1,0,0,0.3944,0,-0.9189,-139.9403,0,0,0,1
1061.427,1061.42,0.016576,0.017221,1071.961,-703.282,0,-140.125,1.498264,1.498264,0.855117,NaN,NaN,NaN,NaN,0,20.1,-7.929696,0,-18.46971,-0.9189,0,-0.3945,-703.282,0,1,0,0,0.3945,0,-0.9189,-140.125,0,0,0,1
1061.443,1061.44,0.016257,0.017029,1071.978,-703.4407,0,-140.4943,1.499795,1.499795,0.855117,NaN,NaN,NaN,NaN,0,20.1,-7.935208,0,-18.46734,-0.9188,0,-0.3948,-703.4407,0,1,0,0,0.3948,0,-0.9188,-140.4943,0,0,0,1
1061.462,1061.46,0.018913,0.017405,1071.997,-703.5995,0,-140.8636,1.501518,1.501518,0.855117,NaN,NaN,NaN,NaN,0,20.1,-7.940719,0,-18.46497,-0.9187,0,-0.3951,-703.5995,0,1,0,0,0.3951,0,-0.9187,-140.8636,0,0,0,1
1061.485,1061.48,0.023269,0.018578,1072.022,-703.7584,0,-141.2329,1.503309,1.503309,0.855117,NaN,NaN,NaN,NaN,0,20.1,-7.94623,0,-18.4626,-0.9185,0,-0.3953,-703.7584,0,1,0,0,0.3953,0,-0.9185,-141.2329,0,0,0,1
1061.504,1061.5,0.018918,0.018646,1072.04,-703.9174,0,-141.6021,1.50523,1.50523,0.855117,NaN,NaN,NaN,NaN,0,20.1,-7.951741,0,-18.46022,-0.9184,0,-0.3956,-703.9174,0,1,0,0,0.3956,0,-0.9184,-141.6021,0,0,0,1
1061.522,1061.52,0.01781,0.018479,1072.057,-704.0765,0,-141.9713,1.507288,1.507288,0.855117,NaN,NaN,NaN,NaN,0,20.1,-7.957253,0,-18.45785,-0.9183,0,-0.3959,-704.0765,0,1,0,0,0.3959,0,-0.9183,-141.9713,0,0,0,1
1061.539,1061.53,0.017267,0.018236,1072.074,-704.1561,0,-142.1559,1.508292,1.508292,0.855117,NaN,NaN,NaN,NaN,0,20.1,-7.960008,0,-18.45667,-0.9182,0,-0.396,-704.1561,0,1,0,0,0.396,0,-0.9182,-142.1559,0,0,0,1
1061.563,1061.56,0.023223,0.019234,1072.099,-704.3951,0,-142.7095,1.511732,1.511732,0.855117,NaN,NaN,NaN,NaN,0,20.1,-7.96827,0,-18.4531,-0.9181,0,-0.3964,-704.3951,0,1,0,0,0.3964,0,-0.9181,-142.7095,0,0,0,1
1061.582,1061.58,0.019391,0.019265,1072.117,-704.5545,0,-143.0785,1.514118,1.514118,0.855117,NaN,NaN,NaN,NaN,0,20.1,-7.973776,0,-18.45072,-0.9179,0,-0.3967,-704.5545,0,1,0,0,0.3967,0,-0.9179,-143.0785,0,0,0,1
1061.598,1061.59,0.015817,0.018575,1072.132,-704.6343,0,-143.263,1.515376,1.515376,0.855117,NaN,NaN,NaN,NaN,0,20.1,-7.976529,0,-18.44953,-0.9179,0,-0.3968,-704.6343,0,1,0,0,0.3968,0,-0.9179,-143.263,0,0,0,1
1061.616,1061.61,0.018352,0.018531,1072.151,-704.7939,0,-143.632,1.517961,1.517961,0.855117,NaN,NaN,NaN,NaN,0,20.1,-7.982037,0,-18.44715,-0.9178,0,-0.3971,-704.7939,0,1,0,0,0.3971,0,-0.9178,-143.632,0,0,0,1
1061.633,1061.63,0.017055,0.018236,1072.168,-704.9536,0,-144.0009,1.520682,1.520682,0.869765,NaN,NaN,NaN,NaN,0,20.1,-7.987637,0,-18.44472,-0.9176,0,-0.3974,-704.9536,0,1,0,0,0.3974,0,-0.9176,-144.0009,0,0,0,1
1061.65,1061.64,0.016752,0.017939,1072.185,-705.0335,0,-144.1853,1.522071,1.522071,0.888076,NaN,NaN,NaN,NaN,0,20.1,-7.990496,0,-18.44348,-0.9176,0,-0.3975,-705.0335,0,1,0,0,0.3975,0,-0.9176,-144.1853,0,0,0,1
1061.665,1061.66,0.015106,0.017372,1072.2,-705.1934,0,-144.5541,1.52499,1.52499,0.924697,NaN,NaN,NaN,NaN,0,20.1,-7.996449,0,-18.4409,-0.9175,0,-0.3978,-705.1934,0,1,0,0,0.3978,0,-0.9175,-144.5541,0,0,0,1
1061.68,1061.68,0.015402,0.016978,1072.216,-705.3534,0,-144.9229,1.527971,1.527971,0.986953,NaN,NaN,NaN,NaN,0,20.1,-8.002802,0,-18.43815,-0.9173,0,-0.3981,-705.3534,0,1,0,0,0.3981,0,-0.9173,-144.9229,0,0,0,1
1061.698,1061.69,0.017075,0.016998,1072.232,-705.4335,0,-145.1073,1.529576,1.529576,1.071181,NaN,NaN,NaN,NaN,0,20.1,-8.006248,0,-18.43665,-0.9172,0,-0.3983,-705.4335,0,1,0,0,0.3983,0,-0.9172,-145.1073,0,0,0,1
1061.713,1061.71,0.015393,0.016677,1072.248,-705.5938,0,-145.476,1.532824,1.532824,1.181045,NaN,NaN,NaN,NaN,0,20.1,-8.013849,0,-18.43335,-0.9171,0,-0.3987,-705.5938,0,1,0,0,0.3987,0,-0.9171,-145.476,0,0,0,1
1061.729,1061.72,0.016011,0.016543,1072.264,-705.674,0,-145.6603,1.534547,1.534547,1.316543,NaN,NaN,NaN,NaN,0,20.1,-8.018085,0,-18.43151,-0.917,0,-0.3989,-705.674,0,1,0,0,0.3989,0,-0.917,-145.6603,0,0,0,1
1061.753,1061.75,0.024524,0.01814,1072.29,-705.9148,0,-146.2131,1.539983,1.539983,1.455717,NaN,NaN,NaN,NaN,0,20.1,-8.032131,0,-18.42539,-0.9167,0,-0.3996,-705.9148,0,1,0,0,0.3996,0,-0.9167,-146.2131,0,0,0,1
1061.771,1061.77,0.017835,0.018079,1072.307,-706.0756,0,-146.5815,1.543894,1.543894,1.745024,NaN,NaN,NaN,NaN,0,20.1,-8.043353,0,-18.4205,-0.9164,0,-0.4002,-706.0756,0,1,0,0,0.4002,0,-0.9164,-146.5815,0,0,0,1
1061.789,1061.78,0.017805,0.018024,1072.324,-706.1561,0,-146.7657,1.545883,1.545883,1.953764,NaN,NaN,NaN,NaN,0,20.1,-8.049634,0,-18.41775,-0.9163,0,-0.4005,-706.1561,0,1,0,0,0.4005,0,-0.9163,-146.7657,0,0,0,1
1061.805,1061.8,0.016015,0.017622,1072.34,-706.3173,0,-147.134,1.550197,1.550197,2.144194,NaN,NaN,NaN,NaN,0,20.1,-8.063416,0,-18.41172,-0.916,0,-0.4012,-706.3173,0,1,0,0,0.4012,0,-0.916,-147.134,0,0,0,1
1061.829,1061.82,0.024287,0.018955,1072.365,-706.4788,0,-147.5021,1.554783,1.554783,2.345624,NaN,NaN,NaN,NaN,0,20.1,-8.078488,0,-18.40511,-0.9157,0,-0.4019,-706.4788,0,1,0,0,0.4019,0,-0.9157,-147.5021,0,0,0,1
1061.846,1061.84,0.016272,0.018419,1072.381,-706.6406,0,-147.8701,1.559816,1.559816,2.671552,NaN,NaN,NaN,NaN,0,20.1,-8.095648,0,-18.39757,-0.9153,0,-0.4028,-706.6406,0,1,0,0,0.4028,0,-0.9153,-147.8701,0,0,0,1
1061.862,1061.86,0.016772,0.018089,1072.397,-706.8027,0,-148.2379,1.565184,1.565184,2.858319,NaN,NaN,NaN,NaN,0,20.1,-8.113998,0,-18.38948,-0.9149,0,-0.4037,-706.8027,0,1,0,0,0.4037,0,-0.9149,-148.2379,0,0,0,1
1061.878,1061.87,0.015106,0.017493,1072.412,-706.884,0,-148.4218,1.568103,1.568103,3.056073,NaN,NaN,NaN,NaN,0,20.1,-8.123807,0,-18.38515,-0.9147,0,-0.4042,-706.884,0,1,0,0,0.4042,0,-0.9147,-148.4218,0,0,0,1
1061.894,1061.89,0.016528,0.0173,1072.429,-707.0468,0,-148.7894,1.574077,1.574077,3.228192,NaN,NaN,NaN,NaN,0,20.1,-8.144519,0,-18.37599,-0.9142,0,-0.4052,-707.0468,0,1,0,0,0.4052,0,-0.9142,-148.7894,0,0,0,1
1061.915,1061.91,0.020704,0.017981,1072.45,-707.21,0,-149.1567,1.580579,1.580579,3.444271,NaN,NaN,NaN,NaN,0,20.1,-8.166606,0,-18.36618,-0.9137,0,-0.4063,-707.21,0,1,0,0,0.4063,0,-0.9137,-149.1567,0,0,0,1
1061.93,1061.93,0.015503,0.017485,1072.465,-707.3737,0,-149.5239,1.587608,1.587608,3.66766,NaN,NaN,NaN,NaN,0,20.1,-8.190113,0,-18.35571,-0.9132,0,-0.4075,-707.3737,0,1,0,0,0.4075,0,-0.9132,-149.5239,0,0,0,1
1061.946,1061.94,0.015926,0.017173,1072.481,-707.4557,0,-149.7074,1.59132,1.59132,3.839779,NaN,NaN,NaN,NaN,0,20.1,-8.202414,0,-18.35022,-0.9129,0,-0.4081,-707.4557,0,1,0,0,0.4081,0,-0.9129,-149.7074,0,0,0,1
1061.96,1061.95,0.013733,0.016485,1072.495,-707.5378,0,-149.8908,1.595169,1.595169,3.99725,NaN,NaN,NaN,NaN,0,20.1,-8.215213,0,-18.34449,-0.9127,0,-0.4087,-707.5378,0,1,0,0,0.4087,0,-0.9127,-149.8908,0,0,0,1
1061.975,1061.97,0.015565,0.016301,1072.51,-707.7025,0,-150.2575,1.60332,1.60332,4.143734,NaN,NaN,NaN,NaN,0,20.1,-8.241739,0,-18.33259,-0.9121,0,-0.41,-707.7025,0,1,0,0,0.41,0,-0.9121,-150.2575,0,0,0,1
1061.994,1061.99,0.018388,0.016719,1072.529,-707.8678,0,-150.624,1.612134,1.612134,4.286571,NaN,NaN,NaN,NaN,0,20.1,-8.269161,0,-18.32024,-0.9115,0,-0.4114,-707.8678,0,1,0,0,0.4114,0,-0.9115,-150.624,0,0,0,1
1062.017,1062.01,0.022725,0.01792,1072.552,-708.0336,0,-150.9902,1.621486,1.621486,4.473338,NaN,NaN,NaN,NaN,0,20.1,-8.297758,0,-18.3073,-0.9108,0,-0.4128,-708.0336,0,1,0,0,0.4128,0,-0.9108,-150.9902,0,0,0,1
1062.032,1062.03,0.01551,0.017438,1072.568,-708.2001,0,-151.3561,1.631564,1.631564,4.663768,NaN,NaN,NaN,NaN,0,20.1,-8.327551,0,-18.29377,-0.9101,0,-0.4143,-708.2001,0,1,0,0,0.4143,0,-0.9101,-151.3561,0,0,0,1
1062.047,1062.04,0.014414,0.016833,1072.581,-708.2834,0,-151.539,1.636746,1.636746,4.784617,NaN,NaN,NaN,NaN,0,20.1,-8.342825,0,-18.28681,-0.9098,0,-0.4151,-708.2834,0,1,0,0,0.4151,0,-0.9098,-151.539,0,0,0,1
1062.061,1062.06,0.014526,0.016372,1072.597,-708.4507,0,-151.9045,1.647753,1.647753,4.87617,NaN,NaN,NaN,NaN,0,20.1,-8.373938,0,-18.27258,-0.9091,0,-0.4166,-708.4507,0,1,0,0,0.4166,0,-0.9091,-151.9045,0,0,0,1
1062.078,1062.07,0.017133,0.016524,1072.613,-708.5347,0,-152.0872,1.653524,1.653524,4.956737,NaN,NaN,NaN,NaN,0,20.1,-8.389743,0,-18.26533,-0.9087,0,-0.4174,-708.5347,0,1,0,0,0.4174,0,-0.9087,-152.0872,0,0,0,1
1062.096,1062.09,0.017701,0.016759,1072.631,-708.7029,0,-152.4523,1.665597,1.665597,5.059276,NaN,NaN,NaN,NaN,0,20.1,-8.421987,0,-18.25048,-0.908,0,-0.419,-708.7029,0,1,0,0,0.419,0,-0.908,-152.4523,0,0,0,1
1062.116,1062.11,0.020153,0.017438,1072.652,-708.8719,0,-152.8171,1.678396,1.678396,5.139842,NaN,NaN,NaN,NaN,0,20.1,-8.454716,0,-18.23535,-0.9072,0,-0.4206,-708.8719,0,1,0,0,0.4206,0,-0.9072,-152.8171,0,0,0,1
1062.132,1062.13,0.016101,0.017171,1072.667,-709.0415,0,-153.1815,1.691983,1.691983,5.216761,NaN,NaN,NaN,NaN,0,20.1,-8.48791,0,-18.21992,-0.9065,0,-0.4223,-709.0415,0,1,0,0,0.4223,0,-0.9065,-153.1815,0,0,0,1
1062.149,1062.14,0.016635,0.017064,1072.683,-709.1265,0,-153.3637,1.698955,1.698955,5.26803,NaN,NaN,NaN,NaN,0,20.1,-8.504659,0,-18.21211,-0.9061,0,-0.4231,-709.1265,0,1,0,0,0.4231,0,-0.9061,-153.3637,0,0,0,1
1062.173,1062.17,0.02377,0.018405,1072.708,-709.3827,0,-153.9095,1.721175,1.721175,5.33761,NaN,NaN,NaN,NaN,0,20.1,-8.555523,0,-18.18827,-0.9049,0,-0.4256,-709.3827,0,1,0,0,0.4256,0,-0.9049,-153.9095,0,0,0,1
1062.189,1062.18,0.016592,0.018042,1072.724,-709.4684,0,-154.0914,1.728997,1.728997,5.469446,NaN,NaN,NaN,NaN,0,20.1,-8.572882,0,-18.18009,-0.9045,0,-0.4265,-709.4684,0,1,0,0,0.4265,0,-0.9045,-154.0914,0,0,0,1
1062.207,1062.2,0.017865,0.018007,1072.742,-709.6404,0,-154.4547,1.745112,1.745112,5.557337,NaN,NaN,NaN,NaN,0,20.1,-8.608132,0,-18.16343,-0.9037,0,-0.4283,-709.6404,0,1,0,0,0.4283,0,-0.9037,-154.4547,0,0,0,1
1062.223,1062.22,0.015954,0.017596,1072.758,-709.813,0,-154.8177,1.762082,1.762082,5.645227,NaN,NaN,NaN,NaN,0,20.1,-8.643908,0,-18.14643,-0.9028,0,-0.43,-709.813,0,1,0,0,0.43,0,-0.9028,-154.8177,0,0,0,1
1062.238,1062.23,0.01537,0.017151,1072.773,-709.8997,0,-154.9991,1.77084,1.77084,5.744104,NaN,NaN,NaN,NaN,0,20.1,-8.662096,0,-18.13775,-0.9024,0,-0.431,-709.8997,0,1,0,0,0.431,0,-0.9024,-154.9991,0,0,0,1
1062.254,1062.25,0.015639,0.016849,1072.789,-710.0734,0,-155.3616,1.789006,1.789006,5.831995,NaN,NaN,NaN,NaN,0,20.1,-8.699002,0,-18.12008,-0.9015,0,-0.4328,-710.0734,0,1,0,0,0.4328,0,-0.9015,-155.3616,0,0,0,1
1062.271,1062.27,0.016797,0.016838,1072.806,-710.2479,0,-155.7237,1.807972,1.807972,5.912561,NaN,NaN,NaN,NaN,0,20.1,-8.736381,0,-18.10209,-0.9006,0,-0.4346,-710.2479,0,1,0,0,0.4346,0,-0.9006,-155.7237,0,0,0,1
1062.286,1062.28,0.015226,0.016516,1072.821,-710.3354,0,-155.9046,1.817728,1.817728,5.971155,NaN,NaN,NaN,NaN,0,20.1,-8.755241,0,-18.09298,-0.9001,0,-0.4356,-710.3354,0,1,0,0,0.4356,0,-0.9001,-155.9046,0,0,0,1
1062.304,1062.3,0.017655,0.016744,1072.839,-710.5112,0,-156.2662,1.838082,1.838082,6.022425,NaN,NaN,NaN,NaN,0,20.1,-8.793259,0,-18.07454,-0.8992,0,-0.4375,-710.5112,0,1,0,0,0.4375,0,-0.8992,-156.2662,0,0,0,1
1062.318,1062.31,0.014375,0.01627,1072.853,-710.5993,0,-156.4469,1.848433,1.848433,6.070032,NaN,NaN,NaN,NaN,0,20.1,-8.812402,0,-18.06521,-0.8988,0,-0.4384,-710.5993,0,1,0,0,0.4384,0,-0.8988,-156.4469,0,0,0,1
1062.332,1062.33,0.013608,0.015738,1072.867,-710.7761,0,-156.8079,1.869983,1.869983,6.106668,NaN,NaN,NaN,NaN,0,20.1,-8.850889,0,-18.04638,-0.8978,0,-0.4403,-710.7761,0,1,0,0,0.4403,0,-0.8978,-156.8079,0,0,0,1
1062.347,1062.34,0.014886,0.015567,1072.881,-710.8648,0,-156.9883,1.881059,1.881059,6.124978,NaN,NaN,NaN,NaN,0,20.1,-8.870176,0,-18.03691,-0.8974,0,-0.4413,-710.8648,0,1,0,0,0.4413,0,-0.8974,-156.9883,0,0,0,1
1062.36,1062.36,0.013481,0.01515,1072.895,-711.0428,0,-157.3487,1.903874,1.903874,6.143289,NaN,NaN,NaN,NaN,0,20.1,-8.908835,0,-18.01785,-0.8964,0,-0.4432,-711.0428,0,1,0,0,0.4432,0,-0.8964,-157.3487,0,0,0,1
1062.374,1062.37,0.014068,0.014933,1072.909,-711.1321,0,-157.5288,1.915613,1.915613,6.157937,NaN,NaN,NaN,NaN,0,20.1,-8.928195,0,-18.00826,-0.8959,0,-0.4442,-711.1321,0,1,0,0,0.4442,0,-0.8959,-157.5288,0,0,0,1
1062.393,1062.39,0.018815,0.01571,1072.928,-711.3112,0,-157.8887,1.939692,1.939692,6.176248,NaN,NaN,NaN,NaN,0,20.1,-8.966997,0,-17.98897,-0.895,0,-0.4461,-711.3112,0,1,0,0,0.4461,0,-0.895,-157.8887,0,0,0,1
1062.408,1062.4,0.014653,0.015498,1072.942,-711.4011,0,-158.0685,1.952094,1.952094,6.194558,NaN,NaN,NaN,NaN,0,20.1,-8.986442,0,-17.97927,-0.8945,0,-0.4471,-711.4011,0,1,0,0,0.4471,0,-0.8945,-158.0685,0,0,0,1
1062.429,1062.42,0.021706,0.01674,1072.964,-711.5814,0,-158.4278,1.977494,1.977494,6.212869,NaN,NaN,NaN,NaN,0,20.1,-9.025412,0,-17.95974,-0.8935,0,-0.449,-711.5814,0,1,0,0,0.449,0,-0.8935,-158.4278,0,0,0,1
1062.444,1062.44,0.014718,0.016336,1072.979,-711.7625,0,-158.7867,2.003817,2.003817,6.260476,NaN,NaN,NaN,NaN,0,20.1,-9.064638,0,-17.93997,-0.8925,0,-0.451,-711.7625,0,1,0,0,0.451,0,-0.8925,-158.7867,0,0,0,1
1062.457,1062.45,0.013402,0.015749,1072.992,-711.8533,0,-158.966,2.017279,2.017279,6.2678,NaN,NaN,NaN,NaN,0,20.1,-9.084257,0,-17.93004,-0.892,0,-0.452,-711.8533,0,1,0,0,0.452,0,-0.892,-158.966,0,0,0,1
1062.471,1062.47,0.0133,0.015259,1073.006,-712.0356,0,-159.3243,2.044928,2.044928,6.275125,NaN,NaN,NaN,NaN,0,20.1,-9.123509,0,-17.9101,-0.891,0,-0.4539,-712.0356,0,1,0,0,0.4539,0,-0.891,-159.3243,0,0,0,1
1062.484,1062.48,0.01321,0.014849,1073.019,-712.1271,0,-159.5033,2.05906,2.05906,6.275125,NaN,NaN,NaN,NaN,0,20.1,-9.143119,0,-17.90009,-0.8906,0,-0.4549,-712.1271,0,1,0,0,0.4549,0,-0.8906,-159.5033,0,0,0,1
1062.505,1062.5,0.021309,0.016141,1073.04,-712.3105,0,-159.861,2.087911,2.087911,6.275125,NaN,NaN,NaN,NaN,0,20.1,-9.182306,0,-17.88002,-0.8896,0,-0.4568,-712.3105,0,1,0,0,0.4568,0,-0.8896,-159.861,0,0,0,1
1062.526,1062.52,0.020736,0.01706,1073.061,-712.4948,0,-160.2183,2.117755,2.117755,6.275125,NaN,NaN,NaN,NaN,0,20.1,-9.22145,0,-17.85987,-0.8886,0,-0.4588,-712.4948,0,1,0,0,0.4588,0,-0.8886,-160.2183,0,0,0,1
1062.539,1062.53,0.012755,0.016199,1073.073,-712.5872,0,-160.3968,2.132946,2.132946,6.275125,NaN,NaN,NaN,NaN,0,20.1,-9.241004,0,-17.84976,-0.888,0,-0.4598,-712.5872,0,1,0,0,0.4598,0,-0.888,-160.3968,0,0,0,1
1062.553,1062.55,0.013913,0.015742,1073.088,-712.7725,0,-160.7534,2.163985,2.163985,6.275125,NaN,NaN,NaN,NaN,0,20.1,-9.280081,0,-17.82947,-0.887,0,-0.4617,-712.7725,0,1,0,0,0.4617,0,-0.887,-160.7534,0,0,0,1
1062.568,1062.56,0.015051,0.015604,1073.102,-712.8655,0,-160.9316,2.179896,2.179896,6.275125,NaN,NaN,NaN,NaN,0,20.1,-9.299603,0,-17.8193,-0.8865,0,-0.4627,-712.8655,0,1,0,0,0.4627,0,-0.8865,-160.9316,0,0,0,1
1062.583,1062.58,0.015794,0.015642,1073.119,-713.0521,0,-161.2877,2.212398,2.212398,6.275125,NaN,NaN,NaN,NaN,0,20.1,-9.338612,0,-17.79889,-0.8855,0,-0.4646,-713.0521,0,1,0,0,0.4646,0,-0.8855,-161.2877,0,0,0,1
1062.6,1062.6,0.016912,0.015896,1073.136,-713.2394,0,-161.6434,2.245688,2.245688,6.278787,NaN,NaN,NaN,NaN,0,20.1,-9.3776,0,-17.77838,-0.8845,0,-0.4665,-713.2394,0,1,0,0,0.4665,0,-0.8845,-161.6434,0,0,0,1
1062.617,1062.61,0.017062,0.016129,1073.153,-713.3335,0,-161.8211,2.262788,2.262788,6.311746,NaN,NaN,NaN,NaN,0,20.1,-9.397179,0,-17.76804,-0.884,0,-0.4675,-713.3335,0,1,0,0,0.4675,0,-0.884,-161.8211,0,0,0,1
1062.637,1062.63,0.019267,0.016757,1073.172,-713.522,0,-162.1761,2.297348,2.297348,6.370339,NaN,NaN,NaN,NaN,0,20.1,-9.436666,0,-17.7471,-0.8829,0,-0.4695,-713.522,0,1,0,0,0.4695,0,-0.8829,-162.1761,0,0,0,1
1062.652,1062.65,0.015703,0.016546,1073.188,-713.7113,0,-162.5307,2.332888,2.332888,6.465554,NaN,NaN,NaN,NaN,0,20.1,-9.476695,0,-17.72575,-0.8819,0,-0.4715,-713.7113,0,1,0,0,0.4715,0,-0.8819,-162.5307,0,0,0,1
1062.666,1062.66,0.013536,0.015944,1073.201,-713.8063,0,-162.7079,2.350992,2.350992,6.590066,NaN,NaN,NaN,NaN,0,20.1,-9.497076,0,-17.71484,-0.8813,0,-0.4725,-713.8063,0,1,0,0,0.4725,0,-0.8813,-162.7079,0,0,0,1
1062.68,1062.68,0.014166,0.015589,1073.215,-713.9968,0,-163.0619,2.387932,2.387932,6.725564,NaN,NaN,NaN,NaN,0,20.1,-9.538639,0,-17.6925,-0.8802,0,-0.4746,-713.9968,0,1,0,0,0.4746,0,-0.8802,-163.0619,0,0,0,1
1062.694,1062.69,0.013676,0.015206,1073.228,-714.0924,0,-163.2387,2.406706,2.406706,6.846414,NaN,NaN,NaN,NaN,0,20.1,-9.559772,0,-17.68109,-0.8797,0,-0.4756,-714.0924,0,1,0,0,0.4756,0,-0.8797,-163.2387,0,0,0,1
1062.707,1062.7,0.013513,0.014867,1073.242,-714.1882,0,-163.4154,2.425802,2.425802,6.970925,NaN,NaN,NaN,NaN,0,20.1,-9.581278,0,-17.66945,-0.8791,0,-0.4767,-714.1882,0,1,0,0,0.4767,0,-0.8791,-163.4154,0,0,0,1
1062.727,1062.72,0.020132,0.01592,1073.262,-714.3805,0,-163.7684,2.464664,2.464664,7.121086,NaN,NaN,NaN,NaN,0,20.1,-9.62517,0,-17.64557,-0.8779,0,-0.4789,-714.3805,0,1,0,0,0.4789,0,-0.8779,-163.7684,0,0,0,1
1062.747,1062.74,0.020026,0.016741,1073.282,-714.5737,0,-164.1209,2.504585,2.504585,7.326164,NaN,NaN,NaN,NaN,0,20.1,-9.670263,0,-17.6209,-0.8767,0,-0.4811,-714.5737,0,1,0,0,0.4811,0,-0.8767,-164.1209,0,0,0,1
1062.762,1062.76,0.014207,0.016235,1073.297,-714.7678,0,-164.473,2.545504,2.545504,7.512932,NaN,NaN,NaN,NaN,0,20.1,-9.71644,0,-17.59548,-0.8754,0,-0.4834,-714.7678,0,1,0,0,0.4834,0,-0.8754,-164.473,0,0,0,1
1062.776,1062.77,0.014674,0.015923,1073.311,-714.8652,0,-164.6488,2.566342,2.566342,7.655754,NaN,NaN,NaN,NaN,0,20.1,-9.739942,0,-17.58248,-0.8748,0,-0.4846,-714.8652,0,1,0,0,0.4846,0,-0.8748,-164.6488,0,0,0,1
1062.789,1062.78,0.012614,0.015261,1073.323,-714.9628,0,-164.8245,2.587495,2.587495,7.809563,NaN,NaN,NaN,NaN,0,20.1,-9.763898,0,-17.56919,-0.8741,0,-0.4858,-714.9628,0,1,0,0,0.4858,0,-0.8741,-164.8245,0,0,0,1
1062.802,1062.8,0.012628,0.014734,1073.337,-715.1589,0,-165.1754,2.630665,2.630665,7.945061,NaN,NaN,NaN,NaN,0,20.1,-9.812587,0,-17.54204,-0.8727,0,-0.4882,-715.1589,0,1,0,0,0.4882,0,-0.8727,-165.1754,0,0,0,1
1062.816,1062.81,0.014249,0.014637,1073.351,-715.2573,0,-165.3507,2.65268,2.65268,8.102546,NaN,NaN,NaN,NaN,0,20.1,-9.837384,0,-17.52815,-0.872,0,-0.4894,-715.2573,0,1,0,0,0.4894,0,-0.872,-165.3507,0,0,0,1
1062.829,1062.82,0.013684,0.014446,1073.364,-715.3559,0,-165.5259,2.674443,2.674443,8.256354,NaN,NaN,NaN,NaN,0,20.1,-9.86263,0,-17.51395,-0.8713,0,-0.4907,-715.3559,0,1,0,0,0.4907,0,-0.8713,-165.5259,0,0,0,1
1062.849,1062.84,0.019801,0.015517,1073.385,-715.5539,0,-165.8757,2.716755,2.716755,8.428473,NaN,NaN,NaN,NaN,0,20.1,-9.914115,0,-17.48486,-0.8699,0,-0.4932,-715.5539,0,1,0,0,0.4932,0,-0.8699,-165.8757,0,0,0,1
1062.863,1062.86,0.013896,0.015193,1073.398,-715.753,0,-166.2249,2.760165,2.760165,8.69947,NaN,NaN,NaN,NaN,0,20.1,-9.967167,0,-17.45467,-0.8684,0,-0.4959,-715.753,0,1,0,0,0.4959,0,-0.8684,-166.2249,0,0,0,1
1062.881,1062.88,0.018269,0.015808,1073.417,-715.9532,0,-166.5736,2.800384,2.800384,8.886237,NaN,NaN,NaN,NaN,0,20.1,-10.02126,0,-17.42367,-0.8668,0,-0.4986,-715.9532,0,1,0,0,0.4986,0,-0.8668,-166.5736,0,0,0,1
1062.895,1062.89,0.013625,0.015372,1073.43,-716.0536,0,-166.7477,2.819968,2.819968,9.17922,NaN,NaN,NaN,NaN,0,20.1,-10.04916,0,-17.4076,-0.866,0,-0.5,-716.0536,0,1,0,0,0.5,0,-0.866,-166.7477,0,0,0,1
1062.908,1062.9,0.013408,0.014979,1073.443,-716.1544,0,-166.9216,2.840044,2.840044,9.355001,NaN,NaN,NaN,NaN,0,20.1,-10.07757,0,-17.39117,-0.8652,0,-0.5014,-716.1544,0,1,0,0,0.5014,0,-0.8652,-166.9216,0,0,0,1
1062.923,1062.92,0.014562,0.014895,1073.458,-716.3568,0,-167.2689,2.878872,2.878872,9.545431,NaN,NaN,NaN,NaN,0,20.1,-10.13546,0,-17.35749,-0.8636,0,-0.5043,-716.3568,0,1,0,0,0.5043,0,-0.8636,-167.2689,0,0,0,1
1062.937,1062.93,0.013478,0.014612,1073.471,-716.4584,0,-167.4423,2.896668,2.896668,9.728537,NaN,NaN,NaN,NaN,0,20.1,-10.16492,0,-17.34026,-0.8627,0,-0.5057,-716.4584,0,1,0,0,0.5057,0,-0.8627,-167.4423,0,0,0,1
1062.95,1062.95,0.013692,0.014428,1073.485,-716.6626,0,-167.7885,2.933306,2.933306,9.904332,NaN,NaN,NaN,NaN,0,20.1,-10.22481,0,-17.30501,-0.8609,0,-0.5087,-716.6626,0,1,0,0,0.5087,0,-0.8609,-167.7885,0,0,0,1
1062.971,1062.97,0.020834,0.015709,1073.506,-716.868,0,-168.1341,2.968528,2.968528,10.05448,NaN,NaN,NaN,NaN,0,20.1,-10.28548,0,-17.26902,-0.8592,0,-0.5117,-716.868,0,1,0,0,0.5117,0,-0.8592,-168.1341,0,0,0,1
1062.985,1062.98,0.013603,0.015288,1073.519,-716.9712,0,-168.3066,2.98501,2.98501,10.31815,NaN,NaN,NaN,NaN,0,20.1,-10.31656,0,-17.25047,-0.8582,0,-0.5133,-716.9712,0,1,0,0,0.5133,0,-0.8582,-168.3066,0,0,0,1
1063.004,1063,0.019362,0.016103,1073.539,-717.1784,0,-168.651,3.0188,3.0188,10.49027,NaN,NaN,NaN,NaN,0,20.1,-10.37966,0,-17.21258,-0.8563,0,-0.5164,-717.1784,0,1,0,0,0.5164,0,-0.8563,-168.651,0,0,0,1
1063.017,1063.01,0.013157,0.015514,1073.552,-717.2825,0,-168.823,3.035852,3.035852,10.74662,NaN,NaN,NaN,NaN,0,20.1,-10.41193,0,-17.19308,-0.8554,0,-0.518,-717.2825,0,1,0,0,0.518,0,-0.8554,-168.823,0,0,0,1
1063.033,1063.03,0.016198,0.015651,1073.569,-717.4918,0,-169.1662,3.065758,3.065758,10.87847,NaN,NaN,NaN,NaN,0,20.1,-10.47714,0,-17.15342,-0.8534,0,-0.5213,-717.4918,0,1,0,0,0.5213,0,-0.8534,-169.1662,0,0,0,1
1063.048,1063.04,0.014828,0.015486,1073.583,-717.5969,0,-169.3376,3.081254,3.081254,11.03228,NaN,NaN,NaN,NaN,0,20.1,-10.51015,0,-17.13321,-0.8524,0,-0.5229,-717.5969,0,1,0,0,0.5229,0,-0.8524,-169.3376,0,0,0,1
1063.062,1063.06,0.013537,0.015096,1073.597,-717.808,0,-169.6796,3.112032,3.112032,11.14214,NaN,NaN,NaN,NaN,0,20.1,-10.5767,0,-17.0922,-0.8504,0,-0.5262,-717.808,0,1,0,0,0.5262,0,-0.8504,-169.6796,0,0,0,1
1063.082,1063.08,0.019819,0.016041,1073.617,-718.0206,0,-170.0208,3.139474,3.139474,11.20806,NaN,NaN,NaN,NaN,0,20.1,-10.64349,0,-17.05069,-0.8483,0,-0.5295,-718.0206,0,1,0,0,0.5295,0,-0.8483,-170.0208,0,0,0,1
1063.095,1063.09,0.013067,0.015446,1073.629,-718.1273,0,-170.1911,3.153697,3.153697,11.26299,NaN,NaN,NaN,NaN,0,20.1,-10.67699,0,-17.02974,-0.8473,0,-0.5312,-718.1273,0,1,0,0,0.5312,0,-0.8473,-170.1911,0,0,0,1
1063.115,1063.11,0.020373,0.016431,1073.65,-718.3419,0,-170.5311,3.181348,3.181348,11.33257,NaN,NaN,NaN,NaN,0,20.1,-10.74427,0,-16.98737,-0.8451,0,-0.5345,-718.3419,0,1,0,0,0.5345,0,-0.8451,-170.5311,0,0,0,1
1063.129,1063.12,0.013983,0.015942,1073.664,-718.4496,0,-170.7008,3.193661,3.193661,11.43511,NaN,NaN,NaN,NaN,0,20.1,-10.77816,0,-16.96589,-0.8441,0,-0.5362,-718.4496,0,1,0,0,0.5362,0,-0.8441,-170.7008,0,0,0,1
1063.144,1063.14,0.014791,0.015712,1073.679,-718.6662,0,-171.0394,3.219378,3.219378,11.51567,NaN,NaN,NaN,NaN,0,20.1,-10.84627,0,-16.92243,-0.8419,0,-0.5396,-718.6662,0,1,0,0,0.5396,0,-0.8419,-171.0394,0,0,0,1
1063.159,1063.15,0.01495,0.015559,1073.693,-718.775,0,-171.2085,3.232849,3.232849,11.58525,NaN,NaN,NaN,NaN,0,20.1,-10.88046,0,-16.90046,-0.8408,0,-0.5413,-718.775,0,1,0,0,0.5413,0,-0.8408,-171.2085,0,0,0,1
1063.171,1063.17,0.012326,0.014913,1073.706,-718.9937,0,-171.5458,3.255064,3.255064,11.61821,NaN,NaN,NaN,NaN,0,20.1,-10.94891,0,-16.8562,-0.8386,0,-0.5447,-718.9937,0,1,0,0,0.5447,0,-0.8386,-171.5458,0,0,0,1
1063.193,1063.19,0.022261,0.016382,1073.729,-719.2136,0,-171.8822,3.278459,3.278459,11.64019,NaN,NaN,NaN,NaN,0,20.1,-11.01731,0,-16.81157,-0.8364,0,-0.5481,-719.2136,0,1,0,0,0.5481,0,-0.8364,-171.8822,0,0,0,1
1063.208,1063.2,0.014248,0.015955,1073.742,-719.3242,0,-172.0501,3.290222,3.290222,11.70977,NaN,NaN,NaN,NaN,0,20.1,-11.05165,0,-16.78902,-0.8353,0,-0.5498,-719.3242,0,1,0,0,0.5498,0,-0.8353,-172.0501,0,0,0,1
1063.227,1063.22,0.019401,0.016644,1073.762,-719.5462,0,-172.3852,3.309888,3.309888,11.79401,NaN,NaN,NaN,NaN,0,20.1,-11.12067,0,-16.74338,-0.833,0,-0.5533,-719.5462,0,1,0,0,0.5533,0,-0.833,-172.3852,0,0,0,1
1063.241,1063.24,0.014369,0.016189,1073.777,-719.7697,0,-172.7194,3.331071,3.331071,11.96247,NaN,NaN,NaN,NaN,0,20.1,-11.19049,0,-16.6968,-0.8307,0,-0.5567,-719.7697,0,1,0,0,0.5567,0,-0.8307,-172.7194,0,0,0,1
1063.255,1063.25,0.013668,0.015685,1073.79,-719.8819,0,-172.8861,3.340853,3.340853,12.13825,NaN,NaN,NaN,NaN,0,20.1,-11.22584,0,-16.67305,-0.8295,0,-0.5585,-719.8819,0,1,0,0,0.5585,0,-0.8295,-172.8861,0,0,0,1
1063.267,1063.26,0.012438,0.015036,1073.802,-719.9945,0,-173.0526,3.349377,3.349377,12.34333,NaN,NaN,NaN,NaN,0,20.1,-11.26173,0,-16.64883,-0.8283,0,-0.5603,-719.9945,0,1,0,0,0.5603,0,-0.8283,-173.0526,0,0,0,1
1063.28,1063.28,0.012815,0.014592,1073.815,-720.2208,0,-173.3849,3.367723,3.367723,12.56671,NaN,NaN,NaN,NaN,0,20.1,-11.33465,0,-16.59927,-0.8258,0,-0.5639,-720.2208,0,1,0,0,0.5639,0,-0.8258,-173.3849,0,0,0,1
1063.294,1063.29,0.013556,0.014384,1073.829,-720.3346,0,-173.5506,3.377561,3.377561,12.86336,NaN,NaN,NaN,NaN,0,20.1,-11.37189,0,-16.57378,-0.8246,0,-0.5658,-720.3346,0,1,0,0,0.5658,0,-0.8246,-173.5506,0,0,0,1
1063.315,1063.31,0.021492,0.015806,1073.85,-720.5631,0,-173.8813,3.393052,3.393052,13.20027,NaN,NaN,NaN,NaN,0,20.1,-11.44814,0,-16.52121,-0.822,0,-0.5696,-720.5631,0,1,0,0,0.5696,0,-0.822,-173.8813,0,0,0,1
1063.33,1063.33,0.014725,0.01559,1073.865,-720.7933,0,-174.2109,3.409677,3.409677,13.702,NaN,NaN,NaN,NaN,0,20.1,-11.52703,0,-16.46626,-0.8192,0,-0.5735,-720.7933,0,1,0,0,0.5735,0,-0.8192,-174.2109,0,0,0,1
1063.347,1063.34,0.017297,0.015931,1073.882,-720.9089,0,-174.3753,3.418548,3.418548,14.15976,NaN,NaN,NaN,NaN,0,20.1,-11.56768,0,-16.43773,-0.8178,0,-0.5755,-720.9089,0,1,0,0,0.5755,0,-0.8178,-174.3753,0,0,0,1
1063.361,1063.36,0.013689,0.015483,1073.896,-721.1415,0,-174.7031,3.431937,3.431937,14.60655,NaN,NaN,NaN,NaN,0,20.1,-11.65134,0,-16.37853,-0.8149,0,-0.5797,-721.1415,0,1,0,0,0.5797,0,-0.8149,-174.7031,0,0,0,1
1063.376,1063.37,0.014911,0.015368,1073.911,-721.2585,0,-174.8666,3.439328,3.439328,15.01671,NaN,NaN,NaN,NaN,0,20.1,-11.69423,0,-16.34794,-0.8133,0,-0.5818,-721.2585,0,1,0,0,0.5818,0,-0.8133,-174.8666,0,0,0,1
1063.389,1063.38,0.013526,0.015,1073.924,-721.3759,0,-175.0298,3.447251,3.447251,15.48547,NaN,NaN,NaN,NaN,0,20.1,-11.73837,0,-16.31627,-0.8118,0,-0.584,-721.3759,0,1,0,0,0.584,0,-0.8118,-175.0298,0,0,0,1
1063.402,1063.4,0.012814,0.014563,1073.938,-721.612,0,-175.3551,3.460627,3.460627,15.82605,NaN,NaN,NaN,NaN,0,20.1,-11.82833,0,-16.25118,-0.8085,0,-0.5885,-721.612,0,1,0,0,0.5885,0,-0.8085,-175.3551,0,0,0,1
1063.416,1063.41,0.013876,0.014425,1073.951,-721.7307,0,-175.5173,3.467078,3.467078,16.21057,NaN,NaN,NaN,NaN,0,20.1,-11.87426,0,-16.21764,-0.8068,0,-0.5908,-721.7307,0,1,0,0,0.5908,0,-0.8068,-175.5173,0,0,0,1
1063.438,1063.43,0.021804,0.015901,1073.973,-721.9696,0,-175.8406,3.481703,3.481703,16.58778,NaN,NaN,NaN,NaN,0,20.1,-11.96796,0,-16.14862,-0.8034,0,-0.5954,-721.9696,0,1,0,0,0.5954,0,-0.8034,-175.8406,0,0,0,1
1063.451,1063.45,0.012738,0.015268,1073.986,-722.2104,0,-176.1625,3.493659,3.493659,17.11513,NaN,NaN,NaN,NaN,0,20.1,-12.06423,0,-16.07683,-0.7998,0,-0.6002,-722.2104,0,1,0,0,0.6002,0,-0.7998,-176.1625,0,0,0,1
1063.471,1063.47,0.020018,0.016218,1074.006,-722.4532,0,-176.4829,3.506798,3.506798,17.37881,NaN,NaN,NaN,NaN,0,20.1,-12.16153,0,-16.00335,-0.7962,0,-0.6051,-722.4532,0,1,0,0,0.6051,0,-0.7962,-176.4829,0,0,0,1
1063.484,1063.48,0.013253,0.015625,1074.019,-722.5754,0,-176.6426,3.514287,3.514287,17.77066,NaN,NaN,NaN,NaN,0,20.1,-12.21111,0,-15.96555,-0.7943,0,-0.6075,-722.5754,0,1,0,0,0.6075,0,-0.7943,-176.6426,0,0,0,1
1063.498,1063.49,0.013822,0.015264,1074.032,-722.698,0,-176.8019,3.519454,3.519454,17.99405,NaN,NaN,NaN,NaN,0,20.1,-12.26119,0,-15.92712,-0.7924,0,-0.61,-722.698,0,1,0,0,0.61,0,-0.7924,-176.8019,0,0,0,1
1063.512,1063.51,0.014348,0.015081,1074.047,-722.9447,0,-177.1192,3.531268,3.531268,18.16983,NaN,NaN,NaN,NaN,0,20.1,-12.36196,0,-15.84904,-0.7885,0,-0.615,-722.9447,0,1,0,0,0.615,0,-0.7885,-177.1192,0,0,0,1
1063.526,1063.52,0.014198,0.014905,1074.061,-723.0688,0,-177.2773,3.53805,3.53805,18.33464,NaN,NaN,NaN,NaN,0,20.1,-12.41262,0,-15.8094,-0.7865,0,-0.6175,-723.0688,0,1,0,0,0.6175,0,-0.7865,-177.2773,0,0,0,1
1063.54,1063.53,0.013198,0.014563,1074.074,-723.1935,0,-177.435,3.54481,3.54481,18.42619,NaN,NaN,NaN,NaN,0,20.1,-12.46339,0,-15.7694,-0.7845,0,-0.6201,-723.1935,0,1,0,0,0.6201,0,-0.7845,-177.435,0,0,0,1
1063.563,1063.56,0.023133,0.016277,1074.098,-723.5704,0,-177.9057,3.561717,3.561717,18.50676,NaN,NaN,NaN,NaN,0,20.1,-12.61561,0,-15.64789,-0.7785,0,-0.6276,-723.5704,0,1,0,0,0.6276,0,-0.7785,-177.9057,0,0,0,1
1063.582,1063.58,0.018918,0.016805,1074.117,-723.8243,0,-178.2174,3.574463,3.574463,18.61296,NaN,NaN,NaN,NaN,0,20.1,-12.71701,0,-15.56559,-0.7744,0,-0.6327,-723.8243,0,1,0,0,0.6327,0,-0.7744,-178.2174,0,0,0,1
1063.595,1063.59,0.013104,0.016065,1074.129,-723.952,0,-178.3727,3.579554,3.579554,18.64958,NaN,NaN,NaN,NaN,0,20.1,-12.76761,0,-15.52412,-0.7723,0,-0.6352,-723.952,0,1,0,0,0.6352,0,-0.7723,-178.3727,0,0,0,1
1063.607,1063.6,0.012372,0.015326,1074.141,-724.0801,0,-178.5275,3.585228,3.585228,18.64958,NaN,NaN,NaN,NaN,0,20.1,-12.81807,0,-15.48248,-0.7703,0,-0.6377,-724.0801,0,1,0,0,0.6377,0,-0.7703,-178.5275,0,0,0,1
1063.62,1063.61,0.012442,0.01475,1074.154,-724.2088,0,-178.6819,3.591542,3.591542,18.64958,NaN,NaN,NaN,NaN,0,20.1,-12.8684,0,-15.44067,-0.7682,0,-0.6402,-724.2088,0,1,0,0,0.6402,0,-0.7682,-178.6819,0,0,0,1
1063.632,1063.63,0.012926,0.014385,1074.167,-724.4677,0,-178.9894,3.603532,3.603532,18.64958,NaN,NaN,NaN,NaN,0,20.1,-12.96864,0,-15.35657,-0.764,0,-0.6452,-724.4677,0,1,0,0,0.6452,0,-0.764,-178.9894,0,0,0,1
1063.646,1063.64,0.013554,0.014219,1074.18,-724.5979,0,-179.1426,3.608726,3.608726,18.64958,NaN,NaN,NaN,NaN,0,20.1,-13.01856,0,-15.31428,-0.7619,0,-0.6477,-724.5979,0,1,0,0,0.6477,0,-0.7619,-179.1426,0,0,0,1
1063.658,1063.65,0.012228,0.013821,1074.193,-724.7285,0,-179.2953,3.614398,3.614398,18.64958,NaN,NaN,NaN,NaN,0,20.1,-13.06834,0,-15.27182,-0.7598,0,-0.6502,-724.7285,0,1,0,0,0.6502,0,-0.7598,-179.2953,0,0,0,1
1063.671,1063.67,0.013211,0.013699,1074.207,-724.9914,0,-179.5995,3.627436,3.627436,18.64958,NaN,NaN,NaN,NaN,0,20.1,-13.16748,0,-15.18643,-0.7555,0,-0.6551,-724.9914,0,1,0,0,0.6551,0,-0.7555,-179.5995,0,0,0,1
1063.692,1063.69,0.020863,0.015131,1074.227,-725.2562,0,-179.9019,3.63725,3.63725,18.64958,NaN,NaN,NaN,NaN,0,20.1,-13.26607,0,-15.10039,-0.7513,0,-0.66,-725.2562,0,1,0,0,0.66,0,-0.7513,-179.9019,0,0,0,1
1063.706,1063.7,0.013748,0.014855,1074.24,-725.3894,0,-180.0525,3.643122,3.643122,18.64958,NaN,NaN,NaN,NaN,0,20.1,-13.31515,0,-15.05713,-0.7491,0,-0.6624,-725.3894,0,1,0,0,0.6624,0,-0.7491,-180.0525,0,0,0,1
1063.727,1063.72,0.02087,0.016058,1074.262,-725.6572,0,-180.3523,3.6554,3.6554,18.64958,NaN,NaN,NaN,NaN,0,20.1,-13.41288,0,-14.97012,-0.7448,0,-0.6673,-725.6572,0,1,0,0,0.6673,0,-0.7448,-180.3523,0,0,0,1
1063.741,1063.74,0.013694,0.015585,1074.276,-725.9269,0,-180.6504,3.665387,3.665387,18.64958,NaN,NaN,NaN,NaN,0,20.1,-13.51005,0,-14.88249,-0.7404,0,-0.6721,-725.9269,0,1,0,0,0.6721,0,-0.7404,-180.6504,0,0,0,1
1063.754,1063.75,0.01388,0.015244,1074.289,-726.0625,0,-180.7988,3.671316,3.671316,18.64958,NaN,NaN,NaN,NaN,0,20.1,-13.55842,0,-14.83844,-0.7382,0,-0.6745,-726.0625,0,1,0,0,0.6745,0,-0.7382,-180.7988,0,0,0,1
1063.766,1063.76,0.011892,0.014573,1074.301,-726.1985,0,-180.9467,3.677846,3.677846,18.64958,NaN,NaN,NaN,NaN,0,20.1,-13.60665,0,-14.79423,-0.736,0,-0.6769,-726.1985,0,1,0,0,0.6769,0,-0.736,-180.9467,0,0,0,1
1063.78,1063.78,0.013754,0.01441,1074.315,-726.4721,0,-181.2413,3.687489,3.687489,18.64958,NaN,NaN,NaN,NaN,0,20.1,-13.70267,0,-14.70534,-0.7316,0,-0.6817,-726.4721,0,1,0,0,0.6817,0,-0.7316,-181.2413,0,0,0,1
1063.793,1063.79,0.013047,0.014137,1074.328,-726.6096,0,-181.3879,3.692885,3.692885,18.64958,NaN,NaN,NaN,NaN,0,20.1,-13.75046,0,-14.66066,-0.7294,0,-0.6841,-726.6096,0,1,0,0,0.6841,0,-0.7294,-181.3879,0,0,0,1
1063.806,1063.8,0.012642,0.013838,1074.34,-726.7476,0,-181.534,3.698892,3.698892,18.64958,NaN,NaN,NaN,NaN,0,20.1,-13.79811,0,-14.61583,-0.7272,0,-0.6865,-726.7476,0,1,0,0,0.6865,0,-0.7272,-181.534,0,0,0,1
1063.827,1063.82,0.020883,0.015247,1074.361,-727.025,0,-181.825,3.709458,3.709458,18.64958,NaN,NaN,NaN,NaN,0,20.1,-13.89297,0,-14.52569,-0.7227,0,-0.6912,-727.025,0,1,0,0,0.6912,0,-0.7227,-181.825,0,0,0,1
1063.839,1063.83,0.012665,0.014731,1074.374,-727.1644,0,-181.9698,3.714349,3.714349,18.64958,NaN,NaN,NaN,NaN,0,20.1,-13.94017,0,-14.48039,-0.7204,0,-0.6935,-727.1644,0,1,0,0,0.6935,0,-0.7204,-181.9698,0,0,0,1
1063.859,1063.85,0.019791,0.015743,1074.394,-727.4446,0,-182.2581,3.725847,3.725847,18.64958,NaN,NaN,NaN,NaN,0,20.1,-14.03414,0,-14.38934,-0.7159,0,-0.6982,-727.4446,0,1,0,0,0.6982,0,-0.7159,-182.2581,0,0,0,1
1063.873,1063.87,0.013719,0.015338,1074.408,-727.7267,0,-182.5445,3.735713,3.735713,18.64958,NaN,NaN,NaN,NaN,0,20.1,-14.12752,0,-14.29767,-0.7113,0,-0.7029,-727.7267,0,1,0,0,0.7029,0,-0.7113,-182.5445,0,0,0,1
1063.886,1063.88,0.013233,0.014917,1074.421,-727.8684,0,-182.687,3.740608,3.740608,18.64592,NaN,NaN,NaN,NaN,0,20.1,-14.17397,0,-14.25162,-0.709,0,-0.7052,-727.8684,0,1,0,0,0.7052,0,-0.709,-182.687,0,0,0,1
1063.899,1063.89,0.013228,0.014579,1074.434,-728.0106,0,-182.829,3.746146,3.746146,18.63127,NaN,NaN,NaN,NaN,0,20.1,-14.22024,0,-14.20545,-0.7067,0,-0.7075,-728.0106,0,1,0,0,0.7075,0,-0.7067,-182.829,0,0,0,1
1063.912,1063.91,0.012291,0.014121,1074.447,-728.2964,0,-183.1118,3.756909,3.756909,18.61296,NaN,NaN,NaN,NaN,0,20.1,-14.31224,0,-14.11276,-0.7021,0,-0.7121,-728.2964,0,1,0,0,0.7121,0,-0.7021,-183.1118,0,0,0,1
1063.927,1063.92,0.015341,0.014365,1074.462,-728.4399,0,-183.2524,3.76128,3.76128,18.57267,NaN,NaN,NaN,NaN,0,20.1,-14.35791,0,-14.06629,-0.6998,0,-0.7143,-728.4399,0,1,0,0,0.7143,0,-0.6998,-183.2524,0,0,0,1
1063.94,1063.93,0.012754,0.014043,1074.474,-728.584,0,-183.3926,3.766259,3.766259,18.50676,NaN,NaN,NaN,NaN,0,20.1,-14.40327,0,-14.01985,-0.6975,0,-0.7166,-728.584,0,1,0,0,0.7166,0,-0.6975,-183.3926,0,0,0,1
1063.965,1063.96,0.025051,0.016245,1074.5,-729.0188,0,-183.8104,3.781791,3.781791,18.42619,NaN,NaN,NaN,NaN,0,20.1,-14.53786,0,-13.88023,-0.6906,0,-0.7233,-729.0188,0,1,0,0,0.7233,0,-0.6906,-183.8104,0,0,0,1
1063.979,1063.97,0.014238,0.015843,1074.514,-729.1646,0,-183.9488,3.786181,3.786181,18.21743,NaN,NaN,NaN,NaN,0,20.1,-14.58191,0,-13.83393,-0.6883,0,-0.7255,-729.1646,0,1,0,0,0.7255,0,-0.6883,-183.9488,0,0,0,1
1063.994,1063.99,0.014511,0.015577,1074.529,-729.4575,0,-184.2241,3.796735,3.796735,18.11123,NaN,NaN,NaN,NaN,0,20.1,-14.66908,0,-13.74147,-0.6837,0,-0.7298,-729.4575,0,1,0,0,0.7298,0,-0.6837,-184.2241,0,0,0,1
1064.008,1064,0.014938,0.015449,1074.543,-729.6046,0,-184.361,3.801845,3.801845,17.97573,NaN,NaN,NaN,NaN,0,20.1,-14.71212,0,-13.69538,-0.6814,0,-0.7319,-729.6046,0,1,0,0,0.7319,0,-0.6814,-184.361,0,0,0,1
1064.024,1064.02,0.015911,0.015541,1074.56,-729.9001,0,-184.6335,3.809992,3.809992,17.85855,NaN,NaN,NaN,NaN,0,20.1,-14.79721,0,-13.60341,-0.6768,0,-0.7362,-729.9001,0,1,0,0,0.7362,0,-0.6768,-184.6335,0,0,0,1
1064.038,1064.03,0.013709,0.015175,1074.573,-730.0485,0,-184.7691,3.814926,3.814926,17.71939,NaN,NaN,NaN,NaN,0,20.1,-14.83921,0,-13.55758,-0.6745,0,-0.7383,-730.0485,0,1,0,0,0.7383,0,-0.6745,-184.7691,0,0,0,1
1064.06,1064.05,0.021658,0.016472,1074.595,-730.3465,0,-185.0389,3.824528,3.824528,17.58389,NaN,NaN,NaN,NaN,0,20.1,-14.92215,0,-13.46624,-0.67,0,-0.7424,-730.3465,0,1,0,0,0.7424,0,-0.67,-185.0389,0,0,0,1
1064.074,1064.07,0.01411,0.015999,1074.609,-730.6462,0,-185.3069,3.832461,3.832461,17.39712,NaN,NaN,NaN,NaN,0,20.1,-15.00365,0,-13.37538,-0.6654,0,-0.7465,-730.6462,0,1,0,0,0.7465,0,-0.6654,-185.3069,0,0,0,1
1064.093,1064.09,0.018857,0.016571,1074.628,-730.9474,0,-185.573,3.842561,3.842561,17.2726,NaN,NaN,NaN,NaN,0,20.1,-15.08402,0,-13.28467,-0.6609,0,-0.7504,-730.9474,0,1,0,0,0.7504,0,-0.6609,-185.573,0,0,0,1
1064.106,1064.1,0.013574,0.015971,1074.641,-731.0987,0,-185.7054,3.845549,3.845549,17.11513,NaN,NaN,NaN,NaN,0,20.1,-15.12363,0,-13.23956,-0.6587,0,-0.7524,-731.0987,0,1,0,0,0.7524,0,-0.6587,-185.7054,0,0,0,1
1064.12,1064.12,0.013876,0.015552,1074.655,-731.4023,0,-185.9688,3.853127,3.853127,17.00892,NaN,NaN,NaN,NaN,0,20.1,-15.20197,0,-13.14953,-0.6542,0,-0.7563,-731.4023,0,1,0,0,0.7563,0,-0.6542,-185.9688,0,0,0,1
1064.133,1064.13,0.013139,0.01507,1074.668,-731.5547,0,-186.0999,3.857726,3.857726,16.91371,NaN,NaN,NaN,NaN,0,20.1,-15.24072,0,-13.1046,-0.652,0,-0.7582,-731.5547,0,1,0,0,0.7582,0,-0.652,-186.0999,0,0,0,1
1064.146,1064.14,0.0126,0.014576,1074.681,-731.7075,0,-186.2305,3.861881,3.861881,16.85512,NaN,NaN,NaN,NaN,0,20.1,-15.27921,0,-13.0597,-0.6497,0,-0.7602,-731.7075,0,1,0,0,0.7602,0,-0.6497,-186.2305,0,0,0,1
1064.158,1064.15,0.01225,0.014111,1074.693,-731.8607,0,-186.3606,3.864622,3.864622,16.7892,NaN,NaN,NaN,NaN,0,20.1,-15.31741,0,-13.01488,-0.6475,0,-0.7621,-731.8607,0,1,0,0,0.7621,0,-0.6475,-186.3606,0,0,0,1
1064.173,1064.17,0.014485,0.014186,1074.708,-732.1682,0,-186.6196,3.871684,3.871684,16.74159,NaN,NaN,NaN,NaN,0,20.1,-15.39321,0,-12.92514,-0.643,0,-0.7658,-732.1682,0,1,0,0,0.7658,0,-0.643,-186.6196,0,0,0,1
1064.192,1064.19,0.019594,0.015267,1074.727,-732.4772,0,-186.8767,3.878941,3.878941,16.70497,NaN,NaN,NaN,NaN,0,20.1,-15.46831,0,-12.83516,-0.6386,0,-0.7696,-732.4772,0,1,0,0,0.7696,0,-0.6386,-186.8767,0,0,0,1
1064.205,1064.2,0.012645,0.014743,1074.739,-732.6322,0,-187.0046,3.881358,3.881358,16.67201,NaN,NaN,NaN,NaN,0,20.1,-15.50559,0,-12.79009,-0.6363,0,-0.7714,-732.6322,0,1,0,0,0.7714,0,-0.6363,-187.0046,0,0,0,1
1064.217,1064.21,0.012278,0.01425,1074.752,-732.7877,0,-187.1321,3.884374,3.884374,16.67201,NaN,NaN,NaN,NaN,0,20.1,-15.54275,0,-12.74493,-0.6341,0,-0.7733,-732.7877,0,1,0,0,0.7733,0,-0.6341,-187.1321,0,0,0,1
1064.238,1064.23,0.021054,0.015611,1074.773,-733.0997,0,-187.3856,3.891983,3.891983,16.67201,NaN,NaN,NaN,NaN,0,20.1,-15.61665,0,-12.65426,-0.6296,0,-0.7769,-733.0997,0,1,0,0,0.7769,0,-0.6296,-187.3856,0,0,0,1
1064.251,1064.25,0.012419,0.014972,1074.786,-733.4132,0,-187.6373,3.895904,3.895904,16.67201,NaN,NaN,NaN,NaN,0,20.1,-15.69003,0,-12.56316,-0.625,0,-0.7806,-733.4132,0,1,0,0,0.7806,0,-0.625,-187.6373,0,0,0,1
1064.264,1064.26,0.013541,0.014686,1074.799,-733.5704,0,-187.7625,3.898598,3.898598,16.67201,NaN,NaN,NaN,NaN,0,20.1,-15.72652,0,-12.51745,-0.6228,0,-0.7824,-733.5704,0,1,0,0,0.7824,0,-0.6228,-187.7625,0,0,0,1
1064.277,1064.27,0.012593,0.014267,1074.811,-733.7281,0,-187.8872,3.901901,3.901901,16.67201,NaN,NaN,NaN,NaN,0,20.1,-15.76288,0,-12.47164,-0.6205,0,-0.7842,-733.7281,0,1,0,0,0.7842,0,-0.6205,-187.8872,0,0,0,1
1064.29,1064.28,0.012994,0.014013,1074.824,-733.8861,0,-188.0115,3.904768,3.904768,16.67201,NaN,NaN,NaN,NaN,0,20.1,-15.7991,0,-12.42572,-0.6182,0,-0.786,-733.8861,0,1,0,0,0.786,0,-0.6182,-188.0115,0,0,0,1
1064.303,1064.3,0.013013,0.013813,1074.838,-734.2031,0,-188.2586,3.907999,3.907999,16.67201,NaN,NaN,NaN,NaN,0,20.1,-15.87115,0,-12.33356,-0.6136,0,-0.7896,-734.2031,0,1,0,0,0.7896,0,-0.6136,-188.2586,0,0,0,1
1064.316,1064.31,0.013068,0.013664,1074.85,-734.3622,0,-188.3815,3.910434,3.910434,16.67201,NaN,NaN,NaN,NaN,0,20.1,-15.90697,0,-12.28733,-0.6113,0,-0.7914,-734.3622,0,1,0,0,0.7914,0,-0.6113,-188.3815,0,0,0,1
1064.337,1064.33,0.020795,0.01509,1074.871,-734.6814,0,-188.6258,3.915022,3.915022,16.65736,NaN,NaN,NaN,NaN,0,20.1,-15.97814,0,-12.19463,-0.6067,0,-0.7949,-734.6814,0,1,0,0,0.7949,0,-0.6067,-188.6258,0,0,0,1
1064.349,1064.34,0.012453,0.014563,1074.883,-734.8416,0,-188.7473,3.916106,3.916106,16.66835,NaN,NaN,NaN,NaN,0,20.1,-16.01355,0,-12.1481,-0.6044,0,-0.7967,-734.8416,0,1,0,0,0.7967,0,-0.6044,-188.7473,0,0,0,1
1064.371,1064.37,0.022233,0.016097,1074.907,-735.3241,0,-189.109,3.922625,3.922625,16.66835,NaN,NaN,NaN,NaN,0,20.1,-16.11896,0,-12.00788,-0.5974,0,-0.8019,-735.3241,0,1,0,0,0.8019,0,-0.5974,-189.109,0,0,0,1
