time,fixedTime,deltaTime,smoothDeltaTime,realtimeSinceStartup,pos_x,pos_y,pos_z,distFromRoadCenter,signedDistFromRoadCenter,wheelAngle,obstacle_pos_x,obstacle_pos_y,obstacle_pos_z,distance_to_obstacle,brake_position,car_speed,car_vel_x,car_vel_y,car_vel_z,simplecar_4x4_R0C0,simplecar_4x4_R0C1,simplecar_4x4_R0C2,simplecar_4x4_R0C3,simplecar_4x4_R1C0,simplecar_4x4_R1C1,simplecar_4x4_R1C2,simplecar_4x4_R1C3,simplecar_4x4_R2C0,simplecar_4x4_R2C1,simplecar_4x4_R2C2,simplecar_4x4_R2C3,simplecar_4x4_R3C0,simplecar_4x4_R3C1,simplecar_4x4_R3C2,simplecar_4x4_R3C3
188.9104,188.91,0.014199,0.016059,199.4507,-265.0135,0,-181.9424,1.576023,1.576023,1.917143,NaN,NaN,NaN,NaN,0,20.1,-14.19173,0,-14.23394,-0.7082,0,-0.7061,-265.0135,0,1,0,0,0.7061,0,-0.7082,-181.9424,0,0,0,1
188.9299,188.92,0.019426,0.016732,199.4644,-265.1555,0,-182.0847,1.577007,1.577007,1.917143,NaN,NaN,NaN,NaN,0,20.1,-14.19649,0,-14.22919,-0.7079,0,-0.7063,-265.1555,0,1,0,0,0.7063,0,-0.7079,-182.0847,0,0,0,1
188.945,188.94,0.015085,0.016403,199.4798,-265.4395,0,-182.3691,1.579172,1.579172,1.917143,NaN,NaN,NaN,NaN,0,20.1,-14.20601,0,-14.21968,-0.7074,0,-0.7068,-265.4395,0,1,0,0,0.7068,0,-0.7074,-182.3691,0,0,0,1
188.9668,188.96,0.021813,0.017485,199.5017,-265.7238,0,-182.6534,1.5816,1.5816,1.917143,NaN,NaN,NaN,NaN,0,20.1,-14.21552,0,-14.21018,-0.707,0,-0.7072,-265.7238,0,1,0,0,0.7072,0,-0.707,-182.6534,0,0,0,1
188.9811,188.98,0.014334,0.016855,199.516,-266.0082,0,-182.9375,1.584275,1.584275,1.917143,NaN,NaN,NaN,NaN,0,20.1,-14.22503,0,-14.20066,-0.7065,0,-0.7077,-266.0082,0,1,0,0,0.7077,0,-0.7065,-182.9375,0,0,0,1
188.9967,188.99,0.015564,0.016597,199.5313,-266.1505,0,-183.0794,1.585743,1.585743,1.917143,NaN,NaN,NaN,NaN,0,20.1,-14.22978,0,-14.1959,-0.7063,0,-0.7079,-266.1505,0,1,0,0,0.7079,0,-0.7063,-183.0794,0,0,0,1
189.0097,189,0.013045,0.015886,199.5442,-266.2929,0,-183.2213,1.587275,1.587275,1.917143,NaN,NaN,NaN,NaN,0,20.1,-14.23453,0,-14.19114,-0.706,0,-0.7082,-266.2929,0,1,0,0,0.7082,0,-0.706,-183.2213,0,0,0,1
189.0237,189.02,0.013976,0.015504,199.5584,-266.5777,0,-183.505,1.590501,1.590501,1.917143,NaN,NaN,NaN,NaN,0,20.1,-14.24402,0,-14.18161,-0.7056,0,-0.7087,-266.5777,0,1,0,0,0.7087,0,-0.7056,-183.505,0,0,0,1
189.0439,189.04,0.02022,0.016447,199.579,-266.8627,0,-183.7885,1.594008,1.594008,1.917143,NaN,NaN,NaN,NaN,0,20.1,-14.25351,0,-14.17207,-0.7051,0,-0.7091,-266.8627,0,1,0,0,0.7091,0,-0.7051,-183.7885,0,0,0,1
189.0582,189.05,0.014317,0.016021,199.5927,-267.0053,0,-183.9301,1.595853,1.595853,1.917143,NaN,NaN,NaN,NaN,0,20.1,-14.25825,0,-14.1673,-0.7048,0,-0.7094,-267.0053,0,1,0,0,0.7094,0,-0.7048,-183.9301,0,0,0,1
189.0789,189.07,0.020678,0.016952,199.6138,-267.2906,0,-184.2133,1.599759,1.599759,1.917143,NaN,NaN,NaN,NaN,0,20.1,-14.26773,0,-14.15776,-0.7044,0,-0.7098,-267.2906,0,1,0,0,0.7098,0,-0.7044,-184.2133,0,0,0,1
189.0931,189.09,0.014196,0.016401,199.6278,-267.5761,0,-184.4964,1.603935,1.603935,1.917143,NaN,NaN,NaN,NaN,0,20.1,-14.2772,0,-14.1482,-0.7039,0,-0.7103,-267.5761,0,1,0,0,0.7103,0,-0.7039,-184.4964,0,0,0,1
189.1085,189.1,0.015436,0.016208,199.643,-267.7189,0,-184.6378,1.606125,1.606125,1.917143,NaN,NaN,NaN,NaN,0,20.1,-14.28193,0,-14.14343,-0.7037,0,-0.7105,-267.7189,0,1,0,0,0.7105,0,-0.7037,-184.6378,0,0,0,1
189.1218,189.12,0.01325,0.015617,199.6567,-268.0047,0,-184.9205,1.61071,1.61071,1.917143,NaN,NaN,NaN,NaN,0,20.1,-14.29139,0,-14.13386,-0.7032,0,-0.711,-268.0047,0,1,0,0,0.711,0,-0.7032,-184.9205,0,0,0,1
189.1361,189.13,0.014282,0.01535,199.6706,-268.1477,0,-185.0618,1.613106,1.613106,1.920805,NaN,NaN,NaN,NaN,0,20.1,-14.29613,0,-14.12908,-0.7029,0,-0.7113,-268.1477,0,1,0,0,0.7113,0,-0.7029,-185.0618,0,0,0,1
189.1579,189.15,0.021778,0.016635,199.6928,-268.4337,0,-185.3442,1.618091,1.618091,1.931791,NaN,NaN,NaN,NaN,0,20.1,-14.30565,0,-14.11943,-0.7025,0,-0.7117,-268.4337,0,1,0,0,0.7117,0,-0.7025,-185.3442,0,0,0,1
189.1781,189.17,0.020233,0.017355,199.713,-268.72,0,-185.6265,1.623356,1.623356,1.939116,NaN,NaN,NaN,NaN,0,20.1,-14.31521,0,-14.10975,-0.702,0,-0.7122,-268.72,0,1,0,0,0.7122,0,-0.702,-185.6265,0,0,0,1
189.1933,189.19,0.015171,0.016918,199.7289,-269.0064,0,-185.9085,1.628881,1.628881,1.953764,NaN,NaN,NaN,NaN,0,20.1,-14.32483,0,-14.09998,-0.7015,0,-0.7127,-269.0064,0,1,0,0,0.7127,0,-0.7015,-185.9085,0,0,0,1
189.2092,189.2,0.015895,0.016713,199.7437,-269.1497,0,-186.0495,1.631761,1.631761,1.968412,NaN,NaN,NaN,NaN,0,20.1,-14.32967,0,-14.09506,-0.7012,0,-0.7129,-269.1497,0,1,0,0,0.7129,0,-0.7012,-186.0495,0,0,0,1
189.2276,189.22,0.01841,0.017053,199.7625,-269.4365,0,-186.3312,1.637706,1.637706,1.983061,NaN,NaN,NaN,NaN,0,20.1,-14.33942,0,-14.08514,-0.7008,0,-0.7134,-269.4365,0,1,0,0,0.7134,0,-0.7008,-186.3312,0,0,0,1
189.245,189.24,0.017464,0.017135,199.7801,-269.7234,0,-186.6128,1.643921,1.643921,2.005033,NaN,NaN,NaN,NaN,0,20.1,-14.34928,0,-14.0751,-0.7003,0,-0.7139,-269.7234,0,1,0,0,0.7139,0,-0.7003,-186.6128,0,0,0,1
189.2678,189.26,0.022761,0.01826,199.8029,-270.0106,0,-186.8941,1.650438,1.650438,2.019682,NaN,NaN,NaN,NaN,0,20.1,-14.3592,0,-14.06498,-0.6998,0,-0.7144,-270.0106,0,1,0,0,0.7144,0,-0.6998,-186.8941,0,0,0,1
189.2899,189.28,0.022163,0.019041,199.8251,-270.2979,0,-187.1753,1.657258,1.657258,2.056303,NaN,NaN,NaN,NaN,0,20.1,-14.36929,0,-14.05467,-0.6992,0,-0.7149,-270.2979,0,1,0,0,0.7149,0,-0.6992,-187.1753,0,0,0,1
189.3063,189.3,0.016307,0.018494,199.8412,-270.5854,0,-187.4562,1.664336,1.664336,2.089262,NaN,NaN,NaN,NaN,0,20.1,-14.37954,0,-14.04418,-0.6987,0,-0.7154,-270.5854,0,1,0,0,0.7154,0,-0.6987,-187.4562,0,0,0,1
189.3244,189.32,0.018107,0.018417,199.8593,-270.8732,0,-187.737,1.671716,1.671716,2.107573,NaN,NaN,NaN,NaN,0,20.1,-14.38987,0,-14.0336,-0.6982,0,-0.7159,-270.8732,0,1,0,0,0.7159,0,-0.6982,-187.737,0,0,0,1
189.3392,189.33,0.014894,0.017712,199.8738,-271.0172,0,-187.8772,1.675525,1.675525,2.158842,NaN,NaN,NaN,NaN,0,20.1,-14.39515,0,-14.02818,-0.6979,0,-0.7162,-271.0172,0,1,0,0,0.7162,0,-0.6979,-187.8772,0,0,0,1
189.359,189.35,0.019787,0.018127,199.894,-271.3052,0,-188.1576,1.68339,1.68339,2.195463,NaN,NaN,NaN,NaN,0,20.1,-14.4059,0,-14.01714,-0.6974,0,-0.7167,-271.3052,0,1,0,0,0.7167,0,-0.6974,-188.1576,0,0,0,1
189.379,189.37,0.019974,0.018497,199.9143,-271.5935,0,-188.4378,1.691537,1.691537,2.257719,NaN,NaN,NaN,NaN,0,20.1,-14.41694,0,-14.00579,-0.6968,0,-0.7173,-271.5935,0,1,0,0,0.7173,0,-0.6968,-188.4378,0,0,0,1
189.3952,189.39,0.016174,0.018032,199.9306,-271.882,0,-188.7178,1.700028,1.700028,2.327299,NaN,NaN,NaN,NaN,0,20.1,-14.42831,0,-13.99406,-0.6962,0,-0.7178,-271.882,0,1,0,0,0.7178,0,-0.6962,-188.7178,0,0,0,1
189.4101,189.41,0.014889,0.017403,199.9451,-272.1708,0,-188.9975,1.708833,1.708833,2.393231,NaN,NaN,NaN,NaN,0,20.1,-14.44,0,-13.98201,-0.6956,0,-0.7184,-272.1708,0,1,0,0,0.7184,0,-0.6956,-188.9975,0,0,0,1
189.4281,189.42,0.018073,0.017537,199.9628,-272.3152,0,-189.1372,1.713375,1.713375,2.451825,NaN,NaN,NaN,NaN,0,20.1,-14.44598,0,-13.97583,-0.6953,0,-0.7187,-272.3152,0,1,0,0,0.7187,0,-0.6953,-189.1372,0,0,0,1
189.4466,189.44,0.018461,0.017722,199.9815,-272.6044,0,-189.4165,1.72273,1.72273,2.550702,NaN,NaN,NaN,NaN,0,20.1,-14.45842,0,-13.96296,-0.6947,0,-0.7193,-272.6044,0,1,0,0,0.7193,0,-0.6947,-189.4165,0,0,0,1
189.4696,189.46,0.023,0.018778,200.005,-272.8937,0,-189.6956,1.732452,1.732452,2.642255,NaN,NaN,NaN,NaN,0,20.1,-14.47129,0,-13.94962,-0.694,0,-0.72,-272.8937,0,1,0,0,0.72,0,-0.694,-189.6956,0,0,0,1
189.486,189.48,0.016399,0.018302,200.0224,-273.1833,0,-189.9744,1.74254,1.74254,2.774091,NaN,NaN,NaN,NaN,0,20.1,-14.48479,0,-13.9356,-0.6933,0,-0.7206,-273.1833,0,1,0,0,0.7206,0,-0.6933,-189.9744,0,0,0,1
189.5058,189.5,0.019798,0.018601,200.041,-273.4733,0,-190.2529,1.753017,1.753017,2.847333,NaN,NaN,NaN,NaN,0,20.1,-14.49863,0,-13.9212,-0.6926,0,-0.7213,-273.4733,0,1,0,0,0.7213,0,-0.6926,-190.2529,0,0,0,1
189.5217,189.52,0.015914,0.018064,200.0569,-273.7635,0,-190.5311,1.763915,1.763915,2.96452,NaN,NaN,NaN,NaN,0,20.1,-14.51303,0,-13.90618,-0.6918,0,-0.722,-273.7635,0,1,0,0,0.722,0,-0.6918,-190.5311,0,0,0,1
189.5457,189.54,0.023933,0.019237,200.0809,-274.0539,0,-190.8089,1.775244,1.775244,3.056073,NaN,NaN,NaN,NaN,0,20.1,-14.52786,0,-13.89069,-0.6911,0,-0.7228,-274.0539,0,1,0,0,0.7228,0,-0.6911,-190.8089,0,0,0,1
189.5695,189.56,0.023855,0.020161,200.1046,-274.3447,0,-191.0865,1.787037,1.787037,3.191571,NaN,NaN,NaN,NaN,0,20.1,-14.54333,0,-13.8745,-0.6903,0,-0.7235,-274.3447,0,1,0,0,0.7235,0,-0.6903,-191.0865,0,0,0,1
189.5844,189.58,0.014922,0.019113,200.1203,-274.6358,0,-191.3637,1.799262,1.799262,3.312435,NaN,NaN,NaN,NaN,0,20.1,-14.55936,0,-13.85767,-0.6894,0,-0.7243,-274.6358,0,1,0,0,0.7243,0,-0.6894,-191.3637,0,0,0,1
189.6015,189.6,0.01706,0.018703,200.1371,-274.9272,0,-191.6406,1.811951,1.811951,3.378353,NaN,NaN,NaN,NaN,0,20.1,-14.57569,0,-13.8405,-0.6886,0,-0.7252,-274.9272,0,1,0,0,0.7252,0,-0.6886,-191.6406,0,0,0,1
189.6174,189.61,0.015957,0.018153,200.1521,-275.0731,0,-191.779,1.818479,1.818479,3.45892,NaN,NaN,NaN,NaN,0,20.1,-14.58404,0,-13.83169,-0.6881,0,-0.7256,-275.0731,0,1,0,0,0.7256,0,-0.6881,-191.779,0,0,0,1
189.6332,189.63,0.015795,0.017682,200.1684,-275.365,0,-192.0553,1.831869,1.831869,3.513851,NaN,NaN,NaN,NaN,0,20.1,-14.601,0,-13.8138,-0.6873,0,-0.7264,-275.365,0,1,0,0,0.7264,0,-0.6873,-192.0553,0,0,0,1
189.6506,189.65,0.017387,0.017623,200.1856,-275.6573,0,-192.3313,1.845809,1.845809,3.568783,NaN,NaN,NaN,NaN,0,20.1,-14.61819,0,-13.7956,-0.6863,0,-0.7273,-275.6573,0,1,0,0,0.7273,0,-0.6863,-192.3313,0,0,0,1
189.6663,189.66,0.015697,0.017238,200.201,-275.8036,0,-192.4692,1.852974,1.852974,3.612728,NaN,NaN,NaN,NaN,0,20.1,-14.62689,0,-13.78637,-0.6859,0,-0.7277,-275.8036,0,1,0,0,0.7277,0,-0.6859,-192.4692,0,0,0,1
189.6813,189.68,0.014949,0.01678,200.2164,-276.0964,0,-192.7446,1.86768,1.86768,3.649349,NaN,NaN,NaN,NaN,0,20.1,-14.64444,0,-13.76773,-0.685,0,-0.7286,-276.0964,0,1,0,0,0.7286,0,-0.685,-192.7446,0,0,0,1
189.6982,189.69,0.016924,0.016809,200.2327,-276.2429,0,-192.8822,1.875222,1.875222,3.671322,NaN,NaN,NaN,NaN,0,20.1,-14.65326,0,-13.75834,-0.6845,0,-0.729,-276.2429,0,1,0,0,0.729,0,-0.6845,-192.8822,0,0,0,1
189.7129,189.71,0.014695,0.016386,200.2478,-276.5362,0,-193.1571,1.890673,1.890673,3.704281,NaN,NaN,NaN,NaN,0,20.1,-14.67104,0,-13.73939,-0.6836,0,-0.7299,-276.5362,0,1,0,0,0.7299,0,-0.6836,-193.1571,0,0,0,1
189.7354,189.73,0.022469,0.017602,200.2706,-276.8299,0,-193.4316,1.906642,1.906642,3.726254,NaN,NaN,NaN,NaN,0,20.1,-14.6889,0,-13.72029,-0.6826,0,-0.7308,-276.8299,0,1,0,0,0.7308,0,-0.6826,-193.4316,0,0,0,1
189.7565,189.75,0.021092,0.0183,200.2914,-277.1239,0,-193.7057,1.92315,1.92315,3.773861,NaN,NaN,NaN,NaN,0,20.1,-14.70696,0,-13.70093,-0.6816,0,-0.7317,-277.1239,0,1,0,0,0.7317,0,-0.6816,-193.7057,0,0,0,1
189.7717,189.77,0.01529,0.017698,200.3066,-277.4183,0,-193.9794,1.940198,1.940198,3.82513,NaN,NaN,NaN,NaN,0,20.1,-14.72524,0,-13.68128,-0.6807,0,-0.7326,-277.4183,0,1,0,0,0.7326,0,-0.6807,-193.9794,0,0,0,1
189.7867,189.78,0.014937,0.017146,200.3213,-277.5657,0,-194.1161,1.948938,1.948938,3.861752,NaN,NaN,NaN,NaN,0,20.1,-14.73446,0,-13.67135,-0.6802,0,-0.7331,-277.5657,0,1,0,0,0.7331,0,-0.6802,-194.1161,0,0,0,1
189.802,189.8,0.015351,0.016787,200.3372,-277.8606,0,-194.3893,1.966784,1.966784,3.905697,NaN,NaN,NaN,NaN,0,20.1,-14.75308,0,-13.65125,-0.6792,0,-0.734,-277.8606,0,1,0,0,0.734,0,-0.6792,-194.3893,0,0,0,1
189.8162,189.81,0.01421,0.016271,200.3508,-278.0082,0,-194.5257,1.975891,1.975891,3.964291,NaN,NaN,NaN,NaN,0,20.1,-14.76253,0,-13.64104,-0.6787,0,-0.7345,-278.0082,0,1,0,0,0.7345,0,-0.6787,-194.5257,0,0,0,1
189.8338,189.83,0.017545,0.016526,200.3688,-278.3038,0,-194.7982,1.994622,1.994622,4.026546,NaN,NaN,NaN,NaN,0,20.1,-14.78168,0,-13.62028,-0.6776,0,-0.7354,-278.3038,0,1,0,0,0.7354,0,-0.6776,-194.7982,0,0,0,1
189.8561,189.85,0.022298,0.017681,200.3916,-278.5997,0,-195.0703,2.013903,2.013903,4.103451,NaN,NaN,NaN,NaN,0,20.1,-14.80118,0,-13.59909,-0.6766,0,-0.7364,-278.5997,0,1,0,0,0.7364,0,-0.6766,-195.0703,0,0,0,1
189.8709,189.87,0.014776,0.0171,200.4057,-278.8961,0,-195.3419,2.033756,2.033756,4.249949,NaN,NaN,NaN,NaN,0,20.1,-14.82133,0,-13.57712,-0.6755,0,-0.7374,-278.8961,0,1,0,0,0.7374,0,-0.6755,-195.3419,0,0,0,1
189.8855,189.88,0.014598,0.016599,200.4202,-279.0444,0,-195.4776,2.043921,2.043921,4.356151,NaN,NaN,NaN,NaN,0,20.1,-14.83165,0,-13.56585,-0.6749,0,-0.7379,-279.0444,0,1,0,0,0.7379,0,-0.6749,-195.4776,0,0,0,1
189.8997,189.89,0.014225,0.016125,200.4342,-279.1928,0,-195.6131,2.054225,2.054225,4.462352,NaN,NaN,NaN,NaN,0,20.1,-14.84221,0,-13.55429,-0.6743,0,-0.7384,-279.1928,0,1,0,0,0.7384,0,-0.6743,-195.6131,0,0,0,1
189.9141,189.91,0.014378,0.015775,200.4491,-279.49,0,-195.8839,2.075351,2.075351,4.601512,NaN,NaN,NaN,NaN,0,20.1,-14.86397,0,-13.53043,-0.6732,0,-0.7395,-279.49,0,1,0,0,0.7395,0,-0.6732,-195.8839,0,0,0,1
189.9331,189.93,0.019078,0.016436,200.4682,-279.7876,0,-196.1541,2.097136,2.097136,4.729686,NaN,NaN,NaN,NaN,0,20.1,-14.88628,0,-13.50588,-0.6719,0,-0.7406,-279.7876,0,1,0,0,0.7406,0,-0.6719,-196.1541,0,0,0,1
189.949,189.94,0.015865,0.016322,200.4837,-279.9366,0,-196.289,2.108282,2.108282,4.890819,NaN,NaN,NaN,NaN,0,20.1,-14.89781,0,-13.49316,-0.6713,0,-0.7412,-279.9366,0,1,0,0,0.7412,0,-0.6713,-196.289,0,0,0,1
189.9724,189.97,0.0234,0.017737,200.5078,-280.3842,0,-196.693,2.142766,2.142766,5.040965,NaN,NaN,NaN,NaN,0,20.1,-14.93337,0,-13.45379,-0.6693,0,-0.743,-280.3842,0,1,0,0,0.743,0,-0.6693,-196.693,0,0,0,1
189.9866,189.98,0.014235,0.017037,200.5213,-280.5336,0,-196.8275,2.154602,2.154602,5.227747,NaN,NaN,NaN,NaN,0,20.1,-14.94564,0,-13.44016,-0.6687,0,-0.7436,-280.5336,0,1,0,0,0.7436,0,-0.6687,-196.8275,0,0,0,1
189.9997,189.99,0.013094,0.016248,200.5344,-280.6832,0,-196.9617,2.166633,2.166633,5.333948,NaN,NaN,NaN,NaN,0,20.1,-14.95814,0,-13.42624,-0.668,0,-0.7442,-280.6832,0,1,0,0,0.7442,0,-0.668,-196.9617,0,0,0,1
190.0137,190.01,0.014003,0.015799,200.5492,-280.9828,0,-197.2298,2.191298,2.191298,5.440149,NaN,NaN,NaN,NaN,0,20.1,-14.98361,0,-13.39781,-0.6666,0,-0.7455,-280.9828,0,1,0,0,0.7455,0,-0.6666,-197.2298,0,0,0,1
190.0344,190.03,0.020698,0.016779,200.5696,-281.2828,0,-197.4973,2.216697,2.216697,5.54635,NaN,NaN,NaN,NaN,0,20.1,-15.00953,0,-13.36878,-0.6651,0,-0.7467,-281.2828,0,1,0,0,0.7467,0,-0.6651,-197.4973,0,0,0,1
190.0558,190.05,0.021327,0.017689,200.5911,-281.5834,0,-197.7643,2.242938,2.242938,5.678186,NaN,NaN,NaN,NaN,0,20.1,-15.03599,0,-13.33901,-0.6636,0,-0.7481,-281.5834,0,1,0,0,0.7481,0,-0.6636,-197.7643,0,0,0,1
190.071,190.07,0.01526,0.017203,200.606,-281.8845,0,-198.0306,2.269956,2.269956,5.831995,NaN,NaN,NaN,NaN,0,20.1,-15.06312,0,-13.30837,-0.6621,0,-0.7494,-281.8845,0,1,0,0,0.7494,0,-0.6621,-198.0306,0,0,0,1
190.0852,190.08,0.014159,0.016594,200.6197,-282.0353,0,-198.1635,2.283777,2.283777,5.919886,NaN,NaN,NaN,NaN,0,20.1,-15.07686,0,-13.29279,-0.6613,0,-0.7501,-282.0353,0,1,0,0,0.7501,0,-0.6613,-198.1635,0,0,0,1
190.0987,190.09,0.013542,0.015984,200.6333,-282.1862,0,-198.2963,2.297804,2.297804,5.989466,NaN,NaN,NaN,NaN,0,20.1,-15.09075,0,-13.27703,-0.6605,0,-0.7508,-282.1862,0,1,0,0,0.7508,0,-0.6605,-198.2963,0,0,0,1
190.1134,190.11,0.014651,0.015717,200.6486,-282.4884,0,-198.5613,2.326483,2.326483,6.055384,NaN,NaN,NaN,NaN,0,20.1,-15.11878,0,-13.2451,-0.659,0,-0.7522,-282.4884,0,1,0,0,0.7522,0,-0.659,-198.5613,0,0,0,1
190.1345,190.13,0.021107,0.016795,200.6701,-282.7912,0,-198.8258,2.356047,2.356047,6.143289,NaN,NaN,NaN,NaN,0,20.1,-15.14714,0,-13.21265,-0.6573,0,-0.7536,-282.7912,0,1,0,0,0.7536,0,-0.6573,-198.8258,0,0,0,1
190.1557,190.15,0.021249,0.017686,200.691,-283.0946,0,-199.0895,2.386496,2.386496,6.245828,NaN,NaN,NaN,NaN,0,20.1,-15.17591,0,-13.17959,-0.6557,0,-0.755,-283.0946,0,1,0,0,0.755,0,-0.6557,-199.0895,0,0,0,1
190.1708,190.17,0.015046,0.017158,200.7057,-283.3986,0,-199.3526,2.417808,2.417808,6.33738,NaN,NaN,NaN,NaN,0,20.1,-15.20503,0,-13.14599,-0.654,0,-0.7565,-283.3986,0,1,0,0,0.7565,0,-0.654,-199.3526,0,0,0,1
190.1848,190.18,0.013997,0.016526,200.7194,-283.5508,0,-199.4839,2.43381,2.43381,6.395974,NaN,NaN,NaN,NaN,0,20.1,-15.2197,0,-13.12901,-0.6532,0,-0.7572,-283.5508,0,1,0,0,0.7572,0,-0.6532,-199.4839,0,0,0,1
190.198,190.19,0.013277,0.015876,200.7325,-283.7031,0,-199.615,2.450027,2.450027,6.439919,NaN,NaN,NaN,NaN,0,20.1,-15.23444,0,-13.11189,-0.6523,0,-0.7579,-283.7031,0,1,0,0,0.7579,0,-0.6523,-199.615,0,0,0,1
190.2122,190.21,0.01411,0.015523,200.7472,-284.0082,0,-199.8767,2.48314,2.48314,6.502175,NaN,NaN,NaN,NaN,0,20.1,-15.26416,0,-13.07728,-0.6506,0,-0.7594,-284.0082,0,1,0,0,0.7594,0,-0.6506,-199.8767,0,0,0,1
190.2265,190.22,0.014322,0.015283,200.761,-284.161,0,-200.0073,2.500037,2.500037,6.590066,NaN,NaN,NaN,NaN,0,20.1,-15.2792,0,-13.05972,-0.6497,0,-0.7602,-284.161,0,1,0,0,0.7602,0,-0.6497,-200.0073,0,0,0,1
190.2471,190.24,0.020639,0.016354,200.7823,-284.4671,0,-200.268,2.534575,2.534575,6.692605,NaN,NaN,NaN,NaN,0,20.1,-15.30966,0,-13.02399,-0.648,0,-0.7617,-284.4671,0,1,0,0,0.7617,0,-0.648,-200.268,0,0,0,1
190.2668,190.26,0.019683,0.01702,200.8022,-284.7738,0,-200.5279,2.570052,2.570052,6.846414,NaN,NaN,NaN,NaN,0,20.1,-15.34074,0,-12.98736,-0.6461,0,-0.7632,-284.7738,0,1,0,0,0.7632,0,-0.6461,-200.5279,0,0,0,1
190.2823,190.28,0.015527,0.016721,200.8172,-285.0811,0,-200.7871,2.606446,2.606446,7.018533,NaN,NaN,NaN,NaN,0,20.1,-15.37252,0,-12.94974,-0.6443,0,-0.7648,-285.0811,0,1,0,0,0.7648,0,-0.6443,-200.7871,0,0,0,1
190.2977,190.29,0.015342,0.016445,200.8323,-285.235,0,-200.9164,2.625058,2.625058,7.172356,NaN,NaN,NaN,NaN,0,20.1,-15.38872,0,-12.93049,-0.6433,0,-0.7656,-285.235,0,1,0,0,0.7656,0,-0.6433,-200.9164,0,0,0,1
190.3118,190.31,0.01411,0.015978,200.8469,-285.5432,0,-201.1744,2.663017,2.663017,7.329826,NaN,NaN,NaN,NaN,0,20.1,-15.42175,0,-12.89107,-0.6413,0,-0.7673,-285.5432,0,1,0,0,0.7673,0,-0.6413,-201.1744,0,0,0,1
190.3267,190.32,0.014899,0.015762,200.8612,-285.6976,0,-201.3031,2.682406,2.682406,7.465324,NaN,NaN,NaN,NaN,0,20.1,-15.43853,0,-12.87097,-0.6403,0,-0.7681,-285.6976,0,1,0,0,0.7681,0,-0.6403,-201.3031,0,0,0,1
190.3448,190.34,0.018069,0.016224,200.8796,-286.0069,0,-201.5599,2.721886,2.721886,7.582512,NaN,NaN,NaN,NaN,0,20.1,-15.47255,0,-12.83006,-0.6383,0,-0.7698,-286.0069,0,1,0,0,0.7698,0,-0.6383,-201.5599,0,0,0,1
190.3588,190.35,0.014044,0.015788,200.8934,-286.1618,0,-201.688,2.742041,2.742041,7.73632,NaN,NaN,NaN,NaN,0,20.1,-15.48985,0,-12.80916,-0.6373,0,-0.7706,-286.1618,0,1,0,0,0.7706,0,-0.6373,-201.688,0,0,0,1
190.3781,190.37,0.019273,0.016485,200.913,-286.4721,0,-201.9435,2.78315,2.78315,7.879143,NaN,NaN,NaN,NaN,0,20.1,-15.52503,0,-12.76651,-0.6351,0,-0.7724,-286.4721,0,1,0,0,0.7724,0,-0.6351,-201.9435,0,0,0,1
190.3917,190.39,0.013593,0.015906,200.9267,-286.7831,0,-202.1982,2.822696,2.822696,8.047614,NaN,NaN,NaN,NaN,0,20.1,-15.56083,0,-12.72284,-0.633,0,-0.7742,-286.7831,0,1,0,0,0.7742,0,-0.633,-202.1982,0,0,0,1
190.4062,190.4,0.014551,0.015635,200.9407,-286.9389,0,-202.3252,2.842674,2.842674,8.150153,NaN,NaN,NaN,NaN,0,20.1,-15.57891,0,-12.7007,-0.6319,0,-0.7751,-286.9389,0,1,0,0,0.7751,0,-0.6319,-202.3252,0,0,0,1
190.4199,190.41,0.013693,0.015247,200.9545,-287.0949,0,-202.452,2.862892,2.862892,8.267341,NaN,NaN,NaN,NaN,0,20.1,-15.59722,0,-12.6782,-0.6308,0,-0.776,-287.0949,0,1,0,0,0.776,0,-0.6308,-202.452,0,0,0,1
190.4342,190.43,0.014277,0.015053,200.9692,-287.4074,0,-202.7049,2.901465,2.901465,8.36988,NaN,NaN,NaN,NaN,0,20.1,-15.63419,0,-12.63258,-0.6285,0,-0.7778,-287.4074,0,1,0,0,0.7778,0,-0.6285,-202.7049,0,0,0,1
190.4482,190.44,0.013977,0.014838,200.9832,-287.5639,0,-202.831,2.919462,2.919462,8.476081,NaN,NaN,NaN,NaN,0,20.1,-15.65287,0,-12.60944,-0.6273,0,-0.7787,-287.5639,0,1,0,0,0.7787,0,-0.6273,-202.831,0,0,0,1
190.4663,190.46,0.018183,0.015507,201.0014,-287.8775,0,-203.0825,2.956262,2.956262,8.593268,NaN,NaN,NaN,NaN,0,20.1,-15.69062,0,-12.56243,-0.625,0,-0.7806,-287.8775,0,1,0,0,0.7806,0,-0.625,-203.0825,0,0,0,1
190.481,190.48,0.014663,0.015338,201.0164,-288.192,0,-203.333,2.99079,2.99079,8.703132,NaN,NaN,NaN,NaN,0,20.1,-15.72871,0,-12.5147,-0.6226,0,-0.7825,-288.192,0,1,0,0,0.7825,0,-0.6226,-203.333,0,0,0,1
190.5002,190.5,0.019246,0.01612,201.0354,-288.5071,0,-203.5826,3.02372,3.02372,8.78736,NaN,NaN,NaN,NaN,0,20.1,-15.76702,0,-12.4664,-0.6202,0,-0.7844,-288.5071,0,1,0,0,0.7844,0,-0.6202,-203.5826,0,0,0,1
190.5155,190.51,0.015236,0.015943,201.0504,-288.6649,0,-203.707,3.040631,3.040631,8.941183,NaN,NaN,NaN,NaN,0,20.1,-15.78646,0,-12.44178,-0.619,0,-0.7854,-288.6649,0,1,0,0,0.7854,0,-0.619,-203.707,0,0,0,1
190.5284,190.52,0.01289,0.015332,201.063,-288.823,0,-203.8312,3.056683,3.056683,9.076681,NaN,NaN,NaN,NaN,0,20.1,-15.80615,0,-12.41675,-0.6177,0,-0.7864,-288.823,0,1,0,0,0.7864,0,-0.6177,-203.8312,0,0,0,1
190.5414,190.54,0.013014,0.014869,201.0764,-289.1397,0,-204.0787,3.085848,3.085848,9.201193,NaN,NaN,NaN,NaN,0,20.1,-15.84595,0,-12.36592,-0.6152,0,-0.7884,-289.1397,0,1,0,0,0.7884,0,-0.6152,-204.0787,0,0,0,1
190.5549,190.55,0.013546,0.014604,201.0897,-289.2983,0,-204.2021,3.100869,3.100869,9.325705,NaN,NaN,NaN,NaN,0,20.1,-15.86605,0,-12.34012,-0.6139,0,-0.7894,-289.2983,0,1,0,0,0.7894,0,-0.6139,-204.2021,0,0,0,1
190.5695,190.56,0.014558,0.014595,201.1041,-289.4572,0,-204.3253,3.116237,3.116237,9.442892,NaN,NaN,NaN,NaN,0,20.1,-15.88637,0,-12.31395,-0.6126,0,-0.7904,-289.4572,0,1,0,0,0.7904,0,-0.6126,-204.3253,0,0,0,1
190.5887,190.58,0.019213,0.015518,201.1236,-289.7756,0,-204.5708,3.142859,3.142859,9.582052,NaN,NaN,NaN,NaN,0,20.1,-15.92747,0,-12.26074,-0.61,0,-0.7924,-289.7756,0,1,0,0,0.7924,0,-0.61,-204.5708,0,0,0,1
190.6028,190.6,0.014095,0.015234,201.1377,-290.0948,0,-204.8152,3.169625,3.169625,9.779806,NaN,NaN,NaN,NaN,0,20.1,-15.96923,0,-12.2063,-0.6073,0,-0.7945,-290.0948,0,1,0,0,0.7945,0,-0.6073,-204.8152,0,0,0,1
190.6251,190.62,0.022341,0.016655,201.161,-290.4148,0,-205.0584,3.194961,3.194961,9.904332,NaN,NaN,NaN,NaN,0,20.1,-16.01133,0,-12.15102,-0.6045,0,-0.7966,-290.4148,0,1,0,0,0.7966,0,-0.6045,-205.0584,0,0,0,1
190.6407,190.64,0.01559,0.016442,201.1756,-290.7357,0,-205.3006,3.21819,3.21819,10.04349,NaN,NaN,NaN,NaN,0,20.1,-16.05383,0,-12.09481,-0.6017,0,-0.7987,-290.7357,0,1,0,0,0.7987,0,-0.6017,-205.3006,0,0,0,1
190.657,190.65,0.016239,0.016401,201.1917,-290.8965,0,-205.4213,3.230302,3.230302,10.14603,NaN,NaN,NaN,NaN,0,20.1,-16.07523,0,-12.06637,-0.6003,0,-0.7998,-290.8965,0,1,0,0,0.7998,0,-0.6003,-205.4213,0,0,0,1
190.6732,190.67,0.01623,0.016367,201.2083,-291.2186,0,-205.6617,3.251981,3.251981,10.29618,NaN,NaN,NaN,NaN,0,20.1,-16.11849,0,-12.00851,-0.5974,0,-0.8019,-291.2186,0,1,0,0,0.8019,0,-0.5974,-205.6617,0,0,0,1
190.6907,190.69,0.017493,0.016592,201.2256,-291.5417,0,-205.901,3.272461,3.272461,10.41337,NaN,NaN,NaN,NaN,0,20.1,-16.16203,0,-11.94984,-0.5945,0,-0.8041,-291.5417,0,1,0,0,0.8041,0,-0.5945,-205.901,0,0,0,1
190.712,190.71,0.021289,0.017532,201.249,-291.8655,0,-206.1391,3.292911,3.292911,10.54154,NaN,NaN,NaN,NaN,0,20.1,-16.2059,0,-11.89029,-0.5916,0,-0.8063,-291.8655,0,1,0,0,0.8063,0,-0.5916,-206.1391,0,0,0,1
190.729,190.72,0.017029,0.017431,201.2635,-292.0278,0,-206.2577,3.301306,3.301306,10.72831,NaN,NaN,NaN,NaN,0,20.1,-16.22813,0,-11.85993,-0.59,0,-0.8074,-292.0278,0,1,0,0,0.8074,0,-0.59,-206.2577,0,0,0,1
190.7438,190.74,0.014782,0.016901,201.2794,-292.3531,0,-206.494,3.31913,3.31913,10.8272,NaN,NaN,NaN,NaN,0,20.1,-16.27284,0,-11.79851,-0.587,0,-0.8096,-292.3531,0,1,0,0,0.8096,0,-0.587,-206.494,0,0,0,1
190.7611,190.76,0.017263,0.016973,201.2963,-292.6792,0,-206.729,3.336162,3.336162,10.94805,NaN,NaN,NaN,NaN,0,20.1,-16.31781,0,-11.73623,-0.5839,0,-0.8118,-292.6792,0,1,0,0,0.8118,0,-0.5839,-206.729,0,0,0,1
190.7779,190.77,0.016849,0.016949,201.3128,-292.8426,0,-206.8461,3.343263,3.343263,11.0689,NaN,NaN,NaN,NaN,0,20.1,-16.34045,0,-11.70469,-0.5823,0,-0.813,-292.8426,0,1,0,0,0.813,0,-0.5823,-206.8461,0,0,0,1
190.8004,190.8,0.022443,0.018048,201.336,-293.3342,0,-207.1953,3.366714,3.366714,11.17876,NaN,NaN,NaN,NaN,0,20.1,-16.40868,0,-11.60884,-0.5776,0,-0.8164,-293.3342,0,1,0,0,0.8164,0,-0.5776,-207.1953,0,0,0,1
190.8148,190.81,0.014412,0.01732,201.3494,-293.4985,0,-207.3111,3.37224,3.37224,11.32891,NaN,NaN,NaN,NaN,0,20.1,-16.4316,0,-11.57638,-0.5759,0,-0.8175,-293.4985,0,1,0,0,0.8175,0,-0.5759,-207.3111,0,0,0,1
190.8293,190.82,0.014513,0.016759,201.3638,-293.663,0,-207.4265,3.378134,3.378134,11.46807,NaN,NaN,NaN,NaN,0,20.1,-16.45474,0,-11.54347,-0.5743,0,-0.8186,-293.663,0,1,0,0,0.8186,0,-0.5743,-207.4265,0,0,0,1
190.8439,190.84,0.014597,0.016327,201.3792,-293.9928,0,-207.6564,3.391065,3.391065,11.5999,NaN,NaN,NaN,NaN,0,20.1,-16.50135,0,-11.47675,-0.571,0,-0.821,-293.9928,0,1,0,0,0.821,0,-0.571,-207.6564,0,0,0,1
190.8575,190.85,0.013611,0.015783,201.3919,-294.1581,0,-207.7708,3.397206,3.397206,11.79035,NaN,NaN,NaN,NaN,0,20.1,-16.52493,0,-11.44276,-0.5693,0,-0.8221,-294.1581,0,1,0,0,0.8221,0,-0.5693,-207.7708,0,0,0,1
190.8778,190.87,0.020301,0.016687,201.4129,-294.4893,0,-207.9986,3.40635,3.40635,11.93317,NaN,NaN,NaN,NaN,0,20.1,-16.57245,0,-11.37383,-0.5659,0,-0.8245,-294.4893,0,1,0,0,0.8245,0,-0.5659,-207.9986,0,0,0,1
190.8908,190.89,0.013052,0.01596,201.4256,-294.8215,0,-208.2251,3.417053,3.417053,12.22614,NaN,NaN,NaN,NaN,0,20.1,-16.62084,0,-11.303,-0.5623,0,-0.8269,-294.8215,0,1,0,0,0.8269,0,-0.5623,-208.2251,0,0,0,1
190.9109,190.91,0.02004,0.016776,201.4458,-295.1546,0,-208.45,3.424549,3.424549,12.3946,NaN,NaN,NaN,NaN,0,20.1,-16.66959,0,-11.23098,-0.5588,0,-0.8293,-295.1546,0,1,0,0,0.8293,0,-0.5588,-208.45,0,0,0,1
190.9242,190.92,0.013325,0.016086,201.4588,-295.3215,0,-208.562,3.428284,3.428284,12.70223,NaN,NaN,NaN,NaN,0,20.1,-16.69444,0,-11.194,-0.5569,0,-0.8306,-295.3215,0,1,0,0,0.8306,0,-0.5569,-208.562,0,0,0,1
190.9368,190.93,0.012611,0.015391,201.4714,-295.4887,0,-208.6735,3.432478,3.432478,12.92562,NaN,NaN,NaN,NaN,0,20.1,-16.71965,0,-11.15631,-0.555,0,-0.8318,-295.4887,0,1,0,0,0.8318,0,-0.555,-208.6735,0,0,0,1
190.9508,190.95,0.014009,0.015115,201.4857,-295.8239,0,-208.8955,3.439423,3.439423,13.09773,NaN,NaN,NaN,NaN,0,20.1,-16.77048,0,-11.07975,-0.5512,0,-0.8344,-295.8239,0,1,0,0,0.8344,0,-0.5512,-208.8955,0,0,0,1
190.9641,190.96,0.013239,0.01474,201.499,-295.9918,0,-209.0059,3.441835,3.441835,13.30281,NaN,NaN,NaN,NaN,0,20.1,-16.79617,0,-11.04078,-0.5493,0,-0.8356,-295.9918,0,1,0,0,0.8356,0,-0.5493,-209.0059,0,0,0,1
190.9775,190.97,0.013447,0.014481,201.5123,-296.16,0,-209.1159,3.444712,3.444712,13.48958,NaN,NaN,NaN,NaN,0,20.1,-16.82211,0,-11.00121,-0.5473,0,-0.8369,-296.16,0,1,0,0,0.8369,0,-0.5473,-209.1159,0,0,0,1
190.9912,190.99,0.013724,0.01433,201.5262,-296.4973,0,-209.3347,3.451229,3.451229,13.62875,NaN,NaN,NaN,NaN,0,20.1,-16.87426,0,-10.92106,-0.5433,0,-0.8395,-296.4973,0,1,0,0,0.8395,0,-0.5433,-209.3347,0,0,0,1
191.011,191.01,0.019759,0.015415,201.5461,-296.8356,0,-209.552,3.454028,3.454028,13.81552,NaN,NaN,NaN,NaN,0,20.1,-16.92673,0,-10.83956,-0.5393,0,-0.8421,-296.8356,0,1,0,0,0.8421,0,-0.5393,-209.552,0,0,0,1
191.0248,191.02,0.013821,0.015096,201.5595,-297.0051,0,-209.6599,3.456091,3.456091,14.06088,NaN,NaN,NaN,NaN,0,20.1,-16.95328,0,-10.79798,-0.5372,0,-0.8434,-297.0051,0,1,0,0,0.8434,0,-0.5372,-209.6599,0,0,0,1
191.0379,191.03,0.013101,0.014697,201.5727,-297.1749,0,-209.7675,3.458669,3.458669,14.22934,NaN,NaN,NaN,NaN,0,20.1,-16.98004,0,-10.75585,-0.5351,0,-0.8448,-297.1749,0,1,0,0,0.8448,0,-0.5351,-209.7675,0,0,0,1
191.0513,191.05,0.013409,0.01444,201.5864,-297.5153,0,-209.9813,3.460747,3.460747,14.37216,NaN,NaN,NaN,NaN,0,20.1,-17.03379,0,-10.67053,-0.5309,0,-0.8475,-297.5153,0,1,0,0,0.8475,0,-0.5309,-209.9813,0,0,0,1
191.0662,191.06,0.014851,0.014522,201.6013,-297.6859,0,-210.0876,3.461666,3.461666,14.50766,NaN,NaN,NaN,NaN,0,20.1,-17.06076,0,-10.62736,-0.5287,0,-0.8488,-297.6859,0,1,0,0,0.8488,0,-0.5287,-210.0876,0,0,0,1
191.079,191.07,0.01282,0.014181,201.6136,-297.8568,0,-210.1935,3.463084,3.463084,14.64317,NaN,NaN,NaN,NaN,0,20.1,-17.08786,0,-10.58372,-0.5266,0,-0.8501,-297.8568,0,1,0,0,0.8501,0,-0.5266,-210.1935,0,0,0,1
191.0995,191.09,0.020492,0.015444,201.6344,-298.1993,0,-210.4038,3.465061,3.465061,14.73106,NaN,NaN,NaN,NaN,0,20.1,-17.14206,0,-10.49571,-0.5222,0,-0.8528,-298.1993,0,1,0,0,0.8528,0,-0.5222,-210.4038,0,0,0,1
191.1127,191.11,0.013249,0.015005,201.6477,-298.543,0,-210.6124,3.465267,3.465267,14.89952,NaN,NaN,NaN,NaN,0,20.1,-17.19641,0,-10.40642,-0.5177,0,-0.8555,-298.543,0,1,0,0,0.8555,0,-0.5177,-210.6124,0,0,0,1
191.133,191.13,0.020291,0.016062,201.6685,-298.8877,0,-210.8191,3.467223,3.467223,15.02037,NaN,NaN,NaN,NaN,0,20.1,-17.25074,0,-10.31611,-0.5132,0,-0.8582,-298.8877,0,1,0,0,0.8582,0,-0.5132,-210.8191,0,0,0,1
191.1483,191.14,0.015284,0.015906,201.683,-299.0605,0,-210.9218,3.46604,3.46604,15.22911,NaN,NaN,NaN,NaN,0,20.1,-17.2781,0,-10.27022,-0.511,0,-0.8596,-299.0605,0,1,0,0,0.8596,0,-0.511,-210.9218,0,0,0,1
191.161,191.16,0.012678,0.015261,201.696,-299.4069,0,-211.1259,3.465199,3.465199,15.41222,NaN,NaN,NaN,NaN,0,20.1,-17.3331,0,-10.17712,-0.5063,0,-0.8623,-299.4069,0,1,0,0,0.8623,0,-0.5063,-211.1259,0,0,0,1
191.1757,191.17,0.014724,0.015153,201.7103,-299.5805,0,-211.2272,3.465525,3.465525,15.53674,NaN,NaN,NaN,NaN,0,20.1,-17.36063,0,-10.13008,-0.504,0,-0.8637,-299.5805,0,1,0,0,0.8637,0,-0.504,-211.2272,0,0,0,1
191.1896,191.18,0.013915,0.014906,201.7244,-299.7544,0,-211.328,3.465258,3.465258,15.69421,NaN,NaN,NaN,NaN,0,20.1,-17.38831,0,-10.08249,-0.5016,0,-0.8651,-299.7544,0,1,0,0,0.8651,0,-0.5016,-211.328,0,0,0,1
191.2114,191.21,0.021747,0.016274,201.7473,-300.2777,0,-211.6276,3.461851,3.461851,15.84436,NaN,NaN,NaN,NaN,0,20.1,-17.47136,0,-9.937891,-0.4944,0,-0.8692,-300.2777,0,1,0,0,0.8692,0,-0.4944,-211.6276,0,0,0,1
191.2343,191.23,0.02292,0.017603,201.7696,-300.628,0,-211.8249,3.460178,3.460178,16.06775,NaN,NaN,NaN,NaN,0,20.1,-17.52682,0,-9.839745,-0.4895,0,-0.872,-300.628,0,1,0,0,0.872,0,-0.4895,-211.8249,0,0,0,1
191.2527,191.25,0.018361,0.017755,201.7886,-300.9794,0,-212.0202,3.456661,3.456661,16.37537,NaN,NaN,NaN,NaN,0,20.1,-17.58278,0,-9.739403,-0.4845,0,-0.8748,-300.9794,0,1,0,0,0.8748,0,-0.4845,-212.0202,0,0,0,1
191.2706,191.27,0.01793,0.01779,201.8075,-301.3319,0,-212.2134,3.45534,3.45534,16.63539,NaN,NaN,NaN,NaN,0,20.1,-17.63904,0,-9.637135,-0.4795,0,-0.8776,-301.3319,0,1,0,0,0.8776,0,-0.4795,-212.2134,0,0,0,1
191.2886,191.28,0.018035,0.017839,201.824,-301.5085,0,-212.3093,3.45258,3.45258,16.9247,NaN,NaN,NaN,NaN,0,20.1,-17.66743,0,-9.584991,-0.4769,0,-0.879,-301.5085,0,1,0,0,0.879,0,-0.4769,-212.3093,0,0,0,1
191.3061,191.3,0.017525,0.017776,201.8413,-301.8628,0,-212.4994,3.448568,3.448568,17.14808,NaN,NaN,NaN,NaN,0,20.1,-17.72449,0,-9.479061,-0.4716,0,-0.8818,-301.8628,0,1,0,0,0.8818,0,-0.4716,-212.4994,0,0,0,1
191.3238,191.32,0.017618,0.017744,201.8598,-302.2181,0,-212.6873,3.446056,3.446056,17.41177,NaN,NaN,NaN,NaN,0,20.1,-17.78177,0,-9.37116,-0.4662,0,-0.8847,-302.2181,0,1,0,0,0.8847,0,-0.4662,-212.6873,0,0,0,1
191.34,191.34,0.016254,0.017446,201.8754,-302.5746,0,-212.8731,3.440659,3.440659,17.73404,NaN,NaN,NaN,NaN,0,20.1,-17.83944,0,-9.260907,-0.4607,0,-0.8875,-302.5746,0,1,0,0,0.8875,0,-0.4607,-212.8731,0,0,0,1
191.3554,191.35,0.015369,0.017031,201.8904,-302.7533,0,-212.9651,3.438843,3.438843,17.99405,NaN,NaN,NaN,NaN,0,20.1,-17.86844,0,-9.204833,-0.458,0,-0.889,-302.7533,0,1,0,0,0.889,0,-0.458,-212.9651,0,0,0,1
191.3694,191.36,0.01404,0.016433,201.9042,-302.9323,0,-213.0566,3.437634,3.437634,18.23574,NaN,NaN,NaN,NaN,0,20.1,-17.89764,0,-9.147919,-0.4551,0,-0.8904,-302.9323,0,1,0,0,0.8904,0,-0.4551,-213.0566,0,0,0,1
191.3893,191.38,0.019871,0.01712,201.9244,-303.2911,0,-213.2378,3.432355,3.432355,18.4738,NaN,NaN,NaN,NaN,0,20.1,-17.95626,0,-9.032316,-0.4494,0,-0.8933,-303.2911,0,1,0,0,0.8933,0,-0.4494,-213.2378,0,0,0,1
191.4122,191.41,0.022895,0.018275,201.948,-303.8316,0,-213.5053,3.427082,3.427082,18.84001,NaN,NaN,NaN,NaN,0,20.1,-18.04449,0,-8.854751,-0.4405,0,-0.8977,-303.8316,0,1,0,0,0.8977,0,-0.4405,-213.5053,0,0,0,1
191.4253,191.42,0.013157,0.017252,201.9603,-304.0123,0,-213.5932,3.424018,3.424018,19.15861,NaN,NaN,NaN,NaN,0,20.1,-18.07399,0,-8.794364,-0.4375,0,-0.8992,-304.0123,0,1,0,0,0.8992,0,-0.4375,-213.5932,0,0,0,1
191.4387,191.43,0.013395,0.01648,201.9732,-304.1933,0,-213.6805,3.421145,3.421145,19.3161,NaN,NaN,NaN,NaN,0,20.1,-18.10354,0,-8.73338,-0.4345,0,-0.9007,-304.1933,0,1,0,0,0.9007,0,-0.4345,-213.6805,0,0,0,1
191.452,191.45,0.013218,0.015828,201.9869,-304.5563,0,-213.8534,3.417329,3.417329,19.46991,NaN,NaN,NaN,NaN,0,20.1,-18.16248,0,-8.610144,-0.4284,0,-0.9036,-304.5563,0,1,0,0,0.9036,0,-0.4284,-213.8534,0,0,0,1
191.4651,191.46,0.013102,0.015283,201.9996,-304.7382,0,-213.9388,3.415971,3.415971,19.5578,NaN,NaN,NaN,NaN,0,20.1,-18.19176,0,-8.548099,-0.4253,0,-0.9051,-304.7382,0,1,0,0,0.9051,0,-0.4253,-213.9388,0,0,0,1
191.4774,191.47,0.012382,0.014702,202.0121,-304.9204,0,-214.0237,3.412696,3.412696,19.67132,NaN,NaN,NaN,NaN,0,20.1,-18.221,0,-8.485589,-0.4222,0,-0.9065,-304.9204,0,1,0,0,0.9065,0,-0.4222,-214.0237,0,0,0,1
191.4922,191.49,0.014799,0.014722,202.0271,-305.2857,0,-214.1915,3.408093,3.408093,19.77752,NaN,NaN,NaN,NaN,0,20.1,-18.27915,0,-8.359597,-0.4159,0,-0.9094,-305.2857,0,1,0,0,0.9094,0,-0.4159,-214.1915,0,0,0,1
191.5104,191.51,0.018191,0.015416,202.0452,-305.6522,0,-214.3568,3.404828,3.404828,19.89837,NaN,NaN,NaN,NaN,0,20.1,-18.33677,0,-8.232433,-0.4096,0,-0.9123,-305.6522,0,1,0,0,0.9123,0,-0.4096,-214.3568,0,0,0,1
191.524,191.52,0.013618,0.015056,202.0589,-305.8358,0,-214.4385,3.401841,3.401841,20.00091,NaN,NaN,NaN,NaN,0,20.1,-18.36539,0,-8.168373,-0.4064,0,-0.9137,-305.8358,0,1,0,0,0.9137,0,-0.4064,-214.4385,0,0,0,1
191.5368,191.53,0.012774,0.0146,202.0713,-306.0197,0,-214.5195,3.399517,3.399517,20.09246,NaN,NaN,NaN,NaN,0,20.1,-18.39393,0,-8.103918,-0.4032,0,-0.9151,-306.0197,0,1,0,0,0.9151,0,-0.4032,-214.5195,0,0,0,1
191.5493,191.54,0.012489,0.014178,202.0838,-306.204,0,-214.5999,3.397856,3.397856,20.17304,NaN,NaN,NaN,NaN,0,20.1,-18.42235,0,-8.039106,-0.4,0,-0.9165,-306.204,0,1,0,0,0.9165,0,-0.4,-214.5999,0,0,0,1
191.5616,191.56,0.012242,0.01379,202.0964,-306.5733,0,-214.7588,3.394367,3.394367,20.24629,NaN,NaN,NaN,NaN,0,20.1,-18.4787,0,-7.908712,-0.3935,0,-0.9193,-306.5733,0,1,0,0,0.9193,0,-0.3935,-214.7588,0,0,0,1
191.5755,191.57,0.01395,0.013822,202.1102,-306.7583,0,-214.8372,3.391708,3.391708,20.31587,NaN,NaN,NaN,NaN,0,20.1,-18.50663,0,-7.84314,-0.3902,0,-0.9207,-306.7583,0,1,0,0,0.9207,0,-0.3902,-214.8372,0,0,0,1
191.5889,191.58,0.013352,0.013728,202.1233,-306.9437,0,-214.915,3.389755,3.389755,20.37446,NaN,NaN,NaN,NaN,0,20.1,-18.5344,0,-7.777278,-0.3869,0,-0.9221,-306.9437,0,1,0,0,0.9221,0,-0.3869,-214.915,0,0,0,1
191.6026,191.6,0.013737,0.01373,202.1376,-307.3152,0,-215.0685,3.387792,3.387792,20.46601,NaN,NaN,NaN,NaN,0,20.1,-18.58949,0,-7.644676,-0.3803,0,-0.9249,-307.3152,0,1,0,0,0.9249,0,-0.3803,-215.0685,0,0,0,1
191.6215,191.62,0.018885,0.014761,202.1567,-307.6877,0,-215.2194,3.382632,3.382632,20.55024,NaN,NaN,NaN,NaN,0,20.1,-18.64385,0,-7.511128,-0.3737,0,-0.9276,-307.6877,0,1,0,0,0.9276,0,-0.3737,-215.2194,0,0,0,1
191.6366,191.63,0.01516,0.014841,202.1711,-307.8745,0,-215.2938,3.38108,3.38108,20.63813,NaN,NaN,NaN,NaN,0,20.1,-18.67078,0,-7.443925,-0.3703,0,-0.9289,-307.8745,0,1,0,0,0.9289,0,-0.3703,-215.2938,0,0,0,1
191.656,191.65,0.019327,0.015738,202.1908,-308.2487,0,-215.4407,3.379085,3.379085,20.65278,NaN,NaN,NaN,NaN,0,20.1,-18.72396,0,-7.309134,-0.3636,0,-0.9315,-308.2487,0,1,0,0,0.9315,0,-0.3636,-215.4407,0,0,0,1
191.6693,191.66,0.013326,0.015256,202.2038,-308.4362,0,-215.5131,3.37657,3.37657,20.65644,NaN,NaN,NaN,NaN,0,20.1,-18.75019,0,-7.241581,-0.3603,0,-0.9328,-308.4362,0,1,0,0,0.9328,0,-0.3603,-215.5131,0,0,0,1
191.6823,191.68,0.012995,0.014803,202.2174,-308.812,0,-215.6559,3.373636,3.373636,20.65644,NaN,NaN,NaN,NaN,0,20.1,-18.80192,0,-7.106198,-0.3535,0,-0.9354,-308.812,0,1,0,0,0.9354,0,-0.3535,-215.6559,0,0,0,1
191.6959,191.69,0.013582,0.014559,202.2303,-309.0002,0,-215.7263,3.373176,3.373176,20.65644,NaN,NaN,NaN,NaN,0,20.1,-18.82741,0,-7.038365,-0.3502,0,-0.9367,-309.0002,0,1,0,0,0.9367,0,-0.3502,-215.7263,0,0,0,1
191.7088,191.7,0.012882,0.014224,202.2434,-309.1888,0,-215.796,3.371594,3.371594,20.65644,NaN,NaN,NaN,NaN,0,20.1,-18.85267,0,-6.970442,-0.3468,0,-0.9379,-309.1888,0,1,0,0,0.9379,0,-0.3468,-215.796,0,0,0,1
191.7211,191.72,0.012355,0.01385,202.2558,-309.5666,0,-215.9334,3.368122,3.368122,20.65644,NaN,NaN,NaN,NaN,0,20.1,-18.90244,0,-6.834324,-0.34,0,-0.9404,-309.5666,0,1,0,0,0.9404,0,-0.34,-215.9334,0,0,0,1
191.7332,191.73,0.01208,0.013496,202.2678,-309.7558,0,-216.001,3.36744,3.36744,20.65644,NaN,NaN,NaN,NaN,0,20.1,-18.92695,0,-6.766133,-0.3366,0,-0.9416,-309.7558,0,1,0,0,0.9416,0,-0.3366,-216.001,0,0,0,1
191.755,191.75,0.021795,0.015156,202.2897,-310.1351,0,-216.1343,3.365399,3.365399,20.65644,NaN,NaN,NaN,NaN,0,20.1,-18.97525,0,-6.629488,-0.3298,0,-0.944,-310.1351,0,1,0,0,0.944,0,-0.3298,-216.1343,0,0,0,1
191.767,191.76,0.01206,0.014537,202.3016,-310.3251,0,-216.1999,3.363762,3.363762,20.65644,NaN,NaN,NaN,NaN,0,20.1,-18.99903,0,-6.561034,-0.3264,0,-0.9452,-310.3251,0,1,0,0,0.9452,0,-0.3264,-216.1999,0,0,0,1
191.7798,191.77,0.012799,0.014189,202.3143,-310.5153,0,-216.2648,3.362796,3.362796,20.65644,NaN,NaN,NaN,NaN,0,20.1,-19.02255,0,-6.492493,-0.323,0,-0.9464,-310.5153,0,1,0,0,0.9464,0,-0.323,-216.2648,0,0,0,1
191.7996,191.79,0.019764,0.015304,202.3345,-310.8965,0,-216.3926,3.362392,3.362392,20.65644,NaN,NaN,NaN,NaN,0,20.1,-19.06887,0,-6.355163,-0.3162,0,-0.9487,-310.8965,0,1,0,0,0.9487,0,-0.3162,-216.3926,0,0,0,1
191.8116,191.81,0.012011,0.014645,202.3464,-311.2785,0,-216.5177,3.359244,3.359244,20.65644,NaN,NaN,NaN,NaN,0,20.1,-19.1142,0,-6.217504,-0.3093,0,-0.951,-311.2785,0,1,0,0,0.951,0,-0.3093,-216.5177,0,0,0,1
191.8248,191.82,0.013135,0.014343,202.3592,-311.4699,0,-216.5792,3.358721,3.358721,20.65644,NaN,NaN,NaN,NaN,0,20.1,-19.13649,0,-6.148554,-0.3059,0,-0.9521,-311.4699,0,1,0,0,0.9521,0,-0.3059,-216.5792,0,0,0,1
191.8382,191.83,0.01342,0.014159,202.3728,-311.6615,0,-216.64,3.358869,3.358869,20.64179,NaN,NaN,NaN,NaN,0,20.1,-19.15852,0,-6.07957,-0.3025,0,-0.9532,-311.6615,0,1,0,0,0.9532,0,-0.3025,-216.64,0,0,0,1
191.8516,191.85,0.013441,0.014015,202.3867,-312.0453,0,-216.7595,3.3568,3.3568,20.61616,NaN,NaN,NaN,NaN,0,20.1,-19.20178,0,-5.941545,-0.2956,0,-0.9553,-312.0453,0,1,0,0,0.9553,0,-0.2956,-216.7595,0,0,0,1
191.8659,191.86,0.014259,0.014064,202.4005,-312.2375,0,-216.8182,3.356021,3.356021,20.57221,NaN,NaN,NaN,NaN,0,20.1,-19.22299,0,-5.872561,-0.2922,0,-0.9564,-312.2375,0,1,0,0,0.9564,0,-0.2922,-216.8182,0,0,0,1
191.8797,191.87,0.01385,0.014021,202.4144,-312.43,0,-216.8763,3.355903,3.355903,20.53193,NaN,NaN,NaN,NaN,0,20.1,-19.2439,0,-5.803637,-0.2887,0,-0.9574,-312.43,0,1,0,0,0.9574,0,-0.2887,-216.8763,0,0,0,1
191.8992,191.89,0.019491,0.015115,202.4344,-312.8155,0,-216.9903,3.355422,3.355422,20.48432,NaN,NaN,NaN,NaN,0,20.1,-19.28491,0,-5.665889,-0.2819,0,-0.9594,-312.8155,0,1,0,0,0.9594,0,-0.2819,-216.9903,0,0,0,1
191.9119,191.91,0.012683,0.014628,202.4472,-313.2018,0,-217.1015,3.353965,3.353965,20.41841,NaN,NaN,NaN,NaN,0,20.1,-19.3248,0,-5.528293,-0.275,0,-0.9614,-313.2018,0,1,0,0,0.9614,0,-0.275,-217.1015,0,0,0,1
191.9331,191.93,0.021216,0.015946,202.468,-313.5888,0,-217.21,3.35506,3.35506,20.38178,NaN,NaN,NaN,NaN,0,20.1,-19.36365,0,-5.390665,-0.2682,0,-0.9634,-313.5888,0,1,0,0,0.9634,0,-0.2682,-217.21,0,0,0,1
191.9464,191.94,0.013292,0.015415,202.481,-313.7827,0,-217.2632,3.353663,3.353663,20.27558,NaN,NaN,NaN,NaN,0,20.1,-19.3826,0,-5.32211,-0.2648,0,-0.9643,-313.7827,0,1,0,0,0.9643,0,-0.2648,-217.2632,0,0,0,1
191.9593,191.95,0.012924,0.014917,202.4938,-313.9767,0,-217.3158,3.35295,3.35295,20.19135,NaN,NaN,NaN,NaN,0,20.1,-19.40124,0,-5.253773,-0.2614,0,-0.9652,-313.9767,0,1,0,0,0.9652,0,-0.2614,-217.3158,0,0,0,1
191.9757,191.97,0.016422,0.015218,202.5107,-314.3652,0,-217.4188,3.353546,3.353546,20.10711,NaN,NaN,NaN,NaN,0,20.1,-19.43763,0,-5.117471,-0.2546,0,-0.967,-314.3652,0,1,0,0,0.967,0,-0.2546,-217.4188,0,0,0,1
191.9943,191.99,0.018556,0.015886,202.5292,-314.7545,0,-217.5191,3.352752,3.352752,19.9533,NaN,NaN,NaN,NaN,0,20.1,-19.47281,0,-4.981966,-0.2479,0,-0.9688,-314.7545,0,1,0,0,0.9688,0,-0.2479,-217.5191,0,0,0,1
