time,fixedTime,deltaTime,smoothDeltaTime,realtimeSinceStartup,pos_x,pos_y,pos_z,distFromRoadCenter,signedDistFromRoadCenter,wheelAngle,obstacle_pos_x,obstacle_pos_y,obstacle_pos_z,distance_to_obstacle,brake_position,car_speed,car_vel_x,car_vel_y,car_vel_z,simplecar_4x4_R0C0,simplecar_4x4_R0C1,simplecar_4x4_R0C2,simplecar_4x4_R0C3,simplecar_4x4_R1C0,simplecar_4x4_R1C1,simplecar_4x4_R1C2,simplecar_4x4_R1C3,simplecar_4x4_R2C0,simplecar_4x4_R2C1,simplecar_4x4_R2C2,simplecar_4x4_R2C3,simplecar_4x4_R3C0,simplecar_4x4_R3C1,simplecar_4x4_R3C2,simplecar_4x4_R3C3
694.9885,694.98,0.018626,0.017356,705.5302,-206.2405,0,-402.3704,2.142074,2.142074,0.031128,NaN,NaN,NaN,NaN,0,20.1,15.77722,0,12.45349,0.6196,0,0.7849,-206.2405,0,1,0,0,-0.7849,0,0.6196,-402.3704,0,0,0,1
695.0098,695,0.021264,0.018138,705.5447,-205.925,0,-402.1213,2.138264,2.138264,0.031128,NaN,NaN,NaN,NaN,0,20.1,15.77735,0,12.45332,0.6196,0,0.7849,-205.925,0,1,0,0,-0.7849,0,0.6196,-402.1213,0,0,0,1
695.0243,695.02,0.014484,0.017407,705.5592,-205.6094,0,-401.8723,2.134455,2.134455,0.031128,NaN,NaN,NaN,NaN,0,20.1,15.77748,0,12.45315,0.6196,0,0.7849,-205.6094,0,1,0,0,-0.7849,0,0.6196,-401.8723,0,0,0,1
695.044,695.04,0.019714,0.017869,705.5789,-205.2939,0,-401.6232,2.130637,2.130637,0.031128,NaN,NaN,NaN,NaN,0,20.1,15.77762,0,12.45298,0.6196,0,0.785,-205.2939,0,1,0,0,-0.785,0,0.6196,-401.6232,0,0,0,1
695.0578,695.05,0.013783,0.017051,705.5923,-205.1361,0,-401.4986,2.128736,2.128736,0.031128,NaN,NaN,NaN,NaN,0,20.1,15.77769,0,12.4529,0.6195,0,0.785,-205.1361,0,1,0,0,-0.785,0,0.6195,-401.4986,0,0,0,1
695.0788,695.07,0.021024,0.017846,705.614,-204.8205,0,-401.2495,2.124918,2.124918,0.031128,NaN,NaN,NaN,NaN,0,20.1,15.77782,0,12.45272,0.6195,0,0.785,-204.8205,0,1,0,0,-0.785,0,0.6195,-401.2495,0,0,0,1
695.0944,695.09,0.015606,0.017398,705.6292,-204.505,0,-401.0005,2.121166,2.121166,0.031128,NaN,NaN,NaN,NaN,0,20.1,15.77796,0,12.45255,0.6195,0,0.785,-204.505,0,1,0,0,-0.785,0,0.6195,-401.0005,0,0,0,1
695.1136,695.11,0.019217,0.017762,705.6485,-204.1895,0,-400.7515,2.117391,2.117391,0.031128,NaN,NaN,NaN,NaN,0,20.1,15.77809,0,12.45238,0.6195,0,0.785,-204.1895,0,1,0,0,-0.785,0,0.6195,-400.7515,0,0,0,1
695.1271,695.12,0.0135,0.01691,705.6616,-204.0317,0,-400.627,2.115508,2.115508,0.031128,NaN,NaN,NaN,NaN,0,20.1,15.77816,0,12.45229,0.6195,0,0.785,-204.0317,0,1,0,0,-0.785,0,0.6195,-400.627,0,0,0,1
695.1429,695.14,0.015811,0.01669,705.6778,-203.7161,0,-400.378,2.111757,2.111757,0.031128,NaN,NaN,NaN,NaN,0,20.1,15.7783,0,12.45212,0.6195,0,0.785,-203.7161,0,1,0,0,-0.785,0,0.6195,-400.378,0,0,0,1
695.157,695.15,0.014101,0.016172,705.6915,-203.5583,0,-400.2534,2.109864,2.109864,0.031128,NaN,NaN,NaN,NaN,0,20.1,15.77836,0,12.45204,0.6195,0,0.785,-203.5583,0,1,0,0,-0.785,0,0.6195,-400.2534,0,0,0,1
695.1776,695.17,0.020558,0.017049,705.7126,-203.2427,0,-400.0044,2.106156,2.106156,0.031128,NaN,NaN,NaN,NaN,0,20.1,15.7785,0,12.45187,0.6195,0,0.785,-203.2427,0,1,0,0,-0.785,0,0.6195,-400.0044,0,0,0,1
695.1929,695.19,0.01528,0.016695,705.7277,-202.9271,0,-399.7554,2.102414,2.102414,0.031128,NaN,NaN,NaN,NaN,0,20.1,15.77864,0,12.45169,0.6195,0,0.785,-202.9271,0,1,0,0,-0.785,0,0.6195,-399.7554,0,0,0,1
695.207,695.2,0.014104,0.016177,705.7415,-202.7694,0,-399.6309,2.100555,2.100555,0.031128,NaN,NaN,NaN,NaN,0,20.1,15.7787,0,12.45161,0.6195,0,0.785,-202.7694,0,1,0,0,-0.785,0,0.6195,-399.6309,0,0,0,1
695.2211,695.22,0.014144,0.01577,705.756,-202.4538,0,-399.3819,2.096813,2.096813,0.031128,NaN,NaN,NaN,NaN,0,20.1,15.77884,0,12.45144,0.6195,0,0.785,-202.4538,0,1,0,0,-0.785,0,0.6195,-399.3819,0,0,0,1
695.2361,695.23,0.015041,0.015624,705.7706,-202.296,0,-399.2574,2.094954,2.094954,0.031128,NaN,NaN,NaN,NaN,0,20.1,15.77891,0,12.45135,0.6195,0,0.785,-202.296,0,1,0,0,-0.785,0,0.6195,-399.2574,0,0,0,1
695.2541,695.25,0.01795,0.016089,705.7889,-201.9804,0,-399.0083,2.091213,2.091213,0.031128,NaN,NaN,NaN,NaN,0,20.1,15.77904,0,12.45118,0.6195,0,0.785,-201.9804,0,1,0,0,-0.785,0,0.6195,-399.0083,0,0,0,1
695.2773,695.27,0.023221,0.017516,705.8121,-201.6648,0,-398.7593,2.087447,2.087447,0.031128,NaN,NaN,NaN,NaN,0,20.1,15.77918,0,12.45101,0.6195,0,0.785,-201.6648,0,1,0,0,-0.785,0,0.6195,-398.7593,0,0,0,1
695.2931,695.29,0.01578,0.017169,705.8278,-201.3492,0,-398.5103,2.083695,2.083695,0.045776,NaN,NaN,NaN,NaN,0,20.1,15.77938,0,12.45075,0.6194,0,0.785,-201.3492,0,1,0,0,-0.785,0,0.6194,-398.5103,0,0,0,1
695.3075,695.3,0.014352,0.016605,705.8419,-201.1915,0,-398.3858,2.081837,2.081837,0.045776,NaN,NaN,NaN,NaN,0,20.1,15.77948,0,12.45063,0.6194,0,0.785,-201.1915,0,1,0,0,-0.785,0,0.6194,-398.3858,0,0,0,1
695.3218,695.32,0.014339,0.016152,705.8568,-200.8759,0,-398.1367,2.078095,2.078095,0.045776,NaN,NaN,NaN,NaN,0,20.1,15.77967,0,12.45038,0.6194,0,0.7851,-200.8759,0,1,0,0,-0.7851,0,0.6194,-398.1367,0,0,0,1
695.3356,695.33,0.013832,0.015688,705.8701,-200.7181,0,-398.0122,2.076212,2.076212,0.045776,NaN,NaN,NaN,NaN,0,20.1,15.77978,0,12.45025,0.6194,0,0.7851,-200.7181,0,1,0,0,-0.7851,0,0.6194,-398.0122,0,0,0,1
695.3547,695.35,0.019009,0.016352,705.8895,-200.4025,0,-397.7632,2.072503,2.072503,0.056763,NaN,NaN,NaN,NaN,0,20.1,15.78002,0,12.44994,0.6194,0,0.7851,-200.4025,0,1,0,0,-0.7851,0,0.6194,-397.7632,0,0,0,1
695.3683,695.36,0.013671,0.015816,705.903,-200.2447,0,-397.6387,2.070645,2.070645,0.093384,NaN,NaN,NaN,NaN,0,20.1,15.78023,0,12.44968,0.6194,0,0.7851,-200.2447,0,1,0,0,-0.7851,0,0.6194,-397.6387,0,0,0,1
695.3898,695.38,0.021455,0.016944,705.9252,-199.929,0,-397.3897,2.066955,2.066955,0.119019,NaN,NaN,NaN,NaN,0,20.1,15.78074,0,12.44902,0.6194,0,0.7851,-199.929,0,1,0,0,-0.7851,0,0.6194,-397.3897,0,0,0,1
695.4053,695.4,0.015502,0.016655,705.9403,-199.6134,0,-397.1408,2.063289,2.063289,0.203247,NaN,NaN,NaN,NaN,0,20.1,15.78163,0,12.4479,0.6193,0,0.7852,-199.6134,0,1,0,0,-0.7852,0,0.6193,-397.1408,0,0,0,1
695.4233,695.42,0.017996,0.016923,705.9585,-199.2978,0,-396.8918,2.059657,2.059657,0.287476,NaN,NaN,NaN,NaN,0,20.1,15.78288,0,12.44632,0.6192,0,0.7852,-199.2978,0,1,0,0,-0.7852,0,0.6192,-396.8918,0,0,0,1
695.4385,695.43,0.015235,0.016586,705.9735,-199.1399,0,-396.7674,2.057884,2.057884,0.419312,NaN,NaN,NaN,NaN,0,20.1,15.78379,0,12.44516,0.6192,0,0.7853,-199.1399,0,1,0,0,-0.7853,0,0.6192,-396.7674,0,0,0,1
695.4569,695.45,0.018427,0.016954,705.9918,-198.8242,0,-396.5185,2.054338,2.054338,0.558486,NaN,NaN,NaN,NaN,0,20.1,15.78621,0,12.44209,0.619,0,0.7854,-198.8242,0,1,0,0,-0.7854,0,0.619,-396.5185,0,0,0,1
695.4785,695.47,0.021579,0.017879,706.014,-198.5084,0,-396.2697,2.050901,2.050901,0.785537,NaN,NaN,NaN,NaN,0,20.1,15.78963,0,12.43776,0.6188,0,0.7856,-198.5084,0,1,0,0,-0.7856,0,0.6188,-396.2697,0,0,0,1
695.4955,695.49,0.01702,0.017707,706.0306,-198.1926,0,-396.0211,2.047583,2.047583,1.096816,NaN,NaN,NaN,NaN,0,20.1,15.79438,0,12.43171,0.6185,0,0.7858,-198.1926,0,1,0,0,-0.7858,0,0.6185,-396.0211,0,0,0,1
695.5104,695.51,0.014828,0.017131,706.0455,-197.8766,0,-395.7726,2.044494,2.044494,1.349502,NaN,NaN,NaN,NaN,0,20.1,15.80024,0,12.42427,0.6181,0,0.7861,-197.8766,0,1,0,0,-0.7861,0,0.6181,-395.7726,0,0,0,1
695.5253,695.52,0.014906,0.016686,706.06,-197.7186,0,-395.6483,2.043026,2.043026,1.609526,NaN,NaN,NaN,NaN,0,20.1,15.80373,0,12.41983,0.6179,0,0.7863,-197.7186,0,1,0,0,-0.7863,0,0.6179,-395.6483,0,0,0,1
695.5468,695.54,0.021557,0.01766,706.082,-197.4024,0,-395.4001,2.040309,2.040309,1.862211,NaN,NaN,NaN,NaN,0,20.1,15.8118,0,12.40955,0.6174,0,0.7867,-197.4024,0,1,0,0,-0.7867,0,0.6174,-395.4001,0,0,0,1
695.5673,695.56,0.02053,0.018234,706.1025,-197.086,0,-395.1521,2.03785,2.03785,2.243071,NaN,NaN,NaN,NaN,0,20.1,15.82151,0,12.39717,0.6168,0,0.7871,-197.086,0,1,0,0,-0.7871,0,0.6168,-395.1521,0,0,0,1
695.5825,695.58,0.015118,0.017611,706.1176,-196.7694,0,-394.9044,2.035795,2.035795,2.587323,NaN,NaN,NaN,NaN,0,20.1,15.8327,0,12.38288,0.6161,0,0.7877,-196.7694,0,1,0,0,-0.7877,0,0.6161,-394.9044,0,0,0,1
695.5973,695.59,0.014813,0.017051,706.1318,-196.611,0,-394.7806,2.034871,2.034871,2.865644,NaN,NaN,NaN,NaN,0,20.1,15.83889,0,12.37496,0.6157,0,0.788,-196.611,0,1,0,0,-0.788,0,0.6157,-394.7806,0,0,0,1
695.6109,695.61,0.013613,0.016364,706.146,-196.294,0,-394.5334,2.033403,2.033403,3.121991,NaN,NaN,NaN,NaN,0,20.1,15.85237,0,12.35769,0.6148,0,0.7887,-196.294,0,1,0,0,-0.7887,0,0.6148,-394.5334,0,0,0,1
695.6321,695.63,0.021274,0.017346,706.1672,-195.9767,0,-394.2866,2.032411,2.032411,3.374691,NaN,NaN,NaN,NaN,0,20.1,15.86691,0,12.33901,0.6139,0,0.7894,-195.9767,0,1,0,0,-0.7894,0,0.6139,-394.2866,0,0,0,1
695.6475,695.64,0.015276,0.016932,706.1819,-195.818,0,-394.1633,2.032096,2.032096,3.722591,NaN,NaN,NaN,NaN,0,20.1,15.87493,0,12.32869,0.6134,0,0.7898,-195.818,0,1,0,0,-0.7898,0,0.6134,-394.1633,0,0,0,1
695.6672,695.66,0.019815,0.017508,706.2023,-195.5002,0,-393.9171,2.031901,2.031901,4.008236,NaN,NaN,NaN,NaN,0,20.1,15.89216,0,12.30647,0.6123,0,0.7907,-195.5002,0,1,0,0,-0.7907,0,0.6123,-393.9171,0,0,0,1
695.681,695.68,0.013707,0.016748,706.2162,-195.1821,0,-393.6712,2.032216,2.032216,4.374461,NaN,NaN,NaN,NaN,0,20.1,15.91094,0,12.28219,0.6111,0,0.7916,-195.1821,0,1,0,0,-0.7916,0,0.6111,-393.6712,0,0,0,1
695.697,695.69,0.015985,0.016595,706.2315,-195.0229,0,-393.5486,2.032673,2.032673,4.645457,NaN,NaN,NaN,NaN,0,20.1,15.92089,0,12.26928,0.6104,0,0.7921,-195.0229,0,1,0,0,-0.7921,0,0.6104,-393.5486,0,0,0,1
695.7117,695.71,0.014793,0.016235,706.2467,-194.7042,0,-393.3036,2.034065,2.034065,4.942088,NaN,NaN,NaN,NaN,0,20.1,15.94203,0,12.2418,0.609,0,0.7931,-194.7042,0,1,0,0,-0.7931,0,0.609,-393.3036,0,0,0,1
695.7267,695.72,0.014992,0.015986,706.2615,-194.5446,0,-393.1813,2.035033,2.035033,5.202112,NaN,NaN,NaN,NaN,0,20.1,15.95314,0,12.22732,0.6083,0,0.7937,-194.5446,0,1,0,0,-0.7937,0,0.6083,-393.1813,0,0,0,1
695.7444,695.74,0.017671,0.016323,706.28,-194.2252,0,-392.9372,2.037511,2.037511,5.502405,NaN,NaN,NaN,NaN,0,20.1,15.97659,0,12.19666,0.6068,0,0.7949,-194.2252,0,1,0,0,-0.7949,0,0.6068,-392.9372,0,0,0,1
695.7657,695.76,0.021262,0.017311,706.3005,-193.9053,0,-392.6938,2.040853,2.040853,5.835657,NaN,NaN,NaN,NaN,0,20.1,16.00141,0,12.16409,0.6052,0,0.7961,-193.9053,0,1,0,0,-0.7961,0,0.6052,-392.6938,0,0,0,1
695.7796,695.77,0.013912,0.016631,706.3141,-193.7452,0,-392.5723,2.042831,2.042831,6.194558,NaN,NaN,NaN,NaN,0,20.1,16.01455,0,12.14678,0.6043,0,0.7967,-193.7452,0,1,0,0,-0.7967,0,0.6043,-392.5723,0,0,0,1
695.793,695.79,0.013425,0.01599,706.328,-193.4245,0,-392.3299,2.047464,2.047464,6.421609,NaN,NaN,NaN,NaN,0,20.1,16.04174,0,12.11085,0.6025,0,0.7981,-193.4245,0,1,0,0,-0.7981,0,0.6025,-392.3299,0,0,0,1
695.8068,695.8,0.013788,0.015549,706.3416,-193.2639,0,-392.209,2.050119,2.050119,6.655984,NaN,NaN,NaN,NaN,0,20.1,16.05579,0,12.09221,0.6016,0,0.7988,-193.2639,0,1,0,0,-0.7988,0,0.6016,-392.209,0,0,0,1
695.8209,695.82,0.014085,0.015257,706.3559,-192.9424,0,-391.9677,2.056178,2.056178,6.8574,NaN,NaN,NaN,NaN,0,20.1,16.08469,0,12.05374,0.5997,0,0.8002,-192.9424,0,1,0,0,-0.8002,0,0.5997,-391.9677,0,0,0,1
695.8347,695.83,0.01384,0.014973,706.3694,-192.7814,0,-391.8474,2.059572,2.059572,7.018533,NaN,NaN,NaN,NaN,0,20.1,16.09945,0,12.03403,0.5987,0,0.801,-192.7814,0,1,0,0,-0.801,0,0.5987,-391.8474,0,0,0,1
695.8542,695.85,0.019545,0.015888,706.3892,-192.4589,0,-391.6073,2.067107,2.067107,7.143059,NaN,NaN,NaN,NaN,0,20.1,16.1294,0,11.99385,0.5967,0,0.8025,-192.4589,0,1,0,0,-0.8025,0,0.5967,-391.6073,0,0,0,1
695.8676,695.86,0.013297,0.015369,706.4021,-192.2975,0,-391.4876,2.071264,2.071264,7.238274,NaN,NaN,NaN,NaN,0,20.1,16.14454,0,11.97346,0.5957,0,0.8032,-192.2975,0,1,0,0,-0.8032,0,0.5957,-391.4876,0,0,0,1
695.8891,695.88,0.021556,0.016607,706.4243,-191.9742,0,-391.2487,2.080302,2.080302,7.260246,NaN,NaN,NaN,NaN,0,20.1,16.17484,0,11.93251,0.5937,0,0.8047,-191.9742,0,1,0,0,-0.8047,0,0.5937,-391.2487,0,0,0,1
695.9047,695.9,0.015621,0.016409,706.4396,-191.6502,0,-391.0107,2.090374,2.090374,7.278557,NaN,NaN,NaN,NaN,0,20.1,16.2051,0,11.89138,0.5916,0,0.8062,-191.6502,0,1,0,0,-0.8062,0,0.5916,-391.0107,0,0,0,1
695.9208,695.92,0.01602,0.016332,706.4556,-191.3257,0,-390.7735,2.101489,2.101489,7.278557,NaN,NaN,NaN,NaN,0,20.1,16.23526,0,11.85017,0.5896,0,0.8077,-191.3257,0,1,0,0,-0.8077,0,0.5896,-390.7735,0,0,0,1
695.9356,695.93,0.014869,0.016039,706.4701,-191.1632,0,-390.6552,2.107395,2.107395,7.278557,NaN,NaN,NaN,NaN,0,20.1,16.2503,0,11.82953,0.5885,0,0.8085,-191.1632,0,1,0,0,-0.8085,0,0.5885,-390.6552,0,0,0,1
695.9567,695.95,0.021068,0.017045,706.4915,-190.8377,0,-390.4192,2.120013,2.120013,7.278557,NaN,NaN,NaN,NaN,0,20.1,16.2803,0,11.78821,0.5865,0,0.81,-190.8377,0,1,0,0,-0.81,0,0.5865,-390.4192,0,0,0,1
695.9785,695.97,0.021763,0.017988,706.5137,-190.5117,0,-390.1841,2.133664,2.133664,7.278557,NaN,NaN,NaN,NaN,0,20.1,16.3102,0,11.74681,0.5844,0,0.8115,-190.5117,0,1,0,0,-0.8115,0,0.5844,-390.1841,0,0,0,1
695.9938,695.99,0.01538,0.017467,706.5287,-190.185,0,-389.9498,2.148336,2.148336,7.289543,NaN,NaN,NaN,NaN,0,20.1,16.34004,0,11.70527,0.5824,0,0.8129,-190.185,0,1,0,0,-0.8129,0,0.5824,-389.9498,0,0,0,1
696.0073,696,0.013475,0.016668,706.5418,-190.0215,0,-389.8329,2.156024,2.156024,7.307854,NaN,NaN,NaN,NaN,0,20.1,16.35495,0,11.68442,0.5813,0,0.8137,-190.0215,0,1,0,0,-0.8137,0,0.5813,-389.8329,0,0,0,1
696.0214,696.02,0.014095,0.016154,706.5563,-189.6939,0,-389.5999,2.172231,2.172231,7.329826,NaN,NaN,NaN,NaN,0,20.1,16.3848,0,11.64253,0.5792,0,0.8152,-189.6939,0,1,0,0,-0.8152,0,0.5792,-389.5999,0,0,0,1
696.0352,696.03,0.013761,0.015675,706.5697,-189.5299,0,-389.4836,2.180716,2.180716,7.366447,NaN,NaN,NaN,NaN,0,20.1,16.39975,0,11.62146,0.5782,0,0.8159,-189.5299,0,1,0,0,-0.8159,0,0.5782,-389.4836,0,0,0,1
696.0551,696.05,0.019914,0.016523,706.59,-189.2015,0,-389.2519,2.198476,2.198476,7.414055,NaN,NaN,NaN,NaN,0,20.1,16.42977,0,11.57897,0.5761,0,0.8174,-189.2015,0,1,0,0,-0.8174,0,0.5761,-389.2519,0,0,0,1
696.0675,696.06,0.012433,0.015705,706.6021,-189.037,0,-389.1363,2.207767,2.207767,7.465324,NaN,NaN,NaN,NaN,0,20.1,16.44485,0,11.55756,0.575,0,0.8182,-189.037,0,1,0,0,-0.8182,0,0.575,-389.1363,0,0,0,1
696.0883,696.08,0.020746,0.016713,706.6232,-188.7077,0,-388.9058,2.227096,2.227096,7.498283,NaN,NaN,NaN,NaN,0,20.1,16.47504,0,11.51447,0.5729,0,0.8197,-188.7077,0,1,0,0,-0.8197,0,0.5729,-388.9058,0,0,0,1
696.1025,696.1,0.014225,0.016215,706.6374,-188.3777,0,-388.6761,2.247478,2.247478,7.549553,NaN,NaN,NaN,NaN,0,20.1,16.50533,0,11.47102,0.5707,0,0.8212,-188.3777,0,1,0,0,-0.8212,0,0.5707,-388.6761,0,0,0,1
696.1158,696.11,0.013336,0.015639,706.6503,-188.2125,0,-388.5616,2.25806,2.25806,7.586174,NaN,NaN,NaN,NaN,0,20.1,16.5205,0,11.44915,0.5696,0,0.8219,-188.2125,0,1,0,0,-0.8219,0,0.5696,-388.5616,0,0,0,1
696.1287,696.12,0.012904,0.015092,706.6633,-188.0471,0,-388.4474,2.268913,2.268913,7.619133,NaN,NaN,NaN,NaN,0,20.1,16.53571,0,11.42717,0.5685,0,0.8227,-188.0471,0,1,0,0,-0.8227,0,0.5685,-388.4474,0,0,0,1
696.1418,696.14,0.013046,0.014683,706.6771,-187.716,0,-388.2195,2.291449,2.291449,7.670403,NaN,NaN,NaN,NaN,0,20.1,16.56625,0,11.38286,0.5663,0,0.8242,-187.716,0,1,0,0,-0.8242,0,0.5663,-388.2195,0,0,0,1
696.1562,696.15,0.014429,0.014632,706.6907,-187.5502,0,-388.1059,2.303109,2.303109,7.739983,NaN,NaN,NaN,NaN,0,20.1,16.58161,0,11.36047,0.5652,0,0.825,-187.5502,0,1,0,0,-0.825,0,0.5652,-388.1059,0,0,0,1
696.1774,696.17,0.021224,0.015951,706.7125,-187.2181,0,-387.8794,2.327257,2.327257,7.846184,NaN,NaN,NaN,NaN,0,20.1,16.61266,0,11.31501,0.5629,0,0.8265,-187.2181,0,1,0,0,-0.8265,0,0.5629,-387.8794,0,0,0,1
696.1912,696.19,0.013715,0.015504,706.7265,-186.8853,0,-387.6537,2.352511,2.352511,7.978034,NaN,NaN,NaN,NaN,0,20.1,16.64411,0,11.2687,0.5606,0,0.8281,-186.8853,0,1,0,0,-0.8281,0,0.5606,-387.6537,0,0,0,1
696.21,696.21,0.018858,0.016174,706.7451,-186.552,0,-387.4291,2.378932,2.378932,8.036628,NaN,NaN,NaN,NaN,0,20.1,16.67566,0,11.22197,0.5583,0,0.8296,-186.552,0,1,0,0,-0.8296,0,0.5583,-387.4291,0,0,0,1
696.2227,696.22,0.01268,0.015476,706.758,-186.3851,0,-387.3171,2.39256,2.39256,8.102546,NaN,NaN,NaN,NaN,0,20.1,16.69151,0,11.19837,0.5571,0,0.8304,-186.3851,0,1,0,0,-0.8304,0,0.5571,-387.3171,0,0,0,1
696.2365,696.23,0.01382,0.015145,706.7712,-186.218,0,-387.2054,2.40645,2.40645,8.172126,NaN,NaN,NaN,NaN,0,20.1,16.70746,0,11.17456,0.5559,0,0.8312,-186.218,0,1,0,0,-0.8312,0,0.5559,-387.2054,0,0,0,1
696.251,696.25,0.014487,0.015013,706.7859,-185.8834,0,-386.9826,2.435122,2.435122,8.223395,NaN,NaN,NaN,NaN,0,20.1,16.73947,0,11.12655,0.5536,0,0.8328,-185.8834,0,1,0,0,-0.8328,0,0.5536,-386.9826,0,0,0,1
696.2657,696.26,0.014687,0.014948,706.8002,-185.7158,0,-386.8716,2.449894,2.449894,8.322272,NaN,NaN,NaN,NaN,0,20.1,16.75562,0,11.10223,0.5523,0,0.8336,-185.7158,0,1,0,0,-0.8336,0,0.5523,-386.8716,0,0,0,1
696.2788,696.27,0.013156,0.014589,706.8134,-185.5481,0,-386.7608,2.46498,2.46498,8.424811,NaN,NaN,NaN,NaN,0,20.1,16.77192,0,11.07758,0.5511,0,0.8344,-185.5481,0,1,0,0,-0.8344,0,0.5511,-386.7608,0,0,0,1
696.2989,696.29,0.020042,0.01568,706.8338,-185.2122,0,-386.54,2.496011,2.496011,8.563972,NaN,NaN,NaN,NaN,0,20.1,16.80496,0,11.02739,0.5486,0,0.8361,-185.2122,0,1,0,0,-0.8361,0,0.5486,-386.54,0,0,0,1
696.3124,696.31,0.013549,0.015254,706.8475,-184.8755,0,-386.3202,2.528248,2.528248,8.802009,NaN,NaN,NaN,NaN,0,20.1,16.83876,0,10.9757,0.5461,0,0.8377,-184.8755,0,1,0,0,-0.8377,0,0.5461,-386.3202,0,0,0,1
696.3317,696.33,0.019236,0.01605,706.8666,-184.5383,0,-386.1015,2.561748,2.561748,9.010763,NaN,NaN,NaN,NaN,0,20.1,16.8732,0,10.92268,0.5434,0,0.8395,-184.5383,0,1,0,0,-0.8395,0,0.5434,-386.1015,0,0,0,1
696.3454,696.34,0.013718,0.015584,706.8798,-184.3694,0,-385.9925,2.578999,2.578999,9.340353,NaN,NaN,NaN,NaN,0,20.1,16.89099,0,10.89516,0.542,0,0.8403,-184.3694,0,1,0,0,-0.8403,0,0.542,-385.9925,0,0,0,1
696.358,696.35,0.012644,0.014996,706.8925,-184.2003,0,-385.8839,2.596564,2.596564,9.607687,NaN,NaN,NaN,NaN,0,20.1,16.90923,0,10.86682,0.5406,0,0.8413,-184.2003,0,1,0,0,-0.8413,0,0.5406,-385.8839,0,0,0,1
696.3711,696.37,0.013086,0.014614,706.9061,-183.8615,0,-385.6674,2.632752,2.632752,9.845738,NaN,NaN,NaN,NaN,0,20.1,16.94648,0,10.80865,0.5377,0,0.8431,-183.8615,0,1,0,0,-0.8431,0,0.5377,-385.6674,0,0,0,1
696.3845,696.38,0.013443,0.01438,706.9192,-183.6918,0,-385.5596,2.651361,2.651361,10.10941,NaN,NaN,NaN,NaN,0,20.1,16.96553,0,10.77873,0.5363,0,0.8441,-183.6918,0,1,0,0,-0.8441,0,0.5363,-385.5596,0,0,0,1
696.3986,696.39,0.014104,0.014324,706.9333,-183.522,0,-385.4521,2.670375,2.670375,10.36576,NaN,NaN,NaN,NaN,0,20.1,16.985,0,10.74802,0.5347,0,0.845,-183.522,0,1,0,0,-0.845,0,0.5347,-385.4521,0,0,0,1
696.4119,696.41,0.013255,0.014111,706.9469,-183.1817,0,-385.2381,2.709391,2.709391,10.69169,NaN,NaN,NaN,NaN,0,20.1,17.02499,0,10.68455,0.5316,0,0.847,-183.1817,0,1,0,0,-0.847,0,0.5316,-385.2381,0,0,0,1
696.4319,696.43,0.020009,0.01529,706.967,-182.8406,0,-385.0254,2.750002,2.750002,10.91143,NaN,NaN,NaN,NaN,0,20.1,17.06557,0,10.61963,0.5283,0,0.849,-182.8406,0,1,0,0,-0.849,0,0.5283,-385.0254,0,0,0,1
696.4466,696.44,0.014664,0.015165,706.9813,-182.6697,0,-384.9195,2.770558,2.770558,11.21172,NaN,NaN,NaN,NaN,0,20.1,17.08631,0,10.58622,0.5267,0,0.8501,-182.6697,0,1,0,0,-0.8501,0,0.5267,-384.9195,0,0,0,1
696.4668,696.46,0.020215,0.016175,707.002,-182.3274,0,-384.7089,2.809825,2.809825,11.47173,NaN,NaN,NaN,NaN,0,20.1,17.12856,0,10.51771,0.5233,0,0.8522,-182.3274,0,1,0,0,-0.8522,0,0.5233,-384.7089,0,0,0,1
696.4806,696.48,0.013791,0.015698,707.0156,-181.9841,0,-384.4995,2.850555,2.850555,11.79767,NaN,NaN,NaN,NaN,0,20.1,17.17174,0,10.44708,0.5198,0,0.8543,-181.9841,0,1,0,0,-0.8543,0,0.5198,-384.4995,0,0,0,1
696.494,696.49,0.013389,0.015236,707.0286,-181.8122,0,-384.3954,2.870311,2.870311,12.03571,NaN,NaN,NaN,NaN,0,20.1,17.19364,0,10.41099,0.518,0,0.8554,-181.8122,0,1,0,0,-0.8554,0,0.518,-384.3954,0,0,0,1
696.5068,696.5,0.012881,0.014765,707.0414,-181.64,0,-384.2917,2.888031,2.888031,12.24079,NaN,NaN,NaN,NaN,0,20.1,17.21585,0,10.37423,0.5161,0,0.8565,-181.64,0,1,0,0,-0.8565,0,0.5161,-384.2917,0,0,0,1
696.52,696.52,0.013159,0.014444,707.0557,-181.2951,0,-384.0854,2.924554,2.924554,12.48249,NaN,NaN,NaN,NaN,0,20.1,17.26089,0,10.29912,0.5124,0,0.8588,-181.2951,0,1,0,0,-0.8588,0,0.5124,-384.0854,0,0,0,1
696.5345,696.53,0.014543,0.014464,707.0693,-181.1222,0,-383.9828,2.943451,2.943451,12.7535,NaN,NaN,NaN,NaN,0,20.1,17.28377,0,10.26067,0.5105,0,0.8599,-181.1222,0,1,0,0,-0.8599,0,0.5105,-383.9828,0,0,0,1
696.5557,696.55,0.02112,0.015795,707.0906,-180.7759,0,-383.7787,2.976681,2.976681,12.99153,NaN,NaN,NaN,NaN,0,20.1,17.33012,0,10.18219,0.5066,0,0.8622,-180.7759,0,1,0,0,-0.8622,0,0.5066,-383.7787,0,0,0,1
696.5762,696.57,0.020581,0.016752,707.1149,-180.4285,0,-383.5763,3.010152,3.010152,13.42732,NaN,NaN,NaN,NaN,0,20.1,17.37766,0,10.10085,0.5025,0,0.8646,-180.4285,0,1,0,0,-0.8646,0,0.5025,-383.5763,0,0,0,1
696.6022,696.6,0.025936,0.018589,707.1378,-179.9057,0,-383.2758,3.056796,3.056796,13.93637,NaN,NaN,NaN,NaN,0,20.1,17.4509,0,9.973775,0.4962,0,0.8682,-179.9057,0,1,0,0,-0.8682,0,0.4962,-383.2758,0,0,0,1
696.618,696.61,0.01584,0.018039,707.1525,-179.731,0,-383.1765,3.071902,3.071902,14.47104,NaN,NaN,NaN,NaN,0,20.1,17.47603,0,9.929667,0.494,0,0.8695,-179.731,0,1,0,0,-0.8695,0,0.494,-383.1765,0,0,0,1
696.6314,696.63,0.013353,0.017102,707.1666,-179.3807,0,-382.9793,3.10284,3.10284,14.76768,NaN,NaN,NaN,NaN,0,20.1,17.52699,0,9.839448,0.4895,0,0.872,-179.3807,0,1,0,0,-0.872,0,0.4895,-382.9793,0,0,0,1
696.6464,696.64,0.015015,0.016684,707.1814,-179.2052,0,-382.8814,3.115764,3.115764,15.07896,NaN,NaN,NaN,NaN,0,20.1,17.55282,0,9.793287,0.4872,0,0.8733,-179.2052,0,1,0,0,-0.8733,0,0.4872,-382.8814,0,0,0,1
696.6671,696.66,0.020652,0.017478,707.2025,-178.8533,0,-382.6869,3.14312,3.14312,15.39757,NaN,NaN,NaN,NaN,0,20.1,17.60521,0,9.698804,0.4825,0,0.8759,-178.8533,0,1,0,0,-0.8759,0,0.4825,-382.6869,0,0,0,1
696.682,696.68,0.014966,0.016976,707.2172,-178.5004,0,-382.4944,3.170611,3.170611,15.85901,NaN,NaN,NaN,NaN,0,20.1,17.65863,0,9.601196,0.4777,0,0.8785,-178.5004,0,1,0,0,-0.8785,0,0.4777,-382.4944,0,0,0,1
696.6974,696.69,0.015398,0.01666,707.2322,-178.3236,0,-382.3989,3.182478,3.182478,16.13733,NaN,NaN,NaN,NaN,0,20.1,17.6856,0,9.551422,0.4752,0,0.8799,-178.3236,0,1,0,0,-0.8799,0,0.4752,-382.3989,0,0,0,1
696.7117,696.71,0.014239,0.016176,707.2473,-177.969,0,-382.2094,3.207759,3.207759,16.43397,NaN,NaN,NaN,NaN,0,20.1,17.7401,0,9.449809,0.4701,0,0.8826,-177.969,0,1,0,0,-0.8826,0,0.4701,-382.2094,0,0,0,1
696.726,696.72,0.014364,0.015814,707.2607,-177.7914,0,-382.1154,3.221172,3.221172,16.69032,NaN,NaN,NaN,NaN,0,20.1,17.76755,0,9.398092,0.4676,0,0.884,-177.7914,0,1,0,0,-0.884,0,0.4676,-382.1154,0,0,0,1
696.7435,696.74,0.017511,0.016153,707.2784,-177.4352,0,-381.929,3.243118,3.243118,16.91371,NaN,NaN,NaN,NaN,0,20.1,17.82273,0,9.293031,0.4623,0,0.8867,-177.4352,0,1,0,0,-0.8867,0,0.4623,-381.929,0,0,0,1
696.7573,696.75,0.013757,0.015674,707.2919,-177.2567,0,-381.8366,3.254578,3.254578,17.15175,NaN,NaN,NaN,NaN,0,20.1,17.85047,0,9.239635,0.4597,0,0.8881,-177.2567,0,1,0,0,-0.8881,0,0.4597,-381.8366,0,0,0,1
696.7765,696.77,0.019214,0.016382,707.3116,-176.8988,0,-381.6534,3.27868,3.27868,17.3202,NaN,NaN,NaN,NaN,0,20.1,17.906,0,9.131544,0.4543,0,0.8908,-176.8988,0,1,0,0,-0.8908,0,0.4543,-381.6534,0,0,0,1
696.7916,696.79,0.015067,0.016119,707.3268,-176.5399,0,-381.4725,3.298371,3.298371,17.54727,NaN,NaN,NaN,NaN,0,20.1,17.9616,0,9.021698,0.4488,0,0.8936,-176.5399,0,1,0,0,-0.8936,0,0.4488,-381.4725,0,0,0,1
696.8052,696.8,0.013599,0.015615,707.3397,-176.36,0,-381.3828,3.309083,3.309083,17.68277,NaN,NaN,NaN,NaN,0,20.1,17.98935,0,8.966222,0.4461,0,0.895,-176.36,0,1,0,0,-0.895,0,0.4461,-381.3828,0,0,0,1
696.819,696.81,0.013804,0.015253,707.3535,-176.1798,0,-381.2937,3.320355,3.320355,17.80362,NaN,NaN,NaN,NaN,0,20.1,18.01713,0,8.91028,0.4433,0,0.8964,-176.1798,0,1,0,0,-0.8964,0,0.4433,-381.2937,0,0,0,1
696.8317,696.83,0.012758,0.014754,707.3669,-175.8186,0,-381.1172,3.339273,3.339273,17.9208,NaN,NaN,NaN,NaN,0,20.1,18.07252,0,8.797399,0.4377,0,0.8991,-175.8186,0,1,0,0,-0.8991,0,0.4377,-381.1172,0,0,0,1
696.8463,696.84,0.014512,0.014705,707.381,-175.6376,0,-381.0298,3.348691,3.348691,18.027,NaN,NaN,NaN,NaN,0,20.1,18.1001,0,8.740493,0.4349,0,0.9005,-175.6376,0,1,0,0,-0.9005,0,0.4349,-381.0298,0,0,0,1
696.8669,696.86,0.020647,0.015894,707.402,-175.2748,0,-380.8567,3.369299,3.369299,18.15152,NaN,NaN,NaN,NaN,0,20.1,18.15512,0,8.625633,0.4291,0,0.9032,-175.2748,0,1,0,0,-0.9032,0,0.4291,-380.8567,0,0,0,1
696.8885,696.88,0.021654,0.017046,707.4239,-174.9109,0,-380.686,3.385732,3.385732,18.32365,NaN,NaN,NaN,NaN,0,20.1,18.20992,0,8.509331,0.4233,0,0.906,-174.9109,0,1,0,0,-0.906,0,0.4233,-380.686,0,0,0,1
696.9028,696.9,0.014279,0.016492,707.438,-174.5459,0,-380.5175,3.403871,3.403871,18.51042,NaN,NaN,NaN,NaN,0,20.1,18.26452,0,8.391494,0.4175,0,0.9087,-174.5459,0,1,0,0,-0.9087,0,0.4175,-380.5175,0,0,0,1
696.9177,696.91,0.014833,0.01616,707.4522,-174.363,0,-380.4342,3.413255,3.413255,18.67521,NaN,NaN,NaN,NaN,0,20.1,18.29178,0,8.331916,0.4145,0,0.91,-174.363,0,1,0,0,-0.91,0,0.4145,-380.4342,0,0,0,1
696.932,696.93,0.01433,0.015794,707.4672,-173.9963,0,-380.2693,3.427797,3.427797,18.81437,NaN,NaN,NaN,NaN,0,20.1,18.34611,0,8.211605,0.4085,0,0.9127,-173.9963,0,1,0,0,-0.9127,0,0.4085,-380.2693,0,0,0,1
696.9458,696.94,0.013819,0.015399,707.4804,-173.8126,0,-380.1879,3.436051,3.436051,18.97184,NaN,NaN,NaN,NaN,0,20.1,18.3732,0,8.150812,0.4055,0,0.9141,-173.8126,0,1,0,0,-0.9141,0,0.4055,-380.1879,0,0,0,1
696.9661,696.96,0.020242,0.016368,707.5012,-173.4443,0,-380.0267,3.452477,3.452477,19.111,NaN,NaN,NaN,NaN,0,20.1,18.42716,0,8.028064,0.3994,0,0.9168,-173.4443,0,1,0,0,-0.9168,0,0.3994,-380.0267,0,0,0,1
696.9795,696.97,0.013443,0.015783,707.514,-173.2598,0,-379.947,3.458953,3.458953,19.26483,NaN,NaN,NaN,NaN,0,20.1,18.45405,0,7.966061,0.3963,0,0.9181,-173.2598,0,1,0,0,-0.9181,0,0.3963,-379.947,0,0,0,1
696.9987,696.99,0.019172,0.016461,707.5336,-172.8899,0,-379.7896,3.473807,3.473807,19.34906,NaN,NaN,NaN,NaN,0,20.1,18.50743,0,7.84124,0.3901,0,0.9208,-172.8899,0,1,0,0,-0.9208,0,0.3901,-379.7896,0,0,0,1
697.0123,697.01,0.013704,0.015909,707.5473,-172.519,0,-379.6347,3.488102,3.488102,19.37103,NaN,NaN,NaN,NaN,0,20.1,18.56003,0,7.715919,0.3839,0,0.9234,-172.519,0,1,0,0,-0.9234,0,0.3839,-379.6347,0,0,0,1
697.0255,697.02,0.013096,0.015347,707.5601,-172.3331,0,-379.5581,3.4941,3.4941,19.37103,NaN,NaN,NaN,NaN,0,20.1,18.58601,0,7.653125,0.3808,0,0.9247,-172.3331,0,1,0,0,-0.9247,0,0.3808,-379.5581,0,0,0,1
697.0385,697.03,0.012979,0.014873,707.5729,-172.147,0,-379.4822,3.500751,3.500751,19.37103,NaN,NaN,NaN,NaN,0,20.1,18.61178,0,7.590246,0.3776,0,0.926,-172.147,0,1,0,0,-0.926,0,0.3776,-379.4822,0,0,0,1
697.0516,697.05,0.013121,0.014523,707.5862,-171.774,0,-379.3323,3.515158,3.515158,19.37103,NaN,NaN,NaN,NaN,0,20.1,18.66267,0,7.464223,0.3714,0,0.9285,-171.774,0,1,0,0,-0.9285,0,0.3714,-379.3323,0,0,0,1
697.0643,697.06,0.012737,0.014166,707.5987,-171.5871,0,-379.2583,3.520116,3.520116,19.37103,NaN,NaN,NaN,NaN,0,20.1,18.68781,0,7.401085,0.3682,0,0.9297,-171.5871,0,1,0,0,-0.9297,0,0.3682,-379.2583,0,0,0,1
697.076,697.07,0.01179,0.01369,707.6105,-171.3999,0,-379.1849,3.525719,3.525719,19.36737,NaN,NaN,NaN,NaN,0,20.1,18.71272,0,7.337872,0.3651,0,0.931,-171.3999,0,1,0,0,-0.931,0,0.3651,-379.1849,0,0,0,1
697.0886,697.08,0.012464,0.013445,707.623,-171.2126,0,-379.1122,3.5319,3.5319,19.36737,NaN,NaN,NaN,NaN,0,20.1,18.73741,0,7.274575,0.3619,0,0.9322,-171.2126,0,1,0,0,-0.9322,0,0.3619,-379.1122,0,0,0,1
697.1019,697.1,0.013404,0.013437,707.6368,-170.8371,0,-378.9686,3.544129,3.544129,19.36737,NaN,NaN,NaN,NaN,0,20.1,18.78616,0,7.147738,0.3556,0,0.9346,-170.8371,0,1,0,0,-0.9346,0,0.3556,-378.9686,0,0,0,1
697.1158,697.11,0.013836,0.013517,707.6503,-170.649,0,-378.8977,3.548637,3.548637,19.36737,NaN,NaN,NaN,NaN,0,20.1,18.81021,0,7.084196,0.3524,0,0.9358,-170.649,0,1,0,0,-0.9358,0,0.3524,-378.8977,0,0,0,1
697.1277,697.12,0.011964,0.013206,707.6621,-170.4606,0,-378.8275,3.553745,3.553745,19.36737,NaN,NaN,NaN,NaN,0,20.1,18.83405,0,7.020574,0.3493,0,0.937,-170.4606,0,1,0,0,-0.937,0,0.3493,-378.8275,0,0,0,1
697.1397,697.13,0.011966,0.012958,707.6741,-170.2721,0,-378.7579,3.559469,3.559469,19.36737,NaN,NaN,NaN,NaN,0,20.1,18.85768,0,6.956868,0.3461,0,0.9382,-170.2721,0,1,0,0,-0.9382,0,0.3461,-378.7579,0,0,0,1
697.152,697.15,0.012295,0.012826,707.6868,-169.8942,0,-378.6207,3.569444,3.569444,19.36737,NaN,NaN,NaN,NaN,0,20.1,18.90428,0,6.829223,0.3398,0,0.9405,-169.8942,0,1,0,0,-0.9405,0,0.3398,-378.6207,0,0,0,1
697.1652,697.16,0.013137,0.012888,707.6997,-169.7049,0,-378.553,3.573504,3.573504,19.36737,NaN,NaN,NaN,NaN,0,20.1,18.92726,0,6.765283,0.3366,0,0.9417,-169.7049,0,1,0,0,-0.9417,0,0.3366,-378.553,0,0,0,1
697.1779,697.17,0.012774,0.012865,707.7123,-169.5154,0,-378.486,3.578168,3.578168,19.36737,NaN,NaN,NaN,NaN,0,20.1,18.95002,0,6.701265,0.3334,0,0.9428,-169.5154,0,1,0,0,-0.9428,0,0.3334,-378.486,0,0,0,1
697.1975,697.19,0.019595,0.014211,707.7325,-169.1358,0,-378.3539,3.5883,3.5883,19.36737,NaN,NaN,NaN,NaN,0,20.1,18.99488,0,6.573001,0.327,0,0.945,-169.1358,0,1,0,0,-0.945,0,0.327,-378.3539,0,0,0,1
697.2106,697.21,0.013137,0.013996,707.7454,-168.7552,0,-378.2244,3.594831,3.594831,19.36737,NaN,NaN,NaN,NaN,0,20.1,19.03889,0,6.444437,0.3206,0,0.9472,-168.7552,0,1,0,0,-0.9472,0,0.3206,-378.2244,0,0,0,1
697.2311,697.23,0.020446,0.015286,707.7659,-168.3738,0,-378.0974,3.603898,3.603898,19.36737,NaN,NaN,NaN,NaN,0,20.1,19.08202,0,6.315577,0.3142,0,0.9494,-168.3738,0,1,0,0,-0.9494,0,0.3142,-378.0974,0,0,0,1
697.2441,697.24,0.013024,0.014834,707.7785,-168.1827,0,-378.0349,3.606982,3.606982,19.36737,NaN,NaN,NaN,NaN,0,20.1,19.10326,0,6.25104,0.311,0,0.9504,-168.1827,0,1,0,0,-0.9504,0,0.311,-378.0349,0,0,0,1
697.2568,697.25,0.012665,0.0144,707.7913,-167.9915,0,-377.9731,3.60949,3.60949,19.36737,NaN,NaN,NaN,NaN,0,20.1,19.12428,0,6.186432,0.3078,0,0.9515,-167.9915,0,1,0,0,-0.9515,0,0.3078,-377.9731,0,0,0,1
697.2706,697.27,0.01384,0.014288,707.8054,-167.6084,0,-377.8513,3.616343,3.616343,19.36737,NaN,NaN,NaN,NaN,0,20.1,19.16567,0,6.057002,0.3013,0,0.9535,-167.6084,0,1,0,0,-0.9535,0,0.3013,-377.8513,0,0,0,1
697.2828,697.28,0.012187,0.013868,707.8173,-167.4165,0,-377.7913,3.6206,3.6206,19.36737,NaN,NaN,NaN,NaN,0,20.1,19.18603,0,5.992183,0.2981,0,0.9545,-167.4165,0,1,0,0,-0.9545,0,0.2981,-377.7913,0,0,0,1
697.2957,697.29,0.012866,0.013668,707.8301,-167.2245,0,-377.7321,3.622036,3.622036,19.36737,NaN,NaN,NaN,NaN,0,20.1,19.20618,0,5.927295,0.2949,0,0.9555,-167.2245,0,1,0,0,-0.9555,0,0.2949,-377.7321,0,0,0,1
697.3087,697.3,0.012981,0.01353,707.8431,-167.0322,0,-377.6734,3.624095,3.624095,19.36737,NaN,NaN,NaN,NaN,0,20.1,19.2261,0,5.862339,0.2917,0,0.9565,-167.0322,0,1,0,0,-0.9565,0,0.2917,-377.6734,0,0,0,1
697.3214,697.32,0.012722,0.013368,707.8562,-166.6471,0,-377.5581,3.630095,3.630095,19.36737,NaN,NaN,NaN,NaN,0,20.1,19.2653,0,5.732228,0.2852,0,0.9585,-166.6471,0,1,0,0,-0.9585,0,0.2852,-377.5581,0,0,0,1
697.3446,697.34,0.023214,0.015338,707.8796,-166.2612,0,-377.4454,3.633505,3.633505,19.36737,NaN,NaN,NaN,NaN,0,20.1,19.30361,0,5.601856,0.2787,0,0.9604,-166.2612,0,1,0,0,-0.9604,0,0.2787,-377.4454,0,0,0,1
697.3657,697.36,0.021122,0.016495,707.9006,-165.8746,0,-377.3354,3.637315,3.637315,19.36737,NaN,NaN,NaN,NaN,0,20.1,19.34104,0,5.471228,0.2722,0,0.9622,-165.8746,0,1,0,0,-0.9622,0,0.2722,-377.3354,0,0,0,1
697.3797,697.37,0.013999,0.015995,707.9141,-165.681,0,-377.2813,3.640156,3.640156,19.36737,NaN,NaN,NaN,NaN,0,20.1,19.35942,0,5.405818,0.2689,0,0.9632,-165.681,0,1,0,0,-0.9632,0,0.2689,-377.2813,0,0,0,1
697.3942,697.39,0.014447,0.015686,707.9291,-165.2933,0,-377.1752,3.641413,3.641413,19.36737,NaN,NaN,NaN,NaN,0,20.1,19.39552,0,5.274816,0.2624,0,0.965,-165.2933,0,1,0,0,-0.965,0,0.2624,-377.1752,0,0,0,1
697.4061,697.4,0.011957,0.01494,707.9406,-165.0991,0,-377.1231,3.642552,3.642552,19.36737,NaN,NaN,NaN,NaN,0,20.1,19.41324,0,5.209222,0.2592,0,0.9658,-165.0991,0,1,0,0,-0.9658,0,0.2592,-377.1231,0,0,0,1
697.4182,697.41,0.012069,0.014366,707.9528,-164.9048,0,-377.0717,3.644307,3.644307,19.36737,NaN,NaN,NaN,NaN,0,20.1,19.43074,0,5.143573,0.2559,0,0.9667,-164.9048,0,1,0,0,-0.9667,0,0.2559,-377.0717,0,0,0,1
697.4308,697.43,0.012576,0.014008,707.9656,-164.5157,0,-376.9708,3.645658,3.645658,19.36737,NaN,NaN,NaN,NaN,0,20.1,19.46507,0,5.012092,0.2494,0,0.9684,-164.5157,0,1,0,0,-0.9684,0,0.2494,-376.9708,0,0,0,1
697.4436,697.44,0.012814,0.013769,707.9779,-164.3209,0,-376.9213,3.645727,3.645727,19.37103,NaN,NaN,NaN,NaN,0,20.1,19.4819,0,4.946254,0.2461,0,0.9692,-164.3209,0,1,0,0,-0.9692,0,0.2461,-376.9213,0,0,0,1
697.465,697.46,0.021458,0.015307,707.9999,-163.9307,0,-376.8243,3.647656,3.647656,19.37103,NaN,NaN,NaN,NaN,0,20.1,19.5149,0,4.814411,0.2395,0,0.9709,-163.9307,0,1,0,0,-0.9709,0,0.2395,-376.8243,0,0,0,1
697.4777,697.47,0.012628,0.014771,708.0121,-163.7354,0,-376.7769,3.647779,3.647779,19.37103,NaN,NaN,NaN,NaN,0,20.1,19.53107,0,4.748407,0.2362,0,0.9717,-163.7354,0,1,0,0,-0.9717,0,0.2362,-376.7769,0,0,0,1
697.4988,697.49,0.021199,0.016057,708.0339,-163.3443,0,-376.6839,3.64633,3.64633,19.37103,NaN,NaN,NaN,NaN,0,20.1,19.56273,0,4.616234,0.2297,0,0.9733,-163.3443,0,1,0,0,-0.9733,0,0.2297,-376.6839,0,0,0,1
697.5123,697.51,0.013416,0.015529,708.0471,-162.9526,0,-376.5935,3.647423,3.647423,19.37103,NaN,NaN,NaN,NaN,0,20.1,19.5935,0,4.48385,0.2231,0,0.9748,-162.9526,0,1,0,0,-0.9748,0,0.2231,-376.5935,0,0,0,1
697.5256,697.52,0.013271,0.015077,708.06,-162.7565,0,-376.5493,3.645701,3.645701,19.37103,NaN,NaN,NaN,NaN,0,20.1,19.60855,0,4.41758,0.2198,0,0.9755,-162.7565,0,1,0,0,-0.9755,0,0.2198,-376.5493,0,0,0,1
697.5389,697.53,0.013384,0.014738,708.0734,-162.5603,0,-376.5058,3.644222,3.644222,19.37103,NaN,NaN,NaN,NaN,0,20.1,19.62337,0,4.351259,0.2165,0,0.9763,-162.5603,0,1,0,0,-0.9763,0,0.2165,-376.5058,0,0,0,1
697.5529,697.55,0.014,0.014591,708.0878,-162.1674,0,-376.4208,3.643162,3.643162,19.37103,NaN,NaN,NaN,NaN,0,20.1,19.65234,0,4.218472,0.2099,0,0.9777,-162.1674,0,1,0,0,-0.9777,0,0.2099,-376.4208,0,0,0,1
697.5651,697.56,0.012131,0.014099,708.0995,-161.9707,0,-376.3793,3.642626,3.642626,19.37103,NaN,NaN,NaN,NaN,0,20.1,19.66649,0,4.152008,0.2066,0,0.9784,-161.9707,0,1,0,0,-0.9784,0,0.2066,-376.3793,0,0,0,1
697.5778,697.57,0.012734,0.013826,708.1124,-161.7739,0,-376.3384,3.640038,3.640038,19.37103,NaN,NaN,NaN,NaN,0,20.1,19.68041,0,4.085494,0.2033,0,0.9791,-161.7739,0,1,0,0,-0.9791,0,0.2033,-376.3384,0,0,0,1
697.5995,697.59,0.021716,0.015404,708.1343,-161.3799,0,-376.2587,3.63681,3.63681,19.37103,NaN,NaN,NaN,NaN,0,20.1,19.70759,0,3.952325,0.1966,0,0.9805,-161.3799,0,1,0,0,-0.9805,0,0.1966,-376.2587,0,0,0,1
697.6129,697.61,0.013405,0.015004,708.1478,-160.9854,0,-376.1817,3.633899,3.633899,19.37103,NaN,NaN,NaN,NaN,0,20.1,19.73387,0,3.818979,0.19,0,0.9818,-160.9854,0,1,0,0,-0.9818,0,0.19,-376.1817,0,0,0,1
697.6319,697.63,0.018958,0.015795,708.1667,-160.5903,0,-376.1073,3.628426,3.628426,19.37103,NaN,NaN,NaN,NaN,0,20.1,19.75924,0,3.685457,0.1834,0,0.983,-160.5903,0,1,0,0,-0.983,0,0.1834,-376.1073,0,0,0,1
697.6447,697.64,0.012849,0.015206,708.1791,-160.3926,0,-376.0711,3.62665,3.62665,19.38202,NaN,NaN,NaN,NaN,0,20.1,19.77159,0,3.618594,0.18,0,0.9837,-160.3926,0,1,0,0,-0.9837,0,0.18,-376.0711,0,0,0,1
697.6583,697.65,0.013619,0.014888,708.1929,-160.1947,0,-376.0356,3.625502,3.625502,19.38202,NaN,NaN,NaN,NaN,0,20.1,19.78372,0,3.55169,0.1767,0,0.9843,-160.1947,0,1,0,0,-0.9843,0,0.1767,-376.0356,0,0,0,1
697.6707,697.67,0.012384,0.014387,708.2059,-159.7987,0,-375.9665,3.617906,3.617906,19.38202,NaN,NaN,NaN,NaN,0,20.1,19.8073,0,3.417761,0.17,0,0.9854,-159.7987,0,1,0,0,-0.9854,0,0.17,-375.9665,0,0,0,1
697.6841,697.68,0.013343,0.014178,708.2188,-159.6005,0,-375.933,3.615087,3.615087,19.38568,NaN,NaN,NaN,NaN,0,20.1,19.81875,0,3.350725,0.1667,0,0.986,-159.6005,0,1,0,0,-0.986,0,0.1667,-375.933,0,0,0,1
697.698,697.69,0.01392,0.014127,708.2324,-159.4022,0,-375.9002,3.612862,3.612862,19.38568,NaN,NaN,NaN,NaN,0,20.1,19.82997,0,3.283651,0.1634,0,0.9866,-159.4022,0,1,0,0,-0.9866,0,0.1634,-375.9002,0,0,0,1
697.7142,697.71,0.016181,0.014538,708.2493,-159.0053,0,-375.8365,3.605438,3.605438,19.38568,NaN,NaN,NaN,NaN,0,20.1,19.85174,0,3.14939,0.1567,0,0.9876,-159.0053,0,1,0,0,-0.9876,0,0.1567,-375.8365,0,0,0,1
697.7329,697.73,0.018722,0.015374,708.2681,-158.6079,0,-375.7755,3.598195,3.598195,19.38568,NaN,NaN,NaN,NaN,0,20.1,19.87259,0,3.014984,0.15,0,0.9887,-158.6079,0,1,0,0,-0.9887,0,0.15,-375.7755,0,0,0,1
697.7564,697.75,0.023541,0.017008,708.292,-158.2102,0,-375.7173,3.590886,3.590886,19.38568,NaN,NaN,NaN,NaN,0,20.1,19.89254,0,2.880441,0.1433,0,0.9897,-158.2102,0,1,0,0,-0.9897,0,0.1433,-375.7173,0,0,0,1
697.7741,697.77,0.017678,0.017142,708.3098,-157.812,0,-375.6616,3.581456,3.581456,19.40399,NaN,NaN,NaN,NaN,0,20.1,19.91159,0,2.745638,0.1366,0,0.9906,-157.812,0,1,0,0,-0.9906,0,0.1366,-375.6616,0,0,0,1
697.7915,697.79,0.017368,0.017187,708.3275,-157.4136,0,-375.6087,3.574275,3.574275,19.43695,NaN,NaN,NaN,NaN,0,20.1,19.92976,0,2.610481,0.1299,0,0.9915,-157.4136,0,1,0,0,-0.9915,0,0.1299,-375.6087,0,0,0,1
697.8061,697.8,0.014586,0.016667,708.3409,-157.2142,0,-375.5833,3.568233,3.568233,19.50286,NaN,NaN,NaN,NaN,0,20.1,19.93853,0,2.542626,0.1265,0,0.992,-157.2142,0,1,0,0,-0.992,0,0.1265,-375.5833,0,0,0,1
697.8231,697.82,0.016972,0.016728,708.358,-156.8151,0,-375.5345,3.557986,3.557986,19.60907,NaN,NaN,NaN,NaN,0,20.1,19.95547,0,2.40609,0.1197,0,0.9928,-156.8151,0,1,0,0,-0.9928,0,0.1197,-375.5345,0,0,0,1
697.8439,697.84,0.020842,0.017551,708.3788,-156.4158,0,-375.4885,3.548687,3.548687,19.8471,NaN,NaN,NaN,NaN,0,20.1,19.97166,0,2.267784,0.1128,0,0.9936,-156.4158,0,1,0,0,-0.9936,0,0.1128,-375.4885,0,0,0,1
697.8583,697.85,0.014441,0.016929,708.3936,-156.216,0,-375.4665,3.542237,3.542237,20.18037,NaN,NaN,NaN,NaN,0,20.1,19.97952,0,2.197428,0.1093,0,0.994,-156.216,0,1,0,0,-0.994,0,0.1093,-375.4665,0,0,0,1
697.873,697.87,0.014714,0.016486,708.4079,-155.8162,0,-375.4247,3.531298,3.531298,20.46235,NaN,NaN,NaN,NaN,0,20.1,19.99471,0,2.054665,0.1022,0,0.9948,-155.8162,0,1,0,0,-0.9948,0,0.1022,-375.4247,0,0,0,1
697.889,697.88,0.01596,0.016381,708.424,-155.6161,0,-375.4049,3.526897,3.526897,20.7956,NaN,NaN,NaN,NaN,0,20.1,20.00204,0,1.982077,0.0986,0,0.9951,-155.6161,0,1,0,0,-0.9951,0,0.0986,-375.4049,0,0,0,1
697.9055,697.9,0.016487,0.016402,708.4406,-155.2159,0,-375.3675,3.513596,3.513596,21.19112,NaN,NaN,NaN,NaN,0,20.1,20.01615,0,1.834069,0.0912,0,0.9958,-155.2159,0,1,0,0,-0.9958,0,0.0912,-375.3675,0,0,0,1
697.9232,697.92,0.017654,0.016652,708.4582,-154.8154,0,-375.3331,3.502388,3.502388,21.58297,NaN,NaN,NaN,NaN,0,20.1,20.0294,0,1.683219,0.0837,0,0.9965,-154.8154,0,1,0,0,-0.9965,0,0.0837,-375.3331,0,0,0,1
697.9435,697.94,0.020392,0.0174,708.4786,-154.4146,0,-375.3017,3.489916,3.489916,22.00777,NaN,NaN,NaN,NaN,0,20.1,20.04174,0,1.529302,0.0761,0,0.9971,-154.4146,0,1,0,0,-0.9971,0,0.0761,-375.3017,0,0,0,1
697.9579,697.95,0.014392,0.016799,708.4924,-154.2141,0,-375.2872,3.483261,3.483261,22.47288,NaN,NaN,NaN,NaN,0,20.1,20.04758,0,1.450678,0.0722,0,0.9974,-154.2141,0,1,0,0,-0.9974,0,0.0722,-375.2872,0,0,0,1
697.9723,697.97,0.014392,0.016317,708.5074,-153.813,0,-375.2606,3.472211,3.472211,22.75486,NaN,NaN,NaN,NaN,0,20.1,20.05847,0,1.291401,0.0642,0,0.9979,-153.813,0,1,0,0,-0.9979,0,0.0642,-375.2606,0,0,0,1
697.9867,697.98,0.014364,0.015927,708.5215,-153.6124,0,-375.2485,3.465934,3.465934,23.02953,NaN,NaN,NaN,NaN,0,20.1,20.0635,0,1.210766,0.0602,0,0.9982,-153.6124,0,1,0,0,-0.9982,0,0.0602,-375.2485,0,0,0,1
698.002,698,0.015343,0.01581,708.5375,-153.2109,0,-375.2267,3.452219,3.452219,23.23095,NaN,NaN,NaN,NaN,0,20.1,20.07266,0,1.048032,0.0521,0,0.9986,-153.2109,0,1,0,0,-0.9986,0,0.0521,-375.2267,0,0,0,1
698.0172,698.01,0.015129,0.015674,708.5518,-153.0102,0,-375.2171,3.446506,3.446506,23.42504,NaN,NaN,NaN,NaN,0,20.1,20.07678,0,0.965958,0.0481,0,0.9988,-153.0102,0,1,0,0,-0.9988,0,0.0481,-375.2171,0,0,0,1
698.033,698.03,0.015853,0.015709,708.5681,-152.6085,0,-375.2003,3.434335,3.434335,23.54223,NaN,NaN,NaN,NaN,0,20.1,20.08404,0,0.800943,0.0398,0,0.9992,-152.6085,0,1,0,0,-0.9992,0,0.0398,-375.2003,0,0,0,1
698.0536,698.05,0.020617,0.016691,708.5887,-152.2068,0,-375.1867,3.421167,3.421167,23.58617,NaN,NaN,NaN,NaN,0,20.1,20.08995,0,0.635563,0.0316,0,0.9995,-152.2068,0,1,0,0,-0.9995,0,0.0316,-375.1867,0,0,0,1
