time,fixedTime,deltaTime,smoothDeltaTime,realtimeSinceStartup,pos_x,pos_y,pos_z,distFromRoadCenter,signedDistFromRoadCenter,wheelAngle,obstacle_pos_x,obstacle_pos_y,obstacle_pos_z,distance_to_obstacle,brake_position,car_speed,car_vel_x,car_vel_y,car_vel_z,simplecar_4x4_R0C0,simplecar_4x4_R0C1,simplecar_4x4_R0C2,simplecar_4x4_R0C3,simplecar_4x4_R1C0,simplecar_4x4_R1C1,simplecar_4x4_R1C2,simplecar_4x4_R1C3,simplecar_4x4_R2C0,simplecar_4x4_R2C1,simplecar_4x4_R2C2,simplecar_4x4_R2C3,simplecar_4x4_R3C0,simplecar_4x4_R3C1,simplecar_4x4_R3C2,simplecar_4x4_R3C3
261.0066,261,0.011713,0.014085,271.5475,-724.0186,0,-261.0789,1.874457,1.874457,0.093384,NaN,NaN,NaN,NaN,0,20.1,15.28959,0,-13.04755,-0.6491,0,0.7607,-724.0186,0,1,0,0,-0.7607,0,-0.6491,-261.0789,0,0,0,1
261.0256,261.02,0.018978,0.015063,271.5604,-723.7128,0,-261.3399,1.882461,1.882461,0.093384,NaN,NaN,NaN,NaN,0,20.1,15.28917,0,-13.04805,-0.6492,0,0.7607,-723.7128,0,1,0,0,-0.7607,0,-0.6492,-261.3399,0,0,0,1
261.0388,261.03,0.013208,0.014692,271.5733,-723.5599,0,-261.4704,1.886457,1.886457,0.093384,NaN,NaN,NaN,NaN,0,20.1,15.28895,0,-13.0483,-0.6492,0,0.7606,-723.5599,0,1,0,0,-0.7606,0,-0.6492,-261.4704,0,0,0,1
261.0575,261.05,0.018673,0.015488,271.5924,-723.2541,0,-261.7314,1.89446,1.89446,0.093384,NaN,NaN,NaN,NaN,0,20.1,15.28853,0,-13.04879,-0.6492,0,0.7606,-723.2541,0,1,0,0,-0.7606,0,-0.6492,-261.7314,0,0,0,1
261.0719,261.07,0.014406,0.015272,271.6067,-722.9483,0,-261.9923,1.902462,1.902462,0.093384,NaN,NaN,NaN,NaN,0,20.1,15.2881,0,-13.04929,-0.6492,0,0.7606,-722.9483,0,1,0,0,-0.7606,0,-0.6492,-261.9923,0,0,0,1
261.0915,261.09,0.019583,0.016134,271.6264,-722.6425,0,-262.2533,1.910465,1.910465,0.093384,NaN,NaN,NaN,NaN,0,20.1,15.28768,0,-13.04979,-0.6492,0,0.7606,-722.6425,0,1,0,0,-0.7606,0,-0.6492,-262.2533,0,0,0,1
261.1048,261.1,0.01332,0.015571,271.6392,-722.4896,0,-262.3838,1.914498,1.914498,0.093384,NaN,NaN,NaN,NaN,0,20.1,15.28747,0,-13.05004,-0.6493,0,0.7606,-722.4896,0,1,0,0,-0.7606,0,-0.6493,-262.3838,0,0,0,1
261.1185,261.11,0.01373,0.015203,271.6529,-722.3367,0,-262.5143,1.918507,1.918507,0.093384,NaN,NaN,NaN,NaN,0,20.1,15.28725,0,-13.05029,-0.6493,0,0.7606,-722.3367,0,1,0,0,-0.7606,0,-0.6493,-262.5143,0,0,0,1
261.1302,261.13,0.011633,0.014489,271.6684,-722.0309,0,-262.7753,1.926509,1.926509,0.093384,NaN,NaN,NaN,NaN,0,20.1,15.28683,0,-13.05078,-0.6493,0,0.7605,-722.0309,0,1,0,0,-0.7605,0,-0.6493,-262.7753,0,0,0,1
261.1498,261.14,0.019682,0.015528,271.6844,-721.8781,0,-262.9058,1.930542,1.930542,0.093384,NaN,NaN,NaN,NaN,0,20.1,15.28662,0,-13.05103,-0.6493,0,0.7605,-721.8781,0,1,0,0,-0.7605,0,-0.6493,-262.9058,0,0,0,1
261.1605,261.16,0.010698,0.014562,271.6953,-721.5724,0,-263.1669,1.93863,1.93863,0.093384,NaN,NaN,NaN,NaN,0,20.1,15.28619,0,-13.05153,-0.6493,0,0.7605,-721.5724,0,1,0,0,-0.7605,0,-0.6493,-263.1669,0,0,0,1
261.1734,261.17,0.01291,0.014231,271.7079,-721.4195,0,-263.2974,1.942663,1.942663,0.093384,NaN,NaN,NaN,NaN,0,20.1,15.28598,0,-13.05178,-0.6493,0,0.7605,-721.4195,0,1,0,0,-0.7605,0,-0.6493,-263.2974,0,0,0,1
261.193,261.19,0.019523,0.01529,271.7278,-721.1138,0,-263.5584,1.950775,1.950775,0.093384,NaN,NaN,NaN,NaN,0,20.1,15.28556,0,-13.05227,-0.6494,0,0.7605,-721.1138,0,1,0,0,-0.7605,0,-0.6494,-263.5584,0,0,0,1
261.2137,261.21,0.020771,0.016386,271.7485,-720.8082,0,-263.8195,1.958926,1.958926,0.093384,NaN,NaN,NaN,NaN,0,20.1,15.28513,0,-13.05277,-0.6494,0,0.7605,-720.8082,0,1,0,0,-0.7605,0,-0.6494,-263.8195,0,0,0,1
261.2266,261.22,0.01286,0.015681,271.761,-720.6553,0,-263.95,1.962982,1.962982,0.093384,NaN,NaN,NaN,NaN,0,20.1,15.28492,0,-13.05302,-0.6494,0,0.7604,-720.6553,0,1,0,0,-0.7604,0,-0.6494,-263.95,0,0,0,1
261.2383,261.23,0.011749,0.014894,271.7728,-720.5025,0,-264.0805,1.967038,1.967038,0.093384,NaN,NaN,NaN,NaN,0,20.1,15.28471,0,-13.05327,-0.6494,0,0.7604,-720.5025,0,1,0,0,-0.7604,0,-0.6494,-264.0805,0,0,0,1
261.2492,261.24,0.010847,0.014085,271.7841,-720.3497,0,-264.2111,1.971094,1.971094,0.093384,NaN,NaN,NaN,NaN,0,20.1,15.28449,0,-13.05352,-0.6494,0,0.7604,-720.3497,0,1,0,0,-0.7604,0,-0.6494,-264.2111,0,0,0,1
261.2624,261.26,0.013159,0.0139,271.7971,-720.044,0,-264.4721,1.979268,1.979268,0.093384,NaN,NaN,NaN,NaN,0,20.1,15.28407,0,-13.05401,-0.6495,0,0.7604,-720.044,0,1,0,0,-0.7604,0,-0.6495,-264.4721,0,0,0,1
261.2761,261.27,0.013697,0.013859,271.8105,-719.8912,0,-264.6027,1.983348,1.983348,0.093384,NaN,NaN,NaN,NaN,0,20.1,15.28386,0,-13.05426,-0.6495,0,0.7604,-719.8912,0,1,0,0,-0.7604,0,-0.6495,-264.6027,0,0,0,1
261.2884,261.28,0.012348,0.013557,271.8229,-719.7383,0,-264.7332,1.987443,1.987443,0.093384,NaN,NaN,NaN,NaN,0,20.1,15.28364,0,-13.05451,-0.6495,0,0.7604,-719.7383,0,1,0,0,-0.7604,0,-0.6495,-264.7332,0,0,0,1
261.3015,261.3,0.013131,0.013472,271.8365,-719.4327,0,-264.9944,1.995602,1.995602,0.082397,NaN,NaN,NaN,NaN,0,20.1,15.28327,0,-13.05495,-0.6495,0,0.7604,-719.4327,0,1,0,0,-0.7604,0,-0.6495,-264.9944,0,0,0,1
261.3146,261.31,0.013095,0.013396,271.8491,-719.2798,0,-265.1249,1.999635,1.999635,0.078735,NaN,NaN,NaN,NaN,0,20.1,15.28309,0,-13.05516,-0.6495,0,0.7604,-719.2798,0,1,0,0,-0.7604,0,-0.6495,-265.1249,0,0,0,1
261.3278,261.32,0.01318,0.013353,271.8625,-719.127,0,-265.2555,2.003777,2.003777,0.064087,NaN,NaN,NaN,NaN,0,20.1,15.28294,0,-13.05533,-0.6495,0,0.7603,-719.127,0,1,0,0,-0.7603,0,-0.6495,-265.2555,0,0,0,1
261.3487,261.34,0.020884,0.014859,271.8838,-718.8214,0,-265.5166,2.011951,2.011951,0.045776,NaN,NaN,NaN,NaN,0,20.1,15.28274,0,-13.05558,-0.6495,0,0.7603,-718.8214,0,1,0,0,-0.7603,0,-0.6495,-265.5166,0,0,0,1
261.3695,261.36,0.02081,0.016049,271.9045,-718.5157,0,-265.7777,2.020125,2.020125,0.012817,NaN,NaN,NaN,NaN,0,20.1,15.28268,0,-13.05564,-0.6495,0,0.7603,-718.5157,0,1,0,0,-0.7603,0,-0.6495,-265.7777,0,0,0,1
261.3823,261.38,0.012791,0.015398,271.9174,-718.21,0,-266.0388,2.0283,2.0283,-0.038452,NaN,NaN,NaN,NaN,0,20.1,15.28285,0,-13.05544,-0.6495,0,0.7603,-718.21,0,1,0,0,-0.7603,0,-0.6495,-266.0388,0,0,0,1
261.3956,261.39,0.013297,0.014978,271.9303,-718.0572,0,-266.1693,2.032395,2.032395,-0.075073,NaN,NaN,NaN,NaN,0,20.1,15.28302,0,-13.05524,-0.6495,0,0.7603,-718.0572,0,1,0,0,-0.7603,0,-0.6495,-266.1693,0,0,0,1
261.4089,261.4,0.013323,0.014647,271.9433,-717.9044,0,-266.2999,2.036474,2.036474,-0.10437,NaN,NaN,NaN,NaN,0,20.1,15.28326,0,-13.05496,-0.6495,0,0.7604,-717.9044,0,1,0,0,-0.7604,0,-0.6495,-266.2999,0,0,0,1
261.4219,261.42,0.013008,0.014319,271.9572,-717.5987,0,-266.561,2.044648,2.044648,-0.130005,NaN,NaN,NaN,NaN,0,20.1,15.28386,0,-13.05427,-0.6495,0,0.7604,-717.5987,0,1,0,0,-0.7604,0,-0.6495,-266.561,0,0,0,1
261.4353,261.43,0.013429,0.014141,271.9698,-717.4459,0,-266.6915,2.048705,2.048705,-0.177612,NaN,NaN,NaN,NaN,0,20.1,15.28426,0,-13.05379,-0.6494,0,0.7604,-717.4459,0,1,0,0,-0.7604,0,-0.6494,-266.6915,0,0,0,1
261.4475,261.44,0.012129,0.013738,271.982,-717.293,0,-266.8221,2.052737,2.052737,-0.210571,NaN,NaN,NaN,NaN,0,20.1,15.28474,0,-13.05323,-0.6494,0,0.7604,-717.293,0,1,0,0,-0.7604,0,-0.6494,-266.8221,0,0,0,1
261.4597,261.45,0.012252,0.013441,271.9944,-717.1402,0,-266.9526,2.056855,2.056855,-0.2472,NaN,NaN,NaN,NaN,0,20.1,15.2853,0,-13.05257,-0.6494,0,0.7605,-717.1402,0,1,0,0,-0.7605,0,-0.6494,-266.9526,0,0,0,1
261.4809,261.48,0.021187,0.01499,272.0166,-716.6816,0,-267.3441,2.068977,2.068977,-0.294807,NaN,NaN,NaN,NaN,0,20.1,15.28732,0,-13.05021,-0.6493,0,0.7606,-716.6816,0,1,0,0,-0.7606,0,-0.6493,-267.3441,0,0,0,1
261.498,261.49,0.01712,0.015416,272.0339,-716.5287,0,-267.4746,2.072947,2.072947,-0.368049,NaN,NaN,NaN,NaN,0,20.1,15.28816,0,-13.04923,-0.6492,0,0.7606,-716.5287,0,1,0,0,-0.7606,0,-0.6492,-267.4746,0,0,0,1
261.5145,261.51,0.016439,0.015621,272.0501,-716.2229,0,-267.7356,2.080949,2.080949,-0.433967,NaN,NaN,NaN,NaN,0,20.1,15.29013,0,-13.04691,-0.6491,0,0.7607,-716.2229,0,1,0,0,-0.7607,0,-0.6491,-267.7356,0,0,0,1
261.5284,261.52,0.013927,0.015282,272.0635,-716.07,0,-267.866,2.084919,2.084919,-0.52552,NaN,NaN,NaN,NaN,0,20.1,15.29133,0,-13.04551,-0.649,0,0.7608,-716.07,0,1,0,0,-0.7608,0,-0.649,-267.866,0,0,0,1
261.5496,261.54,0.021224,0.01647,272.085,-715.7641,0,-268.1269,2.092727,2.092727,-0.639045,NaN,NaN,NaN,NaN,0,20.1,15.29424,0,-13.0421,-0.6489,0,0.7609,-715.7641,0,1,0,0,-0.7609,0,-0.6489,-268.1269,0,0,0,1
261.5709,261.57,0.021314,0.017439,272.1069,-715.3052,0,-268.518,2.104285,2.104285,-0.884414,NaN,NaN,NaN,NaN,0,20.1,15.30027,0,-13.03501,-0.6485,0,0.7612,-715.3052,0,1,0,0,-0.7612,0,-0.6485,-268.518,0,0,0,1
261.5854,261.58,0.014481,0.016847,272.1201,-715.1522,0,-268.6483,2.108099,2.108099,-1.224997,NaN,NaN,NaN,NaN,0,20.1,15.30306,0,-13.03174,-0.6483,0,0.7613,-715.1522,0,1,0,0,-0.7613,0,-0.6483,-268.6483,0,0,0,1
261.5988,261.59,0.013429,0.016164,272.1335,-714.9991,0,-268.7786,2.111788,2.111788,-1.415427,NaN,NaN,NaN,NaN,0,20.1,15.30628,0,-13.02796,-0.6482,0,0.7615,-714.9991,0,1,0,0,-0.7615,0,-0.6482,-268.7786,0,0,0,1
261.6123,261.61,0.013487,0.015628,272.1475,-714.6929,0,-269.039,2.119133,2.119133,-1.653471,NaN,NaN,NaN,NaN,0,20.1,15.3138,0,-13.01913,-0.6477,0,0.7619,-714.6929,0,1,0,0,-0.7619,0,-0.6477,-269.039,0,0,0,1
261.6273,261.62,0.014964,0.015496,272.1621,-714.5397,0,-269.1692,2.122627,2.122627,-1.891508,NaN,NaN,NaN,NaN,0,20.1,15.3181,0,-13.01407,-0.6475,0,0.7621,-714.5397,0,1,0,0,-0.7621,0,-0.6475,-269.1692,0,0,0,1
261.6397,261.63,0.012418,0.01488,272.1743,-714.3864,0,-269.2993,2.126097,2.126097,-2.133214,NaN,NaN,NaN,NaN,0,20.1,15.32294,0,-13.00836,-0.6472,0,0.7623,-714.3864,0,1,0,0,-0.7623,0,-0.6472,-269.2993,0,0,0,1
261.6581,261.65,0.018346,0.015573,272.193,-714.0798,0,-269.5592,2.132818,2.132818,-2.393224,NaN,NaN,NaN,NaN,0,20.1,15.3338,0,-12.99556,-0.6465,0,0.7629,-714.0798,0,1,0,0,-0.7629,0,-0.6465,-269.5592,0,0,0,1
261.6704,261.67,0.012367,0.014932,272.2054,-713.7731,0,-269.8189,2.139194,2.139194,-2.73747,NaN,NaN,NaN,NaN,0,20.1,15.34621,0,-12.98091,-0.6458,0,0.7635,-713.7731,0,1,0,0,-0.7635,0,-0.6458,-269.8189,0,0,0,1
261.6836,261.68,0.013203,0.014586,272.2182,-713.6195,0,-269.9486,2.142188,2.142188,-2.975507,NaN,NaN,NaN,NaN,0,20.1,15.35295,0,-12.97293,-0.6454,0,0.7638,-713.6195,0,1,0,0,-0.7638,0,-0.6454,-269.9486,0,0,0,1
261.7014,261.7,0.017829,0.015235,272.2367,-713.3122,0,-270.2078,2.147846,2.147846,-3.239186,NaN,NaN,NaN,NaN,0,20.1,15.36761,0,-12.95556,-0.6446,0,0.7646,-713.3122,0,1,0,0,-0.7646,0,-0.6446,-270.2078,0,0,0,1
261.7148,261.71,0.013317,0.014851,272.2493,-713.1584,0,-270.3373,2.150511,2.150511,-3.565121,NaN,NaN,NaN,NaN,0,20.1,15.37567,0,-12.946,-0.6441,0,0.765,-713.1584,0,1,0,0,-0.765,0,-0.6441,-270.3373,0,0,0,1
261.7271,261.72,0.012343,0.01435,272.2619,-713.0046,0,-270.4666,2.153027,2.153027,-3.784847,NaN,NaN,NaN,NaN,0,20.1,15.38422,0,-12.93584,-0.6436,0,0.7654,-713.0046,0,1,0,0,-0.7654,0,-0.6436,-270.4666,0,0,0,1
261.7403,261.74,0.013185,0.014117,272.2752,-712.6966,0,-270.725,2.157607,2.157607,-4.008243,NaN,NaN,NaN,NaN,0,20.1,15.4023,0,-12.9143,-0.6425,0,0.7663,-712.6966,0,1,0,0,-0.7663,0,-0.6425,-270.725,0,0,0,1
261.7531,261.75,0.012792,0.013852,272.2876,-712.5425,0,-270.8541,2.159709,2.159709,-4.24628,NaN,NaN,NaN,NaN,0,20.1,15.41187,0,-12.90288,-0.6419,0,0.7668,-712.5425,0,1,0,0,-0.7668,0,-0.6419,-270.8541,0,0,0,1
261.7651,261.76,0.011994,0.01348,272.2996,-712.3882,0,-270.983,2.161639,2.161639,-4.451358,NaN,NaN,NaN,NaN,0,20.1,15.42188,0,-12.89091,-0.6413,0,0.7673,-712.3882,0,1,0,0,-0.7673,0,-0.6413,-270.983,0,0,0,1
261.7783,261.77,0.013192,0.013423,272.3129,-712.2339,0,-271.1118,2.163398,2.163398,-4.630809,NaN,NaN,NaN,NaN,0,20.1,15.4323,0,-12.87844,-0.6407,0,0.7678,-712.2339,0,1,0,0,-0.7678,0,-0.6407,-271.1118,0,0,0,1
261.7903,261.79,0.012047,0.013148,272.3254,-711.9249,0,-271.3689,2.16643,2.16643,-4.832225,NaN,NaN,NaN,NaN,0,20.1,15.454,0,-12.85239,-0.6394,0,0.7689,-711.9249,0,1,0,0,-0.7689,0,-0.6394,-271.3689,0,0,0,1
261.8028,261.8,0.012501,0.013018,272.3374,-711.7703,0,-271.4973,2.167712,2.167712,-4.971392,NaN,NaN,NaN,NaN,0,20.1,15.46515,0,-12.83898,-0.6388,0,0.7694,-711.7703,0,1,0,0,-0.7694,0,-0.6388,-271.4973,0,0,0,1
261.8155,261.81,0.012621,0.012939,272.35,-711.6155,0,-271.6256,2.168775,2.168775,-5.059283,NaN,NaN,NaN,NaN,0,20.1,15.47647,0,-12.82531,-0.6381,0,0.77,-711.6155,0,1,0,0,-0.77,0,-0.6381,-271.6256,0,0,0,1
261.8367,261.83,0.021221,0.014595,272.3716,-711.3057,0,-271.8817,2.1704,2.1704,-5.139849,NaN,NaN,NaN,NaN,0,20.1,15.49946,0,-12.79753,-0.6367,0,0.7711,-711.3057,0,1,0,0,-0.7711,0,-0.6367,-271.8817,0,0,0,1
261.8498,261.84,0.013131,0.014302,272.3843,-711.1506,0,-272.0095,2.170963,2.170963,-5.275347,NaN,NaN,NaN,NaN,0,20.1,15.51124,0,-12.78325,-0.636,0,0.7717,-711.1506,0,1,0,0,-0.7717,0,-0.636,-272.0095,0,0,0,1
261.8687,261.86,0.018938,0.015229,272.4037,-710.84,0,-272.2647,2.171463,2.171463,-5.31563,NaN,NaN,NaN,NaN,0,20.1,15.53493,0,-12.75445,-0.6345,0,0.7729,-710.84,0,1,0,0,-0.7729,0,-0.6345,-272.2647,0,0,0,1
261.8824,261.88,0.013658,0.014915,272.4176,-710.529,0,-272.5194,2.171267,2.171267,-5.3669,NaN,NaN,NaN,NaN,0,20.1,15.5588,0,-12.72532,-0.6331,0,0.7741,-710.529,0,1,0,0,-0.7741,0,-0.6331,-272.5194,0,0,0,1
261.896,261.89,0.013627,0.014657,272.4307,-710.3733,0,-272.6465,2.170877,2.170877,-5.403528,NaN,NaN,NaN,NaN,0,20.1,15.57079,0,-12.71064,-0.6324,0,0.7747,-710.3733,0,1,0,0,-0.7747,0,-0.6324,-272.6465,0,0,0,1
261.9102,261.91,0.014216,0.014569,272.445,-710.0615,0,-272.9002,2.16947,2.16947,-5.451136,NaN,NaN,NaN,NaN,0,20.1,15.59495,0,-12.68099,-0.6309,0,0.7759,-710.0615,0,1,0,0,-0.7759,0,-0.6309,-272.9002,0,0,0,1
261.9229,261.92,0.012603,0.014176,272.4574,-709.9055,0,-273.0269,2.168493,2.168493,-5.498743,NaN,NaN,NaN,NaN,0,20.1,15.60711,0,-12.66602,-0.6302,0,0.7765,-709.9055,0,1,0,0,-0.7765,0,-0.6302,-273.0269,0,0,0,1
261.9349,261.93,0.012076,0.013756,272.4694,-709.7493,0,-273.1534,2.167321,2.167321,-5.553675,NaN,NaN,NaN,NaN,0,20.1,15.61938,0,-12.65089,-0.6294,0,0.7771,-709.7493,0,1,0,0,-0.7771,0,-0.6294,-273.1534,0,0,0,1
261.9475,261.94,0.012547,0.013514,272.4821,-709.593,0,-273.2797,2.165977,2.165977,-5.641565,NaN,NaN,NaN,NaN,0,20.1,15.63183,0,-12.6355,-0.6286,0,0.7777,-709.593,0,1,0,0,-0.7777,0,-0.6286,-273.2797,0,0,0,1
261.9601,261.96,0.012618,0.013335,272.4951,-709.28,0,-273.532,2.162655,2.162655,-5.758753,NaN,NaN,NaN,NaN,0,20.1,15.6572,0,-12.60406,-0.6271,0,0.779,-709.28,0,1,0,0,-0.779,0,-0.6271,-273.532,0,0,0,1
261.9806,261.98,0.020537,0.014775,272.5156,-708.9664,0,-273.7836,2.158451,2.158451,-5.886934,NaN,NaN,NaN,NaN,0,20.1,15.68307,0,-12.57185,-0.6255,0,0.7803,-708.9664,0,1,0,0,-0.7803,0,-0.6255,-273.7836,0,0,0,1
261.9942,261.99,0.013537,0.014528,272.5287,-708.8094,0,-273.9091,2.156044,2.156044,-6.154268,NaN,NaN,NaN,NaN,0,20.1,15.69656,0,-12.555,-0.6246,0,0.7809,-708.8094,0,1,0,0,-0.7809,0,-0.6246,-273.9091,0,0,0,1
262.0068,262,0.012622,0.014147,272.5413,-708.6523,0,-274.0345,2.153441,2.153441,-6.359353,NaN,NaN,NaN,NaN,0,20.1,15.71048,0,-12.53757,-0.6238,0,0.7816,-708.6523,0,1,0,0,-0.7816,0,-0.6238,-274.0345,0,0,0,1
262.0183,262.01,0.011524,0.013622,272.5529,-708.4951,0,-274.1597,2.150558,2.150558,-6.582742,NaN,NaN,NaN,NaN,0,20.1,15.72488,0,-12.51951,-0.6229,0,0.7823,-708.4951,0,1,0,0,-0.7823,0,-0.6229,-274.1597,0,0,0,1
262.0304,262.03,0.012103,0.013318,272.5653,-708.1802,0,-274.4095,2.144118,2.144118,-6.806138,NaN,NaN,NaN,NaN,0,20.1,15.75458,0,-12.48212,-0.621,0,0.7838,-708.1802,0,1,0,0,-0.7838,0,-0.621,-274.4095,0,0,0,1
262.0451,262.04,0.01471,0.013597,272.5796,-708.0225,0,-274.5341,2.140539,2.140539,-7.066147,NaN,NaN,NaN,NaN,0,20.1,15.76996,0,-12.46268,-0.62,0,0.7846,-708.0225,0,1,0,0,-0.7846,0,-0.62,-274.5341,0,0,0,1
262.0576,262.05,0.012517,0.013381,272.5923,-707.8646,0,-274.6585,2.136702,2.136702,-7.373772,NaN,NaN,NaN,NaN,0,20.1,15.78598,0,-12.44237,-0.619,0,0.7854,-707.8646,0,1,0,0,-0.7854,0,-0.619,-274.6585,0,0,0,1
262.0697,262.06,0.012089,0.013122,272.6043,-707.7066,0,-274.7827,2.13256,2.13256,-7.696037,NaN,NaN,NaN,NaN,0,20.1,15.80268,0,-12.42116,-0.618,0,0.7862,-707.7066,0,1,0,0,-0.7862,0,-0.618,-274.7827,0,0,0,1
262.0824,262.08,0.012652,0.013028,272.6173,-707.39,0,-275.0305,2.123518,2.123518,-7.956054,NaN,NaN,NaN,NaN,0,20.1,15.83712,0,-12.37723,-0.6158,0,0.7879,-707.39,0,1,0,0,-0.7879,0,-0.6158,-275.0305,0,0,0,1
262.1032,262.1,0.02087,0.014597,272.6384,-707.0727,0,-275.2774,2.11328,2.11328,-8.201416,NaN,NaN,NaN,NaN,0,20.1,15.87249,0,-12.33184,-0.6135,0,0.7897,-707.0727,0,1,0,0,-0.7897,0,-0.6135,-275.2774,0,0,0,1
262.1147,262.11,0.011452,0.013968,272.6492,-706.9138,0,-275.4005,2.107708,2.107708,-8.593268,NaN,NaN,NaN,NaN,0,20.1,15.89097,0,-12.30802,-0.6123,0,0.7906,-706.9138,0,1,0,0,-0.7906,0,-0.6123,-275.4005,0,0,0,1
262.1265,262.12,0.011776,0.013529,272.6612,-706.7546,0,-275.5233,2.101855,2.101855,-8.732435,NaN,NaN,NaN,NaN,0,20.1,15.90971,0,-12.28378,-0.6111,0,0.7915,-706.7546,0,1,0,0,-0.7915,0,-0.6111,-275.5233,0,0,0,1
262.141,262.14,0.014521,0.013728,272.6768,-706.4358,0,-275.7682,2.089147,2.089147,-8.886244,NaN,NaN,NaN,NaN,0,20.1,15.94773,0,-12.23438,-0.6087,0,0.7934,-706.4358,0,1,0,0,-0.7934,0,-0.6087,-275.7682,0,0,0,1
262.156,262.15,0.015029,0.013988,272.6915,-706.2762,0,-275.8903,2.082403,2.082403,-9.010756,NaN,NaN,NaN,NaN,0,20.1,15.96695,0,-12.20928,-0.6074,0,0.7944,-706.2762,0,1,0,0,-0.7944,0,-0.6074,-275.8903,0,0,0,1
262.172,262.17,0.01594,0.014378,272.707,-705.9563,0,-276.1337,2.067875,2.067875,-9.062025,NaN,NaN,NaN,NaN,0,20.1,16.00549,0,-12.15871,-0.6049,0,0.7963,-705.9563,0,1,0,0,-0.7963,0,-0.6049,-276.1337,0,0,0,1
262.184,262.18,0.012013,0.013905,272.7184,-705.7961,0,-276.2551,2.060177,2.060177,-9.062025,NaN,NaN,NaN,NaN,0,20.1,16.02471,0,-12.13338,-0.6037,0,0.7972,-705.7961,0,1,0,0,-0.7972,0,-0.6037,-276.2551,0,0,0,1
262.2019,262.2,0.017882,0.014701,272.7367,-705.475,0,-276.497,2.043758,2.043758,-9.062025,NaN,NaN,NaN,NaN,0,20.1,16.06301,0,-12.08263,-0.6011,0,0.7992,-705.475,0,1,0,0,-0.7992,0,-0.6011,-276.497,0,0,0,1
262.2131,262.21,0.011204,0.014001,272.7475,-705.3141,0,-276.6176,2.034997,2.034997,-9.062025,NaN,NaN,NaN,NaN,0,20.1,16.08209,0,-12.05721,-0.5999,0,0.8001,-705.3141,0,1,0,0,-0.8001,0,-0.5999,-276.6176,0,0,0,1
262.2259,262.22,0.012805,0.013762,272.7604,-705.1531,0,-276.7379,2.026041,2.026041,-9.062025,NaN,NaN,NaN,NaN,0,20.1,16.10114,0,-12.03176,-0.5986,0,0.8011,-705.1531,0,1,0,0,-0.8011,0,-0.5986,-276.7379,0,0,0,1
262.2393,262.23,0.013465,0.013703,272.774,-704.9919,0,-276.8579,2.016718,2.016718,-9.062025,NaN,NaN,NaN,NaN,0,20.1,16.12016,0,-12.00628,-0.5973,0,0.802,-704.9919,0,1,0,0,-0.802,0,-0.5973,-276.8579,0,0,0,1
262.2585,262.25,0.019176,0.014797,272.7936,-704.669,0,-277.0973,1.997094,1.997094,-9.091322,NaN,NaN,NaN,NaN,0,20.1,16.15817,0,-11.95506,-0.5948,0,0.8039,-704.669,0,1,0,0,-0.8039,0,-0.5948,-277.0973,0,0,0,1
262.2713,262.27,0.012764,0.014391,272.8063,-704.3452,0,-277.3356,1.976127,1.976127,-9.226828,NaN,NaN,NaN,NaN,0,20.1,16.19659,0,-11.90296,-0.5922,0,0.8058,-704.3452,0,1,0,0,-0.8058,0,-0.5922,-277.3356,0,0,0,1
262.2843,262.28,0.013049,0.014122,272.819,-704.183,0,-277.4543,1.965131,1.965131,-9.38796,NaN,NaN,NaN,NaN,0,20.1,16.21608,0,-11.8764,-0.5909,0,0.8068,-704.183,0,1,0,0,-0.8068,0,-0.5909,-277.4543,0,0,0,1
262.2968,262.29,0.012464,0.013791,272.8314,-704.0207,0,-277.5729,1.95394,1.95394,-9.585714,NaN,NaN,NaN,NaN,0,20.1,16.23592,0,-11.84926,-0.5895,0,0.8078,-704.0207,0,1,0,0,-0.8078,0,-0.5895,-277.5729,0,0,0,1
262.3105,262.31,0.013711,0.013775,272.8465,-703.6954,0,-277.8091,1.930346,1.930346,-9.779814,NaN,NaN,NaN,NaN,0,20.1,16.27628,0,-11.79376,-0.5868,0,0.8098,-703.6954,0,1,0,0,-0.8098,0,-0.5868,-277.8091,0,0,0,1
262.3248,262.32,0.014304,0.013881,272.8595,-703.5325,0,-277.9267,1.918053,1.918053,-10.05813,NaN,NaN,NaN,NaN,0,20.1,16.29696,0,-11.76517,-0.5853,0,0.8108,-703.5325,0,1,0,0,-0.8108,0,-0.5853,-277.9267,0,0,0,1
262.3369,262.33,0.012147,0.013534,272.8717,-703.3692,0,-278.0441,1.905323,1.905323,-10.34379,NaN,NaN,NaN,NaN,0,20.1,16.31817,0,-11.73573,-0.5839,0,0.8118,-703.3692,0,1,0,0,-0.8118,0,-0.5839,-278.0441,0,0,0,1
262.3597,262.35,0.022753,0.015378,272.8951,-703.0422,0,-278.2779,1.878869,1.878869,-10.58915,NaN,NaN,NaN,NaN,0,20.1,16.36144,0,-11.67533,-0.5809,0,0.814,-703.0422,0,1,0,0,-0.814,0,-0.5809,-278.2779,0,0,0,1
262.3806,262.38,0.020872,0.016477,272.916,-702.55,0,-278.6263,1.8363,1.8363,-11.01763,NaN,NaN,NaN,NaN,0,20.1,16.42852,0,-11.58075,-0.5762,0,0.8173,-702.55,0,1,0,0,-0.8173,0,-0.5762,-278.6263,0,0,0,1
262.3958,262.39,0.015246,0.01623,272.9304,-702.3855,0,-278.7417,1.821358,1.821358,-11.3106,NaN,NaN,NaN,NaN,0,20.1,16.45135,0,-11.5483,-0.5745,0,0.8185,-702.3855,0,1,0,0,-0.8185,0,-0.5745,-278.7417,0,0,0,1
262.408,262.4,0.012151,0.015415,272.9425,-702.2207,0,-278.8569,1.805939,1.805939,-11.47539,NaN,NaN,NaN,NaN,0,20.1,16.47444,0,-11.51533,-0.5729,0,0.8196,-702.2207,0,1,0,0,-0.8196,0,-0.5729,-278.8569,0,0,0,1
262.4207,262.42,0.012751,0.014882,272.9559,-701.8906,0,-279.0862,1.773999,1.773999,-11.55963,NaN,NaN,NaN,NaN,0,20.1,16.52077,0,-11.44876,-0.5696,0,0.8219,-701.8906,0,1,0,0,-0.8219,0,-0.5696,-279.0862,0,0,0,1
262.4341,262.43,0.013372,0.01458,272.9687,-701.7251,0,-279.2003,1.757369,1.757369,-11.61456,NaN,NaN,NaN,NaN,0,20.1,16.54395,0,-11.41525,-0.5679,0,0.8231,-701.7251,0,1,0,0,-0.8231,0,-0.5679,-279.2003,0,0,0,1
262.4469,262.44,0.012844,0.014233,272.9814,-701.5594,0,-279.3142,1.74041,1.74041,-11.62921,NaN,NaN,NaN,NaN,0,20.1,16.56708,0,-11.38164,-0.5663,0,0.8242,-701.5594,0,1,0,0,-0.8242,0,-0.5663,-279.3142,0,0,0,1
262.4598,262.45,0.012862,0.013958,272.9944,-701.3936,0,-279.4277,1.723022,1.723022,-11.62921,NaN,NaN,NaN,NaN,0,20.1,16.59015,0,-11.34799,-0.5646,0,0.8254,-701.3936,0,1,0,0,-0.8254,0,-0.5646,-279.4277,0,0,0,1
262.4808,262.48,0.021006,0.015368,273.0166,-700.8945,0,-279.7661,1.671037,1.671037,-11.62921,NaN,NaN,NaN,NaN,0,20.1,16.65894,0,-11.24677,-0.5595,0,0.8288,-700.8945,0,1,0,0,-0.8288,0,-0.5595,-279.7661,0,0,0,1
262.494,262.49,0.013221,0.014939,273.0285,-700.7277,0,-279.8782,1.653927,1.653927,-11.62921,NaN,NaN,NaN,NaN,0,20.1,16.68173,0,-11.21293,-0.5579,0,0.8299,-700.7277,0,1,0,0,-0.8299,0,-0.5579,-279.8782,0,0,0,1
262.5135,262.51,0.019484,0.015848,273.0484,-700.3933,0,-280.1014,1.618331,1.618331,-11.62921,NaN,NaN,NaN,NaN,0,20.1,16.72712,0,-11.14512,-0.5545,0,0.8322,-700.3933,0,1,0,0,-0.8322,0,-0.5545,-280.1014,0,0,0,1
262.5261,262.52,0.012567,0.015192,273.0605,-700.2258,0,-280.2125,1.601202,1.601202,-11.62921,NaN,NaN,NaN,NaN,0,20.1,16.7497,0,-11.11115,-0.5528,0,0.8333,-700.2258,0,1,0,0,-0.8333,0,-0.5528,-280.2125,0,0,0,1
262.5391,262.53,0.013018,0.014757,273.0737,-700.0581,0,-280.3233,1.586251,1.586251,-11.62921,NaN,NaN,NaN,NaN,0,20.1,16.77222,0,-11.07712,-0.5511,0,0.8344,-700.0581,0,1,0,0,-0.8344,0,-0.5511,-280.3233,0,0,0,1
262.5502,262.55,0.011107,0.014027,273.085,-699.722,0,-280.5438,1.555107,1.555107,-11.62921,NaN,NaN,NaN,NaN,0,20.1,16.81705,0,-11.00895,-0.5477,0,0.8367,-699.722,0,1,0,0,-0.8367,0,-0.5477,-280.5438,0,0,0,1
262.5623,262.56,0.012141,0.01365,273.0968,-699.5536,0,-280.6536,1.538892,1.538892,-11.62921,NaN,NaN,NaN,NaN,0,20.1,16.83936,0,-10.9748,-0.546,0,0.8378,-699.5536,0,1,0,0,-0.8378,0,-0.546,-280.6536,0,0,0,1
262.5753,262.57,0.012939,0.013507,273.1101,-699.3849,0,-280.763,1.522949,1.522949,-11.62921,NaN,NaN,NaN,NaN,0,20.1,16.8616,0,-10.94059,-0.5443,0,0.8389,-699.3849,0,1,0,0,-0.8389,0,-0.5443,-280.763,0,0,0,1
262.5899,262.58,0.014616,0.013729,273.1254,-699.2161,0,-280.872,1.509733,1.509733,-11.63287,NaN,NaN,NaN,NaN,0,20.1,16.88378,0,-10.90634,-0.5426,0,0.84,-699.2161,0,1,0,0,-0.84,0,-0.5426,-280.872,0,0,0,1
262.6049,262.6,0.015015,0.013986,273.1404,-698.8777,0,-281.0891,1.482052,1.482052,-11.6878,NaN,NaN,NaN,NaN,0,20.1,16.92813,0,-10.83737,-0.5392,0,0.8422,-698.8777,0,1,0,0,-0.8422,0,-0.5392,-281.0891,0,0,0,1
262.619,262.61,0.014034,0.013996,273.1535,-698.7083,0,-281.1971,1.467587,1.467587,-11.80499,NaN,NaN,NaN,NaN,0,20.1,16.95042,0,-10.80247,-0.5374,0,0.8433,-698.7083,0,1,0,0,-0.8433,0,-0.5374,-281.1971,0,0,0,1
262.6376,262.63,0.018688,0.014934,273.1728,-698.3685,0,-281.4121,1.441361,1.441361,-11.97711,NaN,NaN,NaN,NaN,0,20.1,16.99544,0,-10.73151,-0.5339,0,0.8455,-698.3685,0,1,0,0,-0.8455,0,-0.5339,-281.4121,0,0,0,1
262.6591,262.65,0.021455,0.016238,273.1944,-698.028,0,-281.6257,1.41712,1.41712,-12.28473,NaN,NaN,NaN,NaN,0,20.1,17.0413,0,-10.65853,-0.5303,0,0.8478,-698.028,0,1,0,0,-0.8478,0,-0.5303,-281.6257,0,0,0,1
262.672,262.67,0.012865,0.015564,273.2071,-697.6864,0,-281.8377,1.391013,1.391013,-12.71321,NaN,NaN,NaN,NaN,0,20.1,17.08843,0,-10.5828,-0.5265,0,0.8502,-697.6864,0,1,0,0,-0.8502,0,-0.5265,-281.8377,0,0,0,1
262.6855,262.68,0.013499,0.015151,273.2204,-697.5153,0,-281.9431,1.38086,1.38086,-13.06111,NaN,NaN,NaN,NaN,0,20.1,17.11251,0,-10.54381,-0.5246,0,0.8514,-697.5153,0,1,0,0,-0.8514,0,-0.5246,-281.9431,0,0,0,1
262.6993,262.69,0.013864,0.014894,273.2344,-697.3439,0,-282.0482,1.370496,1.370496,-13.43099,NaN,NaN,NaN,NaN,0,20.1,17.13718,0,-10.50367,-0.5226,0,0.8526,-697.3439,0,1,0,0,-0.8526,0,-0.5226,-282.0482,0,0,0,1
262.7129,262.71,0.013553,0.014626,273.2484,-697.0004,0,-282.257,1.34821,1.34821,-13.76791,NaN,NaN,NaN,NaN,0,20.1,17.18746,0,-10.42119,-0.5185,0,0.8551,-697.0004,0,1,0,0,-0.8551,0,-0.5185,-282.257,0,0,0,1
262.7269,262.72,0.014017,0.014504,273.2615,-696.8282,0,-282.3608,1.336323,1.336323,-14.21469,NaN,NaN,NaN,NaN,0,20.1,17.21326,0,-10.37852,-0.5163,0,0.8564,-696.8282,0,1,0,0,-0.8564,0,-0.5163,-282.3608,0,0,0,1
262.7471,262.74,0.020219,0.015647,273.2822,-696.4832,0,-282.567,1.318053,1.318053,-14.55161,NaN,NaN,NaN,NaN,0,20.1,17.26576,0,-10.29095,-0.512,0,0.859,-696.4832,0,1,0,0,-0.859,0,-0.512,-282.567,0,0,0,1
262.761,262.76,0.01384,0.015285,273.2961,-696.137,0,-282.7715,1.298219,1.298219,-15.08629,NaN,NaN,NaN,NaN,0,20.1,17.31971,0,-10.19989,-0.5075,0,0.8617,-696.137,0,1,0,0,-0.8617,0,-0.5075,-282.7715,0,0,0,1
262.7817,262.78,0.020726,0.016374,273.317,-695.7898,0,-282.9741,1.279075,1.279075,-15.44518,NaN,NaN,NaN,NaN,0,20.1,17.37445,0,-10.10636,-0.5028,0,0.8644,-695.7898,0,1,0,0,-0.8644,0,-0.5028,-282.9741,0,0,0,1
262.7966,262.79,0.014905,0.01608,273.3348,-695.6158,0,-283.0747,1.271116,1.271116,-15.97986,NaN,NaN,NaN,NaN,0,20.1,17.40257,0,-10.05786,-0.5004,0,0.8658,-695.6158,0,1,0,0,-0.8658,0,-0.5004,-283.0747,0,0,0,1
262.8177,262.81,0.021108,0.017085,273.3527,-695.2668,0,-283.2743,1.253389,1.253389,-16.41199,NaN,NaN,NaN,NaN,0,20.1,17.4599,0,-9.958002,-0.4954,0,0.8687,-695.2668,0,1,0,0,-0.8687,0,-0.4954,-283.2743,0,0,0,1
262.8295,262.82,0.011803,0.016029,273.3644,-695.092,0,-283.3734,1.243622,1.243622,-16.81849,NaN,NaN,NaN,NaN,0,20.1,17.48906,0,-9.906706,-0.4929,0,0.8701,-695.092,0,1,0,0,-0.8701,0,-0.4929,-283.3734,0,0,0,1
262.8437,262.84,0.014162,0.015655,273.3786,-694.7413,0,-283.5699,1.228537,1.228537,-17.06386,NaN,NaN,NaN,NaN,0,20.1,17.54776,0,-9.802358,-0.4877,0,0.873,-694.7413,0,1,0,0,-0.873,0,-0.4877,-283.5699,0,0,0,1
262.8584,262.85,0.014777,0.01548,273.393,-694.5656,0,-283.6674,1.220794,1.220794,-17.33852,NaN,NaN,NaN,NaN,0,20.1,17.57734,0,-9.749214,-0.485,0,0.8745,-694.5656,0,1,0,0,-0.8745,0,-0.485,-283.6674,0,0,0,1
262.8806,262.88,0.022147,0.016813,273.4169,-694.0364,0,-283.9567,1.195826,1.195826,-17.60952,NaN,NaN,NaN,NaN,0,20.1,17.66649,0,-9.586732,-0.477,0,0.8789,-694.0364,0,1,0,0,-0.8789,0,-0.477,-283.9567,0,0,0,1
262.8949,262.89,0.014292,0.016309,273.4294,-693.8595,0,-284.052,1.189425,1.189425,-18.01968,NaN,NaN,NaN,NaN,0,20.1,17.69655,0,-9.531121,-0.4742,0,0.8804,-693.8595,0,1,0,0,-0.8804,0,-0.4742,-284.052,0,0,0,1
262.9094,262.9,0.014486,0.015944,273.444,-693.6823,0,-284.1467,1.182378,1.182378,-18.17716,NaN,NaN,NaN,NaN,0,20.1,17.7267,0,-9.47493,-0.4714,0,0.8819,-693.6823,0,1,0,0,-0.8819,0,-0.4714,-284.1467,0,0,0,1
262.9225,262.92,0.013151,0.015386,273.4575,-693.3269,0,-284.3345,1.166348,1.166348,-18.34562,NaN,NaN,NaN,NaN,0,20.1,17.78701,0,-9.361216,-0.4657,0,0.8849,-693.3269,0,1,0,0,-0.8849,0,-0.4657,-284.3345,0,0,0,1
262.9358,262.93,0.013322,0.014973,273.4704,-693.1487,0,-284.4276,1.158973,1.158973,-18.50309,NaN,NaN,NaN,NaN,0,20.1,17.81715,0,-9.303725,-0.4629,0,0.8864,-693.1487,0,1,0,0,-0.8864,0,-0.4629,-284.4276,0,0,0,1
262.9474,262.94,0.011616,0.014301,273.4819,-692.9702,0,-284.52,1.153152,1.153152,-18.62761,NaN,NaN,NaN,NaN,0,20.1,17.8473,0,-9.245751,-0.46,0,0.8879,-692.9702,0,1,0,0,-0.8879,0,-0.46,-284.52,0,0,0,1
262.9591,262.95,0.011659,0.013773,273.4943,-692.7914,0,-284.6119,1.146688,1.146688,-18.7155,NaN,NaN,NaN,NaN,0,20.1,17.87741,0,-9.187407,-0.4571,0,0.8894,-692.7914,0,1,0,0,-0.8894,0,-0.4571,-284.6119,0,0,0,1
262.9711,262.97,0.012009,0.01342,273.5062,-692.433,0,-284.7939,1.131604,1.131604,-18.81437,NaN,NaN,NaN,NaN,0,20.1,17.93736,0,-9.069798,-0.4512,0,0.8924,-692.433,0,1,0,0,-0.8924,0,-0.4512,-284.7939,0,0,0,1
262.9833,262.98,0.012229,0.013182,273.5182,-692.2533,0,-284.884,1.124422,1.124422,-18.93522,NaN,NaN,NaN,NaN,0,20.1,17.96724,0,-9.01047,-0.4483,0,0.8939,-692.2533,0,1,0,0,-0.8939,0,-0.4483,-284.884,0,0,0,1
263.0023,263,0.018918,0.014329,273.5372,-691.893,0,-285.0624,1.11302,1.11302,-19.04876,NaN,NaN,NaN,NaN,0,20.1,18.02675,0,-8.890802,-0.4423,0,0.8969,-691.893,0,1,0,0,-0.8969,0,-0.4423,-285.0624,0,0,0,1
263.0148,263.01,0.012536,0.013971,273.5493,-691.7125,0,-285.1507,1.106327,1.106327,-19.22454,NaN,NaN,NaN,NaN,0,20.1,18.05648,0,-8.830267,-0.4393,0,0.8983,-691.7125,0,1,0,0,-0.8983,0,-0.4393,-285.1507,0,0,0,1
263.0287,263.02,0.013874,0.013951,273.5631,-691.5316,0,-285.2384,1.098962,1.098962,-19.34539,NaN,NaN,NaN,NaN,0,20.1,18.08619,0,-8.76925,-0.4363,0,0.8998,-691.5316,0,1,0,0,-0.8998,0,-0.4363,-285.2384,0,0,0,1
263.0413,263.04,0.012603,0.013681,273.5763,-691.169,0,-285.412,1.08695,1.08695,-19.50286,NaN,NaN,NaN,NaN,0,20.1,18.14548,0,-8.64592,-0.4301,0,0.9028,-691.169,0,1,0,0,-0.9028,0,-0.4301,-285.412,0,0,0,1
263.054,263.05,0.01268,0.013481,273.5886,-690.9872,0,-285.4978,1.081311,1.081311,-19.67498,NaN,NaN,NaN,NaN,0,20.1,18.17506,0,-8.583559,-0.427,0,0.9042,-690.9872,0,1,0,0,-0.9042,0,-0.427,-285.4978,0,0,0,1
263.0659,263.06,0.011916,0.013168,273.6005,-690.8052,0,-285.583,1.07492,1.07492,-19.81414,NaN,NaN,NaN,NaN,0,20.1,18.20463,0,-8.520657,-0.4239,0,0.9057,-690.8052,0,1,0,0,-0.9057,0,-0.4239,-285.583,0,0,0,1
263.0785,263.07,0.012584,0.013051,273.6129,-690.6228,0,-285.6676,1.067832,1.067832,-19.9643,NaN,NaN,NaN,NaN,0,20.1,18.23421,0,-8.457167,-0.4208,0,0.9072,-690.6228,0,1,0,0,-0.9072,0,-0.4208,-285.6676,0,0,0,1
263.0903,263.09,0.011857,0.012812,273.6255,-690.2573,0,-285.8348,1.056177,1.056177,-20.09979,NaN,NaN,NaN,NaN,0,20.1,18.2931,0,-8.32903,-0.4144,0,0.9101,-690.2573,0,1,0,0,-0.9101,0,-0.4144,-285.8348,0,0,0,1
263.1039,263.1,0.013611,0.012972,273.6386,-690.0741,0,-285.9174,1.050786,1.050786,-20.23529,NaN,NaN,NaN,NaN,0,20.1,18.3224,0,-8.264369,-0.4112,0,0.9116,-690.0741,0,1,0,0,-0.9116,0,-0.4112,-285.9174,0,0,0,1
263.1248,263.12,0.020933,0.014564,273.6599,-689.7068,0,-286.0807,1.037881,1.037881,-20.3598,NaN,NaN,NaN,NaN,0,20.1,18.38067,0,-8.133948,-0.4047,0,0.9145,-689.7068,0,1,0,0,-0.9145,0,-0.4047,-286.0807,0,0,0,1
263.1365,263.13,0.011675,0.013986,273.6709,-689.5227,0,-286.1614,1.030818,1.030818,-20.4477,NaN,NaN,NaN,NaN,0,20.1,18.40958,0,-8.068297,-0.4014,0,0.9159,-689.5227,0,1,0,0,-0.9159,0,-0.4014,-286.1614,0,0,0,1
263.1476,263.14,0.011033,0.013396,273.682,-689.3383,0,-286.2415,1.026368,1.026368,-20.4477,NaN,NaN,NaN,NaN,0,20.1,18.43826,0,-8.002548,-0.3981,0,0.9173,-689.3383,0,1,0,0,-0.9173,0,-0.3981,-286.2415,0,0,0,1
263.1589,263.15,0.011375,0.012992,273.6933,-689.1536,0,-286.3208,1.021221,1.021221,-20.4477,NaN,NaN,NaN,NaN,0,20.1,18.4667,0,-7.936697,-0.3949,0,0.9187,-689.1536,0,1,0,0,-0.9187,0,-0.3949,-286.3208,0,0,0,1
263.1697,263.16,0.010787,0.012551,273.7041,-688.9687,0,-286.3995,1.015348,1.015348,-20.4477,NaN,NaN,NaN,NaN,0,20.1,18.49491,0,-7.870739,-0.3916,0,0.9201,-688.9687,0,1,0,0,-0.9201,0,-0.3916,-286.3995,0,0,0,1
263.1839,263.18,0.01419,0.012879,273.7189,-688.598,0,-286.555,1.001554,1.001554,-20.4477,NaN,NaN,NaN,NaN,0,20.1,18.55061,0,-7.738531,-0.385,0,0.9229,-688.598,0,1,0,0,-0.9229,0,-0.385,-286.555,0,0,0,1
263.2015,263.2,0.017591,0.013821,273.7363,-688.2261,0,-286.7077,0.99234,0.99234,-20.4477,NaN,NaN,NaN,NaN,0,20.1,18.60537,0,-7.605928,-0.3784,0,0.9256,-688.2261,0,1,0,0,-0.9256,0,-0.3784,-286.7077,0,0,0,1
263.2133,263.21,0.01179,0.013415,273.7478,-688.0398,0,-286.7831,0.98671,0.98671,-20.4477,NaN,NaN,NaN,NaN,0,20.1,18.6324,0,-7.539484,-0.3751,0,0.927,-688.0398,0,1,0,0,-0.927,0,-0.3751,-286.7831,0,0,0,1
263.2251,263.22,0.011793,0.013091,273.7594,-687.8532,0,-286.8579,0.980328,0.980328,-20.4477,NaN,NaN,NaN,NaN,0,20.1,18.65919,0,-7.472942,-0.3718,0,0.9283,-687.8532,0,1,0,0,-0.9283,0,-0.3718,-286.8579,0,0,0,1
263.2371,263.23,0.011996,0.012872,273.7714,-687.6664,0,-286.9319,0.973267,0.973267,-20.4477,NaN,NaN,NaN,NaN,0,20.1,18.68574,0,-7.406301,-0.3685,0,0.9296,-687.6664,0,1,0,0,-0.9296,0,-0.3685,-286.9319,0,0,0,1
263.249,263.24,0.011882,0.012674,273.7845,-687.4792,0,-287.0053,0.969133,0.969133,-20.4477,NaN,NaN,NaN,NaN,0,20.1,18.71205,0,-7.339572,-0.3652,0,0.9309,-687.4792,0,1,0,0,-0.9309,0,-0.3652,-287.0053,0,0,0,1
263.2625,263.26,0.013541,0.012847,273.7974,-687.1042,0,-287.1501,0.958969,0.958969,-20.4477,NaN,NaN,NaN,NaN,0,20.1,18.76396,0,-7.205826,-0.3585,0,0.9335,-687.1042,0,1,0,0,-0.9335,0,-0.3585,-287.1501,0,0,0,1
263.275,263.27,0.012497,0.012777,273.8098,-686.9164,0,-287.2215,0.952773,0.952773,-20.4477,NaN,NaN,NaN,NaN,0,20.1,18.78955,0,-7.138814,-0.3552,0,0.9348,-686.9164,0,1,0,0,-0.9348,0,-0.3552,-287.2215,0,0,0,1
263.2878,263.28,0.012808,0.012783,273.8224,-686.7282,0,-287.2922,0.94585,0.94585,-20.4477,NaN,NaN,NaN,NaN,0,20.1,18.81491,0,-7.071714,-0.3518,0,0.9361,-686.7282,0,1,0,0,-0.9361,0,-0.3518,-287.2922,0,0,0,1
263.3017,263.3,0.013849,0.012996,273.8367,-686.3511,0,-287.4316,0.93717,0.93717,-20.42939,NaN,NaN,NaN,NaN,0,20.1,18.86486,0,-6.937362,-0.3451,0,0.9386,-686.3511,0,1,0,0,-0.9386,0,-0.3451,-287.4316,0,0,0,1
263.3142,263.31,0.012538,0.012905,273.8487,-686.1622,0,-287.5003,0.931885,0.931885,-20.37811,NaN,NaN,NaN,NaN,0,20.1,18.88942,0,-6.87022,-0.3418,0,0.9398,-686.1622,0,1,0,0,-0.9398,0,-0.3418,-287.5003,0,0,0,1
263.3266,263.32,0.012429,0.012809,273.8611,-685.9731,0,-287.5683,0.9259,0.9259,-20.30487,NaN,NaN,NaN,NaN,0,20.1,18.91365,0,-6.803239,-0.3385,0,0.941,-685.9731,0,1,0,0,-0.941,0,-0.3385,-287.5683,0,0,0,1
263.3465,263.34,0.019866,0.014221,273.8818,-685.5941,0,-287.7024,0.915069,0.915069,-20.18769,NaN,NaN,NaN,NaN,0,20.1,18.96112,0,-6.669791,-0.3318,0,0.9433,-685.5941,0,1,0,0,-0.9433,0,-0.3318,-287.7024,0,0,0,1
263.3599,263.35,0.013376,0.014052,273.8947,-685.4042,0,-287.7684,0.910827,0.910827,-19.93134,NaN,NaN,NaN,NaN,0,20.1,18.98421,0,-6.60379,-0.3285,0,0.9445,-685.4042,0,1,0,0,-0.9445,0,-0.3285,-287.7684,0,0,0,1
263.3724,263.37,0.012524,0.013746,273.9073,-685.0238,0,-287.8986,0.900167,0.900167,-19.70428,NaN,NaN,NaN,NaN,0,20.1,19.02918,0,-6.473063,-0.322,0,0.9467,-685.0238,0,1,0,0,-0.9467,0,-0.322,-287.8986,0,0,0,1
263.3906,263.39,0.018242,0.014645,273.9255,-684.6426,0,-288.0261,0.889805,0.889805,-19.4992,NaN,NaN,NaN,NaN,0,20.1,19.07279,0,-6.343389,-0.3156,0,0.9489,-684.6426,0,1,0,0,-0.9489,0,-0.3156,-288.0261,0,0,0,1
263.403,263.4,0.012426,0.014201,273.9374,-684.4517,0,-288.0889,0.885941,0.885941,-19.20989,NaN,NaN,NaN,NaN,0,20.1,19.09395,0,-6.279405,-0.3124,0,0.9499,-684.4517,0,1,0,0,-0.9499,0,-0.3124,-288.0889,0,0,0,1
263.4145,263.41,0.011391,0.013639,273.949,-684.2606,0,-288.1511,0.88135,0.88135,-19.01946,NaN,NaN,NaN,NaN,0,20.1,19.11469,0,-6.215987,-0.3093,0,0.951,-684.2606,0,1,0,0,-0.951,0,-0.3093,-288.1511,0,0,0,1
263.4269,263.42,0.01247,0.013405,273.9616,-684.0692,0,-288.2126,0.876109,0.876109,-18.86564,NaN,NaN,NaN,NaN,0,20.1,19.13506,0,-6.15302,-0.3061,0,0.952,-684.0692,0,1,0,0,-0.952,0,-0.3061,-288.2126,0,0,0,1
263.4394,263.43,0.012443,0.013213,273.9741,-683.8777,0,-288.2735,0.8702,0.8702,-18.72648,NaN,NaN,NaN,NaN,0,20.1,19.15507,0,-6.090446,-0.303,0,0.953,-683.8777,0,1,0,0,-0.953,0,-0.303,-288.2735,0,0,0,1
263.4514,263.45,0.012065,0.012983,273.9865,-683.494,0,-288.3934,0.863017,0.863017,-18.62394,NaN,NaN,NaN,NaN,0,20.1,19.19425,0,-5.965788,-0.2968,0,0.9549,-683.494,0,1,0,0,-0.9549,0,-0.2968,-288.3934,0,0,0,1
263.4634,263.46,0.011961,0.012779,273.9979,-683.3018,0,-288.4525,0.858968,0.858968,-18.55803,NaN,NaN,NaN,NaN,0,20.1,19.21348,0,-5.903585,-0.2937,0,0.9559,-683.3018,0,1,0,0,-0.9559,0,-0.2937,-288.4525,0,0,0,1
263.4764,263.47,0.013018,0.012827,274.0108,-683.1095,0,-288.5109,0.854269,0.854269,-18.55436,NaN,NaN,NaN,NaN,0,20.1,19.23249,0,-5.841334,-0.2906,0,0.9568,-683.1095,0,1,0,0,-0.9568,0,-0.2906,-288.5109,0,0,0,1
263.4885,263.48,0.012133,0.012688,274.023,-682.917,0,-288.5687,0.848902,0.848902,-18.55436,NaN,NaN,NaN,NaN,0,20.1,19.25131,0,-5.779024,-0.2875,0,0.9578,-682.917,0,1,0,0,-0.9578,0,-0.2875,-288.5687,0,0,0,1
263.5036,263.5,0.015093,0.013169,274.0384,-682.5314,0,-288.6824,0.842598,0.842598,-18.55436,NaN,NaN,NaN,NaN,0,20.1,19.28834,0,-5.65422,-0.2813,0,0.9596,-682.5314,0,1,0,0,-0.9596,0,-0.2813,-288.6824,0,0,0,1
263.5159,263.51,0.012223,0.01298,274.0504,-682.3384,0,-288.7383,0.839089,0.839089,-18.55436,NaN,NaN,NaN,NaN,0,20.1,19.30655,0,-5.591727,-0.2782,0,0.9605,-682.3384,0,1,0,0,-0.9605,0,-0.2782,-288.7383,0,0,0,1
263.5359,263.53,0.020083,0.0144,274.0707,-681.9517,0,-288.8482,0.830076,0.830076,-18.55436,NaN,NaN,NaN,NaN,0,20.1,19.34236,0,-5.466569,-0.272,0,0.9623,-681.9517,0,1,0,0,-0.9623,0,-0.272,-288.8482,0,0,0,1
263.5472,263.54,0.011296,0.01378,274.0816,-681.7581,0,-288.9023,0.826948,0.826948,-18.55436,NaN,NaN,NaN,NaN,0,20.1,19.35996,0,-5.403901,-0.2689,0,0.9632,-681.7581,0,1,0,0,-0.9632,0,-0.2689,-288.9023,0,0,0,1
263.5591,263.55,0.011904,0.013404,274.0935,-681.5643,0,-288.9557,0.824638,0.824638,-18.55436,NaN,NaN,NaN,NaN,0,20.1,19.37736,0,-5.341181,-0.2657,0,0.964,-681.5643,0,1,0,0,-0.964,0,-0.2657,-288.9557,0,0,0,1
263.5711,263.57,0.012002,0.013124,274.1059,-681.1763,0,-289.0607,0.818089,0.818089,-18.55436,NaN,NaN,NaN,NaN,0,20.1,19.41154,0,-5.215567,-0.2595,0,0.9657,-681.1763,0,1,0,0,-0.9657,0,-0.2595,-289.0607,0,0,0,1
263.5909,263.59,0.01975,0.014449,274.1256,-680.7875,0,-289.1631,0.810978,0.810978,-18.55436,NaN,NaN,NaN,NaN,0,20.1,19.44491,0,-5.089736,-0.2532,0,0.9674,-680.7875,0,1,0,0,-0.9674,0,-0.2532,-289.1631,0,0,0,1
263.6031,263.6,0.012226,0.014004,274.1375,-680.5929,0,-289.2133,0.809205,0.809205,-18.55436,NaN,NaN,NaN,NaN,0,20.1,19.46129,0,-5.02674,-0.2501,0,0.9682,-680.5929,0,1,0,0,-0.9682,0,-0.2501,-289.2133,0,0,0,1
263.6144,263.61,0.011277,0.013459,274.1488,-680.3981,0,-289.263,0.806812,0.806812,-18.55436,NaN,NaN,NaN,NaN,0,20.1,19.47747,0,-4.963691,-0.2469,0,0.969,-680.3981,0,1,0,0,-0.969,0,-0.2469,-289.263,0,0,0,1
263.6259,263.62,0.011511,0.013069,274.1603,-680.2032,0,-289.312,0.803741,0.803741,-18.55436,NaN,NaN,NaN,NaN,0,20.1,19.49344,0,-4.900589,-0.2438,0,0.9698,-680.2032,0,1,0,0,-0.9698,0,-0.2438,-289.312,0,0,0,1
263.6367,263.63,0.010833,0.012622,274.1711,-680.0081,0,-289.3604,0.799992,0.799992,-18.55436,NaN,NaN,NaN,NaN,0,20.1,19.50921,0,-4.837438,-0.2407,0,0.9706,-680.0081,0,1,0,0,-0.9706,0,-0.2407,-289.3604,0,0,0,1
263.6485,263.64,0.011759,0.01245,274.1831,-679.8129,0,-289.4081,0.797531,0.797531,-18.56169,NaN,NaN,NaN,NaN,0,20.1,19.52478,0,-4.774211,-0.2375,0,0.9714,-679.8129,0,1,0,0,-0.9714,0,-0.2375,-289.4081,0,0,0,1
263.6609,263.66,0.012361,0.012432,274.196,-679.4219,0,-289.5017,0.794431,0.794431,-18.58732,NaN,NaN,NaN,NaN,0,20.1,19.55535,0,-4.647431,-0.2312,0,0.9729,-679.4219,0,1,0,0,-0.9729,0,-0.2312,-289.5017,0,0,0,1
263.6725,263.67,0.011595,0.012265,274.2072,-679.2262,0,-289.5475,0.791909,0.791909,-18.64592,NaN,NaN,NaN,NaN,0,20.1,19.57037,0,-4.583766,-0.228,0,0.9737,-679.2262,0,1,0,0,-0.9737,0,-0.228,-289.5475,0,0,0,1
263.6869,263.68,0.01442,0.012696,274.2214,-679.0304,0,-289.5927,0.78868,0.78868,-18.78141,NaN,NaN,NaN,NaN,0,20.1,19.58529,0,-4.519589,-0.2249,0,0.9744,-679.0304,0,1,0,0,-0.9744,0,-0.2249,-289.5927,0,0,0,1
263.6988,263.69,0.011922,0.012541,274.2333,-678.8344,0,-289.6373,0.786587,0.786587,-19.03411,NaN,NaN,NaN,NaN,0,20.1,19.60019,0,-4.454499,-0.2216,0,0.9751,-678.8344,0,1,0,0,-0.9751,0,-0.2216,-289.6373,0,0,0,1
263.7106,263.71,0.011798,0.012392,274.2455,-678.442,0,-289.7244,0.78442,0.78442,-19.29778,NaN,NaN,NaN,NaN,0,20.1,19.62975,0,-4.322368,-0.215,0,0.9766,-678.442,0,1,0,0,-0.9766,0,-0.215,-289.7244,0,0,0,1
