time,fixedTime,deltaTime,smoothDeltaTime,realtimeSinceStartup,pos_x,pos_y,pos_z,distFromRoadCenter,signedDistFromRoadCenter,wheelAngle,obstacle_pos_x,obstacle_pos_y,obstacle_pos_z,distance_to_obstacle,brake_position,car_speed,car_vel_x,car_vel_y,car_vel_z,simplecar_4x4_R0C0,simplecar_4x4_R0C1,simplecar_4x4_R0C2,simplecar_4x4_R0C3,simplecar_4x4_R1C0,simplecar_4x4_R1C1,simplecar_4x4_R1C2,simplecar_4x4_R1C3,simplecar_4x4_R2C0,simplecar_4x4_R2C1,simplecar_4x4_R2C2,simplecar_4x4_R2C3,simplecar_4x4_R3C0,simplecar_4x4_R3C1,simplecar_4x4_R3C2,simplecar_4x4_R3C3
379.9512,379.95,0.022818,0.017156,390.4948,-476.5108,0,116.2445,2.446295,2.446295,-1.001601,NaN,NaN,NaN,NaN,0,20.1,-6.608076,0,18.98271,0.9444,0,-0.3288,-476.5108,0,1,0,0,0.3288,0,0.9444,116.2445,0,0,0,1
379.9735,379.97,0.022339,0.018192,390.5084,-476.6431,0,116.6241,2.445539,2.445539,-1.001601,NaN,NaN,NaN,NaN,0,20.1,-6.614713,0,18.9804,0.9443,0,-0.3291,-476.6431,0,1,0,0,0.3291,0,0.9443,116.6241,0,0,0,1
379.9883,379.98,0.014752,0.017504,390.5229,-476.7093,0,116.8139,2.445085,2.445085,-1.001601,NaN,NaN,NaN,NaN,0,20.1,-6.618031,0,18.97924,0.9442,0,-0.3293,-476.7093,0,1,0,0,0.3293,0,0.9442,116.8139,0,0,0,1
380.007,380,0.018763,0.017756,390.5419,-476.8417,0,117.1935,2.444118,2.444118,-1.001601,NaN,NaN,NaN,NaN,0,20.1,-6.624666,0,18.97693,0.9441,0,-0.3296,-476.8417,0,1,0,0,0.3296,0,0.9441,117.1935,0,0,0,1
380.0284,380.02,0.021417,0.018488,390.5636,-476.9744,0,117.573,2.442988,2.442988,-1.001601,NaN,NaN,NaN,NaN,0,20.1,-6.6313,0,18.97461,0.944,0,-0.3299,-476.9744,0,1,0,0,0.3299,0,0.944,117.573,0,0,0,1
380.0433,380.04,0.014854,0.017761,390.5781,-477.1071,0,117.9524,2.441792,2.441792,-1.001601,NaN,NaN,NaN,NaN,0,20.1,-6.637933,0,18.97229,0.9439,0,-0.3302,-477.1071,0,1,0,0,0.3302,0,0.9439,117.9524,0,0,0,1
380.0591,380.05,0.015763,0.017362,390.5935,-477.1735,0,118.1421,2.441111,2.441111,-1.001601,NaN,NaN,NaN,NaN,0,20.1,-6.64125,0,18.97113,0.9438,0,-0.3304,-477.1735,0,1,0,0,0.3304,0,0.9438,118.1421,0,0,0,1
380.0725,380.07,0.013504,0.01659,390.6074,-477.3064,0,118.5215,2.439692,2.439692,-1.001601,NaN,NaN,NaN,NaN,0,20.1,-6.647883,0,18.96881,0.9437,0,-0.3307,-477.3064,0,1,0,0,0.3307,0,0.9437,118.5215,0,0,0,1
380.0868,380.08,0.014268,0.016126,390.6213,-477.3729,0,118.7112,2.438915,2.438915,-1.001601,NaN,NaN,NaN,NaN,0,20.1,-6.651199,0,18.96765,0.9437,0,-0.3309,-477.3729,0,1,0,0,0.3309,0,0.9437,118.7112,0,0,0,1
380.1052,380.1,0.018418,0.016584,390.6401,-477.506,0,119.0905,2.437205,2.437205,-1.001601,NaN,NaN,NaN,NaN,0,20.1,-6.657831,0,18.96532,0.9435,0,-0.3312,-477.506,0,1,0,0,0.3312,0,0.9435,119.0905,0,0,0,1
380.1193,380.11,0.014032,0.016074,390.6537,-477.5726,0,119.2802,2.436363,2.436363,-1.001601,NaN,NaN,NaN,NaN,0,20.1,-6.661145,0,18.96416,0.9435,0,-0.3314,-477.5726,0,1,0,0,0.3314,0,0.9435,119.2802,0,0,0,1
380.1382,380.13,0.018963,0.016652,390.6729,-477.706,0,119.6594,2.434428,2.434428,-1.001601,NaN,NaN,NaN,NaN,0,20.1,-6.667775,0,18.96182,0.9434,0,-0.3317,-477.706,0,1,0,0,0.3317,0,0.9434,119.6594,0,0,0,1
380.1511,380.15,0.012881,0.015897,390.6862,-477.8394,0,120.0386,2.432425,2.432425,-1.001601,NaN,NaN,NaN,NaN,0,20.1,-6.674404,0,18.95949,0.9433,0,-0.3321,-477.8394,0,1,0,0,0.3321,0,0.9433,120.0386,0,0,0,1
380.1642,380.16,0.013059,0.01533,390.6987,-477.9062,0,120.2282,2.431361,2.431361,-1.001601,NaN,NaN,NaN,NaN,0,20.1,-6.677718,0,18.95832,0.9432,0,-0.3322,-477.9062,0,1,0,0,0.3322,0,0.9432,120.2282,0,0,0,1
380.1766,380.17,0.012475,0.014759,390.7112,-477.973,0,120.4178,2.430292,2.430292,-1.001601,NaN,NaN,NaN,NaN,0,20.1,-6.681033,0,18.95716,0.9431,0,-0.3324,-477.973,0,1,0,0,0.3324,0,0.9431,120.4178,0,0,0,1
380.1895,380.18,0.012902,0.014387,390.7239,-478.0399,0,120.6073,2.429163,2.429163,-1.001601,NaN,NaN,NaN,NaN,0,20.1,-6.684347,0,18.95599,0.9431,0,-0.3326,-478.0399,0,1,0,0,0.3326,0,0.9431,120.6073,0,0,0,1
380.2032,380.2,0.013598,0.014229,390.7381,-478.1736,0,120.9864,2.42684,2.42684,-1.001601,NaN,NaN,NaN,NaN,0,20.1,-6.690974,0,18.95365,0.943,0,-0.3329,-478.1736,0,1,0,0,0.3329,0,0.943,120.9864,0,0,0,1
380.2169,380.21,0.013809,0.014145,390.7514,-478.2406,0,121.1759,2.425546,2.425546,-1.001601,NaN,NaN,NaN,NaN,0,20.1,-6.694287,0,18.95248,0.9429,0,-0.333,-478.2406,0,1,0,0,0.333,0,0.9429,121.1759,0,0,0,1
380.2314,380.23,0.014425,0.014201,390.7662,-478.3746,0,121.5549,2.422965,2.422965,-1.001601,NaN,NaN,NaN,NaN,0,20.1,-6.700912,0,18.95014,0.9428,0,-0.3334,-478.3746,0,1,0,0,0.3334,0,0.9428,121.5549,0,0,0,1
380.2485,380.24,0.017118,0.014785,390.783,-478.4416,0,121.7444,2.421638,2.421638,-1.001601,NaN,NaN,NaN,NaN,0,20.1,-6.704225,0,18.94897,0.9427,0,-0.3335,-478.4416,0,1,0,0,0.3335,0,0.9427,121.7444,0,0,0,1
380.2621,380.26,0.01355,0.014538,390.797,-478.5758,0,122.1234,2.41886,2.41886,-1.001601,NaN,NaN,NaN,NaN,0,20.1,-6.71085,0,18.94662,0.9426,0,-0.3339,-478.5758,0,1,0,0,0.3339,0,0.9426,122.1234,0,0,0,1
380.2815,380.28,0.01947,0.015524,390.8163,-478.7101,0,122.5023,2.415919,2.415919,-1.001601,NaN,NaN,NaN,NaN,0,20.1,-6.717474,0,18.94427,0.9425,0,-0.3342,-478.7101,0,1,0,0,0.3342,0,0.9425,122.5023,0,0,0,1
380.2948,380.29,0.013321,0.015083,390.8294,-478.7773,0,122.6917,2.414435,2.414435,-1.001601,NaN,NaN,NaN,NaN,0,20.1,-6.720785,0,18.9431,0.9424,0,-0.3344,-478.7773,0,1,0,0,0.3344,0,0.9424,122.6917,0,0,0,1
380.3078,380.3,0.012926,0.014652,390.8423,-478.8445,0,122.8811,2.412886,2.412886,-1.001601,NaN,NaN,NaN,NaN,0,20.1,-6.724097,0,18.94193,0.9424,0,-0.3345,-478.8445,0,1,0,0,0.3345,0,0.9424,122.8811,0,0,0,1
380.3236,380.32,0.015836,0.014889,390.8584,-478.9791,0,123.2599,2.409687,2.409687,-1.005263,NaN,NaN,NaN,NaN,0,20.1,-6.730743,0,18.93956,0.9423,0,-0.3349,-478.9791,0,1,0,0,0.3349,0,0.9423,123.2599,0,0,0,1
380.3362,380.33,0.012654,0.014442,390.871,-479.0465,0,123.4493,2.408008,2.408008,-1.005263,NaN,NaN,NaN,NaN,0,20.1,-6.734067,0,18.93838,0.9422,0,-0.335,-479.0465,0,1,0,0,0.335,0,0.9422,123.4493,0,0,0,1
380.3493,380.34,0.013029,0.014159,390.8837,-479.1139,0,123.6387,2.406297,2.406297,-1.005263,NaN,NaN,NaN,NaN,0,20.1,-6.737389,0,18.9372,0.9421,0,-0.3352,-479.1139,0,1,0,0,0.3352,0,0.9421,123.6387,0,0,0,1
380.3615,380.36,0.012234,0.013774,390.8963,-479.2487,0,124.0174,2.402808,2.402808,-1.005263,NaN,NaN,NaN,NaN,0,20.1,-6.744033,0,18.93484,0.942,0,-0.3355,-479.2487,0,1,0,0,0.3355,0,0.942,124.0174,0,0,0,1
380.383,380.38,0.021484,0.015316,390.9179,-479.3837,0,124.396,2.39916,2.39916,-1.005263,NaN,NaN,NaN,NaN,0,20.1,-6.750678,0,18.93247,0.9419,0,-0.3359,-479.3837,0,1,0,0,0.3359,0,0.9419,124.396,0,0,0,1
380.3947,380.39,0.011657,0.014584,390.929,-479.4512,0,124.5854,2.39729,2.39729,-1.005263,NaN,NaN,NaN,NaN,0,20.1,-6.753999,0,18.93128,0.9419,0,-0.336,-479.4512,0,1,0,0,0.336,0,0.9419,124.5854,0,0,0,1
380.4067,380.4,0.012083,0.014084,390.9412,-479.5188,0,124.7747,2.395384,2.395384,-1.005263,NaN,NaN,NaN,NaN,0,20.1,-6.75732,0,18.9301,0.9418,0,-0.3362,-479.5188,0,1,0,0,0.3362,0,0.9418,124.7747,0,0,0,1
380.4263,380.42,0.019569,0.015181,390.961,-479.654,0,125.1532,2.391507,2.391507,-1.005263,NaN,NaN,NaN,NaN,0,20.1,-6.763963,0,18.92773,0.9417,0,-0.3365,-479.654,0,1,0,0,0.3365,0,0.9417,125.1532,0,0,0,1
380.4395,380.43,0.013149,0.014775,390.9739,-479.7217,0,125.3425,2.389473,2.389473,-1.005263,NaN,NaN,NaN,NaN,0,20.1,-6.767284,0,18.92654,0.9416,0,-0.3367,-479.7217,0,1,0,0,0.3367,0,0.9416,125.3425,0,0,0,1
380.4518,380.45,0.012329,0.014285,390.9876,-479.8572,0,125.721,2.385337,2.385337,-1.005263,NaN,NaN,NaN,NaN,0,20.1,-6.773926,0,18.92416,0.9415,0,-0.337,-479.8572,0,1,0,0,0.337,0,0.9415,125.721,0,0,0,1
380.4658,380.46,0.014029,0.014234,391.0002,-479.9249,0,125.9102,2.383269,2.383269,-1.005263,NaN,NaN,NaN,NaN,0,20.1,-6.777246,0,18.92297,0.9414,0,-0.3372,-479.9249,0,1,0,0,0.3372,0,0.9414,125.9102,0,0,0,1
380.4777,380.47,0.011859,0.013759,391.0122,-479.9928,0,126.0994,2.381074,2.381074,-1.005263,NaN,NaN,NaN,NaN,0,20.1,-6.780565,0,18.92179,0.9414,0,-0.3373,-479.9928,0,1,0,0,0.3373,0,0.9414,126.0994,0,0,0,1
380.4904,380.49,0.012672,0.013541,391.0253,-480.1285,0,126.4779,2.37668,2.37668,-1.005263,NaN,NaN,NaN,NaN,0,20.1,-6.787204,0,18.9194,0.9413,0,-0.3377,-480.1285,0,1,0,0,0.3377,0,0.9413,126.4779,0,0,0,1
380.5034,380.5,0.013107,0.013455,391.0378,-480.1964,0,126.667,2.374422,2.374422,-1.005263,NaN,NaN,NaN,NaN,0,20.1,-6.790524,0,18.91821,0.9412,0,-0.3378,-480.1964,0,1,0,0,0.3378,0,0.9412,126.667,0,0,0,1
380.5155,380.51,0.012097,0.013183,391.0501,-480.2643,0,126.8562,2.372127,2.372127,-1.005263,NaN,NaN,NaN,NaN,0,20.1,-6.793843,0,18.91702,0.9411,0,-0.338,-480.2643,0,1,0,0,0.338,0,0.9411,126.8562,0,0,0,1
380.5274,380.52,0.01185,0.012916,391.062,-480.3323,0,127.0453,2.369803,2.369803,-1.019912,NaN,NaN,NaN,NaN,0,20.1,-6.79721,0,18.91581,0.9411,0,-0.3382,-480.3323,0,1,0,0,0.3382,0,0.9411,127.0453,0,0,0,1
380.5402,380.54,0.012839,0.012901,391.0754,-480.4683,0,127.4236,2.365024,2.365024,-1.019912,NaN,NaN,NaN,NaN,0,20.1,-6.803944,0,18.91339,0.941,0,-0.3385,-480.4683,0,1,0,0,0.3385,0,0.941,127.4236,0,0,0,1
380.5609,380.56,0.02066,0.014453,391.0959,-480.6045,0,127.8019,2.360145,2.360145,-1.03456,NaN,NaN,NaN,NaN,0,20.1,-6.810773,0,18.91093,0.9408,0,-0.3388,-480.6045,0,1,0,0,0.3388,0,0.9408,127.8019,0,0,0,1
380.5742,380.57,0.013338,0.01423,391.1088,-480.6726,0,127.991,2.357629,2.357629,-1.067519,NaN,NaN,NaN,NaN,0,20.1,-6.814296,0,18.90966,0.9408,0,-0.339,-480.6726,0,1,0,0,0.339,0,0.9408,127.991,0,0,0,1
380.587,380.58,0.012798,0.013943,391.1217,-480.7408,0,128.18,2.355045,2.355045,-1.089492,NaN,NaN,NaN,NaN,0,20.1,-6.817893,0,18.90837,0.9407,0,-0.3392,-480.7408,0,1,0,0,0.3392,0,0.9407,128.18,0,0,0,1
380.6002,380.6,0.01319,0.013793,391.1353,-480.8773,0,128.5582,2.349845,2.349845,-1.122451,NaN,NaN,NaN,NaN,0,20.1,-6.8253,0,18.90569,0.9406,0,-0.3396,-480.8773,0,1,0,0,0.3396,0,0.9406,128.5582,0,0,0,1
380.6135,380.61,0.013243,0.013683,391.148,-480.9456,0,128.7472,2.347167,2.347167,-1.173728,NaN,NaN,NaN,NaN,0,20.1,-6.829173,0,18.9043,0.9405,0,-0.3398,-480.9456,0,1,0,0,0.3398,0,0.9405,128.7472,0,0,0,1
380.627,380.62,0.013564,0.013659,391.1618,-481.0139,0,128.9362,2.344484,2.344484,-1.243308,NaN,NaN,NaN,NaN,0,20.1,-6.833275,0,18.90281,0.9404,0,-0.34,-481.0139,0,1,0,0,0.34,0,0.9404,128.9362,0,0,0,1
380.6401,380.64,0.013081,0.013543,391.1752,-481.1508,0,129.3142,2.338896,2.338896,-1.298239,NaN,NaN,NaN,NaN,0,20.1,-6.841841,0,18.89972,0.9403,0,-0.3404,-481.1508,0,1,0,0,0.3404,0,0.9403,129.3142,0,0,0,1
380.6604,380.66,0.020328,0.0149,391.1954,-481.2877,0,129.6922,2.333148,2.333148,-1.397116,NaN,NaN,NaN,NaN,0,20.1,-6.851056,0,18.89638,0.9401,0,-0.3408,-481.2877,0,1,0,0,0.3408,0,0.9401,129.6922,0,0,0,1
380.6747,380.67,0.014237,0.014768,391.2092,-481.3563,0,129.8811,2.33021,2.33021,-1.547263,NaN,NaN,NaN,NaN,0,20.1,-6.856159,0,18.89453,0.94,0,-0.3411,-481.3563,0,1,0,0,0.3411,0,0.94,129.8811,0,0,0,1
380.6938,380.69,0.019158,0.015646,391.2288,-481.4936,0,130.259,2.324105,2.324105,-1.671782,NaN,NaN,NaN,NaN,0,20.1,-6.867185,0,18.89052,0.9398,0,-0.3417,-481.4936,0,1,0,0,0.3417,0,0.9398,130.259,0,0,0,1
380.7073,380.7,0.013486,0.015214,391.2419,-481.5623,0,130.4478,2.320974,2.320974,-1.829252,NaN,NaN,NaN,NaN,0,20.1,-6.873215,0,18.88833,0.9397,0,-0.342,-481.5623,0,1,0,0,0.342,0,0.9397,130.4478,0,0,0,1
380.7204,380.72,0.013098,0.014791,391.2553,-481.6999,0,130.8255,2.314546,2.314546,-1.931791,NaN,NaN,NaN,NaN,0,20.1,-6.885951,0,18.88369,0.9395,0,-0.3426,-481.6999,0,1,0,0,0.3426,0,0.9395,130.8255,0,0,0,1
380.7334,380.73,0.012971,0.014427,391.2681,-481.7689,0,131.0144,2.311158,2.311158,-2.019682,NaN,NaN,NaN,NaN,0,20.1,-6.892606,0,18.88126,0.9394,0,-0.3429,-481.7689,0,1,0,0,0.3429,0,0.9394,131.0144,0,0,0,1
380.7468,380.74,0.013435,0.014228,391.2817,-481.8379,0,131.2031,2.307732,2.307732,-2.118566,NaN,NaN,NaN,NaN,0,20.1,-6.899588,0,18.87871,0.9392,0,-0.3433,-481.8379,0,1,0,0,0.3433,0,0.9392,131.2031,0,0,0,1
380.7607,380.76,0.013839,0.01415,391.2957,-481.9761,0,131.5806,2.300658,2.300658,-2.191808,NaN,NaN,NaN,NaN,0,20.1,-6.91403,0,18.87343,0.939,0,-0.344,-481.9761,0,1,0,0,0.344,0,0.939,131.5806,0,0,0,1
380.7754,380.77,0.014716,0.014263,391.31,-482.0453,0,131.7693,2.29701,2.29701,-2.272375,NaN,NaN,NaN,NaN,0,20.1,-6.921515,0,18.87068,0.9388,0,-0.3444,-482.0453,0,1,0,0,0.3444,0,0.9388,131.7693,0,0,0,1
380.7947,380.79,0.019315,0.015274,391.3299,-482.184,0,132.1467,2.289482,2.289482,-2.327306,NaN,NaN,NaN,NaN,0,20.1,-6.936843,0,18.86505,0.9386,0,-0.3451,-482.184,0,1,0,0,0.3451,0,0.9386,132.1467,0,0,0,1
380.809,380.8,0.014296,0.015078,391.3438,-482.2534,0,132.3353,2.285578,2.285578,-2.374914,NaN,NaN,NaN,NaN,0,20.1,-6.944662,0,18.86218,0.9384,0,-0.3455,-482.2534,0,1,0,0,0.3455,0,0.9384,132.3353,0,0,0,1
380.8273,380.82,0.018298,0.015722,391.3623,-482.3926,0,132.7125,2.2775,2.2775,-2.393224,NaN,NaN,NaN,NaN,0,20.1,-6.960418,0,18.85637,0.9381,0,-0.3463,-482.3926,0,1,0,0,0.3463,0,0.9381,132.7125,0,0,0,1
380.8416,380.84,0.01427,0.015432,391.3765,-482.532,0,133.0895,2.269166,2.269166,-2.415197,NaN,NaN,NaN,NaN,0,20.1,-6.976313,0,18.85049,0.9378,0,-0.3471,-482.532,0,1,0,0,0.3471,0,0.9378,133.0895,0,0,0,1
380.8559,380.85,0.014332,0.015212,391.3904,-482.6018,0,133.278,2.264837,2.264837,-2.426183,NaN,NaN,NaN,NaN,0,20.1,-6.984293,0,18.84754,0.9377,0,-0.3475,-482.6018,0,1,0,0,0.3475,0,0.9377,133.278,0,0,0,1
380.8683,380.86,0.012383,0.014646,391.403,-482.6718,0,133.4664,2.260417,2.260417,-2.429845,NaN,NaN,NaN,NaN,0,20.1,-6.992286,0,18.84457,0.9375,0,-0.3479,-482.6718,0,1,0,0,0.3479,0,0.9375,133.4664,0,0,0,1
380.8805,380.88,0.012261,0.014169,391.4156,-482.8119,0,133.8432,2.25134,2.25134,-2.444494,NaN,NaN,NaN,NaN,0,20.1,-7.008364,0,18.8386,0.9372,0,-0.3487,-482.8119,0,1,0,0,0.3487,0,0.9372,133.8432,0,0,0,1
380.8934,380.89,0.012829,0.013901,391.428,-482.882,0,134.0316,2.246693,2.246693,-2.462804,NaN,NaN,NaN,NaN,0,20.1,-7.016461,0,18.83559,0.9371,0,-0.3491,-482.882,0,1,0,0,0.3491,0,0.9371,134.0316,0,0,0,1
380.9068,380.9,0.013477,0.013816,391.4416,-482.9523,0,134.2199,2.241916,2.241916,-2.495763,NaN,NaN,NaN,NaN,0,20.1,-7.024666,0,18.83253,0.9369,0,-0.3495,-482.9523,0,1,0,0,0.3495,0,0.9369,134.2199,0,0,0,1
380.9297,380.92,0.022808,0.015615,391.4658,-483.093,0,134.5965,2.232159,2.232159,-2.528722,NaN,NaN,NaN,NaN,0,20.1,-7.041286,0,18.82632,0.9366,0,-0.3503,-483.093,0,1,0,0,0.3503,0,0.9366,134.5965,0,0,0,1
380.9494,380.94,0.019734,0.016439,391.4846,-483.2341,0,134.9729,2.22202,2.22202,-2.634931,NaN,NaN,NaN,NaN,0,20.1,-7.058599,0,18.81984,0.9363,0,-0.3512,-483.2341,0,1,0,0,0.3512,0,0.9363,134.9729,0,0,0,1
380.9643,380.96,0.014919,0.016135,391.4994,-483.3755,0,135.3492,2.211491,2.211491,-2.774091,NaN,NaN,NaN,NaN,0,20.1,-7.07682,0,18.81299,0.936,0,-0.3521,-483.3755,0,1,0,0,0.3521,0,0.936,135.3492,0,0,0,1
380.9782,380.97,0.013934,0.015695,391.5129,-483.4464,0,135.5373,2.206096,2.206096,-2.909589,NaN,NaN,NaN,NaN,0,20.1,-7.086373,0,18.80939,0.9358,0,-0.3526,-483.4464,0,1,0,0,0.3526,0,0.9358,135.5373,0,0,0,1
380.9915,380.99,0.013248,0.015205,391.5264,-483.5884,0,135.9134,2.194953,2.194953,-3.059742,NaN,NaN,NaN,NaN,0,20.1,-7.106458,0,18.80182,0.9354,0,-0.3536,-483.5884,0,1,0,0,0.3536,0,0.9354,135.9134,0,0,0,1
381.0051,381,0.013585,0.014881,391.5396,-483.6596,0,136.1013,2.189235,2.189235,-3.220875,NaN,NaN,NaN,NaN,0,20.1,-7.117026,0,18.79782,0.9352,0,-0.3541,-483.6596,0,1,0,0,0.3541,0,0.9352,136.1013,0,0,0,1
381.0175,381.01,0.012448,0.014395,391.5521,-483.7309,0,136.2893,2.183391,2.183391,-3.374684,NaN,NaN,NaN,NaN,0,20.1,-7.128097,0,18.79362,0.935,0,-0.3546,-483.7309,0,1,0,0,0.3546,0,0.935,136.2893,0,0,0,1
381.0374,381.03,0.019908,0.015497,391.5724,-483.8738,0,136.665,2.171284,2.171284,-3.565121,NaN,NaN,NaN,NaN,0,20.1,-7.151479,0,18.78474,0.9346,0,-0.3558,-483.8738,0,1,0,0,0.3558,0,0.9346,136.665,0,0,0,1
381.0502,381.05,0.012792,0.014956,391.5851,-484.0172,0,137.0406,2.158651,2.158651,-3.839779,NaN,NaN,NaN,NaN,0,20.1,-7.176651,0,18.77514,0.9341,0,-0.357,-484.0172,0,1,0,0,0.357,0,0.9341,137.0406,0,0,0,1
381.0703,381.07,0.020039,0.015973,391.6054,-484.1612,0,137.4159,2.145477,2.145477,-4.022892,NaN,NaN,NaN,NaN,0,20.1,-7.203009,0,18.76504,0.9336,0,-0.3584,-484.1612,0,1,0,0,0.3584,0,0.9336,137.4159,0,0,0,1
381.0903,381.09,0.020082,0.016795,391.6253,-484.3057,0,137.7911,2.131719,2.131719,-4.319522,NaN,NaN,NaN,NaN,0,20.1,-7.231295,0,18.75416,0.933,0,-0.3598,-484.3057,0,1,0,0,0.3598,0,0.933,137.7911,0,0,0,1
381.1031,381.1,0.012718,0.015979,391.6377,-484.3781,0,137.9785,2.124582,2.124582,-4.627147,NaN,NaN,NaN,NaN,0,20.1,-7.246439,0,18.74831,0.9328,0,-0.3605,-484.3781,0,1,0,0,0.3605,0,0.9328,137.9785,0,0,0,1
381.1154,381.11,0.01238,0.01526,391.6501,-484.4508,0,138.166,2.117252,2.117252,-4.810252,NaN,NaN,NaN,NaN,0,20.1,-7.262176,0,18.74222,0.9324,0,-0.3613,-484.4508,0,1,0,0,0.3613,0,0.9324,138.166,0,0,0,1
381.1273,381.12,0.011919,0.014591,391.6619,-484.5236,0,138.3533,2.109821,2.109821,-5.008013,NaN,NaN,NaN,NaN,0,20.1,-7.278554,0,18.73587,0.9321,0,-0.3621,-484.5236,0,1,0,0,0.3621,0,0.9321,138.3533,0,0,0,1
381.1391,381.13,0.011747,0.014023,391.6737,-484.5965,0,138.5406,2.102167,2.102167,-5.191119,NaN,NaN,NaN,NaN,0,20.1,-7.295527,0,18.72926,0.9318,0,-0.363,-484.5965,0,1,0,0,0.363,0,0.9318,138.5406,0,0,0,1
381.1502,381.15,0.011154,0.013449,391.6852,-484.7429,0,138.915,2.086344,2.086344,-5.333941,NaN,NaN,NaN,NaN,0,20.1,-7.330386,0,18.71565,0.9311,0,-0.3647,-484.7429,0,1,0,0,0.3647,0,0.9311,138.915,0,0,0,1
381.1701,381.17,0.019853,0.01473,391.7051,-484.8901,0,139.2891,2.069682,2.069682,-5.531702,NaN,NaN,NaN,NaN,0,20.1,-7.36651,0,18.70146,0.9304,0,-0.3665,-484.8901,0,1,0,0,0.3665,0,0.9304,139.2891,0,0,0,1
381.1823,381.18,0.012213,0.014226,391.7168,-484.964,0,139.476,2.061087,2.061087,-5.861299,NaN,NaN,NaN,NaN,0,20.1,-7.385639,0,18.69391,0.93,0,-0.3674,-484.964,0,1,0,0,0.3674,0,0.93,139.476,0,0,0,1
381.1942,381.19,0.01193,0.013767,391.7288,-485.038,0,139.6629,2.052237,2.052237,-6.070039,NaN,NaN,NaN,NaN,0,20.1,-7.40544,0,18.68608,0.9297,0,-0.3684,-485.038,0,1,0,0,0.3684,0,0.9297,139.6629,0,0,0,1
381.206,381.2,0.011734,0.01336,391.7404,-485.1123,0,139.8497,2.043194,2.043194,-6.27878,NaN,NaN,NaN,NaN,0,20.1,-7.425913,0,18.67795,0.9293,0,-0.3694,-485.1123,0,1,0,0,0.3694,0,0.9293,139.8497,0,0,0,1
381.2173,381.21,0.01126,0.01294,391.7517,-485.1867,0,140.0364,2.033929,2.033929,-6.498513,NaN,NaN,NaN,NaN,0,20.1,-7.447093,0,18.66952,0.9288,0,-0.3705,-485.1867,0,1,0,0,0.3705,0,0.9288,140.0364,0,0,0,1
381.2288,381.22,0.011549,0.012662,391.7633,-485.2614,0,140.223,2.024432,2.024432,-6.685281,NaN,NaN,NaN,NaN,0,20.1,-7.468871,0,18.66081,0.9284,0,-0.3716,-485.2614,0,1,0,0,0.3716,0,0.9284,140.223,0,0,0,1
381.2413,381.24,0.01255,0.01264,391.7764,-485.4115,0,140.5959,2.004666,2.004666,-6.926987,NaN,NaN,NaN,NaN,0,20.1,-7.51397,0,18.6427,0.9275,0,-0.3738,-485.4115,0,1,0,0,0.3738,0,0.9275,140.5959,0,0,0,1
381.2535,381.25,0.012164,0.012545,391.7883,-485.4868,0,140.7823,1.99446,1.99446,-7.234604,NaN,NaN,NaN,NaN,0,20.1,-7.537504,0,18.6332,0.927,0,-0.375,-485.4868,0,1,0,0,0.375,0,0.927,140.7823,0,0,0,1
381.2665,381.26,0.012997,0.012635,391.8012,-485.5625,0,140.9685,1.983902,1.983902,-7.494621,NaN,NaN,NaN,NaN,0,20.1,-7.561871,0,18.62332,0.9265,0,-0.3762,-485.5625,0,1,0,0,0.3762,0,0.9265,140.9685,0,0,0,1
381.2794,381.27,0.012962,0.0127,391.814,-485.6383,0,141.1546,1.973117,1.973117,-7.787597,NaN,NaN,NaN,NaN,0,20.1,-7.587176,0,18.61303,0.926,0,-0.3775,-485.6383,0,1,0,0,0.3775,0,0.926,141.1546,0,0,0,1
381.2914,381.29,0.011905,0.012541,391.8264,-485.7908,0,141.5266,1.950736,1.950736,-8.117188,NaN,NaN,NaN,NaN,0,20.1,-7.639884,0,18.59146,0.9249,0,-0.3801,-485.7908,0,1,0,0,0.3801,0,0.9249,141.5266,0,0,0,1
381.3039,381.3,0.012526,0.012538,391.8385,-485.8676,0,141.7124,1.939043,1.939043,-8.424811,NaN,NaN,NaN,NaN,0,20.1,-7.667213,0,18.5802,0.9244,0,-0.3815,-485.8676,0,1,0,0,0.3815,0,0.9244,141.7124,0,0,0,1
381.3166,381.31,0.012727,0.012576,391.8511,-485.9445,0,141.898,1.927124,1.927124,-8.732435,NaN,NaN,NaN,NaN,0,20.1,-7.695523,0,18.56849,0.9238,0,-0.3829,-485.9445,0,1,0,0,0.3829,0,0.9238,141.898,0,0,0,1
381.3289,381.32,0.012306,0.012522,391.8635,-486.0217,0,142.0836,1.914853,1.914853,-9.040052,NaN,NaN,NaN,NaN,0,20.1,-7.724811,0,18.55633,0.9232,0,-0.3843,-486.0217,0,1,0,0,0.3843,0,0.9232,142.0836,0,0,0,1
381.3495,381.34,0.020547,0.014127,391.8851,-486.1771,0,142.4544,1.889369,1.889369,-9.333029,NaN,NaN,NaN,NaN,0,20.1,-7.785222,0,18.53106,0.9219,0,-0.3873,-486.1771,0,1,0,0,0.3873,0,0.9219,142.4544,0,0,0,1
381.3625,381.36,0.012972,0.013896,391.8976,-486.3338,0,142.8246,1.862471,1.862471,-9.878691,NaN,NaN,NaN,NaN,0,20.1,-7.849077,0,18.50411,0.9206,0,-0.3905,-486.3338,0,1,0,0,0.3905,0,0.9206,142.8246,0,0,0,1
381.374,381.37,0.011541,0.013425,391.9085,-486.4127,0,143.0095,1.848453,1.848453,-10.17167,NaN,NaN,NaN,NaN,0,20.1,-7.881915,0,18.49014,0.9199,0,-0.3921,-486.4127,0,1,0,0,0.3921,0,0.9199,143.0095,0,0,0,1
381.3862,381.38,0.012196,0.013179,391.9207,-486.4918,0,143.1942,1.834145,1.834145,-10.44999,NaN,NaN,NaN,NaN,0,20.1,-7.915625,0,18.47574,0.9192,0,-0.3938,-486.4918,0,1,0,0,0.3938,0,0.9192,143.1942,0,0,0,1
381.3981,381.39,0.011912,0.012926,391.9326,-486.5713,0,143.3789,1.819451,1.819451,-10.72099,NaN,NaN,NaN,NaN,0,20.1,-7.950182,0,18.46089,0.9185,0,-0.3955,-486.5713,0,1,0,0,0.3955,0,0.9185,143.3789,0,0,0,1
381.4092,381.4,0.011155,0.012572,391.9438,-486.6512,0,143.5633,1.804337,1.804337,-10.96269,NaN,NaN,NaN,NaN,0,20.1,-7.985489,0,18.44565,0.9177,0,-0.3973,-486.6512,0,1,0,0,0.3973,0,0.9177,143.5633,0,0,0,1
381.4209,381.42,0.011641,0.012386,391.9559,-486.8119,0,143.9318,1.774949,1.774949,-11.13848,NaN,NaN,NaN,NaN,0,20.1,-8.057147,0,18.41446,0.9161,0,-0.4009,-486.8119,0,1,0,0,0.4009,0,0.9161,143.9318,0,0,0,1
381.4335,381.43,0.012588,0.012426,391.9681,-486.8929,0,144.1158,1.76045,1.76045,-11.32524,NaN,NaN,NaN,NaN,0,20.1,-8.093531,0,18.3985,0.9153,0,-0.4027,-486.8929,0,1,0,0,0.4027,0,0.9153,144.1158,0,0,0,1
381.4464,381.44,0.012965,0.012534,391.9809,-486.9742,0,144.2996,1.745516,1.745516,-11.51202,NaN,NaN,NaN,NaN,0,20.1,-8.13048,0,18.3822,0.9145,0,-0.4045,-486.9742,0,1,0,0,0.4045,0,0.9145,144.2996,0,0,0,1
381.4584,381.45,0.011924,0.012412,391.993,-487.0558,0,144.4832,1.730141,1.730141,-11.66949,NaN,NaN,NaN,NaN,0,20.1,-8.167903,0,18.3656,0.9137,0,-0.4064,-487.0558,0,1,0,0,0.4064,0,0.9137,144.4832,0,0,0,1
381.4708,381.47,0.012429,0.012415,392.0059,-487.2203,0,144.8501,1.701838,1.701838,-11.81964,NaN,NaN,NaN,NaN,0,20.1,-8.243606,0,18.33175,0.912,0,-0.4101,-487.2203,0,1,0,0,0.4101,0,0.912,144.8501,0,0,0,1
381.4836,381.48,0.012756,0.012483,392.0182,-487.3031,0,145.0332,1.688783,1.688783,-11.99909,NaN,NaN,NaN,NaN,0,20.1,-8.281979,0,18.31444,0.9112,0,-0.412,-487.3031,0,1,0,0,0.412,0,0.9112,145.0332,0,0,0,1
381.496,381.49,0.012495,0.012486,392.0306,-487.3864,0,145.2162,1.675253,1.675253,-12.13459,NaN,NaN,NaN,NaN,0,20.1,-8.320749,0,18.29686,0.9103,0,-0.414,-487.3864,0,1,0,0,0.414,0,0.9103,145.2162,0,0,0,1
381.5156,381.51,0.019578,0.013904,392.0508,-487.5539,0,145.5816,1.646899,1.646899,-12.25543,NaN,NaN,NaN,NaN,0,20.1,-8.398946,0,18.2611,0.9085,0,-0.4179,-487.5539,0,1,0,0,0.4179,0,0.9085,145.5816,0,0,0,1
381.5276,381.52,0.012001,0.013523,392.0623,-487.6383,0,145.764,1.635245,1.635245,-12.47883,NaN,NaN,NaN,NaN,0,20.1,-8.438698,0,18.24276,0.9076,0,-0.4198,-487.6383,0,1,0,0,0.4198,0,0.9076,145.764,0,0,0,1
381.5407,381.54,0.013089,0.013437,392.0762,-487.8083,0,146.1283,1.611283,1.611283,-12.62898,NaN,NaN,NaN,NaN,0,20.1,-8.519036,0,18.20539,0.9057,0,-0.4238,-487.8083,0,1,0,0,0.4238,0,0.9057,146.1283,0,0,0,1
381.5549,381.55,0.014162,0.013582,392.0895,-487.8939,0,146.3102,1.598623,1.598623,-12.78279,NaN,NaN,NaN,NaN,0,20.1,-8.559632,0,18.18633,0.9048,0,-0.4259,-487.8939,0,1,0,0,0.4259,0,0.9048,146.3102,0,0,0,1
381.5675,381.56,0.012583,0.013382,392.1021,-487.9799,0,146.4918,1.585463,1.585463,-12.99153,NaN,NaN,NaN,NaN,0,20.1,-8.600845,0,18.16688,0.9038,0,-0.4279,-487.9799,0,1,0,0,0.4279,0,0.9038,146.4918,0,0,0,1
381.5797,381.57,0.012278,0.013161,392.1143,-488.0663,0,146.6733,1.574636,1.574636,-13.23323,NaN,NaN,NaN,NaN,0,20.1,-8.642782,0,18.14697,0.9028,0,-0.43,-488.0663,0,1,0,0,0.43,0,0.9028,146.6733,0,0,0,1
381.5916,381.59,0.011815,0.012892,392.1265,-488.2404,0,147.0356,1.553084,1.553084,-13.42001,NaN,NaN,NaN,NaN,0,20.1,-8.727695,0,18.10628,0.9008,0,-0.4342,-488.2404,0,1,0,0,0.4342,0,0.9008,147.0356,0,0,0,1
381.6032,381.6,0.011692,0.012652,392.1378,-488.3282,0,147.2165,1.541537,1.541537,-13.63973,NaN,NaN,NaN,NaN,0,20.1,-8.770773,0,18.08545,0.8998,0,-0.4364,-488.3282,0,1,0,0,0.4364,0,0.8998,147.2165,0,0,0,1
381.6154,381.61,0.012161,0.012554,392.15,-488.4163,0,147.3971,1.529541,1.529541,-13.80087,NaN,NaN,NaN,NaN,0,20.1,-8.814311,0,18.06427,0.8987,0,-0.4385,-488.4163,0,1,0,0,0.4385,0,0.8987,147.3971,0,0,0,1
381.6277,381.62,0.012277,0.012498,392.1622,-488.5049,0,147.5775,1.519356,1.519356,-14.02426,NaN,NaN,NaN,NaN,0,20.1,-8.8585,0,18.04264,0.8976,0,-0.4407,-488.5049,0,1,0,0,0.4407,0,0.8976,147.5775,0,0,0,1
381.6402,381.64,0.01253,0.012504,392.1751,-488.6834,0,147.9377,1.499936,1.499936,-14.22568,NaN,NaN,NaN,NaN,0,20.1,-8.947985,0,17.99843,0.8954,0,-0.4452,-488.6834,0,1,0,0,0.4452,0,0.8954,147.9377,0,0,0,1
381.6594,381.65,0.019145,0.013833,392.194,-488.7733,0,148.1175,1.489436,1.489436,-14.41611,NaN,NaN,NaN,NaN,0,20.1,-8.993241,0,17.97586,0.8943,0,-0.4474,-488.7733,0,1,0,0,0.4474,0,0.8943,148.1175,0,0,0,1
381.6717,381.67,0.012311,0.013528,392.2067,-488.9546,0,148.4763,1.468788,1.468788,-14.69077,NaN,NaN,NaN,NaN,0,20.1,-9.085305,0,17.92951,0.892,0,-0.452,-488.9546,0,1,0,0,0.452,0,0.892,148.4763,0,0,0,1
381.6837,381.68,0.012017,0.013226,392.2184,-489.0459,0,148.6554,1.46026,1.46026,-14.8336,NaN,NaN,NaN,NaN,0,20.1,-9.131693,0,17.90593,0.8908,0,-0.4543,-489.0459,0,1,0,0,0.4543,0,0.8908,148.6554,0,0,0,1
381.6954,381.69,0.011687,0.012918,392.23,-489.1377,0,148.8342,1.451208,1.451208,-14.95079,NaN,NaN,NaN,NaN,0,20.1,-9.178386,0,17.88204,0.8897,0,-0.4566,-489.1377,0,1,0,0,0.4566,0,0.8897,148.8342,0,0,0,1
381.7072,381.7,0.011789,0.012692,392.2417,-489.2299,0,149.0128,1.441599,1.441599,-15.03502,NaN,NaN,NaN,NaN,0,20.1,-9.22528,0,17.85789,0.8885,0,-0.459,-489.2299,0,1,0,0,0.459,0,0.8885,149.0128,0,0,0,1
381.7186,381.71,0.011444,0.012443,392.2532,-489.3226,0,149.1911,1.43144,1.43144,-15.08263,NaN,NaN,NaN,NaN,0,20.1,-9.272256,0,17.83354,0.8872,0,-0.4613,-489.3226,0,1,0,0,0.4613,0,0.8872,149.1911,0,0,0,1
381.7299,381.72,0.011297,0.012213,392.2643,-489.4158,0,149.3692,1.422328,1.422328,-15.1046,NaN,NaN,NaN,NaN,0,20.1,-9.319237,0,17.80904,0.886,0,-0.4636,-489.4158,0,1,0,0,0.4636,0,0.886,149.3692,0,0,0,1
381.741,381.74,0.011127,0.011996,392.2758,-489.6036,0,149.7246,1.406499,1.406499,-15.1046,NaN,NaN,NaN,NaN,0,20.1,-9.413006,0,17.75965,0.8836,0,-0.4683,-489.6036,0,1,0,0,0.4683,0,0.8836,149.7246,0,0,0,1
381.7518,381.75,0.010788,0.011754,392.2863,-489.6982,0,149.902,1.397701,1.397701,-15.1046,NaN,NaN,NaN,NaN,0,20.1,-9.459792,0,17.73478,0.8823,0,-0.4706,-489.6982,0,1,0,0,0.4706,0,0.8823,149.902,0,0,0,1
381.7629,381.76,0.011139,0.011631,392.2974,-489.7933,0,150.0791,1.388369,1.388369,-15.1046,NaN,NaN,NaN,NaN,0,20.1,-9.506513,0,17.70978,0.8811,0,-0.473,-489.7933,0,1,0,0,0.473,0,0.8811,150.0791,0,0,0,1
381.7738,381.77,0.010882,0.011481,392.3083,-489.8888,0,150.2559,1.379787,1.379787,-15.1046,NaN,NaN,NaN,NaN,0,20.1,-9.553166,0,17.68466,0.8798,0,-0.4753,-489.8888,0,1,0,0,0.4753,0,0.8798,150.2559,0,0,0,1
381.7845,381.78,0.010694,0.011324,392.3189,-489.9848,0,150.4325,1.372957,1.372957,-15.1046,NaN,NaN,NaN,NaN,0,20.1,-9.599755,0,17.65941,0.8786,0,-0.4776,-489.9848,0,1,0,0,0.4776,0,0.8786,150.4325,0,0,0,1
381.7955,381.79,0.01094,0.011247,392.33,-490.0813,0,150.6088,1.365565,1.365565,-15.1046,NaN,NaN,NaN,NaN,0,20.1,-9.646276,0,17.63404,0.8773,0,-0.4799,-490.0813,0,1,0,0,0.4799,0,0.8773,150.6088,0,0,0,1
381.8068,381.8,0.011282,0.011254,392.3412,-490.1782,0,150.7849,1.357679,1.357679,-15.1046,NaN,NaN,NaN,NaN,0,20.1,-9.692731,0,17.60855,0.876,0,-0.4822,-490.1782,0,1,0,0,0.4822,0,0.876,150.7849,0,0,0,1
381.818,381.81,0.011231,0.011249,392.3524,-490.2756,0,150.9608,1.349196,1.349196,-15.1046,NaN,NaN,NaN,NaN,0,20.1,-9.739117,0,17.58294,0.8748,0,-0.4845,-490.2756,0,1,0,0,0.4845,0,0.8748,150.9608,0,0,0,1
381.83,381.83,0.012037,0.011407,392.3648,-490.4717,0,151.3116,1.335091,1.335091,-15.1046,NaN,NaN,NaN,NaN,0,20.1,-9.831686,0,17.53134,0.8722,0,-0.4891,-490.4717,0,1,0,0,0.4891,0,0.8722,151.3116,0,0,0,1
381.8415,381.84,0.011477,0.011421,392.3759,-490.5706,0,151.4867,1.328566,1.328566,-15.1046,NaN,NaN,NaN,NaN,0,20.1,-9.877871,0,17.50536,0.8709,0,-0.4914,-490.5706,0,1,0,0,0.4914,0,0.8709,151.4867,0,0,0,1
381.8524,381.85,0.010904,0.011317,392.3868,-490.6698,0,151.6615,1.321499,1.321499,-15.1046,NaN,NaN,NaN,NaN,0,20.1,-9.923985,0,17.47926,0.8696,0,-0.4937,-490.6698,0,1,0,0,0.4937,0,0.8696,151.6615,0,0,0,1
381.8642,381.86,0.011821,0.011418,392.3986,-490.7695,0,151.836,1.313904,1.313904,-15.1046,NaN,NaN,NaN,NaN,0,20.1,-9.97003,0,17.45304,0.8683,0,-0.496,-490.7695,0,1,0,0,0.496,0,0.8683,151.836,0,0,0,1
381.8758,381.87,0.011599,0.011454,392.4102,-490.8696,0,152.0103,1.306289,1.306289,-15.1046,NaN,NaN,NaN,NaN,0,20.1,-10.016,0,17.42669,0.867,0,-0.4983,-490.8696,0,1,0,0,0.4983,0,0.867,152.0103,0,0,0,1
381.8868,381.88,0.011012,0.011366,392.4212,-490.9702,0,152.1843,1.301177,1.301177,-15.1046,NaN,NaN,NaN,NaN,0,20.1,-10.06191,0,17.40023,0.8657,0,-0.5006,-490.9702,0,1,0,0,0.5006,0,0.8657,152.1843,0,0,0,1
381.8983,381.89,0.011484,0.01139,392.4327,-491.0713,0,152.358,1.295497,1.295497,-15.1046,NaN,NaN,NaN,NaN,0,20.1,-10.10775,0,17.37364,0.8644,0,-0.5029,-491.0713,0,1,0,0,0.5029,0,0.8644,152.358,0,0,0,1
381.9101,381.91,0.011786,0.011469,392.4449,-491.2748,0,152.7047,1.282545,1.282545,-15.1046,NaN,NaN,NaN,NaN,0,20.1,-10.19921,0,17.32011,0.8617,0,-0.5074,-491.2748,0,1,0,0,0.5074,0,0.8617,152.7047,0,0,0,1
381.9211,381.92,0.011042,0.011384,392.4556,-491.3773,0,152.8776,1.275437,1.275437,-15.1046,NaN,NaN,NaN,NaN,0,20.1,-10.24484,0,17.29316,0.8604,0,-0.5097,-491.3773,0,1,0,0,0.5097,0,0.8604,152.8776,0,0,0,1
381.9327,381.93,0.011559,0.011419,392.4672,-491.4802,0,153.0503,1.27119,1.27119,-15.1046,NaN,NaN,NaN,NaN,0,20.1,-10.29039,0,17.26609,0.859,0,-0.512,-491.4802,0,1,0,0,0.512,0,0.859,153.0503,0,0,0,1
381.9454,381.94,0.012705,0.011676,392.48,-491.5836,0,153.2227,1.266326,1.266326,-15.1339,NaN,NaN,NaN,NaN,0,20.1,-10.33596,0,17.23885,0.8577,0,-0.5142,-491.5836,0,1,0,0,0.5142,0,0.8577,153.2227,0,0,0,1
381.9584,381.95,0.013007,0.011942,392.4929,-491.6874,0,153.3948,1.260955,1.260955,-15.18883,NaN,NaN,NaN,NaN,0,20.1,-10.38162,0,17.21139,0.8563,0,-0.5165,-491.6874,0,1,0,0,0.5165,0,0.8563,153.3948,0,0,0,1
381.9704,381.97,0.011942,0.011942,392.5052,-491.8964,0,153.7382,1.248613,1.248613,-15.29137,NaN,NaN,NaN,NaN,0,20.1,-10.47334,0,17.15573,0.8535,0,-0.5211,-491.8964,0,1,0,0,0.5211,0,0.8535,153.7382,0,0,0,1
381.9817,381.98,0.011335,0.011821,392.5163,-492.0016,0,153.9094,1.245054,1.245054,-15.43053,NaN,NaN,NaN,NaN,0,20.1,-10.51951,0,17.12746,0.8521,0,-0.5234,-492.0016,0,1,0,0,0.5234,0,0.8521,153.9094,0,0,0,1
381.9926,381.99,0.010949,0.011646,392.5272,-492.1072,0,154.0804,1.241001,1.241001,-15.62096,NaN,NaN,NaN,NaN,0,20.1,-10.56616,0,17.09872,0.8507,0,-0.5257,-492.1072,0,1,0,0,0.5257,0,0.8507,154.0804,0,0,0,1
382.0049,382,0.012207,0.011759,392.5393,-492.2134,0,154.2511,1.236391,1.236391,-15.8114,NaN,NaN,NaN,NaN,0,20.1,-10.61331,0,17.0695,0.8492,0,-0.528,-492.2134,0,1,0,0,0.528,0,0.8492,154.2511,0,0,0,1
382.017,382.01,0.012117,0.01183,392.5517,-492.32,0,154.4215,1.231206,1.231206,-16.07874,NaN,NaN,NaN,NaN,0,20.1,-10.66117,0,17.03964,0.8477,0,-0.5304,-492.32,0,1,0,0,0.5304,0,0.8477,154.4215,0,0,0,1
382.029,382.02,0.012046,0.011873,392.5637,-492.4271,0,154.5916,1.22548,1.22548,-16.37537,NaN,NaN,NaN,NaN,0,20.1,-10.70983,0,17.0091,0.8462,0,-0.5328,-492.4271,0,1,0,0,0.5328,0,0.8462,154.5916,0,0,0,1
382.0482,382.04,0.019221,0.013343,392.5833,-492.6428,0,154.9309,1.21891,1.21891,-16.68666,NaN,NaN,NaN,NaN,0,20.1,-10.80872,0,16.94643,0.8431,0,-0.5377,-492.6428,0,1,0,0,0.5377,0,0.8431,154.9309,0,0,0,1
382.0604,382.06,0.012139,0.013102,392.5952,-492.8605,0,155.2688,1.210235,1.210235,-17.24697,NaN,NaN,NaN,NaN,0,20.1,-10.91055,0,16.88106,0.8399,0,-0.5428,-492.8605,0,1,0,0,0.5428,0,0.8399,155.2688,0,0,0,1
382.0731,382.07,0.012748,0.013031,392.6079,-492.9701,0,155.4373,1.204982,1.204982,-17.57656,NaN,NaN,NaN,NaN,0,20.1,-10.96228,0,16.84751,0.8382,0,-0.5454,-492.9701,0,1,0,0,0.5454,0,0.8382,155.4373,0,0,0,1
382.0846,382.08,0.011483,0.012722,392.6193,-493.0802,0,155.6054,1.202033,1.202033,-17.91714,NaN,NaN,NaN,NaN,0,20.1,-11.01491,0,16.81314,0.8365,0,-0.548,-493.0802,0,1,0,0,0.548,0,0.8365,155.6054,0,0,0,1
382.0971,382.09,0.012486,0.012675,392.6318,-493.1909,0,155.7732,1.19902,1.19902,-18.24308,NaN,NaN,NaN,NaN,0,20.1,-11.06839,0,16.77798,0.8347,0,-0.5507,-493.1909,0,1,0,0,0.5507,0,0.8347,155.7732,0,0,0,1
382.1085,382.1,0.011435,0.012427,392.643,-493.3022,0,155.9406,1.195358,1.195358,-18.55436,NaN,NaN,NaN,NaN,0,20.1,-11.12266,0,16.74205,0.8329,0,-0.5534,-493.3022,0,1,0,0,0.5534,0,0.8329,155.9406,0,0,0,1
382.12,382.12,0.011497,0.012241,392.655,-493.5263,0,156.2744,1.185984,1.185984,-18.86198,NaN,NaN,NaN,NaN,0,20.1,-11.23265,0,16.66846,0.8293,0,-0.5588,-493.5263,0,1,0,0,0.5588,0,0.8293,156.2744,0,0,0,1
382.1327,382.13,0.012687,0.01233,392.6674,-493.6392,0,156.4407,1.182908,1.182908,-19.15862,NaN,NaN,NaN,NaN,0,20.1,-11.28832,0,16.63081,0.8274,0,-0.5616,-493.6392,0,1,0,0,0.5616,0,0.8274,156.4407,0,0,0,1
382.1447,382.14,0.011944,0.012253,392.6792,-493.7526,0,156.6066,1.180108,1.180108,-19.41497,NaN,NaN,NaN,NaN,0,20.1,-11.34461,0,16.59246,0.8255,0,-0.5644,-493.7526,0,1,0,0,0.5644,0,0.8255,156.6066,0,0,0,1
382.1571,382.15,0.012495,0.012301,392.6917,-493.8666,0,156.7721,1.176591,1.176591,-19.67498,NaN,NaN,NaN,NaN,0,20.1,-11.40152,0,16.55341,0.8236,0,-0.5672,-493.8666,0,1,0,0,0.5672,0,0.8236,156.7721,0,0,0,1
382.1697,382.16,0.012555,0.012352,392.7044,-493.9812,0,156.9373,1.172332,1.172332,-19.88006,NaN,NaN,NaN,NaN,0,20.1,-11.45889,0,16.51375,0.8216,0,-0.5701,-493.9812,0,1,0,0,0.5701,0,0.8216,156.9373,0,0,0,1
382.1831,382.18,0.013379,0.012557,392.7181,-494.2121,0,157.2663,1.164023,1.164023,-20.08148,NaN,NaN,NaN,NaN,0,20.1,-11.57436,0,16.43302,0.8176,0,-0.5758,-494.2121,0,1,0,0,0.5758,0,0.8176,157.2663,0,0,0,1
382.1951,382.19,0.012035,0.012453,392.7298,-494.3285,0,157.4303,1.16119,1.16119,-20.23529,NaN,NaN,NaN,NaN,0,20.1,-11.63233,0,16.39204,0.8155,0,-0.5787,-494.3285,0,1,0,0,0.5787,0,0.8155,157.4303,0,0,0,1
382.207,382.2,0.011846,0.012331,392.7416,-494.4454,0,157.5938,1.15764,1.15764,-20.30853,NaN,NaN,NaN,NaN,0,20.1,-11.69036,0,16.3507,0.8135,0,-0.5816,-494.4454,0,1,0,0,0.5816,0,0.8135,157.5938,0,0,0,1
382.2267,382.22,0.019786,0.013822,392.7616,-494.681,0,157.9195,1.148305,1.148305,-20.37811,NaN,NaN,NaN,NaN,0,20.1,-11.80637,0,16.26714,0.8093,0,-0.5874,-494.681,0,1,0,0,0.5874,0,0.8093,157.9195,0,0,0,1
382.2383,382.23,0.011563,0.01337,392.7728,-494.7996,0,158.0818,1.144667,1.144667,-20.40742,NaN,NaN,NaN,NaN,0,20.1,-11.86423,0,16.22498,0.8072,0,-0.5903,-494.7996,0,1,0,0,0.5903,0,0.8072,158.0818,0,0,0,1
382.2493,382.24,0.010965,0.012889,392.7836,-494.9188,0,158.2436,1.141724,1.141724,-20.40742,NaN,NaN,NaN,NaN,0,20.1,-11.92195,0,16.18262,0.8051,0,-0.5931,-494.9188,0,1,0,0,0.5931,0,0.8051,158.2436,0,0,0,1
382.2617,382.26,0.012416,0.012795,392.7964,-495.159,0,158.566,1.133737,1.133737,-20.40742,NaN,NaN,NaN,NaN,0,20.1,-12.03692,0,16.09728,0.8009,0,-0.5989,-495.159,0,1,0,0,0.5989,0,0.8009,158.566,0,0,0,1
382.2733,382.27,0.011571,0.01255,392.8079,-495.2799,0,158.7265,1.128618,1.128618,-20.40742,NaN,NaN,NaN,NaN,0,20.1,-12.09418,0,16.05431,0.7987,0,-0.6017,-495.2799,0,1,0,0,0.6017,0,0.7987,158.7265,0,0,0,1
382.2864,382.28,0.013142,0.012668,392.8209,-495.4014,0,158.8866,1.124603,1.124603,-20.40742,NaN,NaN,NaN,NaN,0,20.1,-12.15129,0,16.01113,0.7966,0,-0.6045,-495.4014,0,1,0,0,0.6045,0,0.7966,158.8866,0,0,0,1
382.2976,382.29,0.011247,0.012384,392.8322,-495.5235,0,159.0463,1.121624,1.121624,-20.40742,NaN,NaN,NaN,NaN,0,20.1,-12.20824,0,15.96775,0.7944,0,-0.6074,-495.5235,0,1,0,0,0.6074,0,0.7944,159.0463,0,0,0,1
382.3104,382.31,0.012742,0.012456,392.8455,-495.7693,0,159.3643,1.113455,1.113455,-20.40742,NaN,NaN,NaN,NaN,0,20.1,-12.32167,0,15.88038,0.7901,0,-0.613,-495.7693,0,1,0,0,0.613,0,0.7901,159.3643,0,0,0,1
382.3221,382.32,0.011733,0.012311,392.8566,-495.8932,0,159.5227,1.10825,1.10825,-20.40742,NaN,NaN,NaN,NaN,0,20.1,-12.37816,0,15.83639,0.7879,0,-0.6158,-495.8932,0,1,0,0,0.6158,0,0.7879,159.5227,0,0,0,1
382.3347,382.33,0.012583,0.012366,392.8692,-496.0175,0,159.6807,1.103869,1.103869,-20.40742,NaN,NaN,NaN,NaN,0,20.1,-12.43448,0,15.7922,0.7857,0,-0.6186,-496.0175,0,1,0,0,0.6186,0,0.7857,159.6807,0,0,0,1
382.3452,382.34,0.010433,0.011979,392.8796,-496.1424,0,159.8381,1.100811,1.100811,-20.40742,NaN,NaN,NaN,NaN,0,20.1,-12.49065,0,15.74781,0.7835,0,-0.6214,-496.1424,0,1,0,0,0.6214,0,0.7835,159.8381,0,0,0,1
382.3564,382.35,0.011254,0.011834,392.891,-496.2679,0,159.9951,1.097011,1.097011,-20.40742,NaN,NaN,NaN,NaN,0,20.1,-12.54666,0,15.70323,0.7813,0,-0.6242,-496.2679,0,1,0,0,0.6242,0,0.7813,159.9951,0,0,0,1
382.3706,382.37,0.014229,0.012313,392.9057,-496.5205,0,160.3079,1.087172,1.087172,-20.40742,NaN,NaN,NaN,NaN,0,20.1,-12.65821,0,15.61345,0.7768,0,-0.6298,-496.5205,0,1,0,0,0.6298,0,0.7768,160.3079,0,0,0,1
382.3836,382.38,0.012973,0.012445,392.918,-496.6476,0,160.4635,1.082512,1.082512,-20.40742,NaN,NaN,NaN,NaN,0,20.1,-12.71374,0,15.56826,0.7745,0,-0.6325,-496.6476,0,1,0,0,0.6325,0,0.7745,160.4635,0,0,0,1
382.4048,382.4,0.021209,0.014198,392.9396,-496.9036,0,160.7735,1.075451,1.075451,-20.40742,NaN,NaN,NaN,NaN,0,20.1,-12.82431,0,15.4773,0.77,0,-0.638,-496.9036,0,1,0,0,0.638,0,0.77,160.7735,0,0,0,1
382.4157,382.41,0.010935,0.013545,392.9502,-497.0323,0,160.9279,1.070866,1.070866,-20.40742,NaN,NaN,NaN,NaN,0,20.1,-12.87936,0,15.43153,0.7677,0,-0.6408,-497.0323,0,1,0,0,0.6408,0,0.7677,160.9279,0,0,0,1
382.4278,382.42,0.012013,0.013239,392.9623,-497.1617,0,161.0817,1.065516,1.065516,-20.40742,NaN,NaN,NaN,NaN,0,20.1,-12.93424,0,15.38556,0.7655,0,-0.6435,-497.1617,0,1,0,0,0.6435,0,0.7655,161.0817,0,0,0,1
382.4404,382.44,0.012644,0.01312,392.9753,-497.422,0,161.388,1.057264,1.057264,-20.41108,NaN,NaN,NaN,NaN,0,20.1,-13.04353,0,15.29301,0.7608,0,-0.6489,-497.422,0,1,0,0,0.6489,0,0.7608,161.388,0,0,0,1
382.4603,382.46,0.019906,0.014477,392.9956,-497.6845,0,161.6925,1.048576,1.048576,-20.42939,NaN,NaN,NaN,NaN,0,20.1,-13.15226,0,15.19961,0.7562,0,-0.6543,-497.6845,0,1,0,0,0.6543,0,0.7562,161.6925,0,0,0,1
382.4744,382.47,0.01413,0.014408,393.009,-497.8166,0,161.844,1.043131,1.043131,-20.48066,NaN,NaN,NaN,NaN,0,20.1,-13.2065,0,15.1525,0.7539,0,-0.657,-497.8166,0,1,0,0,0.657,0,0.7539,161.844,0,0,0,1
382.4865,382.48,0.0121,0.013946,393.0213,-497.9492,0,161.9951,1.037795,1.037795,-20.54658,NaN,NaN,NaN,NaN,0,20.1,-13.26076,0,15.10504,0.7515,0,-0.6597,-497.9492,0,1,0,0,0.6597,0,0.7515,161.9951,0,0,0,1
382.4982,382.49,0.011659,0.013489,393.0329,-498.0823,0,162.1456,1.034441,1.034441,-20.61616,NaN,NaN,NaN,NaN,0,20.1,-13.31502,0,15.05723,0.7491,0,-0.6624,-498.0823,0,1,0,0,0.6624,0,0.7491,162.1456,0,0,0,1
382.512,382.51,0.013756,0.013542,393.0469,-498.3503,0,162.4453,1.025532,1.025532,-20.7187,NaN,NaN,NaN,NaN,0,20.1,-13.42357,0,14.96054,0.7443,0,-0.6678,-498.3503,0,1,0,0,0.6678,0,0.7443,162.4453,0,0,0,1
382.5251,382.52,0.013141,0.013462,393.0599,-498.485,0,162.5944,1.019976,1.019976,-20.85786,NaN,NaN,NaN,NaN,0,20.1,-13.47794,0,14.91158,0.7419,0,-0.6705,-498.485,0,1,0,0,0.6705,0,0.7419,162.5944,0,0,0,1
382.538,382.53,0.012885,0.013347,393.0725,-498.6204,0,162.7431,1.014231,1.014231,-20.99336,NaN,NaN,NaN,NaN,0,20.1,-13.53249,0,14.86209,0.7394,0,-0.6733,-498.6204,0,1,0,0,0.6733,0,0.7394,162.7431,0,0,0,1
382.5505,382.55,0.012511,0.013179,393.0852,-498.8926,0,163.0388,1.006481,1.006481,-21.14717,NaN,NaN,NaN,NaN,0,20.1,-13.64183,0,14.7618,0.7344,0,-0.6787,-498.8926,0,1,0,0,0.6787,0,0.7344,163.0388,0,0,0,1
382.5705,382.57,0.02001,0.014545,393.1055,-499.1671,0,163.3325,0.995677,0.995677,-21.30464,NaN,NaN,NaN,NaN,0,20.1,-13.75123,0,14.65994,0.7294,0,-0.6841,-499.1671,0,1,0,0,0.6841,0,0.7294,163.3325,0,0,0,1
382.5827,382.58,0.012188,0.014074,393.1172,-499.3052,0,163.4786,0.989487,0.989487,-21.57565,NaN,NaN,NaN,NaN,0,20.1,-13.80633,0,14.60805,0.7268,0,-0.6869,-499.3052,0,1,0,0,0.6869,0,0.7268,163.4786,0,0,0,1
