time,fixedTime,deltaTime,smoothDeltaTime,realtimeSinceStartup,pos_x,pos_y,pos_z,distFromRoadCenter,signedDistFromRoadCenter,wheelAngle,obstacle_pos_x,obstacle_pos_y,obstacle_pos_z,distance_to_obstacle,brake_position,car_speed,car_vel_x,car_vel_y,car_vel_z,simplecar_4x4_R0C0,simplecar_4x4_R0C1,simplecar_4x4_R0C2,simplecar_4x4_R0C3,simplecar_4x4_R1C0,simplecar_4x4_R1C1,simplecar_4x4_R1C2,simplecar_4x4_R1C3,simplecar_4x4_R2C0,simplecar_4x4_R2C1,simplecar_4x4_R2C2,simplecar_4x4_R2C3,simplecar_4x4_R3C0,simplecar_4x4_R3C1,simplecar_4x4_R3C2,simplecar_4x4_R3C3
434.9208,434.92,0.01414,0.017074,445.4608,-342.7064,0,550.6952,2.092782,2.092782,-0.038452,NaN,NaN,NaN,NaN,0,20.1,-3.885801,0,19.72082,0.9811,0,-0.1933,-342.7064,0,1,0,0,0.1933,0,0.9811,550.6952,0,0,0,1
434.9404,434.94,0.019657,0.01759,445.4752,-342.7841,0,551.0896,2.091389,2.091389,-0.038452,NaN,NaN,NaN,NaN,0,20.1,-3.886065,0,19.72076,0.9811,0,-0.1933,-342.7841,0,1,0,0,0.1933,0,0.9811,551.0896,0,0,0,1
434.9539,434.95,0.013426,0.016758,445.4882,-342.8229,0,551.2868,2.090677,2.090677,-0.038452,NaN,NaN,NaN,NaN,0,20.1,-3.886198,0,19.72074,0.9811,0,-0.1933,-342.8229,0,1,0,0,0.1933,0,0.9811,551.2868,0,0,0,1
434.973,434.97,0.019122,0.01723,445.5078,-342.9006,0,551.6812,2.089271,2.089271,-0.038452,NaN,NaN,NaN,NaN,0,20.1,-3.886461,0,19.72069,0.9811,0,-0.1934,-342.9006,0,1,0,0,0.1934,0,0.9811,551.6812,0,0,0,1
434.9865,434.98,0.013558,0.016496,445.521,-342.9395,0,551.8784,2.088528,2.088528,-0.038452,NaN,NaN,NaN,NaN,0,20.1,-3.886594,0,19.72066,0.9811,0,-0.1934,-342.9395,0,1,0,0,0.1934,0,0.9811,551.8784,0,0,0,1
435.0065,435,0.01994,0.017185,445.5412,-343.0173,0,552.2728,2.087062,2.087062,-0.038452,NaN,NaN,NaN,NaN,0,20.1,-3.886859,0,19.72061,0.9811,0,-0.1934,-343.0173,0,1,0,0,0.1934,0,0.9811,552.2728,0,0,0,1
435.0213,435.02,0.014808,0.016709,445.556,-343.095,0,552.6672,2.085608,2.085608,-0.038452,NaN,NaN,NaN,NaN,0,20.1,-3.887122,0,19.72056,0.9811,0,-0.1934,-343.095,0,1,0,0,0.1934,0,0.9811,552.6672,0,0,0,1
435.0348,435.03,0.013476,0.016063,445.5692,-343.1339,0,552.8645,2.084895,2.084895,-0.038452,NaN,NaN,NaN,NaN,0,20.1,-3.887255,0,19.72053,0.9811,0,-0.1934,-343.1339,0,1,0,0,0.1934,0,0.9811,552.8645,0,0,0,1
435.0478,435.04,0.013028,0.015456,445.5821,-343.1728,0,553.0616,2.084141,2.084141,-0.038452,NaN,NaN,NaN,NaN,0,20.1,-3.887387,0,19.7205,0.9811,0,-0.1934,-343.1728,0,1,0,0,0.1934,0,0.9811,553.0616,0,0,0,1
435.0615,435.06,0.013726,0.01511,445.5963,-343.2505,0,553.4561,2.082687,2.082687,-0.038452,NaN,NaN,NaN,NaN,0,20.1,-3.887651,0,19.72045,0.9811,0,-0.1934,-343.2505,0,1,0,0,0.1934,0,0.9811,553.4561,0,0,0,1
435.0753,435.07,0.013778,0.014843,445.6097,-343.2894,0,553.6533,2.081963,2.081963,-0.038452,NaN,NaN,NaN,NaN,0,20.1,-3.887783,0,19.72042,0.9811,0,-0.1934,-343.2894,0,1,0,0,0.1934,0,0.9811,553.6533,0,0,0,1
435.0945,435.09,0.01926,0.015727,445.6294,-343.3672,0,554.0477,2.080508,2.080508,-0.038452,NaN,NaN,NaN,NaN,0,20.1,-3.888047,0,19.72037,0.9811,0,-0.1934,-343.3672,0,1,0,0,0.1934,0,0.9811,554.0477,0,0,0,1
435.1087,435.1,0.014159,0.015413,445.6433,-343.4061,0,554.2449,2.079766,2.079766,-0.038452,NaN,NaN,NaN,NaN,0,20.1,-3.888179,0,19.72035,0.9811,0,-0.1934,-343.4061,0,1,0,0,0.1934,0,0.9811,554.2449,0,0,0,1
435.1288,435.12,0.020059,0.016342,445.6637,-343.4838,0,554.6393,2.0783,2.0783,-0.038452,NaN,NaN,NaN,NaN,0,20.1,-3.888444,0,19.72029,0.9811,0,-0.1935,-343.4838,0,1,0,0,0.1935,0,0.9811,554.6393,0,0,0,1
435.1432,435.14,0.014442,0.015962,445.678,-343.5616,0,555.0337,2.076845,2.076845,-0.038452,NaN,NaN,NaN,NaN,0,20.1,-3.888708,0,19.72024,0.9811,0,-0.1935,-343.5616,0,1,0,0,0.1935,0,0.9811,555.0337,0,0,0,1
435.1582,435.15,0.015037,0.015777,445.6927,-343.6005,0,555.2309,2.076121,2.076121,-0.038452,NaN,NaN,NaN,NaN,0,20.1,-3.88884,0,19.72022,0.9811,0,-0.1935,-343.6005,0,1,0,0,0.1935,0,0.9811,555.2309,0,0,0,1
435.1733,435.17,0.015029,0.015627,445.7082,-343.6782,0,555.6253,2.074667,2.074667,-0.038452,NaN,NaN,NaN,NaN,0,20.1,-3.889105,0,19.72017,0.9811,0,-0.1935,-343.6782,0,1,0,0,0.1935,0,0.9811,555.6253,0,0,0,1
435.188,435.18,0.014782,0.015458,445.7225,-343.7171,0,555.8225,2.073943,2.073943,-0.038452,NaN,NaN,NaN,NaN,0,20.1,-3.889237,0,19.72014,0.9811,0,-0.1935,-343.7171,0,1,0,0,0.1935,0,0.9811,555.8225,0,0,0,1
435.2071,435.2,0.019066,0.01618,445.7422,-343.7949,0,556.2169,2.072458,2.072458,-0.038452,NaN,NaN,NaN,NaN,0,20.1,-3.889501,0,19.72009,0.9811,0,-0.1935,-343.7949,0,1,0,0,0.1935,0,0.9811,556.2169,0,0,0,1
435.2283,435.22,0.021199,0.017184,445.7631,-343.8727,0,556.6113,2.070932,2.070932,-0.038452,NaN,NaN,NaN,NaN,0,20.1,-3.889766,0,19.72003,0.9811,0,-0.1935,-343.8727,0,1,0,0,0.1935,0,0.9811,556.6113,0,0,0,1
435.2425,435.24,0.01417,0.016581,445.7773,-343.9505,0,557.0057,2.069406,2.069406,-0.038452,NaN,NaN,NaN,NaN,0,20.1,-3.890029,0,19.71998,0.9811,0,-0.1935,-343.9505,0,1,0,0,0.1935,0,0.9811,557.0057,0,0,0,1
435.2571,435.25,0.014638,0.016192,445.7916,-343.9894,0,557.2029,2.068634,2.068634,-0.038452,NaN,NaN,NaN,NaN,0,20.1,-3.890162,0,19.71996,0.9811,0,-0.1935,-343.9894,0,1,0,0,0.1935,0,0.9811,557.2029,0,0,0,1
435.2725,435.27,0.01537,0.016028,445.8073,-344.0673,0,557.5974,2.067138,2.067138,-0.038452,NaN,NaN,NaN,NaN,0,20.1,-3.890426,0,19.7199,0.9811,0,-0.1936,-344.0673,0,1,0,0,0.1936,0,0.9811,557.5974,0,0,0,1
435.2877,435.28,0.015226,0.015867,445.8222,-344.1062,0,557.7946,2.066365,2.066365,-0.038452,NaN,NaN,NaN,NaN,0,20.1,-3.890558,0,19.71988,0.9811,0,-0.1936,-344.1062,0,1,0,0,0.1936,0,0.9811,557.7946,0,0,0,1
435.3065,435.3,0.01875,0.016444,445.8416,-344.184,0,558.189,2.064839,2.064839,-0.009155,NaN,NaN,NaN,NaN,0,20.1,-3.890621,0,19.71987,0.9811,0,-0.1936,-344.184,0,1,0,0,0.1936,0,0.9811,558.189,0,0,0,1
435.3212,435.32,0.014756,0.016107,445.8562,-344.2618,0,558.5834,2.063283,2.063283,0.045776,NaN,NaN,NaN,NaN,0,20.1,-3.890305,0,19.71993,0.9811,0,-0.1935,-344.2618,0,1,0,0,0.1935,0,0.9811,558.5834,0,0,0,1
435.3402,435.34,0.018973,0.01668,445.8752,-344.3396,0,558.9778,2.061799,2.061799,0.111694,NaN,NaN,NaN,NaN,0,20.1,-3.889536,0,19.72008,0.9811,0,-0.1935,-344.3396,0,1,0,0,0.1935,0,0.9811,558.9778,0,0,0,1
435.3541,435.35,0.013907,0.016125,445.8888,-344.3785,0,559.175,2.061075,2.061075,0.214233,NaN,NaN,NaN,NaN,0,20.1,-3.888799,0,19.72022,0.9811,0,-0.1935,-344.3785,0,1,0,0,0.1935,0,0.9811,559.175,0,0,0,1
435.3685,435.36,0.014385,0.015777,445.9031,-344.4174,0,559.3722,2.060333,2.060333,0.305786,NaN,NaN,NaN,NaN,0,20.1,-3.887747,0,19.72043,0.9811,0,-0.1934,-344.4174,0,1,0,0,0.1934,0,0.9811,559.3722,0,0,0,1
435.3831,435.38,0.014604,0.015543,445.9183,-344.4951,0,559.7666,2.058938,2.058938,0.426636,NaN,NaN,NaN,NaN,0,20.1,-3.884809,0,19.72101,0.9811,0,-0.1933,-344.4951,0,1,0,0,0.1933,0,0.9811,559.7666,0,0,0,1
435.3979,435.39,0.014797,0.015394,445.9327,-344.5339,0,559.9638,2.058285,2.058285,0.613418,NaN,NaN,NaN,NaN,0,20.1,-3.882699,0,19.72143,0.9812,0,-0.1932,-344.5339,0,1,0,0,0.1932,0,0.9812,559.9638,0,0,0,1
435.4188,435.41,0.020878,0.01649,445.9538,-344.6115,0,560.3582,2.057041,2.057041,0.814834,NaN,NaN,NaN,NaN,0,20.1,-3.877089,0,19.72253,0.9812,0,-0.1929,-344.6115,0,1,0,0,0.1929,0,0.9812,560.3582,0,0,0,1
435.4397,435.43,0.020951,0.017383,445.9751,-344.6889,0,560.7527,2.055915,2.055915,1.177382,NaN,NaN,NaN,NaN,0,20.1,-3.868983,0,19.72412,0.9813,0,-0.1925,-344.6889,0,1,0,0,0.1925,0,0.9813,560.7527,0,0,0,1
435.4576,435.45,0.01788,0.017482,445.9927,-344.7661,0,561.1472,2.055012,2.055012,1.539946,NaN,NaN,NaN,NaN,0,20.1,-3.858379,0,19.7262,0.9814,0,-0.192,-344.7661,0,1,0,0,0.192,0,0.9814,561.1472,0,0,0,1
435.473,435.47,0.015398,0.017065,446.008,-344.8431,0,561.5417,2.05433,2.05433,1.898832,NaN,NaN,NaN,NaN,0,20.1,-3.845304,0,19.72875,0.9815,0,-0.1913,-344.8431,0,1,0,0,0.1913,0,0.9815,561.5417,0,0,0,1
435.4873,435.48,0.01429,0.01651,446.0255,-344.8814,0,561.7391,2.05412,2.05412,2.213774,NaN,NaN,NaN,NaN,0,20.1,-3.837681,0,19.73024,0.9816,0,-0.1909,-344.8814,0,1,0,0,0.1909,0,0.9816,561.7391,0,0,0,1
435.511,435.51,0.023649,0.017938,446.0461,-344.9961,0,562.3311,2.053988,2.053988,2.481122,NaN,NaN,NaN,NaN,0,20.1,-3.812045,0,19.7352,0.9819,0,-0.1897,-344.9961,0,1,0,0,0.1897,0,0.9819,562.3311,0,0,0,1
435.5254,435.52,0.01443,0.017236,446.06,-345.0341,0,562.5284,2.05415,2.05415,2.913251,NaN,NaN,NaN,NaN,0,20.1,-3.802011,0,19.73714,0.9819,0,-0.1892,-345.0341,0,1,0,0,0.1892,0,0.9819,562.5284,0,0,0,1
435.5417,435.54,0.016336,0.017056,446.077,-345.1098,0,562.9232,2.054772,2.054772,3.151288,NaN,NaN,NaN,NaN,0,20.1,-3.780297,0,19.74131,0.9822,0,-0.1881,-345.1098,0,1,0,0,0.1881,0,0.9822,562.9232,0,0,0,1
435.5585,435.55,0.016804,0.017006,446.0931,-345.1475,0,563.1207,2.055233,2.055233,3.396664,NaN,NaN,NaN,NaN,0,20.1,-3.768593,0,19.74355,0.9823,0,-0.1875,-345.1475,0,1,0,0,0.1875,0,0.9823,563.1207,0,0,0,1
435.573,435.57,0.014476,0.0165,446.1078,-345.2225,0,563.5156,2.056568,2.056568,3.620052,NaN,NaN,NaN,NaN,0,20.1,-3.743642,0,19.74829,0.9825,0,-0.1863,-345.2225,0,1,0,0,0.1863,0,0.9825,563.5156,0,0,0,1
435.5879,435.58,0.014918,0.016184,446.1225,-345.2598,0,563.7131,2.057502,2.057502,3.80682,NaN,NaN,NaN,NaN,0,20.1,-3.73052,0,19.75078,0.9826,0,-0.1856,-345.2598,0,1,0,0,0.1856,0,0.9826,563.7131,0,0,0,1
435.6068,435.6,0.018898,0.016726,446.1418,-345.334,0,564.1082,2.05962,2.05962,3.94598,NaN,NaN,NaN,NaN,0,20.1,-3.703312,0,19.7559,0.9829,0,-0.1842,-345.334,0,1,0,0,0.1842,0,0.9829,564.1082,0,0,0,1
435.6207,435.62,0.013868,0.016155,446.1558,-345.4077,0,564.5034,2.06235,2.06235,4.132748,NaN,NaN,NaN,NaN,0,20.1,-3.674808,0,19.76122,0.9831,0,-0.1828,-345.4077,0,1,0,0,0.1828,0,0.9831,564.5034,0,0,0,1
435.6404,435.64,0.019767,0.016877,446.1753,-345.4807,0,564.8988,2.065683,2.065683,4.235301,NaN,NaN,NaN,NaN,0,20.1,-3.64559,0,19.76663,0.9834,0,-0.1814,-345.4807,0,1,0,0,0.1814,0,0.9834,564.8988,0,0,0,1
435.6562,435.65,0.015751,0.016652,446.1909,-345.517,0,565.0964,2.067539,2.067539,4.38911,NaN,NaN,NaN,NaN,0,20.1,-3.630446,0,19.76942,0.9836,0,-0.1806,-345.517,0,1,0,0,0.1806,0,0.9836,565.0964,0,0,0,1
435.67,435.67,0.013841,0.01609,446.205,-345.5892,0,565.4919,2.071806,2.071806,4.491649,NaN,NaN,NaN,NaN,0,20.1,-3.599446,0,19.77509,0.9838,0,-0.1791,-345.5892,0,1,0,0,0.1791,0,0.9838,565.4919,0,0,0,1
435.6837,435.68,0.013637,0.015599,446.2182,-345.625,0,565.6896,2.074164,2.074164,4.579539,NaN,NaN,NaN,NaN,0,20.1,-3.583639,0,19.77796,0.984,0,-0.1783,-345.625,0,1,0,0,0.1783,0,0.984,565.6896,0,0,0,1
435.6968,435.69,0.013162,0.015112,446.2314,-345.6607,0,565.8875,2.076714,2.076714,4.682078,NaN,NaN,NaN,NaN,0,20.1,-3.567476,0,19.78088,0.9841,0,-0.1775,-345.6607,0,1,0,0,0.1775,0,0.9841,565.8875,0,0,0,1
435.717,435.71,0.020183,0.016126,446.252,-345.7315,0,566.2831,2.082274,2.082274,4.751658,NaN,NaN,NaN,NaN,0,20.1,-3.534662,0,19.78677,0.9844,0,-0.1759,-345.7315,0,1,0,0,0.1759,0,0.9844,566.2831,0,0,0,1
435.732,435.73,0.015005,0.015902,446.267,-345.8017,0,566.679,2.088487,2.088487,4.887156,NaN,NaN,NaN,NaN,0,20.1,-3.500901,0,19.79277,0.9847,0,-0.1742,-345.8017,0,1,0,0,0.1742,0,0.9847,566.679,0,0,0,1
435.7513,435.75,0.019307,0.016583,446.2864,-345.8713,0,567.0749,2.095393,2.095393,4.975047,NaN,NaN,NaN,NaN,0,20.1,-3.466523,0,19.79882,0.985,0,-0.1725,-345.8713,0,1,0,0,0.1725,0,0.985,567.0749,0,0,0,1
435.7668,435.76,0.015457,0.016358,446.3015,-345.9057,0,567.2729,2.099158,2.099158,5.081248,NaN,NaN,NaN,NaN,0,20.1,-3.448964,0,19.80189,0.9852,0,-0.1716,-345.9057,0,1,0,0,0.1716,0,0.9852,567.2729,0,0,0,1
435.7804,435.78,0.013593,0.015805,446.3156,-345.9742,0,567.669,2.107178,2.107178,5.161829,NaN,NaN,NaN,NaN,0,20.1,-3.413279,0,19.80807,0.9855,0,-0.1698,-345.9742,0,1,0,0,0.1698,0,0.9855,567.669,0,0,0,1
435.795,435.79,0.014606,0.015565,446.3297,-346.0081,0,567.8671,2.111464,2.111464,5.227747,NaN,NaN,NaN,NaN,0,20.1,-3.395205,0,19.81117,0.9856,0,-0.1689,-346.0081,0,1,0,0,0.1689,0,0.9856,567.8671,0,0,0,1
435.8078,435.8,0.012832,0.015018,446.3423,-346.0419,0,568.0652,2.11591,2.11591,5.300989,NaN,NaN,NaN,NaN,0,20.1,-3.376874,0,19.81431,0.9858,0,-0.168,-346.0419,0,1,0,0,0.168,0,0.9858,568.0652,0,0,0,1
435.829,435.82,0.021177,0.01625,446.3642,-346.1089,0,568.4616,2.125427,2.125427,5.38888,NaN,NaN,NaN,NaN,0,20.1,-3.339596,0,19.82062,0.9861,0,-0.1661,-346.1089,0,1,0,0,0.1661,0,0.9861,568.4616,0,0,0,1
435.8444,435.84,0.015381,0.016076,446.3797,-346.1751,0,568.8581,2.135655,2.135655,5.557337,NaN,NaN,NaN,NaN,0,20.1,-3.30114,0,19.82706,0.9864,0,-0.1642,-346.1751,0,1,0,0,0.1642,0,0.9864,568.8581,0,0,0,1
435.8613,435.86,0.016929,0.016247,446.3963,-346.2405,0,569.2548,2.146787,2.146787,5.656214,NaN,NaN,NaN,NaN,0,20.1,-3.261987,0,19.83354,0.9867,0,-0.1623,-346.2405,0,1,0,0,0.1623,0,0.9867,569.2548,0,0,0,1
435.8743,435.87,0.013001,0.015598,446.4089,-346.2729,0,569.4531,2.152599,2.152599,5.799036,NaN,NaN,NaN,NaN,0,20.1,-3.241911,0,19.83683,0.9869,0,-0.1613,-346.2729,0,1,0,0,0.1613,0,0.9869,569.4531,0,0,0,1
435.8884,435.88,0.014133,0.015305,446.4229,-346.3051,0,569.6516,2.158662,2.158662,5.886927,NaN,NaN,NaN,NaN,0,20.1,-3.221528,0,19.84016,0.9871,0,-0.1603,-346.3051,0,1,0,0,0.1603,0,0.9871,569.6516,0,0,0,1
435.9016,435.9,0.013155,0.014875,446.4366,-346.369,0,570.0485,2.171368,2.171368,6.000452,NaN,NaN,NaN,NaN,0,20.1,-3.179965,0,19.84686,0.9874,0,-0.1582,-346.369,0,1,0,0,0.1582,0,0.9874,570.0485,0,0,0,1
435.9168,435.91,0.015241,0.014948,446.4514,-346.4005,0,570.2469,2.178024,2.178024,6.113992,NaN,NaN,NaN,NaN,0,20.1,-3.158785,0,19.85024,0.9876,0,-0.1572,-346.4005,0,1,0,0,0.1572,0,0.9876,570.2469,0,0,0,1
435.9326,435.93,0.015814,0.015121,446.4679,-346.4631,0,570.644,2.192035,2.192035,6.227517,NaN,NaN,NaN,NaN,0,20.1,-3.115627,0,19.85706,0.9879,0,-0.155,-346.4631,0,1,0,0,0.155,0,0.9879,570.644,0,0,0,1
435.9519,435.95,0.019222,0.015941,446.4871,-346.5247,0,571.0413,2.206932,2.206932,6.363015,NaN,NaN,NaN,NaN,0,20.1,-3.071514,0,19.86393,0.9883,0,-0.1528,-346.5247,0,1,0,0,0.1528,0,0.9883,571.0413,0,0,0,1
435.9736,435.97,0.021768,0.017107,446.5091,-346.5855,0,571.4387,2.22275,2.22275,6.520486,NaN,NaN,NaN,NaN,0,20.1,-3.026294,0,19.87087,0.9886,0,-0.1506,-346.5855,0,1,0,0,0.1506,0,0.9886,571.4387,0,0,0,1
435.9895,435.98,0.015845,0.016854,446.5242,-346.6155,0,571.6375,2.230992,2.230992,6.725564,NaN,NaN,NaN,NaN,0,20.1,-3.002968,0,19.87441,0.9888,0,-0.1494,-346.6155,0,1,0,0,0.1494,0,0.9888,571.6375,0,0,0,1
436.0037,436,0.014196,0.016323,446.5388,-346.6748,0,572.035,2.248235,2.248235,6.8574,NaN,NaN,NaN,NaN,0,20.1,-2.955386,0,19.88154,0.9891,0,-0.147,-346.6748,0,1,0,0,0.147,0,0.9891,572.035,0,0,0,1
436.0193,436.01,0.015672,0.016193,446.5546,-346.7042,0,572.2339,2.257189,2.257189,6.948953,NaN,NaN,NaN,NaN,0,20.1,-2.931271,0,19.88511,0.9893,0,-0.1458,-346.7042,0,1,0,0,0.1458,0,0.9893,572.2339,0,0,0,1
436.0348,436.03,0.015475,0.016049,446.5699,-346.762,0,572.6317,2.275898,2.275898,7.073479,NaN,NaN,NaN,NaN,0,20.1,-2.882164,0,19.89229,0.9897,0,-0.1434,-346.762,0,1,0,0,0.1434,0,0.9897,572.6317,0,0,0,1
436.05,436.04,0.015161,0.015871,446.5847,-346.7906,0,572.8307,2.285636,2.285636,7.172356,NaN,NaN,NaN,NaN,0,20.1,-2.85726,0,19.89588,0.9898,0,-0.1422,-346.7906,0,1,0,0,0.1422,0,0.9898,572.8307,0,0,0,1
436.0642,436.06,0.014238,0.015545,446.5992,-346.847,0,573.2287,2.30583,2.30583,7.252922,NaN,NaN,NaN,NaN,0,20.1,-2.80688,0,19.90305,0.9902,0,-0.1396,-346.847,0,1,0,0,0.1396,0,0.9902,573.2287,0,0,0,1
436.0861,436.08,0.021898,0.016815,446.6212,-346.9023,0,573.6269,2.327089,2.327089,7.344475,NaN,NaN,NaN,NaN,0,20.1,-2.755845,0,19.91018,0.9906,0,-0.1371,-346.9023,0,1,0,0,0.1371,0,0.9906,573.6269,0,0,0,1
436.1011,436.1,0.014956,0.016443,446.6361,-346.9567,0,574.0252,2.349353,2.349353,7.461662,NaN,NaN,NaN,NaN,0,20.1,-2.703977,0,19.91729,0.9909,0,-0.1345,-346.9567,0,1,0,0,0.1345,0,0.9909,574.0252,0,0,0,1
436.1173,436.11,0.016192,0.016393,446.6518,-346.9835,0,574.2244,2.360916,2.360916,7.531242,NaN,NaN,NaN,NaN,0,20.1,-2.677794,0,19.92083,0.9911,0,-0.1332,-346.9835,0,1,0,0,0.1332,0,0.9911,574.2244,0,0,0,1
436.1315,436.13,0.014207,0.015956,446.6664,-347.0362,0,574.6229,2.384755,2.384755,7.604485,NaN,NaN,NaN,NaN,0,20.1,-2.624906,0,19.92787,0.9914,0,-0.1306,-347.0362,0,1,0,0,0.1306,0,0.9914,574.6229,0,0,0,1
436.1507,436.15,0.019216,0.016608,446.6857,-347.0879,0,575.0216,2.409707,2.409707,7.703362,NaN,NaN,NaN,NaN,0,20.1,-2.571311,0,19.93485,0.9918,0,-0.1279,-347.0879,0,1,0,0,0.1279,0,0.9918,575.0216,0,0,0,1
436.1649,436.16,0.014155,0.016117,446.6995,-347.1134,0,575.221,2.422575,2.422575,7.893791,NaN,NaN,NaN,NaN,0,20.1,-2.543844,0,19.93838,0.992,0,-0.1266,-347.1134,0,1,0,0,0.1266,0,0.992,575.221,0,0,0,1
436.1864,436.18,0.021592,0.017212,446.7217,-347.1634,0,575.6199,2.449185,2.449185,8.029304,NaN,NaN,NaN,NaN,0,20.1,-2.487952,0,19.94543,0.9923,0,-0.1238,-347.1634,0,1,0,0,0.1238,0,0.9923,575.6199,0,0,0,1
436.2024,436.2,0.015976,0.016965,446.7376,-347.2123,0,576.0189,2.47695,2.47695,8.278327,NaN,NaN,NaN,NaN,0,20.1,-2.430306,0,19.95253,0.9927,0,-0.1209,-347.2123,0,1,0,0,0.1209,0,0.9927,576.0189,0,0,0,1
436.2177,436.21,0.015325,0.016637,446.7523,-347.2363,0,576.2184,2.491272,2.491272,8.479743,NaN,NaN,NaN,NaN,0,20.1,-2.400773,0,19.95611,0.9928,0,-0.1194,-347.2363,0,1,0,0,0.1194,0,0.9928,576.2184,0,0,0,1
436.2319,436.23,0.014124,0.016134,446.7669,-347.2834,0,576.6177,2.520773,2.520773,8.69947,NaN,NaN,NaN,NaN,0,20.1,-2.340162,0,19.96331,0.9932,0,-0.1164,-347.2834,0,1,0,0,0.1164,0,0.9932,576.6177,0,0,0,1
436.2513,436.25,0.019498,0.016807,446.7864,-347.3293,0,577.017,2.551578,2.551578,8.900886,NaN,NaN,NaN,NaN,0,20.1,-2.278125,0,19.97048,0.9936,0,-0.1133,-347.3293,0,1,0,0,0.1133,0,0.9936,577.017,0,0,0,1
436.267,436.26,0.015625,0.016571,446.8017,-347.3517,0,577.2168,2.567457,2.567457,9.237814,NaN,NaN,NaN,NaN,0,20.1,-2.245923,0,19.97413,0.9937,0,-0.1117,-347.3517,0,1,0,0,0.1117,0,0.9937,577.2168,0,0,0,1
436.2851,436.28,0.018102,0.016877,446.8203,-347.3957,0,577.6164,2.600219,2.600219,9.479513,NaN,NaN,NaN,NaN,0,20.1,-2.179817,0,19.98145,0.9941,0,-0.1084,-347.3957,0,1,0,0,0.1084,0,0.9941,577.6164,0,0,0,1
436.2991,436.29,0.014048,0.016311,446.8337,-347.4171,0,577.8162,2.617092,2.617092,9.820089,NaN,NaN,NaN,NaN,0,20.1,-2.145567,0,19.98516,0.9943,0,-0.1067,-347.4171,0,1,0,0,0.1067,0,0.9943,577.8162,0,0,0,1
436.3131,436.31,0.014007,0.01585,446.8484,-347.459,0,578.2161,2.651913,2.651913,10.01786,NaN,NaN,NaN,NaN,0,20.1,-2.075668,0,19.99254,0.9947,0,-0.1033,-347.459,0,1,0,0,0.1033,0,0.9947,578.2161,0,0,0,1
436.327,436.32,0.013837,0.015448,446.8617,-347.4794,0,578.416,2.66988,2.66988,10.29252,NaN,NaN,NaN,NaN,0,20.1,-2.039751,0,19.99623,0.9948,0,-0.1015,-347.4794,0,1,0,0,0.1015,0,0.9948,578.416,0,0,0,1
436.3409,436.34,0.013865,0.015131,446.8761,-347.519,0,578.816,2.706868,2.706868,10.48661,NaN,NaN,NaN,NaN,0,20.1,-1.96654,0,20.00357,0.9952,0,-0.0978,-347.519,0,1,0,0,0.0978,0,0.9952,578.816,0,0,0,1
436.3549,436.35,0.014112,0.014927,446.8896,-347.5383,0,579.0161,2.725918,2.725918,10.72831,NaN,NaN,NaN,NaN,0,20.1,-1.929081,0,20.00722,0.9954,0,-0.096,-347.5383,0,1,0,0,0.096,0,0.9954,579.0161,0,0,0,1
436.3737,436.37,0.018736,0.015689,446.9088,-347.5758,0,579.4164,2.765145,2.765145,10.88213,NaN,NaN,NaN,NaN,0,20.1,-1.853069,0,20.0144,0.9957,0,-0.0922,-347.5758,0,1,0,0,0.0922,0,0.9957,579.4164,0,0,0,1
436.388,436.38,0.014323,0.015416,446.9225,-347.5939,0,579.6166,2.784332,2.784332,11.10918,NaN,NaN,NaN,NaN,0,20.1,-1.814259,0,20.01795,0.9959,0,-0.0903,-347.5939,0,1,0,0,0.0903,0,0.9959,579.6166,0,0,0,1
436.4062,436.4,0.018154,0.015964,446.9418,-347.629,0,580.017,2.822142,2.822142,11.21172,NaN,NaN,NaN,NaN,0,20.1,-1.735902,0,20.0249,0.9963,0,-0.0864,-347.629,0,1,0,0,0.0864,0,0.9963,580.017,0,0,0,1
436.4209,436.42,0.014695,0.01571,446.9561,-347.6626,0,580.4176,2.861362,2.861362,11.36553,NaN,NaN,NaN,NaN,0,20.1,-1.656444,0,20.03163,0.9966,0,-0.0824,-347.6626,0,1,0,0,0.0824,0,0.9966,580.4176,0,0,0,1
436.4354,436.43,0.01451,0.01547,446.97,-347.6787,0,580.618,2.878962,2.878962,11.51567,NaN,NaN,NaN,NaN,0,20.1,-1.61618,0,20.03492,0.9968,0,-0.0804,-347.6787,0,1,0,0,0.0804,0,0.9968,580.618,0,0,0,1
436.45,436.44,0.014572,0.01529,446.9846,-347.6945,0,580.8184,2.895888,2.895888,11.63652,NaN,NaN,NaN,NaN,0,20.1,-1.575486,0,20.03816,0.9969,0,-0.0784,-347.6945,0,1,0,0,0.0784,0,0.9969,580.8184,0,0,0,1
436.4634,436.46,0.013482,0.014929,446.9985,-347.7248,0,581.2192,2.930778,2.930778,11.77936,NaN,NaN,NaN,NaN,0,20.1,-1.493081,0,20.04447,0.9972,0,-0.0743,-347.7248,0,1,0,0,0.0743,0,0.9972,581.2192,0,0,0,1
436.4839,436.48,0.020465,0.016036,447.0191,-347.7534,0,581.6202,2.963618,2.963618,11.94782,NaN,NaN,NaN,NaN,0,20.1,-1.409471,0,20.05052,0.9975,0,-0.0701,-347.7534,0,1,0,0,0.0701,0,0.9975,581.6202,0,0,0,1
436.4983,436.49,0.014413,0.015711,447.0329,-347.7671,0,581.8208,2.978791,2.978791,12.23712,NaN,NaN,NaN,NaN,0,20.1,-1.366645,0,20.05349,0.9977,0,-0.068,-347.7671,0,1,0,0,0.068,0,0.9977,581.8208,0,0,0,1
436.5176,436.51,0.01931,0.016431,447.053,-347.7931,0,582.222,3.01028,3.01028,12.46051,NaN,NaN,NaN,NaN,0,20.1,-1.279408,0,20.05924,0.998,0,-0.0637,-347.7931,0,1,0,0,0.0637,0,0.998,582.222,0,0,0,1
436.532,436.53,0.014351,0.016015,447.0669,-347.8173,0,582.6232,3.038787,3.038787,12.87435,NaN,NaN,NaN,NaN,0,20.1,-1.18925,0,20.06479,0.9982,0,-0.0592,-347.8173,0,1,0,0,0.0592,0,0.9982,582.6232,0,0,0,1
436.5466,436.54,0.014643,0.015741,447.0811,-347.8288,0,582.8239,3.052319,3.052319,13.20394,NaN,NaN,NaN,NaN,0,20.1,-1.143007,0,20.06747,0.9984,0,-0.0569,-347.8288,0,1,0,0,0.0569,0,0.9984,582.8239,0,0,0,1
436.5606,436.56,0.014031,0.015399,447.096,-347.8502,0,583.2253,3.080745,3.080745,13.56282,NaN,NaN,NaN,NaN,0,20.1,-1.047988,0,20.07266,0.9986,0,-0.0521,-347.8502,0,1,0,0,0.0521,0,0.9986,583.2253,0,0,0,1
436.5744,436.57,0.013718,0.015063,447.109,-347.8602,0,583.426,3.093514,3.093514,13.97299,NaN,NaN,NaN,NaN,0,20.1,-0.999033,0,20.07516,0.9988,0,-0.0497,-347.8602,0,1,0,0,0.0497,0,0.9988,583.426,0,0,0,1
436.5883,436.58,0.013905,0.014831,447.1228,-347.8697,0,583.6269,3.105232,3.105232,14.40512,NaN,NaN,NaN,NaN,0,20.1,-0.948558,0,20.07761,0.9989,0,-0.0472,-347.8697,0,1,0,0,0.0472,0,0.9989,583.6269,0,0,0,1
436.6054,436.6,0.017169,0.015299,447.1404,-347.8871,0,584.0285,3.130038,3.130038,14.8336,NaN,NaN,NaN,NaN,0,20.1,-0.844586,0,20.08225,0.9991,0,-0.042,-347.8871,0,1,0,0,0.042,0,0.9991,584.0285,0,0,0,1
436.6189,436.61,0.013506,0.01494,447.1537,-347.895,0,584.2294,3.14321,3.14321,15.44884,NaN,NaN,NaN,NaN,0,20.1,-0.790434,0,20.08445,0.9992,0,-0.0393,-347.895,0,1,0,0,0.0393,0,0.9992,584.2294,0,0,0,1
436.6395,436.63,0.020571,0.016066,447.1748,-347.9091,0,584.6311,3.164162,3.164162,15.81506,NaN,NaN,NaN,NaN,0,20.1,-0.679547,0,20.08851,0.9994,0,-0.0338,-347.9091,0,1,0,0,0.0338,0,0.9994,584.6311,0,0,0,1
436.6532,436.65,0.013734,0.0156,447.1883,-347.921,0,585.033,3.186869,3.186869,16.4889,NaN,NaN,NaN,NaN,0,20.1,-0.563913,0,20.09209,0.9996,0,-0.0281,-347.921,0,1,0,0,0.0281,0,0.9996,585.033,0,0,0,1
436.6664,436.66,0.01312,0.015104,447.2009,-347.9261,0,585.2339,3.198278,3.198278,16.89174,NaN,NaN,NaN,NaN,0,20.1,-0.504675,0,20.09366,0.9997,0,-0.0251,-347.9261,0,1,0,0,0.0251,0,0.9997,585.2339,0,0,0,1
436.6799,436.67,0.013498,0.014783,447.2145,-347.9305,0,585.4348,3.207377,3.207377,17.18837,NaN,NaN,NaN,NaN,0,20.1,-0.444393,0,20.09509,0.9998,0,-0.0221,-347.9305,0,1,0,0,0.0221,0,0.9998,585.4348,0,0,0,1
436.6937,436.69,0.013797,0.014586,447.2287,-347.9375,0,585.8368,3.227332,3.227332,17.5253,NaN,NaN,NaN,NaN,0,20.1,-0.321455,0,20.09743,0.9999,0,-0.016,-347.9375,0,1,0,0,0.016,0,0.9999,585.8368,0,0,0,1
436.7074,436.7,0.013731,0.014415,447.2421,-347.9401,0,586.0378,3.238125,3.238125,17.82193,NaN,NaN,NaN,NaN,0,20.1,-0.25894,0,20.09833,0.9999,0,-0.0129,-347.9401,0,1,0,0,0.0129,0,0.9999,586.0378,0,0,0,1
436.7285,436.72,0.021165,0.015765,447.2639,-347.9434,0,586.4398,3.255994,3.255994,18.07461,NaN,NaN,NaN,NaN,0,20.1,-0.13213,0,20.09957,1,0,-0.0066,-347.9434,0,1,0,0,0.0066,0,1,586.4398,0,0,0,1
436.7424,436.74,0.013816,0.015375,447.2772,-347.9441,0,586.8417,3.274549,3.274549,18.30168,NaN,NaN,NaN,NaN,0,20.1,-0.003723,0,20.1,1,0,-0.0002,-347.9441,0,1,0,0,0.0002,0,1,586.8417,0,0,0,1
436.7614,436.76,0.018993,0.016099,447.2961,-347.9422,0,587.2437,3.292371,3.292371,18.35661,NaN,NaN,NaN,NaN,0,20.1,0.125071,0,20.09961,1,0,0.0062,-347.9422,0,1,0,0,-0.0062,0,1,587.2437,0,0,0,1
436.7744,436.77,0.01298,0.015475,447.3087,-347.9403,0,587.4447,3.300112,3.300112,18.35661,NaN,NaN,NaN,NaN,0,20.1,0.189466,0,20.09911,1,0,0.0094,-347.9403,0,1,0,0,-0.0094,0,1,587.4447,0,0,0,1
436.7867,436.78,0.01237,0.014854,447.3215,-347.9378,0,587.6457,3.308476,3.308476,18.35661,NaN,NaN,NaN,NaN,0,20.1,0.253859,0,20.0984,0.9999,0,0.0126,-347.9378,0,1,0,0,-0.0126,0,0.9999,587.6457,0,0,0,1
436.7992,436.79,0.012451,0.014373,447.3336,-347.9346,0,587.8467,3.317401,3.317401,18.35661,NaN,NaN,NaN,NaN,0,20.1,0.318249,0,20.09748,0.9999,0,0.0158,-347.9346,0,1,0,0,-0.0158,0,0.9999,587.8467,0,0,0,1
436.8118,436.81,0.012664,0.014031,447.3467,-347.9264,0,588.2486,3.332681,3.332681,18.35661,NaN,NaN,NaN,NaN,0,20.1,0.44702,0,20.09503,0.9998,0,0.0222,-347.9264,0,1,0,0,-0.0222,0,0.9998,588.2486,0,0,0,1
436.8241,436.82,0.012247,0.013674,447.3586,-347.9212,0,588.4495,3.339853,3.339853,18.35661,NaN,NaN,NaN,NaN,0,20.1,0.511399,0,20.09349,0.9997,0,0.0254,-347.9212,0,1,0,0,-0.0254,0,0.9997,588.4495,0,0,0,1
436.8379,436.83,0.013825,0.013704,447.3724,-347.9155,0,588.6505,3.347587,3.347587,18.35661,NaN,NaN,NaN,NaN,0,20.1,0.575772,0,20.09175,0.9996,0,0.0286,-347.9155,0,1,0,0,-0.0286,0,0.9996,588.6505,0,0,0,1
436.8503,436.85,0.012384,0.01344,447.3849,-347.902,0,589.0522,3.362887,3.362887,18.35661,NaN,NaN,NaN,NaN,0,20.1,0.704501,0,20.08765,0.9994,0,0.035,-347.902,0,1,0,0,-0.035,0,0.9994,589.0522,0,0,0,1
436.8631,436.86,0.01282,0.013316,447.3976,-347.8943,0,589.2531,3.36878,3.36878,18.35661,NaN,NaN,NaN,NaN,0,20.1,0.768854,0,20.08529,0.9993,0,0.0383,-347.8943,0,1,0,0,-0.0383,0,0.9993,589.2531,0,0,0,1
436.8838,436.88,0.020682,0.014789,447.4187,-347.877,0,589.6548,3.38234,3.38234,18.35661,NaN,NaN,NaN,NaN,0,20.1,0.897538,0,20.07995,0.999,0,0.0447,-347.877,0,1,0,0,-0.0447,0,0.999,589.6548,0,0,0,1
436.8966,436.89,0.012788,0.014389,447.4309,-347.8674,0,589.8555,3.390037,3.390037,18.35661,NaN,NaN,NaN,NaN,0,20.1,0.961866,0,20.07697,0.9989,0,0.0479,-347.8674,0,1,0,0,-0.0479,0,0.9989,589.8555,0,0,0,1
436.9084,436.9,0.011828,0.013877,447.4428,-347.8571,0,590.0562,3.395135,3.395135,18.35661,NaN,NaN,NaN,NaN,0,20.1,1.026184,0,20.07379,0.9987,0,0.0511,-347.8571,0,1,0,0,-0.0511,0,0.9987,590.0562,0,0,0,1
436.92,436.92,0.011636,0.013429,447.4554,-347.8347,0,590.4576,3.406231,3.406231,18.35661,NaN,NaN,NaN,NaN,0,20.1,1.154788,0,20.0668,0.9983,0,0.0575,-347.8347,0,1,0,0,-0.0575,0,0.9983,590.4576,0,0,0,1
436.934,436.93,0.013923,0.013528,447.4685,-347.8225,0,590.6582,3.412681,3.412681,18.35661,NaN,NaN,NaN,NaN,0,20.1,1.219073,0,20.063,0.9982,0,0.0607,-347.8225,0,1,0,0,-0.0607,0,0.9982,590.6582,0,0,0,1
436.9464,436.94,0.012417,0.013306,447.4807,-347.8097,0,590.8588,3.418915,3.418915,18.35661,NaN,NaN,NaN,NaN,0,20.1,1.283345,0,20.05899,0.998,0,0.0638,-347.8097,0,1,0,0,-0.0638,0,0.998,590.8588,0,0,0,1
436.9589,436.95,0.012485,0.013141,447.4933,-347.7962,0,591.0593,3.422966,3.422966,18.35661,NaN,NaN,NaN,NaN,0,20.1,1.347604,0,20.05478,0.9978,0,0.067,-347.7962,0,1,0,0,-0.067,0,0.9978,591.0593,0,0,0,1
436.971,436.97,0.012142,0.012942,447.5058,-347.7673,0,591.4602,3.432907,3.432907,18.35661,NaN,NaN,NaN,NaN,0,20.1,1.476079,0,20.04573,0.9973,0,0.0734,-347.7673,0,1,0,0,-0.0734,0,0.9973,591.4602,0,0,0,1
436.9836,436.98,0.012566,0.012866,447.518,-347.7519,0,591.6607,3.438703,3.438703,18.35661,NaN,NaN,NaN,NaN,0,20.1,1.540295,0,20.0409,0.9971,0,0.0766,-347.7519,0,1,0,0,-0.0766,0,0.9971,591.6607,0,0,0,1
436.9959,436.99,0.012302,0.012753,447.5303,-347.7358,0,591.8611,3.443065,3.443065,18.35661,NaN,NaN,NaN,NaN,0,20.1,1.604494,0,20.03586,0.9968,0,0.0798,-347.7358,0,1,0,0,-0.0798,0,0.9968,591.8611,0,0,0,1
437.0168,437.01,0.020887,0.01438,447.5515,-347.7018,0,592.2617,3.450512,3.450512,18.35661,NaN,NaN,NaN,NaN,0,20.1,1.732844,0,20.02517,0.9963,0,0.0862,-347.7018,0,1,0,0,-0.0862,0,0.9963,592.2617,0,0,0,1
437.0288,437.02,0.012085,0.013921,447.5634,-347.6838,0,592.4618,3.455122,3.455122,18.35661,NaN,NaN,NaN,NaN,0,20.1,1.796992,0,20.01951,0.996,0,0.0894,-347.6838,0,1,0,0,-0.0894,0,0.996,592.4618,0,0,0,1
437.0409,437.04,0.012011,0.013539,447.5757,-347.646,0,592.8621,3.462734,3.462734,18.35661,NaN,NaN,NaN,NaN,0,20.1,1.925233,0,20.00759,0.9954,0,0.0958,-347.646,0,1,0,0,-0.0958,0,0.9954,592.8621,0,0,0,1
437.063,437.06,0.02217,0.015265,447.5983,-347.6055,0,593.262,3.468928,3.468928,18.35661,NaN,NaN,NaN,NaN,0,20.1,2.053395,0,19.99484,0.9948,0,0.1022,-347.6055,0,1,0,0,-0.1022,0,0.9948,593.262,0,0,0,1
437.0768,437.07,0.013721,0.014956,447.6113,-347.5844,0,593.4619,3.472917,3.472917,18.38957,NaN,NaN,NaN,NaN,0,20.1,2.117559,0,19.98815,0.9944,0,0.1054,-347.5844,0,1,0,0,-0.1054,0,0.9944,593.4619,0,0,0,1
437.0916,437.09,0.014805,0.014926,447.6265,-347.5401,0,593.8615,3.478016,3.478016,18.47746,NaN,NaN,NaN,NaN,0,20.1,2.246435,0,19.97407,0.9937,0,0.1118,-347.5401,0,1,0,0,-0.1118,0,0.9937,593.8615,0,0,0,1
437.1045,437.1,0.012916,0.014524,447.6393,-347.517,0,594.0612,3.480194,3.480194,18.69719,NaN,NaN,NaN,NaN,0,20.1,2.311604,0,19.96663,0.9934,0,0.115,-347.517,0,1,0,0,-0.115,0,0.9934,594.0612,0,0,0,1
437.1186,437.11,0.014105,0.01444,447.6533,-347.4932,0,594.2607,3.482958,3.482958,18.8986,NaN,NaN,NaN,NaN,0,20.1,2.37745,0,19.9589,0.993,0,0.1183,-347.4932,0,1,0,0,-0.1183,0,0.993,594.2607,0,0,0,1
437.1399,437.13,0.021336,0.015819,447.675,-347.4436,0,594.6597,3.488133,3.488133,19.16227,NaN,NaN,NaN,NaN,0,20.1,2.510899,0,19.94255,0.9922,0,0.1249,-347.4436,0,1,0,0,-0.1249,0,0.9922,594.6597,0,0,0,1
437.1551,437.15,0.015193,0.015694,447.6902,-347.3914,0,595.0582,3.490913,3.490913,19.67132,NaN,NaN,NaN,NaN,0,20.1,2.647776,0,19.92484,0.9913,0,0.1317,-347.3914,0,1,0,0,-0.1317,0,0.9913,595.0582,0,0,0,1
437.1739,437.17,0.018772,0.01631,447.7092,-347.3363,0,595.4564,3.496312,3.496312,20.07415,NaN,NaN,NaN,NaN,0,20.1,2.787327,0,19.9058,0.9903,0,0.1387,-347.3363,0,1,0,0,-0.1387,0,0.9903,595.4564,0,0,0,1
437.1885,437.18,0.014642,0.015976,447.7231,-347.3077,0,595.6554,3.496402,3.496402,20.5539,NaN,NaN,NaN,NaN,0,20.1,2.858717,0,19.89567,0.9898,0,0.1422,-347.3077,0,1,0,0,-0.1422,0,0.9898,595.6554,0,0,0,1
437.2019,437.2,0.013406,0.015462,447.7368,-347.2484,0,596.053,3.498662,3.498662,20.92744,NaN,NaN,NaN,NaN,0,20.1,3.003978,0,19.87426,0.9888,0,0.1495,-347.2484,0,1,0,0,-0.1495,0,0.9888,596.053,0,0,0,1
437.2146,437.21,0.01264,0.014898,447.7493,-347.2176,0,596.2516,3.50082,3.50082,21.27169,NaN,NaN,NaN,NaN,0,20.1,3.077743,0,19.86297,0.9882,0,0.1531,-347.2176,0,1,0,0,-0.1531,0,0.9882,596.2516,0,0,0,1
437.2308,437.23,0.016266,0.015171,447.7662,-347.1538,0,596.6484,3.502344,3.502344,21.55001,NaN,NaN,NaN,NaN,0,20.1,3.227071,0,19.83925,0.987,0,0.1606,-347.1538,0,1,0,0,-0.1606,0,0.987,596.6484,0,0,0,1
437.2445,437.24,0.013692,0.014875,447.779,-347.1208,0,596.8467,3.503081,3.503081,21.89791,NaN,NaN,NaN,NaN,0,20.1,3.302871,0,19.82678,0.9864,0,0.1643,-347.1208,0,1,0,0,-0.1643,0,0.9864,596.8467,0,0,0,1
437.2607,437.26,0.016183,0.015137,447.7959,-347.0525,0,597.2428,3.506597,3.506597,22.08469,NaN,NaN,NaN,NaN,0,20.1,3.455617,0,19.80073,0.9851,0,0.1719,-347.0525,0,1,0,0,-0.1719,0,0.9851,597.2428,0,0,0,1
437.2746,437.27,0.013909,0.014892,447.8093,-347.0171,0,597.4407,3.506958,3.506958,22.27146,NaN,NaN,NaN,NaN,0,20.1,3.532558,0,19.78714,0.9844,0,0.1757,-347.0171,0,1,0,0,-0.1757,0,0.9844,597.4407,0,0,0,1
437.2961,437.29,0.02148,0.016209,447.8309,-346.9442,0,597.836,3.507674,3.507674,22.3447,NaN,NaN,NaN,NaN,0,20.1,3.686784,0,19.75899,0.983,0,0.1834,-346.9442,0,1,0,0,-0.1834,0,0.983,597.836,0,0,0,1
437.3089,437.3,0.012785,0.015524,447.8435,-346.9065,0,598.0334,3.509124,3.509124,22.33738,NaN,NaN,NaN,NaN,0,20.1,3.763789,0,19.74446,0.9823,0,0.1873,-346.9065,0,1,0,0,-0.1873,0,0.9823,598.0334,0,0,0,1
437.3209,437.32,0.012036,0.014827,447.8592,-346.8289,0,598.4279,3.5104,3.5104,22.30442,NaN,NaN,NaN,NaN,0,20.1,3.917397,0,19.71456,0.9808,0,0.1949,-346.8289,0,1,0,0,-0.1949,0,0.9808,598.4279,0,0,0,1
437.3424,437.34,0.021526,0.016167,447.8775,-346.7483,0,598.8218,3.511211,3.511211,22.2385,NaN,NaN,NaN,NaN,0,20.1,4.070316,0,19.68356,0.9793,0,0.2025,-346.7483,0,1,0,0,-0.2025,0,0.9793,598.8218,0,0,0,1
437.3562,437.35,0.013755,0.015684,447.8909,-346.7068,0,599.0184,3.512763,3.512763,22.06638,NaN,NaN,NaN,NaN,0,20.1,4.146093,0,19.66774,0.9785,0,0.2063,-346.7068,0,1,0,0,-0.2063,0,0.9785,599.0184,0,0,0,1
437.3701,437.37,0.013955,0.015338,447.9052,-346.6216,0,599.4113,3.512839,3.512839,21.9089,NaN,NaN,NaN,NaN,0,20.1,4.296382,0,19.63546,0.9769,0,0.2138,-346.6216,0,1,0,0,-0.2138,0,0.9769,599.4113,0,0,0,1
437.3836,437.38,0.013439,0.014959,447.9182,-346.5779,0,599.6075,3.512889,3.512889,21.73312,NaN,NaN,NaN,NaN,0,20.1,4.370831,0,19.61902,0.9761,0,0.2175,-346.5779,0,1,0,0,-0.2175,0,0.9761,599.6075,0,0,0,1
437.3965,437.39,0.012949,0.014557,447.931,-346.5335,0,599.8035,3.513629,3.513629,21.52804,NaN,NaN,NaN,NaN,0,20.1,4.444516,0,19.60246,0.9752,0,0.2211,-346.5335,0,1,0,0,-0.2211,0,0.9752,599.8035,0,0,0,1
437.4168,437.41,0.020285,0.015702,447.9518,-346.4424,0,600.1951,3.514436,3.514436,21.34127,NaN,NaN,NaN,NaN,0,20.1,4.59042,0,19.5688,0.9736,0,0.2284,-346.4424,0,1,0,0,-0.2284,0,0.9736,600.1951,0,0,0,1
437.4306,437.43,0.013827,0.015327,447.966,-346.3485,0,600.5859,3.513618,3.513618,20.96406,NaN,NaN,NaN,NaN,0,20.1,4.733497,0,19.53469,0.9719,0,0.2355,-346.3485,0,1,0,0,-0.2355,0,0.9719,600.5859,0,0,0,1
437.4446,437.44,0.013957,0.015053,447.9792,-346.3004,0,600.7811,3.51422,3.51422,20.75898,NaN,NaN,NaN,NaN,0,20.1,4.804242,0,19.51741,0.971,0,0.239,-346.3004,0,1,0,0,-0.239,0,0.971,600.7811,0,0,0,1
437.4594,437.45,0.014854,0.015013,447.9943,-346.2517,0,600.9761,3.515009,3.515009,20.52094,NaN,NaN,NaN,NaN,0,20.1,4.874115,0,19.50008,0.9702,0,0.2425,-346.2517,0,1,0,0,-0.2425,0,0.9702,600.9761,0,0,0,1
437.4742,437.47,0.014776,0.014966,448.0093,-346.1522,0,601.3656,3.512362,3.512362,20.26093,NaN,NaN,NaN,NaN,0,20.1,5.011904,0,19.46512,0.9684,0,0.2493,-346.1522,0,1,0,0,-0.2493,0,0.9684,601.3656,0,0,0,1
437.4876,437.48,0.013391,0.014651,448.0227,-346.1013,0,601.5601,3.51202,3.51202,20.05218,NaN,NaN,NaN,NaN,0,20.1,5.079997,0,19.44746,0.9675,0,0.2527,-346.1013,0,1,0,0,-0.2527,0,0.9675,601.5601,0,0,0,1
437.5065,437.5,0.018861,0.015493,448.0414,-345.9977,0,601.9484,3.511524,3.511524,19.85077,NaN,NaN,NaN,NaN,0,20.1,5.21463,0,19.41179,0.9658,0,0.2594,-345.9977,0,1,0,0,-0.2594,0,0.9658,601.9484,0,0,0,1
437.5194,437.51,0.012957,0.014986,448.0543,-345.9449,0,602.1423,3.509534,3.509534,19.65667,NaN,NaN,NaN,NaN,0,20.1,5.281196,0,19.39379,0.9649,0,0.2627,-345.9449,0,1,0,0,-0.2627,0,0.9649,602.1423,0,0,0,1
437.5403,437.54,0.020908,0.01617,448.0757,-345.7825,0,602.7231,3.507267,3.507267,19.52484,NaN,NaN,NaN,NaN,0,20.1,5.479184,0,19.33878,0.9621,0,0.2726,-345.7825,0,1,0,0,-0.2726,0,0.9621,602.7231,0,0,0,1
437.5532,437.55,0.012848,0.015506,448.0878,-345.7271,0,602.9163,3.504712,3.504712,19.41497,NaN,NaN,NaN,NaN,0,20.1,5.544682,0,19.32011,0.9612,0,0.2759,-345.7271,0,1,0,0,-0.2759,0,0.9612,602.9163,0,0,0,1
437.5651,437.56,0.011942,0.014793,448.0996,-345.671,0,603.1093,3.502289,3.502289,19.38568,NaN,NaN,NaN,NaN,0,20.1,5.610019,0,19.30124,0.9603,0,0.2791,-345.671,0,1,0,0,-0.2791,0,0.9603,603.1093,0,0,0,1
437.578,437.57,0.012882,0.014411,448.1124,-345.6142,0,603.3021,3.500463,3.500463,19.38568,NaN,NaN,NaN,NaN,0,20.1,5.675292,0,19.28214,0.9593,0,0.2824,-345.6142,0,1,0,0,-0.2824,0,0.9593,603.3021,0,0,0,1
437.5899,437.58,0.011928,0.013914,448.1245,-345.5568,0,603.4947,3.49927,3.49927,19.38568,NaN,NaN,NaN,NaN,0,20.1,5.740499,0,19.26283,0.9583,0,0.2856,-345.5568,0,1,0,0,-0.2856,0,0.9583,603.4947,0,0,0,1
437.6034,437.6,0.013482,0.013828,448.1385,-345.44,0,603.8794,3.494425,3.494425,19.40399,NaN,NaN,NaN,NaN,0,20.1,5.870838,0,19.22351,0.9564,0,0.2921,-345.44,0,1,0,0,-0.2921,0,0.9564,603.8794,0,0,0,1
437.6179,437.61,0.01444,0.01395,448.1524,-345.3807,0,604.0714,3.491532,3.491532,19.43695,NaN,NaN,NaN,NaN,0,20.1,5.936018,0,19.20348,0.9554,0,0.2953,-345.3807,0,1,0,0,-0.2953,0,0.9554,604.0714,0,0,0,1
437.6304,437.63,0.012518,0.013664,448.1653,-345.26,0,604.455,3.48761,3.48761,19.50286,NaN,NaN,NaN,NaN,0,20.1,6.066614,0,19.16263,0.9534,0,0.3018,-345.26,0,1,0,0,-0.3018,0,0.9534,604.455,0,0,0,1
437.6503,437.65,0.019866,0.014904,448.1851,-345.1367,0,604.8375,3.480649,3.480649,19.57611,NaN,NaN,NaN,NaN,0,20.1,6.197415,0,19.12072,0.9513,0,0.3083,-345.1367,0,1,0,0,-0.3083,0,0.9513,604.8375,0,0,0,1
437.6633,437.66,0.013085,0.01454,448.1979,-345.074,0,605.0284,3.477389,3.477389,19.85077,NaN,NaN,NaN,NaN,0,20.1,6.263624,0,19.09914,0.9502,0,0.3116,-345.074,0,1,0,0,-0.3116,0,0.9502,605.0284,0,0,0,1
437.6847,437.68,0.021358,0.015904,448.2198,-344.9468,0,605.4099,3.472659,3.472659,20.11077,NaN,NaN,NaN,NaN,0,20.1,6.397544,0,19.0547,0.948,0,0.3183,-344.9468,0,1,0,0,-0.3183,0,0.948,605.4099,0,0,0,1
437.6989,437.69,0.01423,0.015569,448.2336,-344.8821,0,605.6002,3.467991,3.467991,20.53193,NaN,NaN,NaN,NaN,0,20.1,6.465786,0,19.03165,0.9468,0,0.3217,-344.8821,0,1,0,0,-0.3217,0,0.9468,605.6002,0,0,0,1
437.7131,437.71,0.014154,0.015286,448.2485,-344.7508,0,605.98,3.460202,3.460202,20.83955,NaN,NaN,NaN,NaN,0,20.1,6.604057,0,18.98411,0.9445,0,0.3286,-344.7508,0,1,0,0,-0.3286,0,0.9445,605.98,0,0,0,1
437.7269,437.72,0.013817,0.014992,448.2617,-344.684,0,606.1696,3.457318,3.457318,21.22042,NaN,NaN,NaN,NaN,0,20.1,6.674322,0,18.95952,0.9433,0,0.3321,-344.684,0,1,0,0,-0.3321,0,0.9433,606.1696,0,0,0,1
437.7426,437.74,0.015702,0.015134,448.278,-344.5484,0,606.5481,3.449075,3.449075,21.51339,NaN,NaN,NaN,NaN,0,20.1,6.816511,0,18.90886,0.9407,0,0.3391,-344.5484,0,1,0,0,-0.3391,0,0.9407,606.5481,0,0,0,1
437.7572,437.75,0.014582,0.015024,448.292,-344.4795,0,606.7369,3.444744,3.444744,21.86129,NaN,NaN,NaN,NaN,0,20.1,6.888608,0,18.88272,0.9394,0,0.3427,-344.4795,0,1,0,0,-0.3427,0,0.9394,606.7369,0,0,0,1
437.7748,437.77,0.017609,0.015541,448.3101,-344.3396,0,607.1137,3.438233,3.438233,22.18723,NaN,NaN,NaN,NaN,0,20.1,7.034643,0,18.8288,0.9368,0,0.35,-344.3396,0,1,0,0,-0.35,0,0.9368,607.1137,0,0,0,1
437.7978,437.79,0.02301,0.017035,448.3336,-344.1967,0,607.4894,3.428818,3.428818,22.52415,NaN,NaN,NaN,NaN,0,20.1,7.182465,0,18.77291,0.934,0,0.3573,-344.1967,0,1,0,0,-0.3573,0,0.934,607.4894,0,0,0,1
437.8158,437.81,0.017982,0.017224,448.3516,-344.0508,0,607.864,3.421069,3.421069,22.79881,NaN,NaN,NaN,NaN,0,20.1,7.331636,0,18.71516,0.9311,0,0.3648,-344.0508,0,1,0,0,-0.3648,0,0.9311,607.864,0,0,0,1
437.8315,437.83,0.015716,0.016922,448.3673,-343.9019,0,608.2374,3.412767,3.412767,22.94163,NaN,NaN,NaN,NaN,0,20.1,7.481273,0,18.65585,0.9282,0,0.3722,-343.9019,0,1,0,0,-0.3722,0,0.9282,608.2374,0,0,0,1
437.8471,437.84,0.015613,0.016661,448.3819,-343.8264,0,608.4237,3.407916,3.407916,23.01122,NaN,NaN,NaN,NaN,0,20.1,7.556138,0,18.62565,0.9266,0,0.3759,-343.8264,0,1,0,0,-0.3759,0,0.9266,608.4237,0,0,0,1
437.8631,437.86,0.015974,0.016523,448.3981,-343.673,0,608.7953,3.400526,3.400526,23.04052,NaN,NaN,NaN,NaN,0,20.1,7.705692,0,18.56428,0.9236,0,0.3834,-343.673,0,1,0,0,-0.3834,0,0.9236,608.7953,0,0,0,1
437.8848,437.88,0.021721,0.017563,448.4196,-343.5166,0,609.1656,3.391379,3.391379,23.04418,NaN,NaN,NaN,NaN,0,20.1,7.854771,0,18.50169,0.9205,0,0.3908,-343.5166,0,1,0,0,-0.3908,0,0.9205,609.1656,0,0,0,1
437.8996,437.89,0.014825,0.017015,448.4341,-343.4373,0,609.3503,3.386706,3.386706,23.04418,NaN,NaN,NaN,NaN,0,20.1,7.929121,0,18.46995,0.9189,0,0.3945,-343.4373,0,1,0,0,-0.3945,0,0.9189,609.3503,0,0,0,1
437.9136,437.91,0.013946,0.016401,448.4484,-343.2765,0,609.7188,3.379695,3.379695,23.04418,NaN,NaN,NaN,NaN,0,20.1,8.077434,0,18.40557,0.9157,0,0.4019,-343.2765,0,1,0,0,-0.4019,0,0.9157,609.7188,0,0,0,1
437.9267,437.92,0.013095,0.01574,448.4612,-343.195,0,609.9025,3.3749,3.3749,23.04418,NaN,NaN,NaN,NaN,0,20.1,8.151396,0,18.37294,0.9141,0,0.4055,-343.195,0,1,0,0,-0.4055,0,0.9141,609.9025,0,0,0,1
437.9404,437.94,0.013688,0.01533,448.4752,-343.0298,0,610.269,3.365219,3.365219,23.04418,NaN,NaN,NaN,NaN,0,20.1,8.298922,0,18.30677,0.9108,0,0.4129,-343.0298,0,1,0,0,-0.4129,0,0.9108,610.269,0,0,0,1
437.9629,437.96,0.022487,0.016761,448.4986,-342.8616,0,610.6341,3.358546,3.358546,23.04418,NaN,NaN,NaN,NaN,0,20.1,8.44591,0,18.23943,0.9074,0,0.4202,-342.8616,0,1,0,0,-0.4202,0,0.9074,610.6341,0,0,0,1
