time,fixedTime,deltaTime,smoothDeltaTime,realtimeSinceStartup,pos_x,pos_y,pos_z,distFromRoadCenter,signedDistFromRoadCenter,wheelAngle,obstacle_pos_x,obstacle_pos_y,obstacle_pos_z,distance_to_obstacle,brake_position,car_speed,car_vel_x,car_vel_y,car_vel_z,simplecar_4x4_R0C0,simplecar_4x4_R0C1,simplecar_4x4_R0C2,simplecar_4x4_R0C3,simplecar_4x4_R1C0,simplecar_4x4_R1C1,simplecar_4x4_R1C2,simplecar_4x4_R1C3,simplecar_4x4_R2C0,simplecar_4x4_R2C1,simplecar_4x4_R2C2,simplecar_4x4_R2C3,simplecar_4x4_R3C0,simplecar_4x4_R3C1,simplecar_4x4_R3C2,simplecar_4x4_R3C3
1218.75,1218.75,0.012498,0.013234,1229.294,-13.68945,0,803.2971,0.072141,0.072141,0.283814,NaN,NaN,NaN,NaN,0,15.27999,8.622427,0,12.61474,0.8256,0,0.5643,-13.6895,0,1,0,0,-0.5643,0,0.8256,803.2971,0,0,0,1
1218.776,1218.77,0.025329,0.015653,1229.311,-13.5163,0,803.5504,0.07443,0.07443,0.283814,NaN,NaN,NaN,NaN,0,15.35999,8.668826,0,12.67993,0.8255,0,0.5644,-13.5163,0,1,0,0,-0.5644,0,0.8255,803.5504,0,0,0,1
1218.787,1218.78,0.011052,0.014733,1229.321,-13.42938,0,803.6775,0.075556,0.075556,0.283814,NaN,NaN,NaN,NaN,0,15.39999,8.692031,0,12.71252,0.8255,0,0.5644,-13.4294,0,1,0,0,-0.5644,0,0.8255,803.6775,0,0,0,1
1218.799,1218.79,0.012265,0.014239,1229.334,-13.34223,0,803.8049,0.076729,0.076729,0.287476,NaN,NaN,NaN,NaN,0,15.43999,8.715246,0,12.7451,0.8255,0,0.5645,-13.3422,0,1,0,0,-0.5645,0,0.8255,803.8049,0,0,0,1
1218.812,1218.81,0.012516,0.013895,1229.347,-13.16723,0,804.0608,0.079066,0.079066,0.302124,NaN,NaN,NaN,NaN,0,15.51999,8.761756,0,12.81022,0.8254,0,0.5645,-13.1672,0,1,0,0,-0.5645,0,0.8254,804.0608,0,0,0,1
1218.824,1218.82,0.013017,0.013719,1229.359,-13.07937,0,804.1892,0.080263,0.080263,0.316773,NaN,NaN,NaN,NaN,0,15.55999,8.785048,0,12.84275,0.8254,0,0.5646,-13.0794,0,1,0,0,-0.5646,0,0.8254,804.1892,0,0,0,1
1218.836,1218.83,0.011905,0.013356,1229.371,-12.99129,0,804.318,0.081453,0.081453,0.335083,NaN,NaN,NaN,NaN,0,15.59999,8.808384,0,12.87525,0.8253,0,0.5646,-12.9913,0,1,0,0,-0.5646,0,0.8253,804.318,0,0,0,1
1218.849,1218.84,0.012221,0.013129,1229.383,-12.90297,0,804.447,0.082682,0.082682,0.353394,NaN,NaN,NaN,NaN,0,15.63999,8.831765,0,12.90772,0.8253,0,0.5647,-12.903,0,1,0,0,-0.5647,0,0.8253,804.447,0,0,0,1
1218.862,1218.86,0.013018,0.013107,1229.396,-12.72564,0,804.7061,0.085177,0.085177,0.371704,NaN,NaN,NaN,NaN,0,15.71999,8.878625,0,12.97259,0.8252,0,0.5648,-12.7256,0,1,0,0,-0.5648,0,0.8252,804.7061,0,0,0,1
1218.884,1218.88,0.022603,0.015006,1229.419,-12.54736,0,804.9666,0.087694,0.087694,0.404663,NaN,NaN,NaN,NaN,0,15.79999,8.925651,0,13.03734,0.8251,0,0.5649,-12.5474,0,1,0,0,-0.5649,0,0.8251,804.9666,0,0,0,1
1218.896,1218.89,0.012182,0.014441,1229.431,-12.45786,0,805.0973,0.088938,0.088938,0.455933,NaN,NaN,NaN,NaN,0,15.83999,8.949286,0,13.06964,0.8251,0,0.565,-12.4579,0,1,0,0,-0.565,0,0.8251,805.0973,0,0,0,1
1218.917,1218.91,0.020131,0.015579,1229.452,-12.27817,0,805.3596,0.091607,0.091607,0.492568,NaN,NaN,NaN,NaN,0,15.91999,8.996744,0,13.1341,0.825,0,0.5651,-12.2782,0,1,0,0,-0.5651,0,0.825,805.3596,0,0,0,1
1218.931,1218.93,0.01429,0.015321,1229.466,-12.09752,0,805.6232,0.094327,0.094327,0.558486,NaN,NaN,NaN,NaN,0,15.99999,9.044527,0,13.19834,0.8249,0,0.5653,-12.0975,0,1,0,0,-0.5653,0,0.8249,805.6232,0,0,0,1
1218.944,1218.94,0.013107,0.014878,1229.479,-12.00683,0,805.7556,0.095676,0.095676,0.595107,NaN,NaN,NaN,NaN,0,16.03999,9.068513,0,13.23039,0.8248,0,0.5654,-12.0068,0,1,0,0,-0.5654,0,0.8248,805.7556,0,0,0,1
1218.956,1218.95,0.011824,0.014268,1229.49,-11.9159,0,805.8882,0.097079,0.097079,0.646377,NaN,NaN,NaN,NaN,0,16.07999,9.092626,0,13.26236,0.8248,0,0.5655,-11.9159,0,1,0,0,-0.5655,0,0.8248,805.8882,0,0,0,1
1218.969,1218.96,0.013332,0.01408,1229.504,-11.82474,0,806.0211,0.098503,0.098503,0.693984,NaN,NaN,NaN,NaN,0,16.11999,9.116854,0,13.29425,0.8247,0,0.5656,-11.8247,0,1,0,0,-0.5656,0,0.8247,806.0211,0,0,0,1
1218.982,1218.98,0.012812,0.013827,1229.517,-11.64167,0,806.288,0.101404,0.101404,0.730605,NaN,NaN,NaN,NaN,0,16.19999,9.165506,0,13.35789,0.8246,0,0.5658,-11.6417,0,1,0,0,-0.5658,0,0.8246,806.288,0,0,0,1
1218.994,1218.99,0.012058,0.013473,1229.529,-11.54977,0,806.4219,0.102929,0.102929,0.781875,NaN,NaN,NaN,NaN,0,16.23999,9.189965,0,13.38962,0.8245,0,0.5659,-11.5498,0,1,0,0,-0.5659,0,0.8245,806.4219,0,0,0,1
1219.006,1219,0.012204,0.013219,1229.541,-11.45762,0,806.5561,0.104419,0.104419,0.814834,NaN,NaN,NaN,NaN,0,16.27999,9.21451,0,13.42129,0.8244,0,0.566,-11.4576,0,1,0,0,-0.566,0,0.8244,806.5561,0,0,0,1
1219.028,1219.02,0.021642,0.014904,1229.563,-11.27259,0,806.8254,0.107571,0.107571,0.851455,NaN,NaN,NaN,NaN,0,16.35999,9.2638,0,13.48449,0.8242,0,0.5662,-11.2726,0,1,0,0,-0.5662,0,0.8242,806.8254,0,0,0,1
1219.042,1219.04,0.014651,0.014853,1229.577,-11.08657,0,807.0961,0.110807,0.110807,0.906386,NaN,NaN,NaN,NaN,0,16.44,9.313386,0,13.54748,0.8241,0,0.5665,-11.0866,0,1,0,0,-0.5665,0,0.8241,807.0961,0,0,0,1
1219.06,1219.06,0.017937,0.01547,1229.595,-10.89956,0,807.3679,0.114223,0.114223,0.939345,NaN,NaN,NaN,NaN,0,16.52,9.363172,0,13.61034,0.8239,0,0.5668,-10.8996,0,1,0,0,-0.5668,0,0.8239,807.3679,0,0,0,1
1219.074,1219.07,0.013182,0.015012,1229.608,-10.80568,0,807.5044,0.115904,0.115904,0.972304,NaN,NaN,NaN,NaN,0,16.56,9.388159,0,13.6417,0.8238,0,0.5669,-10.8057,0,1,0,0,-0.5669,0,0.8238,807.5044,0,0,0,1
1219.086,1219.08,0.01212,0.014434,1229.62,-10.71155,0,807.6411,0.117703,0.117703,0.994277,NaN,NaN,NaN,NaN,0,16.6,9.413209,0,13.67302,0.8237,0,0.5671,-10.7116,0,1,0,0,-0.5671,0,0.8237,807.6411,0,0,0,1
1219.098,1219.09,0.012591,0.014065,1229.633,-10.61716,0,807.7782,0.119472,0.119472,1.005263,NaN,NaN,NaN,NaN,0,16.64,9.438296,0,13.70431,0.8236,0,0.5672,-10.6172,0,1,0,0,-0.5672,0,0.8236,807.7782,0,0,0,1
1219.109,1219.1,0.011169,0.013486,1229.644,-10.52253,0,807.9155,0.121346,0.121346,1.023574,NaN,NaN,NaN,NaN,0,16.68,9.46344,0,13.73557,0.8235,0,0.5674,-10.5225,0,1,0,0,-0.5674,0,0.8235,807.9155,0,0,0,1
1219.123,1219.12,0.013245,0.013438,1229.658,-10.3325,0,808.1912,0.125082,0.125082,1.038222,NaN,NaN,NaN,NaN,0,16.76,9.513829,0,13.798,0.8233,0,0.5677,-10.3325,0,1,0,0,-0.5677,0,0.8233,808.1912,0,0,0,1
1219.135,1219.13,0.011948,0.01314,1229.669,-10.23711,0,808.3295,0.127024,0.127024,1.041884,NaN,NaN,NaN,NaN,0,16.8,9.539052,0,13.8292,0.8232,0,0.5678,-10.2371,0,1,0,0,-0.5678,0,0.8232,808.3295,0,0,0,1
1219.148,1219.14,0.013495,0.013211,1229.683,-10.14147,0,808.4681,0.128993,0.128993,1.041884,NaN,NaN,NaN,NaN,0,16.84001,9.564284,0,13.86038,0.8231,0,0.568,-10.1415,0,1,0,0,-0.568,0,0.8231,808.4681,0,0,0,1
1219.16,1219.16,0.011872,0.012943,1229.695,-9.949428,0,808.7463,0.132989,0.132989,1.041884,NaN,NaN,NaN,NaN,0,16.92001,9.614786,0,13.92274,0.8229,0,0.5682,-9.9494,0,1,0,0,-0.5682,0,0.8229,808.7463,0,0,0,1
1219.172,1219.17,0.01188,0.01273,1229.706,-9.853026,0,808.8857,0.13513,0.13513,1.052871,NaN,NaN,NaN,NaN,0,16.96001,9.64008,0,13.95388,0.8228,0,0.5684,-9.853,0,1,0,0,-0.5684,0,0.8228,808.8857,0,0,0,1
1219.183,1219.18,0.01111,0.012406,1229.717,-9.756372,0,809.0256,0.137219,0.137219,1.052871,NaN,NaN,NaN,NaN,0,17.00001,9.665386,0,13.98501,0.8226,0,0.5686,-9.7564,0,1,0,0,-0.5686,0,0.8226,809.0256,0,0,0,1
1219.195,1219.19,0.011523,0.01223,1229.729,-9.659466,0,809.1658,0.139392,0.139392,1.052871,NaN,NaN,NaN,NaN,0,17.04001,9.690705,0,14.01614,0.8225,0,0.5687,-9.6595,0,1,0,0,-0.5687,0,0.8225,809.1658,0,0,0,1
1219.206,1219.2,0.011521,0.012088,1229.741,-9.562305,0,809.3062,0.141591,0.141591,1.052871,NaN,NaN,NaN,NaN,0,17.08001,9.716036,0,14.04726,0.8224,0,0.5689,-9.5623,0,1,0,0,-0.5689,0,0.8224,809.3062,0,0,0,1
1219.219,1219.21,0.012417,0.012154,1229.753,-9.464891,0,809.447,0.143796,0.143796,1.052871,NaN,NaN,NaN,NaN,0,17.12001,9.741378,0,14.07837,0.8223,0,0.569,-9.4649,0,1,0,0,-0.569,0,0.8223,809.447,0,0,0,1
1219.238,1219.23,0.019725,0.013668,1229.773,-9.269302,0,809.7296,0.148355,0.148355,1.052871,NaN,NaN,NaN,NaN,0,17.20001,9.792097,0,14.14056,0.8221,0,0.5693,-9.2693,0,1,0,0,-0.5693,0,0.8221,809.7296,0,0,0,1
1219.251,1219.25,0.012415,0.013417,1229.786,-9.072699,0,810.0133,0.153059,0.153059,1.056533,NaN,NaN,NaN,NaN,0,17.28002,9.842882,0,14.2027,0.8219,0,0.5696,-9.0727,0,1,0,0,-0.5696,0,0.8219,810.0133,0,0,0,1
1219.263,1219.26,0.012454,0.013225,1229.798,-8.974015,0,810.1556,0.155469,0.155469,1.060195,NaN,NaN,NaN,NaN,0,17.32002,9.868299,0,14.23375,0.8218,0,0.5698,-8.974,0,1,0,0,-0.5698,0,0.8218,810.1556,0,0,0,1
1219.277,1219.27,0.014225,0.013425,1229.812,-8.875077,0,810.2983,0.157909,0.157909,1.078506,NaN,NaN,NaN,NaN,0,17.36002,9.893776,0,14.26476,0.8217,0,0.5699,-8.8751,0,1,0,0,-0.5699,0,0.8217,810.2983,0,0,0,1
1219.289,1219.28,0.011964,0.013132,1229.824,-8.775884,0,810.4412,0.160468,0.160468,1.107802,NaN,NaN,NaN,NaN,0,17.40002,9.919338,0,14.29571,0.8216,0,0.5701,-8.7759,0,1,0,0,-0.5701,0,0.8216,810.4412,0,0,0,1
1219.302,1219.3,0.012166,0.012939,1229.837,-8.576727,0,810.728,0.165593,0.165593,1.144423,NaN,NaN,NaN,NaN,0,17.48002,9.970681,0,14.35746,0.8214,0,0.5704,-8.5767,0,1,0,0,-0.5704,0,0.8214,810.728,0,0,0,1
1219.314,1219.31,0.012354,0.012822,1229.848,-8.476762,0,810.8719,0.168195,0.168195,1.192031,NaN,NaN,NaN,NaN,0,17.52002,9.996491,0,14.38824,0.8212,0,0.5706,-8.4768,0,1,0,0,-0.5706,0,0.8212,810.8719,0,0,0,1
1219.327,1219.32,0.013098,0.012877,1229.862,-8.376537,0,811.0161,0.17085,0.17085,1.2433,NaN,NaN,NaN,NaN,0,17.56002,10.02244,0,14.41891,0.8211,0,0.5708,-8.3765,0,1,0,0,-0.5708,0,0.8211,811.0161,0,0,0,1
1219.34,1219.34,0.013302,0.012962,1229.875,-8.175304,0,811.3053,0.176325,0.176325,1.312881,NaN,NaN,NaN,NaN,0,17.64002,10.07474,0,14.47999,0.8209,0,0.5711,-8.1753,0,1,0,0,-0.5711,0,0.8209,811.3053,0,0,0,1
1219.361,1219.36,0.021037,0.014577,1229.896,-7.973019,0,811.5958,0.182001,0.182001,1.386123,NaN,NaN,NaN,NaN,0,17.72003,10.12747,0,14.54076,0.8206,0,0.5715,-7.973,0,1,0,0,-0.5715,0,0.8206,811.5958,0,0,0,1
1219.375,1219.37,0.013451,0.014352,1229.909,-7.871477,0,811.7415,0.18489,0.18489,1.521635,NaN,NaN,NaN,NaN,0,17.76003,10.1542,0,14.57089,0.8204,0,0.5717,-7.8715,0,1,0,0,-0.5717,0,0.8204,811.7415,0,0,0,1
1219.396,1219.39,0.020753,0.015632,1229.931,-7.667583,0,812.0338,0.190882,0.190882,1.605864,NaN,NaN,NaN,NaN,0,17.84003,10.20815,0,14.6308,0.8201,0,0.5722,-7.6676,0,1,0,0,-0.5722,0,0.8201,812.0338,0,0,0,1
1219.411,1219.41,0.015217,0.015549,1229.946,-7.462598,0,812.3273,0.197097,0.197097,1.763334,NaN,NaN,NaN,NaN,0,17.92003,10.26297,0,14.6901,0.8198,0,0.5727,-7.4626,0,1,0,0,-0.5727,0,0.8198,812.3273,0,0,0,1
1219.424,1219.42,0.013324,0.015104,1229.959,-7.359692,0,812.4745,0.200282,0.200282,1.862211,NaN,NaN,NaN,NaN,0,17.96003,10.29066,0,14.71955,0.8196,0,0.573,-7.3597,0,1,0,0,-0.573,0,0.8196,812.4745,0,0,0,1
1219.436,1219.43,0.01177,0.014437,1229.971,-7.256505,0,812.6219,0.203568,0.203568,1.953764,NaN,NaN,NaN,NaN,0,18.00003,10.31861,0,14.74881,0.8194,0,0.5733,-7.2565,0,1,0,0,-0.5733,0,0.8194,812.6219,0,0,0,1
1219.448,1219.44,0.012726,0.014095,1229.983,-7.153037,0,812.7697,0.20693,0.20693,2.037992,NaN,NaN,NaN,NaN,0,18.04003,10.3468,0,14.77791,0.8192,0,0.5735,-7.153,0,1,0,0,-0.5735,0,0.8192,812.7697,0,0,0,1
1219.461,1219.46,0.012821,0.01384,1229.996,-6.945249,0,813.0662,0.213824,0.213824,2.118559,NaN,NaN,NaN,NaN,0,18.12004,10.40366,0,14.83575,0.8187,0,0.5742,-6.9452,0,1,0,0,-0.5742,0,0.8187,813.0662,0,0,0,1
1219.475,1219.47,0.013818,0.013836,1230.01,-6.840926,0,813.2148,0.217381,0.217381,2.210112,NaN,NaN,NaN,NaN,0,18.16004,10.43236,0,14.86448,0.8185,0,0.5745,-6.8409,0,1,0,0,-0.5745,0,0.8185,813.2148,0,0,0,1
1219.493,1219.49,0.018231,0.014715,1230.028,-6.631411,0,813.5129,0.224774,0.224774,2.279692,NaN,NaN,NaN,NaN,0,18.24004,10.49019,0,14.92162,0.8181,0,0.5751,-6.6314,0,1,0,0,-0.5751,0,0.8181,813.5129,0,0,0,1
1219.506,1219.5,0.012765,0.014325,1230.041,-6.526217,0,813.6624,0.228603,0.228603,2.385907,NaN,NaN,NaN,NaN,0,18.28004,10.51943,0,14.94997,0.8178,0,0.5755,-6.5262,0,1,0,0,-0.5755,0,0.8178,813.6624,0,0,0,1
1219.518,1219.51,0.011753,0.01381,1230.053,-6.420729,0,813.8123,0.232458,0.232458,2.444501,NaN,NaN,NaN,NaN,0,18.32004,10.54884,0,14.97818,0.8176,0,0.5758,-6.4207,0,1,0,0,-0.5758,0,0.8176,813.8123,0,0,0,1
1219.53,1219.53,0.01238,0.013524,1230.065,-6.208864,0,814.1127,0.24053,0.24053,2.503095,NaN,NaN,NaN,NaN,0,18.40004,10.60804,0,15.03433,0.8171,0,0.5765,-6.2089,0,1,0,0,-0.5765,0,0.8171,814.1127,0,0,0,1
1219.55,1219.55,0.019734,0.014766,1230.085,-5.99581,0,814.4141,0.248986,0.248986,2.550702,NaN,NaN,NaN,NaN,0,18.48004,10.6676,0,15.0902,0.8166,0,0.5772,-5.9958,0,1,0,0,-0.5772,0,0.8166,814.4141,0,0,0,1
1219.562,1219.56,0.012087,0.01423,1230.097,-5.888834,0,814.5653,0.253345,0.253345,2.605634,NaN,NaN,NaN,NaN,0,18.52004,10.69757,0,15.118,0.8163,0,0.5776,-5.8888,0,1,0,0,-0.5776,0,0.8163,814.5653,0,0,0,1
1219.574,1219.57,0.011807,0.013746,1230.108,-5.781557,0,814.7167,0.25784,0.25784,2.653241,NaN,NaN,NaN,NaN,0,18.56005,10.72769,0,15.14569,0.816,0,0.578,-5.7816,0,1,0,0,-0.578,0,0.816,814.7167,0,0,0,1
1219.585,1219.58,0.011211,0.013239,1230.12,-5.673978,0,814.8685,0.262343,0.262343,2.675214,NaN,NaN,NaN,NaN,0,18.60005,10.7579,0,15.17331,0.8158,0,0.5784,-5.674,0,1,0,0,-0.5784,0,0.8158,814.8685,0,0,0,1
1219.599,1219.59,0.014082,0.013407,1230.135,-5.566096,0,815.0205,0.266994,0.266994,2.704511,NaN,NaN,NaN,NaN,0,18.64005,10.78821,0,15.20085,0.8155,0,0.5788,-5.5661,0,1,0,0,-0.5788,0,0.8155,815.0205,0,0,0,1
1219.612,1219.61,0.013138,0.013353,1230.147,-5.34942,0,815.3254,0.276544,0.276544,2.726483,NaN,NaN,NaN,NaN,0,18.72005,10.84904,0,15.25577,0.8149,0,0.5795,-5.3494,0,1,0,0,-0.5795,0,0.8149,815.3254,0,0,0,1
1219.626,1219.62,0.013417,0.013366,1230.16,-5.240623,0,815.4782,0.281515,0.281515,2.763104,NaN,NaN,NaN,NaN,0,18.76005,10.87959,0,15.28313,0.8147,0,0.5799,-5.2406,0,1,0,0,-0.5799,0,0.8147,815.4782,0,0,0,1
1219.638,1219.63,0.012617,0.013216,1230.173,-5.131521,0,815.6313,0.286565,0.286565,2.80705,NaN,NaN,NaN,NaN,0,18.80005,10.91029,0,15.31037,0.8144,0,0.5803,-5.1315,0,1,0,0,-0.5803,0,0.8144,815.6313,0,0,0,1
1219.651,1219.65,0.012688,0.013111,1230.186,-4.91239,0,815.9383,0.297004,0.297004,2.847333,NaN,NaN,NaN,NaN,0,18.88005,10.972,0,15.36462,0.8138,0,0.5811,-4.9124,0,1,0,0,-0.5811,0,0.8138,815.9383,0,0,0,1
1219.671,1219.67,0.019936,0.014476,1230.206,-4.692016,0,816.2463,0.307857,0.307857,2.935224,NaN,NaN,NaN,NaN,0,18.96005,11.03429,0,15.41843,0.8132,0,0.582,-4.692,0,1,0,0,-0.582,0,0.8132,816.2463,0,0,0,1
1219.685,1219.68,0.013613,0.014303,1230.219,-4.581357,0,816.4009,0.313403,0.313403,3.070722,NaN,NaN,NaN,NaN,0,19.00006,11.06585,0,15.44503,0.8129,0,0.5824,-4.5814,0,1,0,0,-0.5824,0,0.8129,816.4009,0,0,0,1
1219.697,1219.69,0.012146,0.013872,1230.232,-4.470379,0,816.5555,0.319121,0.319121,3.202558,NaN,NaN,NaN,NaN,0,19.04006,11.0978,0,15.47135,0.8126,0,0.5829,-4.4704,0,1,0,0,-0.5829,0,0.8126,816.5555,0,0,0,1
1219.716,1219.71,0.018945,0.014887,1230.251,-4.247453,0,816.8658,0.330858,0.330858,3.330746,NaN,NaN,NaN,NaN,0,19.12006,11.16248,0,15.52339,0.8119,0,0.5838,-4.2475,0,1,0,0,-0.5838,0,0.8119,816.8658,0,0,0,1
1219.729,1219.72,0.013802,0.01467,1230.264,-4.135497,0,817.0213,0.336941,0.336941,3.583431,NaN,NaN,NaN,NaN,0,19.16006,11.19556,0,15.54887,0.8115,0,0.5843,-4.1355,0,1,0,0,-0.5843,0,0.8115,817.0213,0,0,0,1
1219.741,1219.74,0.011299,0.013995,1230.276,-3.910579,0,817.3331,0.349503,0.349503,3.73724,NaN,NaN,NaN,NaN,0,19.24006,11.26267,0,15.59911,0.8108,0,0.5854,-3.9106,0,1,0,0,-0.5854,0,0.8108,817.3331,0,0,0,1
1219.754,1219.75,0.013055,0.013807,1230.289,-3.797612,0,817.4893,0.356007,0.356007,3.913021,NaN,NaN,NaN,NaN,0,19.28006,11.29676,0,15.62383,0.8104,0,0.5859,-3.7976,0,1,0,0,-0.5859,0,0.8104,817.4893,0,0,0,1
1219.766,1219.76,0.012102,0.013466,1230.301,-3.684298,0,817.6458,0.362638,0.362638,4.118099,NaN,NaN,NaN,NaN,0,19.32006,11.33145,0,15.6481,0.8099,0,0.5865,-3.6843,0,1,0,0,-0.5865,0,0.8099,817.6458,0,0,0,1
1219.778,1219.77,0.011784,0.01313,1230.312,-3.570631,0,817.8026,0.369433,0.369433,4.304881,NaN,NaN,NaN,NaN,0,19.36006,11.36668,0,15.67197,0.8095,0,0.5871,-3.5706,0,1,0,0,-0.5871,0,0.8095,817.8026,0,0,0,1
1219.788,1219.78,0.010636,0.012631,1230.323,-3.456606,0,817.9596,0.37635,0.37635,4.491649,NaN,NaN,NaN,NaN,0,19.40006,11.40248,0,15.69541,0.809,0,0.5878,-3.4566,0,1,0,0,-0.5878,0,0.809,817.9596,0,0,0,1
1219.8,1219.79,0.011305,0.012366,1230.334,-3.342219,0,818.1167,0.383553,0.383553,4.641795,NaN,NaN,NaN,NaN,0,19.44007,11.43873,0,15.71851,0.8086,0,0.5884,-3.3422,0,1,0,0,-0.5884,0,0.8086,818.1167,0,0,0,1
1219.81,1219.81,0.010342,0.011961,1230.345,-3.112341,0,818.4318,0.398338,0.398338,4.813914,NaN,NaN,NaN,NaN,0,19.52007,11.51231,0,15.76388,0.8076,0,0.5898,-3.1123,0,1,0,0,-0.5898,0,0.8076,818.4318,0,0,0,1
1219.822,1219.82,0.012018,0.011972,1230.357,-2.996845,0,818.5896,0.406086,0.406086,4.953074,NaN,NaN,NaN,NaN,0,19.56007,11.54955,0,15.7862,0.8071,0,0.5905,-2.9968,0,1,0,0,-0.5905,0,0.8071,818.5896,0,0,0,1
1219.834,1219.83,0.011602,0.011898,1230.368,-2.880972,0,818.7477,0.413966,0.413966,5.114207,NaN,NaN,NaN,NaN,0,19.60007,11.58728,0,15.80815,0.8065,0,0.5912,-2.881,0,1,0,0,-0.5912,0,0.8065,818.7477,0,0,0,1
1219.846,1219.84,0.012103,0.011939,1230.38,-2.764718,0,818.906,0.422038,0.422038,5.260706,NaN,NaN,NaN,NaN,0,19.64007,11.62547,0,15.82974,0.806,0,0.5919,-2.7647,0,1,0,0,-0.5919,0,0.806,818.906,0,0,0,1
1219.857,1219.85,0.01107,0.011765,1230.391,-2.648077,0,819.0645,0.430354,0.430354,5.40719,NaN,NaN,NaN,NaN,0,19.68007,11.66411,0,15.85098,0.8054,0,0.5927,-2.6481,0,1,0,0,-0.5927,0,0.8054,819.0645,0,0,0,1
1219.867,1219.86,0.010202,0.011453,1230.402,-2.531045,0,819.2231,0.438864,0.438864,5.542688,NaN,NaN,NaN,NaN,0,19.72007,11.70318,0,15.87189,0.8049,0,0.5935,-2.531,0,1,0,0,-0.5935,0,0.8049,819.2231,0,0,0,1
1219.88,1219.87,0.012651,0.011692,1230.414,-2.413618,0,819.3821,0.447519,0.447519,5.663538,NaN,NaN,NaN,NaN,0,19.76007,11.74263,0,15.89248,0.8043,0,0.5943,-2.4136,0,1,0,0,-0.5943,0,0.8043,819.3821,0,0,0,1
1219.893,1219.89,0.013117,0.011977,1230.428,-2.177566,0,819.7006,0.465597,0.465597,5.831995,NaN,NaN,NaN,NaN,0,19.84007,11.82264,0,15.93279,0.8031,0,0.5959,-2.1776,0,1,0,0,-0.5959,0,0.8031,819.7006,0,0,0,1
1219.906,1219.9,0.013246,0.012231,1230.441,-2.058935,0,819.8601,0.474989,0.474989,5.985804,NaN,NaN,NaN,NaN,0,19.88008,11.86314,0,15.95253,0.8024,0,0.5967,-2.0589,0,1,0,0,-0.5967,0,0.8024,819.8601,0,0,0,1
1219.918,1219.91,0.011929,0.012171,1230.453,-1.939893,0,820.0198,0.484592,0.484592,6.157937,NaN,NaN,NaN,NaN,0,19.92008,11.90419,0,15.97184,0.8018,0,0.5976,-1.9399,0,1,0,0,-0.5976,0,0.8018,820.0198,0,0,0,1
1219.938,1219.93,0.020214,0.013779,1230.473,-1.700564,0,820.3398,0.5045,0.5045,6.297097,NaN,NaN,NaN,NaN,0,20.00008,11.98722,0,16.00968,0.8005,0,0.5994,-1.7006,0,1,0,0,-0.5994,0,0.8005,820.3398,0,0,0,1
1219.95,1219.95,0.01223,0.013469,1230.485,-1.459553,0,820.6606,0.525394,0.525394,6.520486,NaN,NaN,NaN,NaN,0,20.08008,12.07172,0,16.04628,0.7991,0,0.6012,-1.4596,0,1,0,0,-0.6012,0,0.7991,820.6606,0,0,0,1
1219.963,1219.96,0.013049,0.013385,1230.498,-1.338528,0,820.821,0.536222,0.536222,6.688943,NaN,NaN,NaN,NaN,0,20.1,12.10244,0,16.04808,0.7984,0,0.6021,-1.3385,0,1,0,0,-0.6021,0,0.7984,820.821,0,0,0,1
1219.984,1219.98,0.020552,0.014819,1230.519,-1.095906,0,821.1416,0.558548,0.558548,6.831765,NaN,NaN,NaN,NaN,0,20.1,12.14068,0,16.01918,0.797,0,0.604,-1.0959,0,1,0,0,-0.604,0,0.797,821.1416,0,0,0,1
1219.996,1219.99,0.011948,0.014245,1230.531,-0.9743,0,821.3016,0.570111,0.570111,7.102776,NaN,NaN,NaN,NaN,0,20.1,12.16052,0,16.00411,0.7962,0,0.605,-0.9743,0,1,0,0,-0.605,0,0.7962,821.3016,0,0,0,1
1220.008,1220,0.011821,0.01376,1230.542,-0.852493,0,821.4615,0.581868,0.581868,7.252922,NaN,NaN,NaN,NaN,0,20.1,12.18077,0,15.98871,0.7955,0,0.606,-0.8525,0,1,0,0,-0.606,0,0.7955,821.4615,0,0,0,1
1220.02,1220.02,0.012485,0.013505,1230.555,-0.608257,0,821.7808,0.606257,0.606257,7.414055,NaN,NaN,NaN,NaN,0,20.1,12.22211,0,15.95713,0.7939,0,0.6081,-0.6083,0,1,0,0,-0.6081,0,0.7939,821.7808,0,0,0,1
1220.033,1220.03,0.012381,0.01328,1230.567,-0.485825,0,821.9402,0.618832,0.618832,7.571526,NaN,NaN,NaN,NaN,0,20.1,12.24319,0,15.94097,0.7931,0,0.6091,-0.4858,0,1,0,0,-0.6091,0,0.7931,821.9402,0,0,0,1
1220.044,1220.04,0.011828,0.012989,1230.579,-0.363178,0,822.0995,0.631704,0.631704,7.73632,NaN,NaN,NaN,NaN,0,20.1,12.2647,0,15.92442,0.7923,0,0.6102,-0.3632,0,1,0,0,-0.6102,0,0.7923,822.0995,0,0,0,1
1220.057,1220.05,0.012196,0.012831,1230.591,-0.240311,0,822.2585,0.644838,0.644838,7.90844,NaN,NaN,NaN,NaN,0,20.1,12.28667,0,15.90747,0.7914,0,0.6113,-0.2403,0,1,0,0,-0.6113,0,0.7914,822.2585,0,0,0,1
1220.069,1220.06,0.012276,0.01272,1230.604,-0.117221,0,822.4174,0.658272,0.658272,8.065925,NaN,NaN,NaN,NaN,0,20.1,12.30905,0,15.89016,0.7906,0,0.6124,-0.1172,0,1,0,0,-0.6124,0,0.7906,822.4174,0,0,0,1
1220.081,1220.08,0.011657,0.012507,1230.616,0.129644,0,822.7347,0.685935,0.685935,8.223395,NaN,NaN,NaN,NaN,0,20.1,12.35461,0,15.85476,0.7888,0,0.6147,0.1296,0,1,0,0,-0.6147,0,0.7888,822.7347,0,0,0,1
1220.094,1220.09,0.013564,0.012719,1230.629,0.253422,0,822.8931,0.700189,0.700189,8.377204,NaN,NaN,NaN,NaN,0,20.1,12.37778,0,15.83668,0.7879,0,0.6158,0.2534,0,1,0,0,-0.6158,0,0.7879,822.8931,0,0,0,1
1220.107,1220.1,0.012491,0.012673,1230.641,0.377436,0,823.0513,0.714809,0.714809,8.57862,NaN,NaN,NaN,NaN,0,20.1,12.40148,0,15.81813,0.787,0,0.617,0.3774,0,1,0,0,-0.617,0,0.787,823.0513,0,0,0,1
1220.126,1220.12,0.019713,0.014081,1230.661,0.626189,0,823.3671,0.744862,0.744862,8.736091,NaN,NaN,NaN,NaN,0,20.1,12.44966,0,15.78024,0.7851,0,0.6194,0.6262,0,1,0,0,-0.6194,0,0.7851,823.3671,0,0,0,1
1220.137,1220.13,0.011119,0.013489,1230.672,0.750934,0,823.5247,0.760405,0.760405,9.04006,NaN,NaN,NaN,NaN,0,20.1,12.47454,0,15.76058,0.7841,0,0.6206,0.7509,0,1,0,0,-0.6206,0,0.7841,823.5247,0,0,0,1
1220.148,1220.14,0.010396,0.01287,1230.683,0.875934,0,823.6821,0.776185,0.776185,9.237814,NaN,NaN,NaN,NaN,0,20.1,12.49994,0,15.74045,0.7831,0,0.6219,0.8759,0,1,0,0,-0.6219,0,0.7831,823.6821,0,0,0,1
1220.16,1220.15,0.011857,0.012667,1230.694,1.001191,0,823.8394,0.792343,0.792343,9.406271,NaN,NaN,NaN,NaN,0,20.1,12.52576,0,15.7199,0.7821,0,0.6232,1.0012,0,1,0,0,-0.6232,0,0.7821,823.8394,0,0,0,1
1220.171,1220.17,0.011468,0.012427,1230.706,1.252498,0,824.1531,0.825675,0.825675,9.625998,NaN,NaN,NaN,NaN,0,20.1,12.57851,0,15.67773,0.78,0,0.6258,1.2525,0,1,0,0,-0.6258,0,0.78,824.1531,0,0,0,1
1220.182,1220.18,0.010793,0.012101,1230.717,1.378552,0,824.3097,0.842852,0.842852,9.853063,NaN,NaN,NaN,NaN,0,20.1,12.60545,0,15.65607,0.7789,0,0.6271,1.3786,0,1,0,0,-0.6271,0,0.7789,824.3097,0,0,0,1
1220.193,1220.19,0.01135,0.01195,1230.728,1.504881,0,824.4659,0.860439,0.860439,10.02884,NaN,NaN,NaN,NaN,0,20.1,12.63284,0,15.63398,0.7778,0,0.6285,1.5049,0,1,0,0,-0.6285,0,0.7778,824.4659,0,0,0,1
1220.204,1220.2,0.010572,0.011675,1230.739,1.631489,0,824.6222,0.878254,0.878254,10.24491,NaN,NaN,NaN,NaN,0,20.1,12.66077,0,15.61137,0.7767,0,0.6299,1.6315,0,1,0,0,-0.6299,0,0.7767,824.6222,0,0,0,1
1220.215,1220.21,0.011434,0.011627,1230.75,1.758382,0,824.778,0.896568,0.896568,10.50492,NaN,NaN,NaN,NaN,0,20.1,12.68937,0,15.58813,0.7755,0,0.6313,1.7584,0,1,0,0,-0.6313,0,0.7755,824.778,0,0,0,1
1220.226,1220.22,0.010829,0.011467,1230.761,1.885568,0,824.9337,0.915186,0.915186,10.74296,NaN,NaN,NaN,NaN,0,20.1,12.71858,0,15.56431,0.7743,0,0.6328,1.8856,0,1,0,0,-0.6328,0,0.7743,824.9337,0,0,0,1
1220.238,1220.23,0.011884,0.011551,1230.773,2.013052,0,825.0891,0.934205,0.934205,10.99932,NaN,NaN,NaN,NaN,0,20.1,12.74843,0,15.53987,0.7731,0,0.6343,2.0131,0,1,0,0,-0.6343,0,0.7731,825.0891,0,0,0,1
1220.248,1220.24,0.010196,0.01128,1230.783,2.140842,0,825.2442,0.953593,0.953593,11.25566,NaN,NaN,NaN,NaN,0,20.1,12.77894,0,15.51479,0.7719,0,0.6358,2.1408,0,1,0,0,-0.6358,0,0.7719,825.2442,0,0,0,1
1220.259,1220.25,0.010585,0.011141,1230.793,2.268942,0,825.3991,0.973424,0.973424,11.48638,NaN,NaN,NaN,NaN,0,20.1,12.81002,0,15.48914,0.7706,0,0.6373,2.2689,0,1,0,0,-0.6373,0,0.7706,825.3991,0,0,0,1
1220.271,1220.27,0.011843,0.011281,1230.806,2.526093,0,825.7081,1.014264,1.014264,11.73908,NaN,NaN,NaN,NaN,0,20.1,12.87338,0,15.43652,0.768,0,0.6405,2.5261,0,1,0,0,-0.6405,0,0.768,825.7081,0,0,0,1
1220.281,1220.28,0.010838,0.011193,1230.816,2.655151,0,825.8622,1.035322,1.035322,12.03571,NaN,NaN,NaN,NaN,0,20.1,12.90578,0,15.40944,0.7666,0,0.6421,2.6552,0,1,0,0,-0.6421,0,0.7666,825.8622,0,0,0,1
1220.293,1220.29,0.011355,0.011225,1230.827,2.784541,0,826.016,1.056789,1.056789,12.3653,NaN,NaN,NaN,NaN,0,20.1,12.939,0,15.38155,0.7653,0,0.6437,2.7845,0,1,0,0,-0.6437,0,0.7653,826.016,0,0,0,1
1220.305,1220.3,0.012263,0.011433,1230.84,2.914271,0,826.1695,1.078737,1.078737,12.67293,NaN,NaN,NaN,NaN,0,20.1,12.97299,0,15.3529,0.7638,0,0.6454,2.9143,0,1,0,0,-0.6454,0,0.7638,826.1695,0,0,0,1
1220.316,1220.31,0.011182,0.011382,1230.851,3.044351,0,826.3228,1.10108,1.10108,13.06111,NaN,NaN,NaN,NaN,0,20.1,13.00796,0,15.32329,0.7624,0,0.6472,3.0444,0,1,0,0,-0.6472,0,0.7624,826.3228,0,0,0,1
1220.328,1220.32,0.01153,0.011412,1230.862,3.17479,0,826.4757,1.123918,1.123918,13.45662,NaN,NaN,NaN,NaN,0,20.1,13.04391,0,15.29269,0.7608,0,0.649,3.1748,0,1,0,0,-0.649,0,0.7608,826.4757,0,0,0,1
1220.338,1220.33,0.010135,0.011157,1230.873,3.305599,0,826.6283,1.147243,1.147243,13.87412,NaN,NaN,NaN,NaN,0,20.1,13.0809,0,15.26106,0.7593,0,0.6508,3.3056,0,1,0,0,-0.6508,0,0.7593,826.6283,0,0,0,1
1220.349,1220.34,0.010654,0.011056,1230.883,3.436787,0,826.7806,1.171072,1.171072,14.25131,NaN,NaN,NaN,NaN,0,20.1,13.11882,0,15.22848,0.7576,0,0.6527,3.4368,0,1,0,0,-0.6527,0,0.7576,826.7806,0,0,0,1
1220.36,1220.35,0.010952,0.011035,1230.894,3.568363,0,826.9326,1.195204,1.195204,14.60655,NaN,NaN,NaN,NaN,0,20.1,13.1576,0,15.19498,0.756,0,0.6546,3.5684,0,1,0,0,-0.6546,0,0.756,826.9326,0,0,0,1
1220.37,1220.37,0.010956,0.011019,1230.906,3.832711,0,827.2354,1.240957,1.240957,15.05699,NaN,NaN,NaN,NaN,0,20.1,13.23728,0,15.12562,0.7525,0,0.6586,3.8327,0,1,0,0,-0.6586,0,0.7525,827.2354,0,0,0,1
1220.382,1220.38,0.011738,0.011163,1230.917,3.965491,0,827.3863,1.264604,1.264604,15.44884,NaN,NaN,NaN,NaN,0,20.1,13.27802,0,15.08987,0.7507,0,0.6606,3.9655,0,1,0,0,-0.6606,0,0.7507,827.3863,0,0,0,1
1220.393,1220.39,0.01081,0.011093,1230.931,4.098689,0,827.5368,1.288773,1.288773,15.88098,NaN,NaN,NaN,NaN,0,20.1,13.31979,0,15.05301,0.7489,0,0.6627,4.0987,0,1,0,0,-0.6627,0,0.7489,827.5368,0,0,0,1
1220.412,1220.41,0.018859,0.012646,1230.947,4.366374,0,827.8367,1.333637,1.333637,16.39368,NaN,NaN,NaN,NaN,0,20.1,13.40571,0,14.97654,0.7451,0,0.667,4.3664,0,1,0,0,-0.667,0,0.7451,827.8367,0,0,0,1
1220.426,1220.42,0.013866,0.01289,1230.961,4.500874,0,827.9861,1.354953,1.354953,16.97963,NaN,NaN,NaN,NaN,0,20.1,13.45004,0,14.93675,0.7431,0,0.6692,4.5009,0,1,0,0,-0.6692,0,0.7431,827.9861,0,0,0,1
1220.436,1220.43,0.010412,0.012394,1230.971,4.635829,0,828.1351,1.376897,1.376897,17.45938,NaN,NaN,NaN,NaN,0,20.1,13.49549,0,14.89569,0.7411,0,0.6714,4.6358,0,1,0,0,-0.6714,0,0.7411,828.1351,0,0,0,1
1220.448,1220.44,0.011719,0.012259,1230.982,4.771247,0,828.2837,1.399415,1.399415,17.83657,NaN,NaN,NaN,NaN,0,20.1,13.5418,0,14.85361,0.739,0,0.6737,4.7712,0,1,0,0,-0.6737,0,0.739,828.2837,0,0,0,1
1220.461,1220.46,0.012621,0.012332,1230.995,5.043499,0,828.5794,1.440563,1.440563,18.25406,NaN,NaN,NaN,NaN,0,20.1,13.63617,0,14.76702,0.7347,0,0.6784,5.0435,0,1,0,0,-0.6784,0,0.7347,828.5794,0,0,0,1
1220.472,1220.47,0.011022,0.01207,1231.006,5.180341,0,828.7266,1.4605,1.4605,18.66056,NaN,NaN,NaN,NaN,0,20.1,13.68419,0,14.72253,0.7325,0,0.6808,5.1803,0,1,0,0,-0.6808,0,0.7325,828.7266,0,0,0,1
1220.482,1220.48,0.009994,0.011655,1231.016,5.317672,0,828.8734,1.481138,1.481138,19.07438,NaN,NaN,NaN,NaN,0,20.1,13.73313,0,14.67689,0.7302,0,0.6832,5.3177,0,1,0,0,-0.6832,0,0.7302,828.8734,0,0,0,1
1220.493,1220.49,0.011304,0.011584,1231.028,5.455499,0,829.0197,1.502317,1.502317,19.38568,NaN,NaN,NaN,NaN,0,20.1,13.78271,0,14.63035,0.7279,0,0.6857,5.4555,0,1,0,0,-0.6857,0,0.7279,829.0197,0,0,0,1
1220.504,1220.5,0.010716,0.011411,1231.039,5.593828,0,829.1656,1.522097,1.522097,19.69329,NaN,NaN,NaN,NaN,0,20.1,13.83291,0,14.58289,0.7255,0,0.6882,5.5938,0,1,0,0,-0.6882,0,0.7255,829.1656,0,0,0,1
1220.515,1220.51,0.01128,0.011385,1231.049,5.732667,0,829.3109,1.540277,1.540277,20.05584,NaN,NaN,NaN,NaN,0,20.1,13.88387,0,14.53438,0.7231,0,0.6907,5.7327,0,1,0,0,-0.6907,0,0.7231,829.3109,0,0,0,1
1220.527,1220.52,0.012288,0.011565,1231.062,5.872021,0,829.4557,1.559061,1.559061,20.34883,NaN,NaN,NaN,NaN,0,20.1,13.93541,0,14.48497,0.7206,0,0.6933,5.872,0,1,0,0,-0.6933,0,0.7206,829.4557,0,0,0,1
1220.54,1220.53,0.012444,0.011741,1231.075,6.011898,0,829.6,1.578591,1.578591,20.6894,NaN,NaN,NaN,NaN,0,20.1,13.98762,0,14.43456,0.7181,0,0.6959,6.0119,0,1,0,0,-0.6959,0,0.7181,829.6,0,0,0,1
1220.551,1220.55,0.011478,0.011688,1231.086,6.293238,0,829.8872,1.616778,1.616778,21.07026,NaN,NaN,NaN,NaN,0,20.1,14.09341,0,14.33129,0.713,0,0.7012,6.2932,0,1,0,0,-0.7012,0,0.713,829.8872,0,0,0,1
1220.563,1220.56,0.012132,0.011777,1231.098,6.434706,0,830.0299,1.634007,1.634007,21.41451,NaN,NaN,NaN,NaN,0,20.1,14.14687,0,14.27852,0.7104,0,0.7038,6.4347,0,1,0,0,-0.7038,0,0.7104,830.0299,0,0,0,1
1220.575,1220.57,0.011897,0.011801,1231.11,6.576715,0,830.1722,1.651901,1.651901,21.71847,NaN,NaN,NaN,NaN,0,20.1,14.20089,0,14.22479,0.7077,0,0.7065,6.5767,0,1,0,0,-0.7065,0,0.7077,830.1722,0,0,0,1
1220.587,1220.58,0.011915,0.011824,1231.122,6.719268,0,830.314,1.670546,1.670546,21.94552,NaN,NaN,NaN,NaN,0,20.1,14.25527,0,14.17029,0.705,0,0.7092,6.7193,0,1,0,0,-0.7092,0,0.705,830.314,0,0,0,1
1220.599,1220.59,0.012154,0.01189,1231.134,6.862369,0,830.4551,1.689924,1.689924,22.21653,NaN,NaN,NaN,NaN,0,20.1,14.31011,0,14.11491,0.7022,0,0.7119,6.8624,0,1,0,0,-0.7119,0,0.7022,830.4551,0,0,0,1
1220.611,1220.61,0.012205,0.011953,1231.147,7.150227,0,830.7357,1.722836,1.722836,22.47288,NaN,NaN,NaN,NaN,0,20.1,14.42039,0,14.00222,0.6966,0,0.7174,7.1502,0,1,0,0,-0.7174,0,0.6966,830.7357,0,0,0,1
1220.624,1220.62,0.012542,0.012071,1231.159,7.294985,0,830.8752,1.74008,1.74008,22.71824,NaN,NaN,NaN,NaN,0,20.1,14.4758,0,13.94493,0.6938,0,0.7202,7.295,0,1,0,0,-0.7202,0,0.6938,830.8752,0,0,0,1
1220.636,1220.63,0.011782,0.012013,1231.171,7.440299,0,831.014,1.758114,1.758114,22.88303,NaN,NaN,NaN,NaN,0,20.1,14.53138,0,13.88701,0.6909,0,0.723,7.4403,0,1,0,0,-0.723,0,0.6909,831.014,0,0,0,1
1220.646,1220.64,0.010687,0.011748,1231.181,7.586169,0,831.1523,1.776633,1.776633,23.01122,NaN,NaN,NaN,NaN,0,20.1,14.58704,0,13.82854,0.688,0,0.7257,7.5862,0,1,0,0,-0.7257,0,0.688,831.1523,0,0,0,1
1220.656,1220.65,0.009819,0.011362,1231.191,7.732595,0,831.29,1.791745,1.791745,23.07348,NaN,NaN,NaN,NaN,0,20.1,14.64261,0,13.76968,0.6851,0,0.7285,7.7326,0,1,0,0,-0.7285,0,0.6851,831.29,0,0,0,1
1220.666,1220.66,0.009575,0.011005,1231.2,7.879575,0,831.4271,1.807677,1.807677,23.09545,NaN,NaN,NaN,NaN,0,20.1,14.69799,0,13.71055,0.6821,0,0.7312,7.8796,0,1,0,0,-0.7312,0,0.6821,831.4271,0,0,0,1
1220.676,1220.67,0.010156,0.010835,1231.21,8.027106,0,831.5637,1.824324,1.824324,23.09545,NaN,NaN,NaN,NaN,0,20.1,14.75314,0,13.65119,0.6792,0,0.734,8.0271,0,1,0,0,-0.734,0,0.6792,831.5637,0,0,0,1
1220.687,1220.68,0.01056,0.01078,1231.221,8.175187,0,831.6996,1.841791,1.841791,23.09545,NaN,NaN,NaN,NaN,0,20.1,14.80804,0,13.59161,0.6762,0,0.7367,8.1752,0,1,0,0,-0.7367,0,0.6762,831.6996,0,0,0,1
1220.698,1220.69,0.011517,0.010927,1231.233,8.323814,0,831.8349,1.858794,1.858794,23.09545,NaN,NaN,NaN,NaN,0,20.1,14.86271,0,13.53181,0.6732,0,0.7394,8.3238,0,1,0,0,-0.7394,0,0.6732,831.8349,0,0,0,1
1220.71,1220.7,0.01165,0.011072,1231.244,8.472985,0,831.9696,1.873398,1.873398,23.0808,NaN,NaN,NaN,NaN,0,20.1,14.9171,0,13.47183,0.6702,0,0.7421,8.473,0,1,0,0,-0.7421,0,0.6702,831.9696,0,0,0,1
1220.72,1220.72,0.010421,0.010942,1231.256,8.772949,0,832.2372,1.904908,1.904908,23.0808,NaN,NaN,NaN,NaN,0,20.1,15.02515,0,13.35121,0.6642,0,0.7475,8.7729,0,1,0,0,-0.7475,0,0.6642,832.2372,0,0,0,1
1220.733,1220.73,0.012495,0.011252,1231.267,8.923738,0,832.3701,1.921737,1.921737,23.0808,NaN,NaN,NaN,NaN,0,20.1,15.07882,0,13.29057,0.6612,0,0.7502,8.9237,0,1,0,0,-0.7502,0,0.6612,832.3701,0,0,0,1
1220.744,1220.74,0.011238,0.01125,1231.278,9.07506,0,832.5024,1.937195,1.937195,23.0808,NaN,NaN,NaN,NaN,0,20.1,15.13223,0,13.22972,0.6582,0,0.7528,9.0751,0,1,0,0,-0.7528,0,0.6582,832.5024,0,0,0,1
1220.753,1220.75,0.009555,0.010911,1231.288,9.226913,0,832.6342,1.951208,1.951208,23.0808,NaN,NaN,NaN,NaN,0,20.1,15.1854,0,13.16866,0.6552,0,0.7555,9.2269,0,1,0,0,-0.7555,0,0.6552,832.6342,0,0,0,1
1220.764,1220.76,0.010175,0.010764,1231.299,9.379296,0,832.7653,1.96597,1.96597,23.0808,NaN,NaN,NaN,NaN,0,20.1,15.23833,0,13.10738,0.6521,0,0.7581,9.3793,0,1,0,0,-0.7581,0,0.6521,832.7653,0,0,0,1
1220.774,1220.77,0.01067,0.010745,1231.309,9.532207,0,832.8957,1.981546,1.981546,23.0808,NaN,NaN,NaN,NaN,0,20.1,15.29101,0,13.04589,0.649,0,0.7607,9.5322,0,1,0,0,-0.7607,0,0.649,832.8957,0,0,0,1
1220.785,1220.78,0.01115,0.010826,1231.32,9.685641,0,833.0255,1.99787,1.99787,23.0808,NaN,NaN,NaN,NaN,0,20.1,15.34344,0,12.98418,0.646,0,0.7634,9.6856,0,1,0,0,-0.7634,0,0.646,833.0255,0,0,0,1
1220.796,1220.79,0.010872,0.010835,1231.331,9.839598,0,833.1547,2.011791,2.011791,23.0808,NaN,NaN,NaN,NaN,0,20.1,15.39561,0,12.92227,0.6429,0,0.766,9.8396,0,1,0,0,-0.766,0,0.6429,833.1547,0,0,0,1
1220.807,1220.8,0.010351,0.010738,1231.341,9.994073,0,833.2833,2.025249,2.025249,23.0808,NaN,NaN,NaN,NaN,0,20.1,15.44755,0,12.86015,0.6398,0,0.7685,9.9941,0,1,0,0,-0.7685,0,0.6398,833.2833,0,0,0,1
1220.817,1220.81,0.010046,0.0106,1231.351,10.14907,0,833.4113,2.039487,2.039487,23.0808,NaN,NaN,NaN,NaN,0,20.1,15.49923,0,12.79781,0.6367,0,0.7711,10.1491,0,1,0,0,-0.7711,0,0.6367,833.4113,0,0,0,1
1220.827,1220.82,0.010224,0.010525,1231.361,10.30457,0,833.5387,2.05446,2.05446,23.0808,NaN,NaN,NaN,NaN,0,20.1,15.55065,0,12.73527,0.6336,0,0.7737,10.3046,0,1,0,0,-0.7737,0,0.6336,833.5387,0,0,0,1
1220.837,1220.83,0.010374,0.010494,1231.372,10.46059,0,833.6654,2.070228,2.070228,23.0808,NaN,NaN,NaN,NaN,0,20.1,15.60183,0,12.67253,0.6305,0,0.7762,10.4606,0,1,0,0,-0.7762,0,0.6305,833.6654,0,0,0,1
1220.848,1220.84,0.011034,0.010602,1231.383,10.61712,0,833.7915,2.082499,2.082499,23.07714,NaN,NaN,NaN,NaN,0,20.1,15.65274,0,12.60958,0.6273,0,0.7787,10.6171,0,1,0,0,-0.7787,0,0.6273,833.7915,0,0,0,1
1220.859,1220.85,0.010269,0.010536,1231.393,10.77415,0,833.917,2.095357,2.095357,23.07714,NaN,NaN,NaN,NaN,0,20.1,15.70341,0,12.54644,0.6242,0,0.7813,10.7742,0,1,0,0,-0.7813,0,0.6242,833.917,0,0,0,1
1220.871,1220.87,0.012153,0.010859,1231.406,11.08973,0,834.166,2.123451,2.123451,23.06615,NaN,NaN,NaN,NaN,0,20.1,15.80392,0,12.41959,0.6179,0,0.7863,11.0897,0,1,0,0,-0.7863,0,0.6179,834.166,0,0,0,1
1220.881,1220.88,0.010723,0.010832,1231.416,11.24827,0,834.2896,2.137683,2.137683,23.05517,NaN,NaN,NaN,NaN,0,20.1,15.85376,0,12.3559,0.6147,0,0.7887,11.2483,0,1,0,0,-0.7887,0,0.6147,834.2896,0,0,0,1
1220.893,1220.89,0.011153,0.010896,1231.427,11.4073,0,834.4125,2.149248,2.149248,23.04418,NaN,NaN,NaN,NaN,0,20.1,15.90333,0,12.29204,0.6115,0,0.7912,11.4073,0,1,0,0,-0.7912,0,0.6115,834.4125,0,0,0,1
1220.904,1220.9,0.01161,0.011039,1231.439,11.56682,0,834.5347,2.161631,2.161631,23.02221,NaN,NaN,NaN,NaN,0,20.1,15.95259,0,12.22803,0.6084,0,0.7937,11.5668,0,1,0,0,-0.7937,0,0.6084,834.5347,0,0,0,1
1220.914,1220.91,0.009778,0.010787,1231.448,11.72684,0,834.6564,2.174716,2.174716,22.99291,NaN,NaN,NaN,NaN,0,20.1,16.00154,0,12.16392,0.6052,0,0.7961,11.7268,0,1,0,0,-0.7961,0,0.6052,834.6564,0,0,0,1
1220.925,1220.92,0.010849,0.010799,1231.459,11.88734,0,834.7773,2.188576,2.188576,22.97094,NaN,NaN,NaN,NaN,0,20.1,16.05017,0,12.09967,0.602,0,0.7985,11.8873,0,1,0,0,-0.7985,0,0.602,834.7773,0,0,0,1
1220.936,1220.93,0.011388,0.010917,1231.471,12.04833,0,834.8977,2.201067,2.201067,22.92698,NaN,NaN,NaN,NaN,0,20.1,16.09846,0,12.03535,0.5988,0,0.8009,12.0483,0,1,0,0,-0.8009,0,0.5988,834.8977,0,0,0,1
1220.948,1220.94,0.011985,0.01113,1231.483,12.20979,0,835.0173,2.212092,2.212092,22.87571,NaN,NaN,NaN,NaN,0,20.1,16.14639,0,11.97098,0.5956,0,0.8033,12.2098,0,1,0,0,-0.8033,0,0.5956,835.0173,0,0,0,1
1220.959,1220.95,0.011263,0.011157,1231.494,12.37173,0,835.1365,2.223774,2.223774,22.81712,NaN,NaN,NaN,NaN,0,20.1,16.19393,0,11.90658,0.5924,0,0.8057,12.3717,0,1,0,0,-0.8057,0,0.5924,835.1365,0,0,0,1
1220.969,1220.96,0.009748,0.010875,1231.504,12.53414,0,835.2549,2.236326,2.236326,22.76951,NaN,NaN,NaN,NaN,0,20.1,16.24112,0,11.84213,0.5892,0,0.808,12.5341,0,1,0,0,-0.808,0,0.5892,835.2549,0,0,0,1
1220.981,1220.98,0.011698,0.01104,1231.516,12.86036,0,835.4898,2.260209,2.260209,22.71458,NaN,NaN,NaN,NaN,0,20.1,16.3345,0,11.71299,0.5827,0,0.8127,12.8604,0,1,0,0,-0.8127,0,0.5827,835.4898,0,0,0,1
1220.992,1220.99,0.011317,0.011095,1231.527,13.02417,0,835.6063,2.270542,2.270542,22.63401,NaN,NaN,NaN,NaN,0,20.1,16.38065,0,11.64837,0.5795,0,0.815,13.0242,0,1,0,0,-0.815,0,0.5795,835.6063,0,0,0,1
1221.003,1221,0.010695,0.011015,1231.537,13.18843,0,835.7221,2.281735,2.281735,22.56443,NaN,NaN,NaN,NaN,0,20.1,16.42639,0,11.58377,0.5763,0,0.8172,13.1884,0,1,0,0,-0.8172,0,0.5763,835.7221,0,0,0,1
1221.015,1221.01,0.011832,0.011178,1231.549,13.35315,0,835.8373,2.293603,2.293603,22.4802,NaN,NaN,NaN,NaN,0,20.1,16.47172,0,11.51923,0.5731,0,0.8195,13.3532,0,1,0,0,-0.8195,0,0.5731,835.8373,0,0,0,1
1221.026,1221.02,0.011037,0.01115,1231.56,13.51832,0,835.9518,2.305992,2.305992,22.38865,NaN,NaN,NaN,NaN,0,20.1,16.5166,0,11.45477,0.5699,0,0.8217,13.5183,0,1,0,0,-0.8217,0,0.5699,835.9518,0,0,0,1
1221.036,1221.03,0.010157,0.010952,1231.57,13.68393,0,836.0657,2.315002,2.315002,22.30442,NaN,NaN,NaN,NaN,0,20.1,16.56107,0,11.39039,0.5667,0,0.8239,13.6839,0,1,0,0,-0.8239,0,0.5667,836.0657,0,0,0,1
1221.048,1221.04,0.011671,0.011095,1231.582,13.84998,0,836.179,2.324627,2.324627,22.24949,NaN,NaN,NaN,NaN,0,20.1,16.60518,0,11.326,0.5635,0,0.8261,13.85,0,1,0,0,-0.8261,0,0.5635,836.179,0,0,0,1
1221.059,1221.05,0.011544,0.011185,1231.594,14.01647,0,836.2916,2.335077,2.335077,22.19822,NaN,NaN,NaN,NaN,0,20.1,16.64893,0,11.26158,0.5603,0,0.8283,14.0165,0,1,0,0,-0.8283,0,0.5603,836.2916,0,0,0,1
1221.07,1221.06,0.010562,0.01106,1231.604,14.18339,0,836.4036,2.34619,2.34619,22.15061,NaN,NaN,NaN,NaN,0,20.1,16.69234,0,11.19713,0.5571,0,0.8305,14.1834,0,1,0,0,-0.8305,0,0.5571,836.4036,0,0,0,1
1221.081,1221.08,0.011743,0.011197,1231.616,14.51853,0,836.6256,2.364892,2.364892,22.11765,NaN,NaN,NaN,NaN,0,20.1,16.77829,0,11.06792,0.5506,0,0.8347,14.5185,0,1,0,0,-0.8347,0,0.5506,836.6256,0,0,0,1
1221.092,1221.09,0.010267,0.011011,1231.626,14.68674,0,836.7357,2.373858,2.373858,22.11399,NaN,NaN,NaN,NaN,0,20.1,16.82089,0,11.00308,0.5474,0,0.8369,14.6867,0,1,0,0,-0.8369,0,0.5474,836.7357,0,0,0,1
1221.103,1221.1,0.011112,0.011031,1231.637,14.85537,0,836.8451,2.383472,2.383472,22.11399,NaN,NaN,NaN,NaN,0,20.1,16.86323,0,10.93808,0.5442,0,0.839,14.8554,0,1,0,0,-0.839,0,0.5442,836.8451,0,0,0,1
1221.114,1221.11,0.0112,0.011065,1231.649,15.02442,0,836.9537,2.393984,2.393984,22.11399,NaN,NaN,NaN,NaN,0,20.1,16.90532,0,10.87291,0.5409,0,0.8411,15.0244,0,1,0,0,-0.8411,0,0.5409,836.9537,0,0,0,1
1221.125,1221.12,0.011477,0.011147,1231.66,15.1939,0,837.0618,2.402384,2.402384,22.11399,NaN,NaN,NaN,NaN,0,20.1,16.94716,0,10.80758,0.5377,0,0.8431,15.1939,0,1,0,0,-0.8431,0,0.5377,837.0618,0,0,0,1
1221.137,1221.13,0.011029,0.011124,1231.671,15.36378,0,837.1693,2.409911,2.409911,22.11399,NaN,NaN,NaN,NaN,0,20.1,16.98875,0,10.74209,0.5344,0,0.8452,15.3638,0,1,0,0,-0.8452,0,0.5344,837.1693,0,0,0,1
1221.147,1221.14,0.010462,0.010991,1231.681,15.53408,0,837.276,2.418138,2.418138,22.11399,NaN,NaN,NaN,NaN,0,20.1,17.03008,0,10.67644,0.5312,0,0.8473,15.5341,0,1,0,0,-0.8473,0,0.5312,837.276,0,0,0,1
1221.159,1221.15,0.012216,0.011236,1231.694,15.7048,0,837.3821,2.427119,2.427119,22.11399,NaN,NaN,NaN,NaN,0,20.1,17.07116,0,10.61063,0.5279,0,0.8493,15.7048,0,1,0,0,-0.8493,0,0.5279,837.3821,0,0,0,1
1221.17,1221.16,0.010656,0.01112,1231.704,15.87592,0,837.4875,2.436738,2.436738,22.11399,NaN,NaN,NaN,NaN,0,20.1,17.11199,0,10.54467,0.5246,0,0.8513,15.8759,0,1,0,0,-0.8513,0,0.5246,837.4875,0,0,0,1
1221.182,1221.18,0.011901,0.011276,1231.717,16.21937,0,837.6965,2.449965,2.449965,22.11399,NaN,NaN,NaN,NaN,0,20.1,17.19287,0,10.41226,0.518,0,0.8554,16.2194,0,1,0,0,-0.8554,0,0.518,837.6965,0,0,0,1
