time,fixedTime,deltaTime,smoothDeltaTime,realtimeSinceStartup,pos_x,pos_y,pos_z,distFromRoadCenter,signedDistFromRoadCenter,wheelAngle,obstacle_pos_x,obstacle_pos_y,obstacle_pos_z,distance_to_obstacle,brake_position,car_speed,car_vel_x,car_vel_y,car_vel_z,simplecar_4x4_R0C0,simplecar_4x4_R0C1,simplecar_4x4_R0C2,simplecar_4x4_R0C3,simplecar_4x4_R1C0,simplecar_4x4_R1C1,simplecar_4x4_R1C2,simplecar_4x4_R1C3,simplecar_4x4_R2C0,simplecar_4x4_R2C1,simplecar_4x4_R2C2,simplecar_4x4_R2C3,simplecar_4x4_R3C0,simplecar_4x4_R3C1,simplecar_4x4_R3C2,simplecar_4x4_R3C3
812.3679,812.36,0.015383,0.016305,822.9113,693.408,0,228.0068,1.399597,1.399597,-0.122681,NaN,NaN,NaN,NaN,0,20.1,15.72734,0,-12.51643,-0.6227,0,0.7825,693.408,0,1,0,0,-0.7825,0,-0.6227,228.0068,0,0,0,1
812.3958,812.39,0.027882,0.018621,822.9309,693.8798,0,227.6313,1.402105,1.402105,-0.122681,NaN,NaN,NaN,NaN,0,20.1,15.72814,0,-12.51542,-0.6227,0,0.7825,693.8798,0,1,0,0,-0.7825,0,-0.6227,227.6313,0,0,0,1
812.412,812.41,0.016209,0.018138,822.9468,694.1944,0,227.381,1.403778,1.403778,-0.122681,NaN,NaN,NaN,NaN,0,20.1,15.72868,0,-12.51474,-0.6226,0,0.7825,694.1944,0,1,0,0,-0.7825,0,-0.6226,227.381,0,0,0,1
812.4261,812.42,0.014173,0.017345,822.9606,694.3517,0,227.2559,1.404571,1.404571,-0.122681,NaN,NaN,NaN,NaN,0,20.1,15.72895,0,-12.51441,-0.6226,0,0.7825,694.3517,0,1,0,0,-0.7825,0,-0.6226,227.2559,0,0,0,1
812.4465,812.44,0.02039,0.017954,822.9813,694.6663,0,227.0056,1.40622,1.40622,-0.122681,NaN,NaN,NaN,NaN,0,20.1,15.72948,0,-12.51373,-0.6226,0,0.7826,694.6663,0,1,0,0,-0.7826,0,-0.6226,227.0056,0,0,0,1
812.4611,812.46,0.014514,0.017266,822.9962,694.9808,0,226.7553,1.407893,1.407893,-0.122681,NaN,NaN,NaN,NaN,0,20.1,15.73002,0,-12.51306,-0.6225,0,0.7826,694.9808,0,1,0,0,-0.7826,0,-0.6225,226.7553,0,0,0,1
812.4767,812.47,0.015714,0.016956,823.0112,695.1381,0,226.6302,1.408625,1.408625,-0.122681,NaN,NaN,NaN,NaN,0,20.1,15.73029,0,-12.51272,-0.6225,0,0.7826,695.1381,0,1,0,0,-0.7826,0,-0.6225,226.6302,0,0,0,1
812.4932,812.49,0.016386,0.016842,823.0281,695.4527,0,226.3799,1.410262,1.410262,-0.111694,NaN,NaN,NaN,NaN,0,20.1,15.73078,0,-12.51211,-0.6225,0,0.7826,695.4527,0,1,0,0,-0.7826,0,-0.6225,226.3799,0,0,0,1
812.5092,812.5,0.016062,0.016686,823.0438,695.61,0,226.2548,1.411055,1.411055,-0.038452,NaN,NaN,NaN,NaN,0,20.1,15.73086,0,-12.512,-0.6225,0,0.7826,695.61,0,1,0,0,-0.7826,0,-0.6225,226.2548,0,0,0,1
812.5249,812.52,0.015686,0.016486,823.0599,695.9246,0,226.0046,1.412655,1.412655,0.045776,NaN,NaN,NaN,NaN,0,20.1,15.73066,0,-12.51225,-0.6225,0,0.7826,695.9246,0,1,0,0,-0.7826,0,-0.6225,226.0046,0,0,0,1
812.546,812.54,0.021126,0.017414,823.0816,696.2391,0,225.7543,1.414304,1.414304,0.166626,NaN,NaN,NaN,NaN,0,20.1,15.72993,0,-12.51317,-0.6225,0,0.7826,696.2391,0,1,0,0,-0.7826,0,-0.6225,225.7543,0,0,0,1
812.5648,812.56,0.018803,0.017692,823.1001,696.5537,0,225.504,1.415927,1.415927,0.324097,NaN,NaN,NaN,NaN,0,20.1,15.72852,0,-12.51495,-0.6226,0,0.7825,696.5537,0,1,0,0,-0.7825,0,-0.6226,225.504,0,0,0,1
812.5822,812.58,0.017389,0.017631,823.1172,696.8683,0,225.2537,1.4176,1.4176,0.474258,NaN,NaN,NaN,NaN,0,20.1,15.72644,0,-12.51755,-0.6228,0,0.7824,696.8683,0,1,0,0,-0.7824,0,-0.6228,225.2537,0,0,0,1
812.5979,812.59,0.015694,0.017244,823.1324,697.0255,0,225.1285,1.418503,1.418503,0.642715,NaN,NaN,NaN,NaN,0,20.1,15.72504,0,-12.51932,-0.6229,0,0.7823,697.0255,0,1,0,0,-0.7823,0,-0.6229,225.1285,0,0,0,1
812.613,812.61,0.015097,0.016814,823.1483,697.34,0,224.878,1.420371,1.420371,0.763564,NaN,NaN,NaN,NaN,0,20.1,15.7217,0,-12.52351,-0.6231,0,0.7822,697.34,0,1,0,0,-0.7822,0,-0.6231,224.878,0,0,0,1
812.6342,812.63,0.021141,0.01768,823.1692,697.6544,0,224.6275,1.422325,1.422325,0.891738,NaN,NaN,NaN,NaN,0,20.1,15.7178,0,-12.5284,-0.6233,0,0.782,697.6544,0,1,0,0,-0.782,0,-0.6233,224.6275,0,0,0,1
812.6492,812.64,0.015089,0.017162,823.1838,697.8115,0,224.5022,1.423376,1.423376,1.078506,NaN,NaN,NaN,NaN,0,20.1,15.71544,0,-12.53135,-0.6235,0,0.7819,697.8115,0,1,0,0,-0.7819,0,-0.6235,224.5022,0,0,0,1
812.6628,812.66,0.013612,0.016452,823.1978,698.1257,0,224.2514,1.425611,1.425611,1.195693,NaN,NaN,NaN,NaN,0,20.1,15.71021,0,-12.53791,-0.6238,0,0.7816,698.1257,0,1,0,0,-0.7816,0,-0.6238,224.2514,0,0,0,1
812.6788,812.67,0.016015,0.016364,823.2134,698.2828,0,224.126,1.426796,1.426796,1.312881,NaN,NaN,NaN,NaN,0,20.1,15.70734,0,-12.54151,-0.624,0,0.7815,698.2828,0,1,0,0,-0.7815,0,-0.624,224.126,0,0,0,1
812.694,812.69,0.01509,0.016109,823.229,698.5968,0,223.8751,1.429286,1.429286,1.433744,NaN,NaN,NaN,NaN,0,20.1,15.70106,0,-12.54937,-0.6243,0,0.7811,698.5968,0,1,0,0,-0.7811,0,-0.6243,223.8751,0,0,0,1
812.7136,812.71,0.019599,0.016807,823.2488,698.9107,0,223.624,1.431984,1.431984,1.532621,NaN,NaN,NaN,NaN,0,20.1,15.69435,0,-12.55777,-0.6248,0,0.7808,698.9107,0,1,0,0,-0.7808,0,-0.6248,223.624,0,0,0,1
812.7354,812.73,0.021862,0.017818,823.2705,699.2245,0,223.3727,1.434915,1.434915,1.660795,NaN,NaN,NaN,NaN,0,20.1,15.68706,0,-12.56687,-0.6252,0,0.7805,699.2245,0,1,0,0,-0.7805,0,-0.6252,223.3727,0,0,0,1
812.7505,812.75,0.015123,0.017279,823.2855,699.5381,0,223.1212,1.438065,1.438065,1.814604,NaN,NaN,NaN,NaN,0,20.1,15.6791,0,-12.5768,-0.6257,0,0.7801,699.5381,0,1,0,0,-0.7801,0,-0.6257,223.1212,0,0,0,1
812.7647,812.76,0.014208,0.016665,823.2993,699.6949,0,222.9954,1.43975,1.43975,1.931791,NaN,NaN,NaN,NaN,0,20.1,15.67486,0,-12.58208,-0.626,0,0.7798,699.6949,0,1,0,0,-0.7798,0,-0.626,222.9954,0,0,0,1
812.7788,812.77,0.014102,0.016152,823.3135,699.8516,0,222.8695,1.441521,1.441521,2.005033,NaN,NaN,NaN,NaN,0,20.1,15.67045,0,-12.58757,-0.6262,0,0.7796,699.8516,0,1,0,0,-0.7796,0,-0.6262,222.8695,0,0,0,1
812.7937,812.79,0.01486,0.015894,823.3287,700.1648,0,222.6176,1.445319,1.445319,2.089262,NaN,NaN,NaN,NaN,0,20.1,15.66127,0,-12.599,-0.6268,0,0.7792,700.1648,0,1,0,0,-0.7792,0,-0.6268,222.6176,0,0,0,1
812.8135,812.81,0.019819,0.016679,823.3488,700.4779,0,222.3654,1.449311,1.449311,2.177153,NaN,NaN,NaN,NaN,0,20.1,15.65169,0,-12.6109,-0.6274,0,0.7787,700.4779,0,1,0,0,-0.7787,0,-0.6274,222.3654,0,0,0,1
812.8358,812.83,0.022256,0.017794,823.3712,700.7908,0,222.113,1.453634,1.453634,2.29434,NaN,NaN,NaN,NaN,0,20.1,15.64159,0,-12.62343,-0.628,0,0.7782,700.7908,0,1,0,0,-0.7782,0,-0.628,222.113,0,0,0,1
812.8525,812.85,0.016769,0.017589,823.3885,701.1035,0,221.8603,1.458348,1.458348,2.433515,NaN,NaN,NaN,NaN,0,20.1,15.63086,0,-12.63671,-0.6287,0,0.7777,701.1035,0,1,0,0,-0.7777,0,-0.6287,221.8603,0,0,0,1
812.8701,812.87,0.017572,0.017586,823.4062,701.4159,0,221.6074,1.463414,1.463414,2.554364,NaN,NaN,NaN,NaN,0,20.1,15.61958,0,-12.65064,-0.6294,0,0.7771,701.4159,0,1,0,0,-0.7771,0,-0.6294,221.6074,0,0,0,1
812.888,812.88,0.017894,0.017647,823.4229,701.5721,0,221.4808,1.466064,1.466064,2.689862,NaN,NaN,NaN,NaN,0,20.1,15.61364,0,-12.65797,-0.6297,0,0.7768,701.5721,0,1,0,0,-0.7768,0,-0.6297,221.4808,0,0,0,1
812.905,812.9,0.017009,0.01752,823.44,701.8842,0,221.2274,1.471693,1.471693,2.80705,NaN,NaN,NaN,NaN,0,20.1,15.60123,0,-12.67326,-0.6305,0,0.7762,701.8842,0,1,0,0,-0.7762,0,-0.6305,221.2274,0,0,0,1
812.9259,812.92,0.020897,0.018195,823.4615,702.196,0,220.9737,1.477751,1.477751,2.94621,NaN,NaN,NaN,NaN,0,20.1,15.58819,0,-12.6893,-0.6313,0,0.7755,702.196,0,1,0,0,-0.7755,0,-0.6313,220.9737,0,0,0,1
812.9425,812.94,0.016565,0.017869,823.4783,702.5076,0,220.7196,1.484173,1.484173,3.118329,NaN,NaN,NaN,NaN,0,20.1,15.57437,0,-12.70626,-0.6322,0,0.7748,702.5076,0,1,0,0,-0.7748,0,-0.6322,220.7196,0,0,0,1
812.9586,812.95,0.016123,0.01752,823.4933,702.6633,0,220.5925,1.487543,1.487543,3.239179,NaN,NaN,NaN,NaN,0,20.1,15.56718,0,-12.71506,-0.6326,0,0.7745,702.6633,0,1,0,0,-0.7745,0,-0.6326,220.5925,0,0,0,1
812.9747,812.97,0.016097,0.017235,823.5098,702.9744,0,220.3379,1.494735,1.494735,3.35638,NaN,NaN,NaN,NaN,0,20.1,15.55228,0,-12.73329,-0.6335,0,0.7737,702.9744,0,1,0,0,-0.7737,0,-0.6335,220.3379,0,0,0,1
812.9905,812.99,0.015841,0.016956,823.5258,703.2852,0,220.083,1.50233,1.50233,3.462582,NaN,NaN,NaN,NaN,0,20.1,15.53687,0,-12.75208,-0.6344,0,0.773,703.2852,0,1,0,0,-0.773,0,-0.6344,220.083,0,0,0,1
813.0126,813.01,0.022116,0.017988,823.5479,703.5957,0,219.8276,1.510487,1.510487,3.561459,NaN,NaN,NaN,NaN,0,20.1,15.52101,0,-12.77139,-0.6354,0,0.7722,703.5957,0,1,0,0,-0.7722,0,-0.6354,219.8276,0,0,0,1
813.0272,813.02,0.014551,0.017301,823.5616,703.7509,0,219.6998,1.514724,1.514724,3.674984,NaN,NaN,NaN,NaN,0,20.1,15.51282,0,-12.78134,-0.6359,0,0.7718,703.7509,0,1,0,0,-0.7718,0,-0.6359,219.6998,0,0,0,1
813.0418,813.04,0.01459,0.016759,823.577,704.0609,0,219.4439,1.523625,1.523625,3.75555,NaN,NaN,NaN,NaN,0,20.1,15.49605,0,-12.80167,-0.6369,0,0.7709,704.0609,0,1,0,0,-0.7709,0,-0.6369,219.4439,0,0,0,1
813.0567,813.05,0.014883,0.016384,823.5913,704.2157,0,219.3158,1.528315,1.528315,3.810482,NaN,NaN,NaN,NaN,0,20.1,15.48753,0,-12.81197,-0.6374,0,0.7705,704.2157,0,1,0,0,-0.7705,0,-0.6374,219.3158,0,0,0,1
813.0717,813.07,0.014973,0.016101,823.6065,704.5251,0,219.0592,1.538059,1.538059,3.861752,NaN,NaN,NaN,NaN,0,20.1,15.47025,0,-12.83283,-0.6384,0,0.7697,704.5251,0,1,0,0,-0.7697,0,-0.6384,219.0592,0,0,0,1
813.0902,813.09,0.018573,0.016596,823.6253,704.8344,0,218.8022,1.548218,1.548218,3.894711,NaN,NaN,NaN,NaN,0,20.1,15.45279,0,-12.85386,-0.6395,0,0.7688,704.8344,0,1,0,0,-0.7688,0,-0.6395,218.8022,0,0,0,1
813.1116,813.11,0.021378,0.017552,823.6465,705.1431,0,218.5448,1.559073,1.559073,3.942318,NaN,NaN,NaN,NaN,0,20.1,15.43508,0,-12.87511,-0.6406,0,0.7679,705.1431,0,1,0,0,-0.7679,0,-0.6406,218.5448,0,0,0,1
813.1254,813.12,0.013797,0.016801,823.6599,705.2974,0,218.416,1.56469,1.56469,3.964291,NaN,NaN,NaN,NaN,0,20.1,15.42617,0,-12.88578,-0.6411,0,0.7675,705.2974,0,1,0,0,-0.7675,0,-0.6411,218.416,0,0,0,1
813.1398,813.13,0.014397,0.01632,823.6744,705.4515,0,218.287,1.570429,1.570429,3.975277,NaN,NaN,NaN,NaN,0,20.1,15.41723,0,-12.89648,-0.6416,0,0.767,705.4515,0,1,0,0,-0.767,0,-0.6416,218.287,0,0,0,1
813.154,813.15,0.014191,0.015894,823.6889,705.7595,0,218.0287,1.582432,1.582432,3.993587,NaN,NaN,NaN,NaN,0,20.1,15.39923,0,-12.91796,-0.6427,0,0.7661,705.7595,0,1,0,0,-0.7661,0,-0.6427,218.0287,0,0,0,1
813.1691,813.16,0.01507,0.01573,823.7037,705.9135,0,217.8995,1.58855,1.58855,3.993587,NaN,NaN,NaN,NaN,0,20.1,15.39023,0,-12.92869,-0.6432,0,0.7657,705.9135,0,1,0,0,-0.7657,0,-0.6432,217.8995,0,0,0,1
813.1819,813.18,0.012868,0.015157,823.7168,706.2211,0,217.6406,1.601311,1.601311,3.993587,NaN,NaN,NaN,NaN,0,20.1,15.37219,0,-12.95014,-0.6443,0,0.7648,706.2211,0,1,0,0,-0.7648,0,-0.6443,217.6406,0,0,0,1
813.2015,813.2,0.0196,0.016046,823.7365,706.5283,0,217.3813,1.614632,1.614632,3.993587,NaN,NaN,NaN,NaN,0,20.1,15.35412,0,-12.97155,-0.6454,0,0.7639,706.5283,0,1,0,0,-0.7639,0,-0.6454,217.3813,0,0,0,1
813.2241,813.22,0.022528,0.017342,823.7592,706.8351,0,217.1215,1.628478,1.628478,3.993587,NaN,NaN,NaN,NaN,0,20.1,15.33602,0,-12.99294,-0.6464,0,0.763,706.8351,0,1,0,0,-0.763,0,-0.6464,217.1215,0,0,0,1
813.2383,813.23,0.014285,0.016731,823.7731,706.9883,0,216.9915,1.635646,1.635646,4.008236,NaN,NaN,NaN,NaN,0,20.1,15.32693,0,-13.00367,-0.6469,0,0.7625,706.9883,0,1,0,0,-0.7625,0,-0.6469,216.9915,0,0,0,1
813.2523,813.25,0.013914,0.016168,823.7875,707.2946,0,216.7311,1.650336,1.650336,4.048519,NaN,NaN,NaN,NaN,0,20.1,15.30854,0,-13.02532,-0.648,0,0.7616,707.2946,0,1,0,0,-0.7616,0,-0.648,216.7311,0,0,0,1
813.2665,813.26,0.014285,0.015791,823.8013,707.4476,0,216.6007,1.65793,1.65793,4.132748,NaN,NaN,NaN,NaN,0,20.1,15.29914,0,-13.03635,-0.6486,0,0.7612,707.4476,0,1,0,0,-0.7612,0,-0.6486,216.6007,0,0,0,1
813.2806,813.28,0.014089,0.015451,823.816,707.7533,0,216.3396,1.673561,1.673561,4.249949,NaN,NaN,NaN,NaN,0,20.1,15.27978,0,-13.05903,-0.6497,0,0.7602,707.7533,0,1,0,0,-0.7602,0,-0.6497,216.3396,0,0,0,1
813.3019,813.3,0.021306,0.016622,823.8372,708.0586,0,216.0781,1.689752,1.689752,4.396434,NaN,NaN,NaN,NaN,0,20.1,15.25972,0,-13.08247,-0.6509,0,0.7592,708.0586,0,1,0,0,-0.7592,0,-0.6509,216.0781,0,0,0,1
813.3223,813.32,0.020307,0.017359,823.8572,708.3634,0,215.8161,1.706688,1.706688,4.682078,NaN,NaN,NaN,NaN,0,20.1,15.23832,0,-13.10739,-0.6521,0,0.7581,708.3634,0,1,0,0,-0.7581,0,-0.6521,215.8161,0,0,0,1
813.3391,813.33,0.016828,0.017253,823.8737,708.5157,0,215.6849,1.715346,1.715346,5.059276,NaN,NaN,NaN,NaN,0,20.1,15.22674,0,-13.12084,-0.6528,0,0.7575,708.5157,0,1,0,0,-0.7575,0,-0.6528,215.6849,0,0,0,1
813.3525,813.35,0.013496,0.016501,823.8878,708.8199,0,215.422,1.733283,1.733283,5.352259,NaN,NaN,NaN,NaN,0,20.1,15.2022,0,-13.14927,-0.6542,0,0.7563,708.8199,0,1,0,0,-0.7563,0,-0.6542,215.422,0,0,0,1
813.3676,813.36,0.015061,0.016213,823.9023,708.9719,0,215.2904,1.742527,1.742527,5.641565,NaN,NaN,NaN,NaN,0,20.1,15.18925,0,-13.16423,-0.6549,0,0.7557,708.9719,0,1,0,0,-0.7557,0,-0.6549,215.2904,0,0,0,1
813.3816,813.38,0.013981,0.015767,823.9167,709.2752,0,215.0266,1.761685,1.761685,5.938196,NaN,NaN,NaN,NaN,0,20.1,15.16193,0,-13.19568,-0.6565,0,0.7543,709.2752,0,1,0,0,-0.7543,0,-0.6565,215.0266,0,0,0,1
813.4015,813.4,0.019858,0.016585,823.9364,709.578,0,214.7622,1.78171,1.78171,6.245828,NaN,NaN,NaN,NaN,0,20.1,15.13312,0,-13.22871,-0.6581,0,0.7529,709.578,0,1,0,0,-0.7529,0,-0.6581,214.7622,0,0,0,1
813.4224,813.42,0.02093,0.017454,823.9575,709.8801,0,214.4971,1.802738,1.802738,6.688943,NaN,NaN,NaN,NaN,0,20.1,15.10219,0,-13.26401,-0.6599,0,0.7514,709.8801,0,1,0,0,-0.7514,0,-0.6599,214.4971,0,0,0,1
813.4371,813.43,0.014766,0.016916,823.9717,710.0311,0,214.3643,1.813495,1.813495,7.154045,NaN,NaN,NaN,NaN,0,20.1,15.08562,0,-13.28285,-0.6608,0,0.7505,710.0311,0,1,0,0,-0.7505,0,-0.6608,214.3643,0,0,0,1
813.4513,813.45,0.014141,0.016361,823.9865,710.3323,0,214.098,1.835951,1.835951,7.395744,NaN,NaN,NaN,NaN,0,20.1,15.05128,0,-13.32175,-0.6628,0,0.7488,710.3323,0,1,0,0,-0.7488,0,-0.6628,214.098,0,0,0,1
813.4661,813.46,0.014759,0.016041,824.0009,710.4826,0,213.9646,1.847588,1.847588,7.604485,NaN,NaN,NaN,NaN,0,20.1,15.03358,0,-13.34172,-0.6638,0,0.7479,710.4826,0,1,0,0,-0.7479,0,-0.6638,213.9646,0,0,0,1
813.4808,813.48,0.014722,0.015777,824.0157,710.7827,0,213.6971,1.871666,1.871666,7.809563,NaN,NaN,NaN,NaN,0,20.1,14.99716,0,-13.38265,-0.6658,0,0.7461,710.7827,0,1,0,0,-0.7461,0,-0.6658,213.6971,0,0,0,1
813.5009,813.5,0.020076,0.016637,824.0357,711.082,0,213.4289,1.896881,1.896881,8.014655,NaN,NaN,NaN,NaN,0,20.1,14.95966,0,-13.42456,-0.6679,0,0.7443,711.082,0,1,0,0,-0.7443,0,-0.6679,213.4289,0,0,0,1
813.5147,813.51,0.013861,0.016082,824.0494,711.2316,0,213.2944,1.9098,1.9098,8.186774,NaN,NaN,NaN,NaN,0,20.1,14.94046,0,-13.44592,-0.669,0,0.7433,711.2316,0,1,0,0,-0.7433,0,-0.669,213.2944,0,0,0,1
813.5345,813.53,0.019748,0.016815,824.0693,711.5297,0,213.0248,1.936798,1.936798,8.256354,NaN,NaN,NaN,NaN,0,20.1,14.90165,0,-13.48892,-0.6711,0,0.7414,711.5297,0,1,0,0,-0.7414,0,-0.6711,213.0248,0,0,0,1
813.548,813.54,0.013523,0.016156,824.0828,711.6785,0,212.8897,1.95067,1.95067,8.271003,NaN,NaN,NaN,NaN,0,20.1,14.88216,0,-13.51042,-0.6722,0,0.7404,711.6785,0,1,0,0,-0.7404,0,-0.6722,212.8897,0,0,0,1
813.562,813.56,0.01402,0.015729,824.0969,711.9756,0,212.6189,1.979305,1.979305,8.271003,NaN,NaN,NaN,NaN,0,20.1,14.8431,0,-13.55333,-0.6743,0,0.7385,711.9756,0,1,0,0,-0.7385,0,-0.6743,212.6189,0,0,0,1
813.5771,813.57,0.015104,0.015604,824.1116,712.1238,0,212.4832,1.99403,1.99403,8.271003,NaN,NaN,NaN,NaN,0,20.1,14.82351,0,-13.57474,-0.6754,0,0.7375,712.1238,0,1,0,0,-0.7375,0,-0.6754,212.4832,0,0,0,1
813.5918,813.59,0.014677,0.015419,824.1267,712.4197,0,212.211,2.024436,2.024436,8.252692,NaN,NaN,NaN,NaN,0,20.1,14.78435,0,-13.61738,-0.6775,0,0.7355,712.4197,0,1,0,0,-0.7355,0,-0.6775,212.211,0,0,0,1
813.613,813.61,0.0212,0.016575,824.1479,712.7148,0,211.938,2.055938,2.055938,8.219733,NaN,NaN,NaN,NaN,0,20.1,14.74522,0,-13.65975,-0.6796,0,0.7336,712.7148,0,1,0,0,-0.7336,0,-0.6796,211.938,0,0,0,1
813.6343,813.63,0.021268,0.017514,824.1695,713.0092,0,211.6642,2.088565,2.088565,8.153815,NaN,NaN,NaN,NaN,0,20.1,14.70627,0,-13.70166,-0.6817,0,0.7317,713.0092,0,1,0,0,-0.7317,0,-0.6817,211.6642,0,0,0,1
813.649,813.64,0.014768,0.016964,824.1838,713.1559,0,211.527,2.105391,2.105391,8.084235,NaN,NaN,NaN,NaN,0,20.1,14.68693,0,-13.7224,-0.6827,0,0.7307,713.1559,0,1,0,0,-0.7307,0,-0.6827,211.527,0,0,0,1
813.6626,813.66,0.013595,0.01629,824.1976,713.4491,0,211.252,2.139765,2.139765,8.029304,NaN,NaN,NaN,NaN,0,20.1,14.64841,0,-13.76351,-0.6848,0,0.7288,713.4491,0,1,0,0,-0.7288,0,-0.6848,211.252,0,0,0,1
813.6772,813.67,0.014611,0.015955,824.2118,713.5953,0,211.1141,2.157397,2.157397,7.981696,NaN,NaN,NaN,NaN,0,20.1,14.62922,0,-13.7839,-0.6858,0,0.7278,713.5953,0,1,0,0,-0.7278,0,-0.6858,211.1141,0,0,0,1
813.6908,813.69,0.013594,0.015482,824.2257,713.8875,0,210.8378,2.19337,2.19337,7.956047,NaN,NaN,NaN,NaN,0,20.1,14.59089,0,-13.82448,-0.6878,0,0.7259,713.8875,0,1,0,0,-0.7259,0,-0.6878,210.8378,0,0,0,1
813.7128,813.71,0.02194,0.016774,824.2476,714.1786,0,210.5607,2.230515,2.230515,7.948723,NaN,NaN,NaN,NaN,0,20.1,14.55247,0,-13.86491,-0.6898,0,0.724,714.1786,0,1,0,0,-0.724,0,-0.6898,210.5607,0,0,0,1
813.7334,813.73,0.020648,0.017549,824.2683,714.4691,0,210.2828,2.268808,2.268808,7.963371,NaN,NaN,NaN,NaN,0,20.1,14.51388,0,-13.90531,-0.6918,0,0.7221,714.4691,0,1,0,0,-0.7221,0,-0.6918,210.2828,0,0,0,1
813.7476,813.74,0.014152,0.016869,824.2823,714.6141,0,210.1436,2.288345,2.288345,8.010993,NaN,NaN,NaN,NaN,0,20.1,14.49442,0,-13.92559,-0.6928,0,0.7211,714.6141,0,1,0,0,-0.7211,0,-0.6928,210.1436,0,0,0,1
813.7614,813.76,0.013859,0.016267,824.2963,714.9034,0,209.8644,2.328261,2.328261,8.076911,NaN,NaN,NaN,NaN,0,20.1,14.4551,0,-13.9664,-0.6948,0,0.7192,714.9034,0,1,0,0,-0.7192,0,-0.6948,209.8644,0,0,0,1
813.776,813.77,0.014584,0.01593,824.3105,715.0477,0,209.7245,2.348665,2.348665,8.186774,NaN,NaN,NaN,NaN,0,20.1,14.43513,0,-13.98704,-0.6959,0,0.7182,715.0477,0,1,0,0,-0.7182,0,-0.6959,209.7245,0,0,0,1
813.79,813.79,0.014027,0.01555,824.325,715.3358,0,209.4442,2.390341,2.390341,8.325934,NaN,NaN,NaN,NaN,0,20.1,14.39442,0,-14.02893,-0.698,0,0.7161,715.3358,0,1,0,0,-0.7161,0,-0.698,209.4442,0,0,0,1
813.8035,813.8,0.013443,0.015128,824.3383,715.4796,0,209.3037,2.411624,2.411624,8.494391,NaN,NaN,NaN,NaN,0,20.1,14.3736,0,-14.05025,-0.699,0,0.7151,715.4796,0,1,0,0,-0.7151,0,-0.699,209.3037,0,0,0,1
813.8226,813.82,0.019178,0.015938,824.3577,715.7664,0,209.022,2.455081,2.455081,8.684821,NaN,NaN,NaN,NaN,0,20.1,14.33094,0,-14.09376,-0.7012,0,0.713,715.7664,0,1,0,0,-0.713,0,-0.7012,209.022,0,0,0,1
813.8371,813.83,0.014443,0.015639,824.3716,715.9094,0,208.8809,2.476824,2.476824,9.010763,NaN,NaN,NaN,NaN,0,20.1,14.30876,0,-14.11628,-0.7023,0,0.7119,715.9094,0,1,0,0,-0.7119,0,-0.7023,208.8809,0,0,0,1
813.8566,813.85,0.019468,0.016405,824.3915,716.1949,0,208.5979,2.518846,2.518846,9.267111,NaN,NaN,NaN,NaN,0,20.1,14.26302,0,-14.1625,-0.7046,0,0.7096,716.1949,0,1,0,0,-0.7096,0,-0.7046,208.5979,0,0,0,1
813.8724,813.87,0.015893,0.016302,824.4075,716.4796,0,208.3139,2.562073,2.562073,9.666281,NaN,NaN,NaN,NaN,0,20.1,14.21515,0,-14.21054,-0.707,0,0.7072,716.4796,0,1,0,0,-0.7072,0,-0.707,208.3139,0,0,0,1
813.8873,813.88,0.014802,0.016002,824.4218,716.6214,0,208.1715,2.582922,2.582922,9.97025,NaN,NaN,NaN,NaN,0,20.1,14.1904,0,-14.23526,-0.7082,0,0.706,716.6214,0,1,0,0,-0.706,0,-0.7082,208.1715,0,0,0,1
813.9014,813.9,0.014139,0.01563,824.4364,716.9045,0,207.8861,2.621602,2.621602,10.24491,NaN,NaN,NaN,NaN,0,20.1,14.13941,0,-14.28591,-0.7107,0,0.7035,716.9045,0,1,0,0,-0.7035,0,-0.7107,207.8861,0,0,0,1
813.9159,813.91,0.0145,0.015404,824.4503,717.0456,0,207.743,2.641459,2.641459,10.51957,NaN,NaN,NaN,NaN,0,20.1,14.11315,0,-14.31185,-0.712,0,0.7021,717.0456,0,1,0,0,-0.7021,0,-0.712,207.743,0,0,0,1
813.935,813.93,0.019128,0.016148,824.47,717.327,0,207.4559,2.680222,2.680222,10.77591,NaN,NaN,NaN,NaN,0,20.1,14.05922,0,-14.36484,-0.7147,0,0.6995,717.327,0,1,0,0,-0.6995,0,-0.7147,207.4559,0,0,0,1
813.9575,813.95,0.022508,0.01742,824.4926,717.6073,0,207.1678,2.715995,2.715995,11.08355,NaN,NaN,NaN,NaN,0,20.1,14.00354,0,-14.41912,-0.7174,0,0.6967,717.6073,0,1,0,0,-0.6967,0,-0.7174,207.1678,0,0,0,1
813.9734,813.97,0.015838,0.017104,824.5085,717.8866,0,206.8786,2.753095,2.753095,11.34722,NaN,NaN,NaN,NaN,0,20.1,13.94631,0,-14.47447,-0.7201,0,0.6938,717.8866,0,1,0,0,-0.6938,0,-0.7201,206.8786,0,0,0,1
813.9872,813.98,0.013813,0.016446,824.5217,718.0258,0,206.7336,2.769472,2.769472,11.54131,NaN,NaN,NaN,NaN,0,20.1,13.91713,0,-14.50253,-0.7215,0,0.6924,718.0258,0,1,0,0,-0.6924,0,-0.7215,206.7336,0,0,0,1
814.0002,814,0.012994,0.015755,824.5354,718.3032,0,206.4427,2.802418,2.802418,11.68779,NaN,NaN,NaN,NaN,0,20.1,13.85785,0,-14.5592,-0.7243,0,0.6894,718.3032,0,1,0,0,-0.6894,0,-0.7243,206.4427,0,0,0,1
814.0155,814.01,0.015315,0.015667,824.5501,718.4415,0,206.2968,2.81944,2.81944,11.82697,NaN,NaN,NaN,NaN,0,20.1,13.82776,0,-14.58777,-0.7258,0,0.6879,718.4415,0,1,0,0,-0.6879,0,-0.7258,206.2968,0,0,0,1
814.035,814.03,0.019531,0.01644,824.5702,718.7172,0,206.0042,2.851079,2.851079,11.94782,NaN,NaN,NaN,NaN,0,20.1,13.7668,0,-14.64531,-0.7286,0,0.6849,718.7172,0,1,0,0,-0.6849,0,-0.7286,206.0042,0,0,0,1
814.057,814.05,0.021974,0.017547,824.5921,718.9915,0,205.7104,2.881411,2.881411,12.13459,NaN,NaN,NaN,NaN,0,20.1,13.70465,0,-14.70349,-0.7315,0,0.6818,718.9915,0,1,0,0,-0.6818,0,-0.7315,205.7104,0,0,0,1
814.074,814.07,0.016973,0.017432,824.6094,719.2646,0,205.4155,2.91218,2.91218,12.32868,NaN,NaN,NaN,NaN,0,20.1,13.64124,0,-14.76233,-0.7344,0,0.6787,719.2646,0,1,0,0,-0.6787,0,-0.7344,205.4155,0,0,0,1
814.0894,814.08,0.015447,0.017035,824.6241,719.4008,0,205.2675,2.925495,2.925495,12.51178,NaN,NaN,NaN,NaN,0,20.1,13.60898,0,-14.79209,-0.7359,0,0.6771,719.4008,0,1,0,0,-0.6771,0,-0.7359,205.2675,0,0,0,1
814.1038,814.1,0.014338,0.016496,824.639,719.6719,0,204.9708,2.953385,2.953385,12.68025,NaN,NaN,NaN,NaN,0,20.1,13.54337,0,-14.85218,-0.7389,0,0.6738,719.6719,0,1,0,0,-0.6738,0,-0.7389,204.9708,0,0,0,1
814.1232,814.12,0.01948,0.017093,824.6583,719.9418,0,204.6729,2.98097,2.98097,12.85604,NaN,NaN,NaN,NaN,0,20.1,13.47658,0,-14.91281,-0.7419,0,0.6705,719.9418,0,1,0,0,-0.6705,0,-0.7419,204.6729,0,0,0,1
814.1455,814.14,0.022303,0.018135,824.6807,720.2103,0,204.3737,3.005742,3.005742,13.13436,NaN,NaN,NaN,NaN,0,20.1,13.40807,0,-14.97444,-0.745,0,0.6671,720.2103,0,1,0,0,-0.6671,0,-0.745,204.3737,0,0,0,1
814.1628,814.16,0.017329,0.017973,824.6982,720.4774,0,204.0732,3.032252,3.032252,13.46028,NaN,NaN,NaN,NaN,0,20.1,13.33756,0,-15.03727,-0.7481,0,0.6636,720.4774,0,1,0,0,-0.6636,0,-0.7481,204.0732,0,0,0,1
814.1772,814.17,0.01434,0.017247,824.7117,720.6104,0,203.9225,3.043375,3.043375,13.7496,NaN,NaN,NaN,NaN,0,20.1,13.30144,0,-15.06923,-0.7497,0,0.6618,720.6104,0,1,0,0,-0.6618,0,-0.7497,203.9225,0,0,0,1
814.1912,814.19,0.013967,0.016591,824.7261,720.8752,0,203.6202,3.066154,3.066154,14.00229,NaN,NaN,NaN,NaN,0,20.1,13.22763,0,-15.13406,-0.7529,0,0.6581,720.8752,0,1,0,0,-0.6581,0,-0.7529,203.6202,0,0,0,1
814.2115,814.21,0.020355,0.017344,824.7469,721.1387,0,203.3165,3.090255,3.090255,14.26596,NaN,NaN,NaN,NaN,0,20.1,13.1521,0,-15.19975,-0.7562,0,0.6543,721.1387,0,1,0,0,-0.6543,0,-0.7562,203.3165,0,0,0,1
814.2265,814.22,0.014966,0.016868,824.7614,721.2698,0,203.1642,3.100062,3.100062,14.62486,NaN,NaN,NaN,NaN,0,20.1,13.11326,0,-15.23327,-0.7579,0,0.6524,721.2698,0,1,0,0,-0.6524,0,-0.7579,203.1642,0,0,0,1
814.2452,814.24,0.018747,0.017244,824.7802,721.5308,0,202.8585,3.121113,3.121113,14.93248,NaN,NaN,NaN,NaN,0,20.1,13.03368,0,-15.30142,-0.7613,0,0.6484,721.5308,0,1,0,0,-0.6484,0,-0.7613,202.8585,0,0,0,1
814.2594,814.25,0.014148,0.016625,824.7939,721.6608,0,202.7051,3.132356,3.132356,15.29503,NaN,NaN,NaN,NaN,0,20.1,12.99279,0,-15.33615,-0.763,0,0.6464,721.6608,0,1,0,0,-0.6464,0,-0.763,202.7051,0,0,0,1
814.2734,814.27,0.014011,0.016102,824.8083,721.9193,0,202.3973,3.151863,3.151863,15.56604,NaN,NaN,NaN,NaN,0,20.1,12.90926,0,-15.40653,-0.7665,0,0.6423,721.9193,0,1,0,0,-0.6423,0,-0.7665,202.3973,0,0,0,1
814.2874,814.28,0.013931,0.015668,824.8219,722.048,0,202.2429,3.161349,3.161349,15.82605,NaN,NaN,NaN,NaN,0,20.1,12.86666,0,-15.44212,-0.7683,0,0.6401,722.048,0,1,0,0,-0.6401,0,-0.7683,202.2429,0,0,0,1
814.3017,814.3,0.014375,0.015409,824.8369,722.3041,0,201.933,3.182069,3.182069,16.0531,NaN,NaN,NaN,NaN,0,20.1,12.77993,0,-15.51398,-0.7718,0,0.6358,722.3041,0,1,0,0,-0.6358,0,-0.7718,201.933,0,0,0,1
814.3162,814.31,0.01444,0.015215,824.8511,722.4315,0,201.7775,3.190889,3.190889,16.28748,NaN,NaN,NaN,NaN,0,20.1,12.73578,0,-15.55024,-0.7736,0,0.6336,722.4315,0,1,0,0,-0.6336,0,-0.7736,201.7775,0,0,0,1
814.3342,814.33,0.018,0.015772,824.8693,722.6848,0,201.4654,3.208392,3.208392,16.49989,NaN,NaN,NaN,NaN,0,20.1,12.646,0,-15.62334,-0.7773,0,0.6292,722.6848,0,1,0,0,-0.6292,0,-0.7773,201.4654,0,0,0,1
814.3481,814.34,0.013955,0.015409,824.8827,722.8108,0,201.3088,3.217981,3.217981,16.73427,NaN,NaN,NaN,NaN,0,20.1,12.60032,0,-15.66021,-0.7791,0,0.6269,722.8108,0,1,0,0,-0.6269,0,-0.7791,201.3088,0,0,0,1
814.368,814.36,0.019853,0.016298,824.9032,723.0614,0,200.9945,3.235546,3.235546,16.84047,NaN,NaN,NaN,NaN,0,20.1,12.50804,0,-15.73401,-0.7828,0,0.6223,723.0614,0,1,0,0,-0.6223,0,-0.7828,200.9945,0,0,0,1
814.3835,814.38,0.015593,0.016157,824.9184,723.3102,0,200.6787,3.252129,3.252129,16.96498,NaN,NaN,NaN,NaN,0,20.1,12.41465,0,-15.8078,-0.7865,0,0.6176,723.3102,0,1,0,0,-0.6176,0,-0.7865,200.6787,0,0,0,1
814.3965,814.39,0.012947,0.015515,824.9309,723.4338,0,200.5202,3.261297,3.261297,16.98329,NaN,NaN,NaN,NaN,0,20.1,12.36774,0,-15.84453,-0.7883,0,0.6153,723.4338,0,1,0,0,-0.6153,0,-0.7883,200.5202,0,0,0,1
814.4089,814.4,0.012466,0.014905,824.9435,723.5571,0,200.3614,3.270002,3.270002,16.98329,NaN,NaN,NaN,NaN,0,20.1,12.32072,0,-15.88112,-0.7901,0,0.613,723.5571,0,1,0,0,-0.613,0,-0.7901,200.3614,0,0,0,1
814.4227,814.42,0.013782,0.01468,824.9575,723.8021,0,200.0427,3.284602,3.284602,16.98329,NaN,NaN,NaN,NaN,0,20.1,12.22636,0,-15.95388,-0.7937,0,0.6083,723.8021,0,1,0,0,-0.6083,0,-0.7937,200.0427,0,0,0,1
814.4432,814.44,0.020456,0.015836,824.978,724.0452,0,199.7225,3.30147,3.30147,16.98329,NaN,NaN,NaN,NaN,0,20.1,12.13156,0,-16.02608,-0.7973,0,0.6036,724.0452,0,1,0,0,-0.6036,0,-0.7973,199.7225,0,0,0,1
814.457,814.45,0.013766,0.015422,824.9914,724.166,0,199.5619,3.308759,3.308759,16.98329,NaN,NaN,NaN,NaN,0,20.1,12.08401,0,-16.06197,-0.7991,0,0.6012,724.166,0,1,0,0,-0.6012,0,-0.7991,199.5619,0,0,0,1
814.4695,814.46,0.012565,0.01485,825.0043,724.2864,0,199.401,3.315365,3.315365,16.98329,NaN,NaN,NaN,NaN,0,20.1,12.03634,0,-16.09772,-0.8009,0,0.5988,724.2864,0,1,0,0,-0.5988,0,-0.8009,199.401,0,0,0,1
814.489,814.48,0.019409,0.015762,825.0238,724.5256,0,199.0779,3.330263,3.330263,16.98329,NaN,NaN,NaN,NaN,0,20.1,11.9407,0,-16.16879,-0.8044,0,0.5941,724.5256,0,1,0,0,-0.5941,0,-0.8044,199.0779,0,0,0,1
814.5024,814.5,0.013515,0.015313,825.0373,724.7631,0,198.7535,3.344454,3.344454,16.98329,NaN,NaN,NaN,NaN,0,20.1,11.84464,0,-16.2393,-0.8079,0,0.5893,724.7631,0,1,0,0,-0.5893,0,-0.8079,198.7535,0,0,0,1
814.5222,814.52,0.019685,0.016187,825.0569,724.9985,0,198.4276,3.35731,3.35731,16.98329,NaN,NaN,NaN,NaN,0,20.1,11.74816,0,-16.30923,-0.8114,0,0.5845,724.9985,0,1,0,0,-0.5845,0,-0.8114,198.4276,0,0,0,1
814.536,814.53,0.013853,0.01572,825.0705,725.1155,0,198.2642,3.364591,3.364591,16.98329,NaN,NaN,NaN,NaN,0,20.1,11.69976,0,-16.34398,-0.8131,0,0.5821,725.1155,0,1,0,0,-0.5821,0,-0.8131,198.2642,0,0,0,1
814.5566,814.55,0.02068,0.016712,825.0916,725.3481,0,197.9363,3.376925,3.376925,16.98329,NaN,NaN,NaN,NaN,0,20.1,11.60267,0,-16.41305,-0.8166,0,0.5772,725.3481,0,1,0,0,-0.5772,0,-0.8166,197.9363,0,0,0,1
814.5716,814.57,0.014947,0.016359,825.1064,725.5787,0,197.607,3.388963,3.388963,16.98329,NaN,NaN,NaN,NaN,0,20.1,11.50516,0,-16.48155,-0.82,0,0.5724,725.5787,0,1,0,0,-0.5724,0,-0.82,197.607,0,0,0,1
814.5852,814.58,0.013574,0.015802,825.1198,725.6932,0,197.4419,3.395776,3.395776,16.98329,NaN,NaN,NaN,NaN,0,20.1,11.45626,0,-16.51558,-0.8217,0,0.57,725.6932,0,1,0,0,-0.57,0,-0.8217,197.4419,0,0,0,1
814.5993,814.59,0.014131,0.015468,825.1339,725.8073,0,197.2764,3.401572,3.401572,16.98329,NaN,NaN,NaN,NaN,0,20.1,11.40725,0,-16.54946,-0.8234,0,0.5675,725.8073,0,1,0,0,-0.5675,0,-0.8234,197.2764,0,0,0,1
814.6119,814.61,0.012537,0.014882,825.1467,726.0339,0,196.9444,3.411657,3.411657,16.98329,NaN,NaN,NaN,NaN,0,20.1,11.30894,0,-16.61679,-0.8267,0,0.5626,726.0339,0,1,0,0,-0.5626,0,-0.8267,196.9444,0,0,0,1
814.6342,814.63,0.022323,0.01637,825.1691,726.2587,0,196.611,3.423887,3.423887,16.98329,NaN,NaN,NaN,NaN,0,20.1,11.21024,0,-16.68354,-0.83,0,0.5577,726.2587,0,1,0,0,-0.5577,0,-0.83,196.611,0,0,0,1
814.6473,814.64,0.013172,0.01573,825.1818,726.3704,0,196.4439,3.428203,3.428203,16.98329,NaN,NaN,NaN,NaN,0,20.1,11.16074,0,-16.7167,-0.8317,0,0.5553,726.3704,0,1,0,0,-0.5553,0,-0.8317,196.4439,0,0,0,1
814.6664,814.66,0.019111,0.016406,825.2012,726.592,0,196.1085,3.437454,3.437454,16.98329,NaN,NaN,NaN,NaN,0,20.1,11.06144,0,-16.78257,-0.835,0,0.5503,726.592,0,1,0,0,-0.5503,0,-0.835,196.1085,0,0,0,1
814.6803,814.68,0.01383,0.015891,825.2151,726.8118,0,195.7719,3.448411,3.448411,16.98329,NaN,NaN,NaN,NaN,0,20.1,10.96176,0,-16.84785,-0.8382,0,0.5454,726.8118,0,1,0,0,-0.5454,0,-0.8382,195.7719,0,0,0,1
814.6946,814.69,0.014366,0.015586,825.2292,726.9209,0,195.6031,3.451789,3.451789,16.98329,NaN,NaN,NaN,NaN,0,20.1,10.91177,0,-16.88027,-0.8398,0,0.5429,726.9209,0,1,0,0,-0.5429,0,-0.8398,195.6031,0,0,0,1
814.7081,814.7,0.013431,0.015155,825.2425,727.0295,0,195.434,3.455643,3.455643,16.98329,NaN,NaN,NaN,NaN,0,20.1,10.86168,0,-16.91254,-0.8414,0,0.5404,727.0295,0,1,0,0,-0.5404,0,-0.8414,195.434,0,0,0,1
814.721,814.72,0.012928,0.01471,825.2559,727.2453,0,195.0948,3.465059,3.465059,16.98329,NaN,NaN,NaN,NaN,0,20.1,10.76123,0,-16.97663,-0.8446,0,0.5354,727.2453,0,1,0,0,-0.5354,0,-0.8446,195.0948,0,0,0,1
814.7352,814.73,0.014176,0.014603,825.2698,727.3524,0,194.9247,3.469241,3.469241,16.99794,NaN,NaN,NaN,NaN,0,20.1,10.71082,0,-17.00848,-0.8462,0,0.5329,727.3524,0,1,0,0,-0.5329,0,-0.8462,194.9247,0,0,0,1
814.7554,814.75,0.020185,0.015719,825.2902,727.5651,0,194.5836,3.475576,3.475576,17.01625,NaN,NaN,NaN,NaN,0,20.1,10.6096,0,-17.0718,-0.8493,0,0.5278,727.5651,0,1,0,0,-0.5278,0,-0.8493,194.5836,0,0,0,1
814.7688,814.76,0.013414,0.015258,825.3035,727.6707,0,194.4125,3.479607,3.479607,17.0785,NaN,NaN,NaN,NaN,0,20.1,10.55867,0,-17.10335,-0.8509,0,0.5253,727.6707,0,1,0,0,-0.5253,0,-0.8509,194.4125,0,0,0,1
814.7902,814.79,0.02137,0.01648,825.3257,727.9844,0,193.8975,3.48935,3.48935,17.15175,NaN,NaN,NaN,NaN,0,20.1,10.40465,0,-17.19748,-0.8556,0,0.5176,727.9844,0,1,0,0,-0.5176,0,-0.8556,193.8975,0,0,0,1
814.8049,814.8,0.014789,0.016142,825.3395,728.0879,0,193.7253,3.492436,3.492436,17.33851,NaN,NaN,NaN,NaN,0,20.1,10.35256,0,-17.22889,-0.8572,0,0.5151,728.0879,0,1,0,0,-0.5151,0,-0.8572,193.7253,0,0,0,1
814.8187,814.81,0.01374,0.015662,825.3535,728.1909,0,193.5526,3.496058,3.496058,17.51065,NaN,NaN,NaN,NaN,0,20.1,10.29985,0,-17.26045,-0.8587,0,0.5124,728.1909,0,1,0,0,-0.5124,0,-0.8587,193.5526,0,0,0,1
814.8323,814.83,0.013613,0.015252,825.3673,728.3953,0,193.2065,3.501602,3.501602,17.71572,NaN,NaN,NaN,NaN,0,20.1,10.19292,0,-17.32381,-0.8619,0,0.5071,728.3953,0,1,0,0,-0.5071,0,-0.8619,193.2065,0,0,0,1
814.8458,814.84,0.013472,0.014896,825.3805,728.4967,0,193.0329,3.503776,3.503776,17.92813,NaN,NaN,NaN,NaN,0,20.1,10.13866,0,-17.35562,-0.8635,0,0.5044,728.4967,0,1,0,0,-0.5044,0,-0.8635,193.0329,0,0,0,1
814.8673,814.86,0.021544,0.016226,825.4022,728.6979,0,192.6848,3.509902,3.509902,18.12954,NaN,NaN,NaN,NaN,0,20.1,10.02863,0,-17.41943,-0.8666,0,0.4989,728.6979,0,1,0,0,-0.4989,0,-0.8666,192.6848,0,0,0,1
814.8817,814.88,0.014374,0.015855,825.417,728.8967,0,192.3355,3.513954,3.513954,18.49211,NaN,NaN,NaN,NaN,0,20.1,9.915978,0,-17.4838,-0.8698,0,0.4933,728.8967,0,1,0,0,-0.4933,0,-0.8698,192.3355,0,0,0,1
814.9003,814.9,0.018596,0.016403,825.4351,729.0933,0,191.9849,3.518589,3.518589,18.73381,NaN,NaN,NaN,NaN,0,20.1,9.801435,0,-17.54828,-0.873,0,0.4876,729.0933,0,1,0,0,-0.4876,0,-0.873,191.9849,0,0,0,1
814.9135,814.91,0.013197,0.015762,825.448,729.1907,0,191.8091,3.521842,3.521842,19.05607,NaN,NaN,NaN,NaN,0,20.1,9.743017,0,-17.58078,-0.8747,0,0.4847,729.1907,0,1,0,0,-0.4847,0,-0.8747,191.8091,0,0,0,1
814.9278,814.92,0.014336,0.015477,825.4628,729.2876,0,191.6329,3.523374,3.523374,19.23187,NaN,NaN,NaN,NaN,0,20.1,9.68395,0,-17.61338,-0.8763,0,0.4818,729.2876,0,1,0,0,-0.4818,0,-0.8763,191.6329,0,0,0,1
814.942,814.94,0.014112,0.015204,825.4769,729.4795,0,191.2797,3.526627,3.526627,19.40399,NaN,NaN,NaN,NaN,0,20.1,9.564429,0,-17.67857,-0.8795,0,0.4758,729.4795,0,1,0,0,-0.4758,0,-0.8795,191.2797,0,0,0,1
814.9572,814.95,0.015308,0.015225,825.4918,729.5745,0,191.1026,3.529187,3.529187,19.52118,NaN,NaN,NaN,NaN,0,20.1,9.504141,0,-17.71105,-0.8811,0,0.4728,729.5745,0,1,0,0,-0.4728,0,-0.8811,191.1026,0,0,0,1
814.9712,814.97,0.013975,0.014975,825.506,729.7628,0,190.7474,3.532989,3.532989,19.64202,NaN,NaN,NaN,NaN,0,20.1,9.382486,0,-17.7758,-0.8844,0,0.4668,729.7628,0,1,0,0,-0.4668,0,-0.8844,190.7474,0,0,0,1
814.9902,814.99,0.019002,0.01578,825.5255,729.9485,0,190.3909,3.536384,3.536384,19.72259,NaN,NaN,NaN,NaN,0,20.1,9.259888,0,-17.83997,-0.8876,0,0.4607,729.9485,0,1,0,0,-0.4607,0,-0.8876,190.3909,0,0,0,1
815.0051,815,0.01488,0.0156,825.5396,730.0405,0,190.2122,3.539024,3.539024,19.78119,NaN,NaN,NaN,NaN,0,20.1,9.19824,0,-17.87184,-0.8891,0,0.4576,730.0405,0,1,0,0,-0.4576,0,-0.8891,190.2122,0,0,0,1
815.0244,815.02,0.019276,0.016335,825.5593,730.2227,0,189.8538,3.541832,3.541832,19.78119,NaN,NaN,NaN,NaN,0,20.1,9.074617,0,-17.93492,-0.8923,0,0.4515,730.2227,0,1,0,0,-0.4515,0,-0.8923,189.8538,0,0,0,1
815.0372,815.03,0.012885,0.015645,825.5718,730.3128,0,189.6741,3.543216,3.543216,19.78119,NaN,NaN,NaN,NaN,0,20.1,9.012644,0,-17.96614,-0.8938,0,0.4484,730.3128,0,1,0,0,-0.4484,0,-0.8938,189.6741,0,0,0,1
815.0531,815.05,0.015837,0.015683,825.588,730.4911,0,189.3139,3.548051,3.548051,19.78119,NaN,NaN,NaN,NaN,0,20.1,8.888375,0,-18.02795,-0.8969,0,0.4422,730.4911,0,1,0,0,-0.4422,0,-0.8969,189.3139,0,0,0,1
815.0693,815.06,0.016204,0.015787,825.6039,730.5794,0,189.1333,3.549163,3.549163,19.74456,NaN,NaN,NaN,NaN,0,20.1,8.826197,0,-18.05847,-0.8984,0,0.4391,730.5794,0,1,0,0,-0.4391,0,-0.8984,189.1333,0,0,0,1
815.0875,815.08,0.018174,0.016265,825.6229,730.7541,0,188.7712,3.551393,3.551393,19.68963,NaN,NaN,NaN,NaN,0,20.1,8.701874,0,-18.11871,-0.9014,0,0.4329,730.7541,0,1,0,0,-0.4329,0,-0.9014,188.7712,0,0,0,1
815.1066,815.1,0.019134,0.016839,825.642,730.9263,0,188.4079,3.556161,3.556161,19.57977,NaN,NaN,NaN,NaN,0,20.1,8.577836,0,-18.17776,-0.9044,0,0.4268,730.9263,0,1,0,0,-0.4268,0,-0.9044,188.4079,0,0,0,1
815.1241,815.12,0.017569,0.016985,825.66,731.0959,0,188.0435,3.55715,3.55715,19.41497,NaN,NaN,NaN,NaN,0,20.1,8.454449,0,-18.23547,-0.9072,0,0.4206,731.0959,0,1,0,0,-0.4206,0,-0.9072,188.0435,0,0,0,1
815.1412,815.14,0.017028,0.016993,825.6765,731.2632,0,187.6779,3.560726,3.560726,19.24652,NaN,NaN,NaN,NaN,0,20.1,8.331747,0,-18.29186,-0.91,0,0.4145,731.2632,0,1,0,0,-0.4145,0,-0.91,187.6779,0,0,0,1
815.1578,815.15,0.016552,0.016905,825.6934,731.3459,0,187.4948,3.562332,3.562332,19.09269,NaN,NaN,NaN,NaN,0,20.1,8.270748,0,-18.31952,-0.9114,0,0.4115,731.3459,0,1,0,0,-0.4115,0,-0.9114,187.4948,0,0,0,1
815.1761,815.17,0.018386,0.017201,825.7114,731.5095,0,187.1275,3.56322,3.56322,18.91691,NaN,NaN,NaN,NaN,0,20.1,8.1496,0,-18.37374,-0.9141,0,0.4055,731.5095,0,1,0,0,-0.4055,0,-0.9141,187.1275,0,0,0,1
815.1926,815.19,0.016439,0.017049,825.7276,731.6707,0,186.7593,3.566552,3.566552,18.69719,NaN,NaN,NaN,NaN,0,20.1,8.02951,0,-18.42653,-0.9167,0,0.3995,731.6707,0,1,0,0,-0.3995,0,-0.9167,186.7593,0,0,0,1
815.2133,815.21,0.020692,0.017777,825.7485,731.8295,0,186.39,3.567012,3.567012,18.54704,NaN,NaN,NaN,NaN,0,20.1,7.910048,0,-18.47813,-0.9193,0,0.3935,731.8295,0,1,0,0,-0.3935,0,-0.9193,186.39,0,0,0,1
815.2268,815.22,0.013547,0.016931,825.7617,731.908,0,186.2049,3.567614,3.567614,18.35661,NaN,NaN,NaN,NaN,0,20.1,7.850806,0,-18.50338,-0.9206,0,0.3906,731.908,0,1,0,0,-0.3906,0,-0.9206,186.2049,0,0,0,1
815.2431,815.24,0.016293,0.016804,825.7784,732.0632,0,185.8341,3.570566,3.570566,18.25406,NaN,NaN,NaN,NaN,0,20.1,7.732746,0,-18.55303,-0.923,0,0.3847,732.0632,0,1,0,0,-0.3847,0,-0.923,185.8341,0,0,0,1
815.2585,815.25,0.015457,0.016534,825.7935,732.14,0,185.6483,3.569834,3.569834,18.15152,NaN,NaN,NaN,NaN,0,20.1,7.67393,0,-18.57743,-0.9243,0,0.3818,732.14,0,1,0,0,-0.3818,0,-0.9243,185.6483,0,0,0,1
815.2726,815.27,0.014041,0.016036,825.8083,732.2917,0,185.2761,3.569932,3.569932,18.09292,NaN,NaN,NaN,NaN,0,20.1,7.556449,0,-18.62552,-0.9266,0,0.3759,732.2917,0,1,0,0,-0.3759,0,-0.9266,185.2761,0,0,0,1
815.2902,815.29,0.017522,0.016333,825.8253,732.441,0,184.9029,3.571447,3.571447,18.06363,NaN,NaN,NaN,NaN,0,20.1,7.438859,0,-18.6728,-0.929,0,0.3701,732.441,0,1,0,0,-0.3701,0,-0.929,184.9029,0,0,0,1
815.314,815.31,0.023874,0.017841,825.849,732.588,0,184.5287,3.569962,3.569962,18.0563,NaN,NaN,NaN,NaN,0,20.1,7.32102,0,-18.71932,-0.9313,0,0.3642,732.588,0,1,0,0,-0.3642,0,-0.9313,184.5287,0,0,0,1
815.3309,815.33,0.016871,0.017647,825.866,732.7327,0,184.1536,3.570799,3.570799,18.0563,NaN,NaN,NaN,NaN,0,20.1,7.202891,0,-18.76509,-0.9336,0,0.3584,732.7327,0,1,0,0,-0.3584,0,-0.9336,184.1536,0,0,0,1
815.3459,815.34,0.015003,0.017118,825.8803,732.8041,0,183.9657,3.570099,3.570099,18.0563,NaN,NaN,NaN,NaN,0,20.1,7.143719,0,-18.78769,-0.9347,0,0.3554,732.8041,0,1,0,0,-0.3554,0,-0.9347,183.9657,0,0,0,1
815.3588,815.35,0.012946,0.016284,825.8932,732.8749,0,183.7776,3.568782,3.568782,18.0563,NaN,NaN,NaN,NaN,0,20.1,7.084475,0,-18.81012,-0.9358,0,0.3525,732.8749,0,1,0,0,-0.3525,0,-0.9358,183.7776,0,0,0,1
815.3771,815.37,0.018255,0.016678,825.9119,733.0148,0,183.4008,3.567975,3.567975,18.0563,NaN,NaN,NaN,NaN,0,20.1,6.965778,0,-18.85439,-0.938,0,0.3466,733.0148,0,1,0,0,-0.3466,0,-0.938,183.4008,0,0,0,1
815.3906,815.39,0.013567,0.016056,825.9255,733.1524,0,183.023,3.566403,3.566403,18.0563,NaN,NaN,NaN,NaN,0,20.1,6.846803,0,-18.89792,-0.9402,0,0.3406,733.1524,0,1,0,0,-0.3406,0,-0.9402,183.023,0,0,0,1
815.4116,815.41,0.020925,0.01703,825.9467,733.2875,0,182.6444,3.563915,3.563915,18.0563,NaN,NaN,NaN,NaN,0,20.1,6.727557,0,-18.9407,-0.9423,0,0.3347,733.2875,0,1,0,0,-0.3347,0,-0.9423,182.6444,0,0,0,1
815.4246,815.42,0.012963,0.016216,825.959,733.3542,0,182.4548,3.563608,3.563608,18.0563,NaN,NaN,NaN,NaN,0,20.1,6.667834,0,-18.96181,-0.9434,0,0.3317,733.3542,0,1,0,0,-0.3317,0,-0.9434,182.4548,0,0,0,1
815.4384,815.43,0.013894,0.015752,825.9728,733.4203,0,182.265,3.562869,3.562869,18.0563,NaN,NaN,NaN,NaN,0,20.1,6.608045,0,-18.98273,-0.9444,0,0.3288,733.4203,0,1,0,0,-0.3288,0,-0.9444,182.265,0,0,0,1
815.4514,815.45,0.012913,0.015184,825.9862,733.5507,0,181.8847,3.558709,3.558709,18.0563,NaN,NaN,NaN,NaN,0,20.1,6.488269,0,-19.02399,-0.9465,0,0.3228,733.5507,0,1,0,0,-0.3228,0,-0.9465,181.8847,0,0,0,1
815.4653,815.46,0.014018,0.014951,825.9998,733.6149,0,181.6943,3.557474,3.557474,18.0563,NaN,NaN,NaN,NaN,0,20.1,6.428285,0,-19.04435,-0.9475,0,0.3198,733.6149,0,1,0,0,-0.3198,0,-0.9475,181.6943,0,0,0,1
815.4784,815.47,0.013036,0.014568,826.0128,733.6786,0,181.5036,3.556898,3.556898,18.0563,NaN,NaN,NaN,NaN,0,20.1,6.368236,0,-19.06451,-0.9485,0,0.3168,733.6786,0,1,0,0,-0.3168,0,-0.9485,181.5036,0,0,0,1
815.491,815.49,0.012625,0.014179,826.0259,733.8042,0,181.1217,3.552256,3.552256,18.0563,NaN,NaN,NaN,NaN,0,20.1,6.24795,0,-19.10427,-0.9505,0,0.3108,733.8042,0,1,0,0,-0.3108,0,-0.9505,181.1217,0,0,0,1
815.5117,815.51,0.020708,0.015485,826.0466,733.9274,0,180.7391,3.548779,3.548779,18.0563,NaN,NaN,NaN,NaN,0,20.1,6.127417,0,-19.14327,-0.9524,0,0.3048,733.9274,0,1,0,0,-0.3048,0,-0.9524,180.7391,0,0,0,1
815.5243,815.52,0.012573,0.014903,826.0587,733.988,0,180.5474,3.547938,3.547938,18.0563,NaN,NaN,NaN,NaN,0,20.1,6.067058,0,-19.16249,-0.9534,0,0.3018,733.988,0,1,0,0,-0.3018,0,-0.9534,180.5474,0,0,0,1
815.5443,815.54,0.020029,0.015928,826.079,734.1075,0,180.1636,3.541811,3.541811,18.0563,NaN,NaN,NaN,NaN,0,20.1,5.946159,0,-19.20035,-0.9552,0,0.2958,734.1075,0,1,0,0,-0.2958,0,-0.9552,180.1636,0,0,0,1
815.5569,815.55,0.012623,0.015267,826.0914,734.1664,0,179.9714,3.539577,3.539577,18.0563,NaN,NaN,NaN,NaN,0,20.1,5.885621,0,-19.21899,-0.9562,0,0.2928,734.1664,0,1,0,0,-0.2928,0,-0.9562,179.9714,0,0,0,1
