time,fixedTime,deltaTime,smoothDeltaTime,realtimeSinceStartup,pos_x,pos_y,pos_z,distFromRoadCenter,signedDistFromRoadCenter,wheelAngle,obstacle_pos_x,obstacle_pos_y,obstacle_pos_z,distance_to_obstacle,brake_position,car_speed,car_vel_x,car_vel_y,car_vel_z,simplecar_4x4_R0C0,simplecar_4x4_R0C1,simplecar_4x4_R0C2,simplecar_4x4_R0C3,simplecar_4x4_R1C0,simplecar_4x4_R1C1,simplecar_4x4_R1C2,simplecar_4x4_R1C3,simplecar_4x4_R2C0,simplecar_4x4_R2C1,simplecar_4x4_R2C2,simplecar_4x4_R2C3,simplecar_4x4_R3C0,simplecar_4x4_R3C1,simplecar_4x4_R3C2,simplecar_4x4_R3C3
483.3313,483.33,0.02208,0.016056,493.8724,60.54147,0,915.9791,1.339639,1.339639,-0.379036,NaN,NaN,NaN,NaN,0,20.1,17.53081,0,9.832636,0.4892,0,0.8722,60.5415,0,1,0,0,-0.8722,0,0.4892,915.9791,0,0,0,1
483.3531,483.35,0.021737,0.017192,493.8879,60.89206,0,916.1758,1.344851,1.344851,-0.379036,NaN,NaN,NaN,NaN,0,20.1,17.52951,0,9.834954,0.4893,0,0.8721,60.8921,0,1,0,0,-0.8721,0,0.4893,916.1758,0,0,0,1
483.3677,483.36,0.014628,0.016679,493.9022,61.06735,0,916.2742,1.347396,1.347396,-0.379036,NaN,NaN,NaN,NaN,0,20.1,17.52886,0,9.836114,0.4894,0,0.8721,61.0674,0,1,0,0,-0.8721,0,0.4894,916.2742,0,0,0,1
483.3828,483.38,0.015134,0.01637,493.918,61.41791,0,916.4709,1.352537,1.352537,-0.349739,NaN,NaN,NaN,NaN,0,20.1,17.52766,0,9.838255,0.4895,0,0.872,61.4179,0,1,0,0,-0.872,0,0.4895,916.4709,0,0,0,1
483.3981,483.39,0.015253,0.016147,493.933,61.59319,0,916.5693,1.35508,1.35508,-0.26551,NaN,NaN,NaN,NaN,0,20.1,17.5272,0,9.839067,0.4895,0,0.872,61.5932,0,1,0,0,-0.872,0,0.4895,916.5693,0,0,0,1
483.4137,483.41,0.015578,0.016033,493.9486,61.94372,0,916.7661,1.360166,1.360166,-0.184937,NaN,NaN,NaN,NaN,0,20.1,17.52657,0,9.840199,0.4896,0,0.872,61.9437,0,1,0,0,-0.872,0,0.4896,916.7661,0,0,0,1
483.4306,483.43,0.016939,0.016214,493.966,62.29425,0,916.963,1.365236,1.365236,-0.093384,NaN,NaN,NaN,NaN,0,20.1,17.52625,0,9.84077,0.4896,0,0.872,62.2943,0,1,0,0,-0.872,0,0.4896,916.963,0,0,0,1
483.4511,483.45,0.020505,0.017072,493.9862,62.64477,0,917.1597,1.370386,1.370386,0.042114,NaN,NaN,NaN,NaN,0,20.1,17.52639,0,9.840513,0.4896,0,0.872,62.6448,0,1,0,0,-0.872,0,0.4896,917.1597,0,0,0,1
483.4661,483.46,0.015003,0.016658,494.0007,62.82004,0,917.2581,1.372928,1.372928,0.166626,NaN,NaN,NaN,NaN,0,20.1,17.52668,0,9.840003,0.4896,0,0.872,62.82,0,1,0,0,-0.872,0,0.4896,917.2581,0,0,0,1
483.4814,483.48,0.015262,0.016379,494.0168,63.17059,0,917.4549,1.378002,1.378002,0.265503,NaN,NaN,NaN,NaN,0,20.1,17.52759,0,9.838381,0.4895,0,0.872,63.1706,0,1,0,0,-0.872,0,0.4895,917.4549,0,0,0,1
483.4996,483.49,0.018199,0.016743,494.0344,63.34587,0,917.5532,1.380612,1.380612,0.371704,NaN,NaN,NaN,NaN,0,20.1,17.52823,0,9.837243,0.4894,0,0.8721,63.3459,0,1,0,0,-0.8721,0,0.4894,917.5532,0,0,0,1
483.514,483.51,0.014429,0.01628,494.0491,63.69646,0,917.7499,1.385825,1.385825,0.521865,NaN,NaN,NaN,NaN,0,20.1,17.53002,0,9.834051,0.4893,0,0.8721,63.6965,0,1,0,0,-0.8721,0,0.4893,917.7499,0,0,0,1
483.5304,483.53,0.016407,0.016306,494.0656,64.0471,0,917.9465,1.391175,1.391175,0.646377,NaN,NaN,NaN,NaN,0,20.1,17.53224,0,9.830094,0.4891,0,0.8723,64.0471,0,1,0,0,-0.8723,0,0.4891,917.9465,0,0,0,1
483.5536,483.55,0.023254,0.017695,494.089,64.39778,0,918.1431,1.396595,1.396595,0.785537,NaN,NaN,NaN,NaN,0,20.1,17.53493,0,9.825287,0.4888,0,0.8724,64.3978,0,1,0,0,-0.8724,0,0.4888,918.1431,0,0,0,1
483.5701,483.57,0.0164,0.017436,494.1052,64.74854,0,918.3395,1.402105,1.402105,1.005263,NaN,NaN,NaN,NaN,0,20.1,17.53838,0,9.819133,0.4885,0,0.8726,64.7485,0,1,0,0,-0.8726,0,0.4885,918.3395,0,0,0,1
483.5861,483.58,0.016071,0.017163,494.1209,64.92393,0,918.4376,1.404982,1.404982,1.144423,NaN,NaN,NaN,NaN,0,20.1,17.54034,0,9.815631,0.4883,0,0.8727,64.9239,0,1,0,0,-0.8727,0,0.4883,918.4376,0,0,0,1
483.6015,483.6,0.015385,0.016808,494.1366,65.2748,0,918.6338,1.410766,1.410766,1.279922,NaN,NaN,NaN,NaN,0,20.1,17.54472,0,9.807792,0.4879,0,0.8729,65.2748,0,1,0,0,-0.8729,0,0.4879,918.6338,0,0,0,1
483.6215,483.62,0.019974,0.017441,494.1567,65.62576,0,918.83,1.416622,1.416622,1.397109,NaN,NaN,NaN,NaN,0,20.1,17.5495,0,9.799235,0.4875,0,0.8731,65.6258,0,1,0,0,-0.8731,0,0.4875,918.83,0,0,0,1
483.6414,483.64,0.019907,0.017934,494.1769,65.97683,0,919.0258,1.422829,1.422829,1.539946,NaN,NaN,NaN,NaN,0,20.1,17.55477,0,9.789803,0.4871,0,0.8734,65.9768,0,1,0,0,-0.8734,0,0.4871,919.0258,0,0,0,1
483.6577,483.65,0.016334,0.017614,494.1928,66.1524,0,919.1236,1.426005,1.426005,1.646147,NaN,NaN,NaN,NaN,0,20.1,17.55758,0,9.784759,0.4868,0,0.8735,66.1524,0,1,0,0,-0.8735,0,0.4868,919.1236,0,0,0,1
483.6737,483.67,0.015965,0.017284,494.2091,66.50365,0,919.3191,1.432565,1.432565,1.726713,NaN,NaN,NaN,NaN,0,20.1,17.56347,0,9.774173,0.4863,0,0.8738,66.5037,0,1,0,0,-0.8738,0,0.4863,919.3191,0,0,0,1
483.6879,483.68,0.01421,0.016669,494.2225,66.67931,0,919.4167,1.435953,1.435953,1.796293,NaN,NaN,NaN,NaN,0,20.1,17.56654,0,9.768665,0.486,0,0.874,66.6793,0,1,0,0,-0.874,0,0.486,919.4167,0,0,0,1
483.7075,483.7,0.01958,0.017252,494.2428,67.03074,0,919.612,1.442854,1.442854,1.851225,NaN,NaN,NaN,NaN,0,20.1,17.57285,0,9.757312,0.4854,0,0.8743,67.0307,0,1,0,0,-0.8743,0,0.4854,919.612,0,0,0,1
483.7223,483.72,0.014847,0.016771,494.2575,67.38229,0,919.807,1.449981,1.449981,1.913481,NaN,NaN,NaN,NaN,0,20.1,17.57936,0,9.745572,0.4849,0,0.8746,67.3823,0,1,0,0,-0.8746,0,0.4849,919.807,0,0,0,1
483.7399,483.73,0.017593,0.016935,494.2745,67.55812,0,919.9044,1.453706,1.453706,1.950102,NaN,NaN,NaN,NaN,0,20.1,17.58267,0,9.73959,0.4846,0,0.8748,67.5581,0,1,0,0,-0.8748,0,0.4846,919.9044,0,0,0,1
483.7523,483.75,0.012339,0.016016,494.2879,67.90987,0,920.0991,1.461258,1.461258,1.990385,NaN,NaN,NaN,NaN,0,20.1,17.58944,0,9.72737,0.4839,0,0.8751,67.9099,0,1,0,0,-0.8751,0,0.4839,920.0991,0,0,0,1
483.7664,483.76,0.014179,0.015648,494.3011,68.0858,0,920.1963,1.465138,1.465138,2.019682,NaN,NaN,NaN,NaN,0,20.1,17.59286,0,9.721169,0.4836,0,0.8753,68.0858,0,1,0,0,-0.8753,0,0.4836,920.1963,0,0,0,1
483.7797,483.77,0.013246,0.015168,494.3141,68.26176,0,920.2935,1.46909,1.46909,2.052641,NaN,NaN,NaN,NaN,0,20.1,17.59635,0,9.714867,0.4833,0,0.8754,68.2618,0,1,0,0,-0.8754,0,0.4833,920.2935,0,0,0,1
483.7928,483.79,0.013162,0.014767,494.3279,68.6138,0,920.4877,1.477194,1.477194,2.0856,NaN,NaN,NaN,NaN,0,20.1,17.60341,0,9.702056,0.4827,0,0.8758,68.6138,0,1,0,0,-0.8758,0,0.4827,920.4877,0,0,0,1
483.8073,483.8,0.014502,0.014714,494.342,68.78987,0,920.5846,1.481422,1.481422,2.136869,NaN,NaN,NaN,NaN,0,20.1,17.60703,0,9.695489,0.4824,0,0.876,68.7899,0,1,0,0,-0.876,0,0.4824,920.5846,0,0,0,1
483.8207,483.82,0.013322,0.014435,494.3558,69.14214,0,920.7783,1.490094,1.490094,2.20645,NaN,NaN,NaN,NaN,0,20.1,17.61449,0,9.681924,0.4817,0,0.8763,69.1421,0,1,0,0,-0.8763,0,0.4817,920.7783,0,0,0,1
483.8407,483.84,0.020007,0.01555,494.3759,69.49454,0,920.9717,1.498982,1.498982,2.29434,NaN,NaN,NaN,NaN,0,20.1,17.62224,0,9.667812,0.481,0,0.8767,69.4945,0,1,0,0,-0.8767,0,0.481,920.9717,0,0,0,1
483.8552,483.85,0.014528,0.015345,494.39,69.6708,0,921.0683,1.50363,1.50363,2.448163,NaN,NaN,NaN,NaN,0,20.1,17.62637,0,9.660283,0.4806,0,0.8769,69.6708,0,1,0,0,-0.8769,0,0.4806,921.0683,0,0,0,1
483.8732,483.87,0.018015,0.015879,494.4082,70.02346,0,921.2612,1.513147,1.513147,2.623944,NaN,NaN,NaN,NaN,0,20.1,17.63521,0,9.644135,0.4798,0,0.8774,70.0235,0,1,0,0,-0.8774,0,0.4798,921.2612,0,0,0,1
483.8869,483.88,0.013666,0.015437,494.4218,70.19986,0,921.3576,1.518011,1.518011,2.843671,NaN,NaN,NaN,NaN,0,20.1,17.64,0,9.635381,0.4794,0,0.8776,70.1999,0,1,0,0,-0.8776,0,0.4794,921.3576,0,0,0,1
483.9028,483.9,0.015905,0.01553,494.438,70.55281,0,921.55,1.528091,1.528091,3.01579,NaN,NaN,NaN,NaN,0,20.1,17.65013,0,9.616804,0.4784,0,0.8781,70.5528,0,1,0,0,-0.8781,0,0.4784,921.55,0,0,0,1
483.9172,483.91,0.014381,0.0153,494.4519,70.72937,0,921.6461,1.533307,1.533307,3.290462,NaN,NaN,NaN,NaN,0,20.1,17.65565,0,9.606667,0.4779,0,0.8784,70.7294,0,1,0,0,-0.8784,0,0.4779,921.6461,0,0,0,1
483.9313,483.93,0.014133,0.015067,494.4665,71.08266,0,921.8379,1.544155,1.544155,3.513851,NaN,NaN,NaN,NaN,0,20.1,17.66742,0,9.585003,0.4769,0,0.879,71.0827,0,1,0,0,-0.879,0,0.4769,921.8379,0,0,0,1
483.9503,483.95,0.018956,0.015845,494.4853,71.43619,0,922.0292,1.555443,1.555443,3.722591,NaN,NaN,NaN,NaN,0,20.1,17.67986,0,9.562037,0.4757,0,0.8796,71.4362,0,1,0,0,-0.8796,0,0.4757,922.0292,0,0,0,1
483.9641,483.96,0.013831,0.015442,494.4989,71.61305,0,922.1248,1.561227,1.561227,3.993587,NaN,NaN,NaN,NaN,0,20.1,17.68652,0,9.549711,0.4751,0,0.8799,71.6131,0,1,0,0,-0.8799,0,0.4751,922.1248,0,0,0,1
483.9839,483.98,0.019766,0.016307,494.519,71.96699,0,922.3154,1.573359,1.573359,4.184017,NaN,NaN,NaN,NaN,0,20.1,17.70045,0,9.52387,0.4738,0,0.8806,71.967,0,1,0,0,-0.8806,0,0.4738,922.3154,0,0,0,1
483.9973,483.99,0.013473,0.01574,494.5323,72.14407,0,922.4105,1.579696,1.579696,4.440379,NaN,NaN,NaN,NaN,0,20.1,17.70782,0,9.51015,0.4731,0,0.881,72.1441,0,1,0,0,-0.881,0,0.4731,922.4105,0,0,0,1
484.011,484.01,0.013605,0.015313,494.546,72.49845,0,922.6003,1.592812,1.592812,4.59785,NaN,NaN,NaN,NaN,0,20.1,17.72307,0,9.481718,0.4717,0,0.8817,72.4985,0,1,0,0,-0.8817,0,0.4717,922.6003,0,0,0,1
484.0252,484.02,0.014286,0.015108,494.5598,72.67576,0,922.6949,1.599587,1.599587,4.718699,NaN,NaN,NaN,NaN,0,20.1,17.73087,0,9.467119,0.471,0,0.8821,72.6758,0,1,0,0,-0.8821,0,0.471,922.6949,0,0,0,1
484.039,484.03,0.013746,0.014835,494.5737,72.85315,0,922.7895,1.60656,1.60656,4.821239,NaN,NaN,NaN,NaN,0,20.1,17.73883,0,9.452197,0.4703,0,0.8825,72.8532,0,1,0,0,-0.8825,0,0.4703,922.7895,0,0,0,1
484.0525,484.05,0.013542,0.014577,494.5875,73.20817,0,922.978,1.62102,1.62102,4.909129,NaN,NaN,NaN,NaN,0,20.1,17.755,0,9.421786,0.4687,0,0.8833,73.2082,0,1,0,0,-0.8833,0,0.4687,922.978,0,0,0,1
484.0733,484.07,0.020755,0.015812,494.6082,73.56351,0,923.1661,1.636104,1.636104,4.960399,NaN,NaN,NaN,NaN,0,20.1,17.77129,0,9.391027,0.4672,0,0.8841,73.5635,0,1,0,0,-0.8841,0,0.4672,923.1661,0,0,0,1
484.0861,484.08,0.012859,0.015222,494.6207,73.74131,0,923.2598,1.644,1.644,5.008006,NaN,NaN,NaN,NaN,0,20.1,17.77949,0,9.375491,0.4664,0,0.8846,73.7413,0,1,0,0,-0.8846,0,0.4664,923.2598,0,0,0,1
484.1073,484.1,0.021193,0.016416,494.6421,74.09715,0,923.4469,1.660088,1.660088,5.011668,NaN,NaN,NaN,NaN,0,20.1,17.79586,0,9.344372,0.4649,0,0.8854,74.0972,0,1,0,0,-0.8854,0,0.4649,923.4469,0,0,0,1
484.1201,484.12,0.012797,0.015692,494.655,74.45332,0,923.6333,1.677008,1.677008,5.011668,NaN,NaN,NaN,NaN,0,20.1,17.81218,0,9.313226,0.4633,0,0.8862,74.4533,0,1,0,0,-0.8862,0,0.4633,923.6333,0,0,0,1
484.1341,484.13,0.013944,0.015342,494.6685,74.63151,0,923.7263,1.685744,1.685744,5.011668,NaN,NaN,NaN,NaN,0,20.1,17.82032,0,9.297641,0.4626,0,0.8866,74.6315,0,1,0,0,-0.8866,0,0.4626,923.7263,0,0,0,1
484.1466,484.14,0.012522,0.014778,494.681,74.80979,0,923.8191,1.694625,1.694625,5.011668,NaN,NaN,NaN,NaN,0,20.1,17.82845,0,9.282049,0.4618,0,0.887,74.8098,0,1,0,0,-0.887,0,0.4618,923.8191,0,0,0,1
484.1589,484.15,0.012272,0.014277,494.6933,74.98816,0,923.9117,1.703664,1.703664,5.011668,NaN,NaN,NaN,NaN,0,20.1,17.83656,0,9.266452,0.461,0,0.8874,74.9882,0,1,0,0,-0.8874,0,0.461,923.9117,0,0,0,1
484.1715,484.17,0.012606,0.013943,494.7066,75.34513,0,924.0966,1.722333,1.722333,5.011668,NaN,NaN,NaN,NaN,0,20.1,17.85275,0,9.235233,0.4595,0,0.8882,75.3451,0,1,0,0,-0.8882,0,0.4595,924.0966,0,0,0,1
484.1841,484.18,0.012689,0.013692,494.7185,75.52374,0,924.1888,1.731864,1.731864,5.011668,NaN,NaN,NaN,NaN,0,20.1,17.86082,0,9.219614,0.4587,0,0.8886,75.5237,0,1,0,0,-0.8886,0,0.4587,924.1888,0,0,0,1
484.2067,484.2,0.022565,0.015467,494.7416,75.8812,0,924.3727,1.751601,1.751601,5.011668,NaN,NaN,NaN,NaN,0,20.1,17.87692,0,9.188353,0.4571,0,0.8894,75.8812,0,1,0,0,-0.8894,0,0.4571,924.3727,0,0,0,1
484.2198,484.21,0.013084,0.01499,494.7543,76.06005,0,924.4645,1.761742,1.761742,5.011668,NaN,NaN,NaN,NaN,0,20.1,17.88495,0,9.172712,0.4564,0,0.8898,76.0601,0,1,0,0,-0.8898,0,0.4564,924.4645,0,0,0,1
484.2401,484.24,0.020245,0.016041,494.7758,76.59708,0,924.7388,1.793114,1.793114,5.022655,NaN,NaN,NaN,NaN,0,20.1,17.90901,0,9.125646,0.454,0,0.891,76.5971,0,1,0,0,-0.891,0,0.454,924.7388,0,0,0,1
484.2537,484.25,0.013608,0.015554,494.7882,76.77625,0,924.8298,1.80397,1.80397,5.059276,NaN,NaN,NaN,NaN,0,20.1,17.91706,0,9.109825,0.4532,0,0.8914,76.7763,0,1,0,0,-0.8914,0,0.4532,924.8298,0,0,0,1
484.2656,484.26,0.011949,0.014833,494.8005,76.95551,0,924.9208,1.814966,1.814966,5.106883,NaN,NaN,NaN,NaN,0,20.1,17.92517,0,9.093853,0.4524,0,0.8918,76.9555,0,1,0,0,-0.8918,0,0.4524,924.9208,0,0,0,1
484.2786,484.27,0.013016,0.01447,494.813,77.13484,0,925.0115,1.826175,1.826175,5.161829,NaN,NaN,NaN,NaN,0,20.1,17.93336,0,9.077702,0.4516,0,0.8922,77.1348,0,1,0,0,-0.8922,0,0.4516,925.0115,0,0,0,1
484.2921,484.29,0.013461,0.014268,494.8271,77.49374,0,925.1926,1.849027,1.849027,5.216761,NaN,NaN,NaN,NaN,0,20.1,17.94986,0,9.045032,0.45,0,0.893,77.4937,0,1,0,0,-0.893,0,0.45,925.1926,0,0,0,1
484.3065,484.3,0.014405,0.014295,494.841,77.67333,0,925.2829,1.860795,1.860795,5.304651,NaN,NaN,NaN,NaN,0,20.1,17.95823,0,9.028408,0.4492,0,0.8934,77.6733,0,1,0,0,-0.8934,0,0.4492,925.2829,0,0,0,1
484.3187,484.31,0.012235,0.013883,494.8535,77.853,0,925.373,1.872715,1.872715,5.421839,NaN,NaN,NaN,NaN,0,20.1,17.96676,0,9.011412,0.4483,0,0.8939,77.853,0,1,0,0,-0.8939,0,0.4483,925.373,0,0,0,1
484.3401,484.34,0.021427,0.015392,494.8757,78.39252,0,925.6423,1.909591,1.909591,5.524378,NaN,NaN,NaN,NaN,0,20.1,17.99276,0,8.959399,0.4457,0,0.8952,78.3925,0,1,0,0,-0.8952,0,0.4457,925.6423,0,0,0,1
484.353,484.35,0.01286,0.014886,494.8878,78.57253,0,925.7318,1.922283,1.922283,5.762415,NaN,NaN,NaN,NaN,0,20.1,18.00176,0,8.941298,0.4448,0,0.8956,78.5725,0,1,0,0,-0.8956,0,0.4448,925.7318,0,0,0,1
484.3739,484.37,0.020914,0.016091,494.9096,78.93284,0,925.9101,1.948284,1.948284,5.919886,NaN,NaN,NaN,NaN,0,20.1,18.0202,0,8.90408,0.443,0,0.8965,78.9328,0,1,0,0,-0.8965,0,0.443,925.9101,0,0,0,1
484.3875,484.38,0.013578,0.015589,494.9221,79.11314,0,925.9989,1.96162,1.96162,6.157937,NaN,NaN,NaN,NaN,0,20.1,18.02975,0,8.884706,0.442,0,0.897,79.1131,0,1,0,0,-0.897,0,0.442,925.9989,0,0,0,1
484.4021,484.4,0.014643,0.0154,494.9376,79.47403,0,926.176,1.98898,1.98898,6.315408,NaN,NaN,NaN,NaN,0,20.1,18.0493,0,8.844939,0.44,0,0.898,79.474,0,1,0,0,-0.898,0,0.44,926.176,0,0,0,1
484.4156,484.41,0.013467,0.015013,494.9503,79.65462,0,926.2642,2.003069,2.003069,6.465554,NaN,NaN,NaN,NaN,0,20.1,18.05927,0,8.824565,0.439,0,0.8985,79.6546,0,1,0,0,-0.8985,0,0.439,926.2642,0,0,0,1
484.4294,484.42,0.013737,0.014758,494.964,79.83532,0,926.3522,2.017245,2.017245,6.637673,NaN,NaN,NaN,NaN,0,20.1,18.06948,0,8.803638,0.438,0,0.899,79.8353,0,1,0,0,-0.899,0,0.438,926.3522,0,0,0,1
484.4427,484.44,0.013326,0.014471,494.9776,80.19702,0,926.5277,2.046372,2.046372,6.784158,NaN,NaN,NaN,NaN,0,20.1,18.09027,0,8.76082,0.4359,0,0.9,80.197,0,1,0,0,-0.9,0,0.4359,926.5277,0,0,0,1
484.4621,484.46,0.019404,0.015458,494.9971,80.55914,0,926.7021,2.076617,2.076617,6.912332,NaN,NaN,NaN,NaN,0,20.1,18.11136,0,8.717147,0.4337,0,0.9011,80.5591,0,1,0,0,-0.9011,0,0.4337,926.7021,0,0,0,1
484.4757,484.47,0.01362,0.01509,495.0103,80.74036,0,926.7892,2.091989,2.091989,7.102776,NaN,NaN,NaN,NaN,0,20.1,18.12215,0,8.694688,0.4326,0,0.9016,80.7404,0,1,0,0,-0.9016,0,0.4326,926.7892,0,0,0,1
484.4948,484.49,0.019151,0.015902,495.0299,81.10313,0,926.9624,2.123638,2.123638,7.223625,NaN,NaN,NaN,NaN,0,20.1,18.14402,0,8.648964,0.4303,0,0.9027,81.1031,0,1,0,0,-0.9027,0,0.4303,926.9624,0,0,0,1
484.5101,484.51,0.015274,0.015777,495.0451,81.46635,0,927.1346,2.156294,2.156294,7.392082,NaN,NaN,NaN,NaN,0,20.1,18.16628,0,8.602118,0.428,0,0.9038,81.4664,0,1,0,0,-0.9038,0,0.428,927.1346,0,0,0,1
484.5241,484.52,0.013992,0.01542,495.0586,81.64812,0,927.2204,2.173066,2.173066,7.498283,NaN,NaN,NaN,NaN,0,20.1,18.17752,0,8.578336,0.4268,0,0.9044,81.6481,0,1,0,0,-0.9044,0,0.4268,927.2204,0,0,0,1
484.5379,484.53,0.013786,0.015093,495.0727,81.83,0,927.306,2.190051,2.190051,7.582512,NaN,NaN,NaN,NaN,0,20.1,18.18885,0,8.554273,0.4256,0,0.9049,81.83,0,1,0,0,-0.9049,0,0.4256,927.306,0,0,0,1
484.5504,484.55,0.012541,0.014583,495.0853,82.19414,0,927.4764,2.224751,2.224751,7.688713,NaN,NaN,NaN,NaN,0,20.1,18.21175,0,8.505423,0.4232,0,0.9061,82.1941,0,1,0,0,-0.9061,0,0.4232,927.4764,0,0,0,1
484.5648,484.56,0.014313,0.014529,495.0994,82.37637,0,927.5612,2.242587,2.242587,7.794914,NaN,NaN,NaN,NaN,0,20.1,18.2233,0,8.480638,0.4219,0,0.9066,82.3764,0,1,0,0,-0.9066,0,0.4219,927.5612,0,0,0,1
484.5842,484.58,0.019486,0.01552,495.1193,82.7412,0,927.73,2.279039,2.279039,7.930412,NaN,NaN,NaN,NaN,0,20.1,18.24671,0,8.430158,0.4194,0,0.9078,82.7412,0,1,0,0,-0.9078,0,0.4194,927.73,0,0,0,1
484.5971,484.59,0.012913,0.014999,495.132,82.92377,0,927.814,2.297708,2.297708,8.150153,NaN,NaN,NaN,NaN,0,20.1,18.25868,0,8.404195,0.4181,0,0.9084,82.9238,0,1,0,0,-0.9084,0,0.4181,927.814,0,0,0,1
484.6177,484.61,0.020566,0.016112,495.1525,83.28931,0,927.9813,2.335853,2.335853,8.329597,NaN,NaN,NaN,NaN,0,20.1,18.28304,0,8.351069,0.4155,0,0.9096,83.2893,0,1,0,0,-0.9096,0,0.4155,927.9813,0,0,0,1
484.63,484.62,0.012253,0.01534,495.1646,83.47227,0,928.0646,2.355377,2.355377,8.633552,NaN,NaN,NaN,NaN,0,20.1,18.29561,0,8.32351,0.4141,0,0.9102,83.4723,0,1,0,0,-0.9102,0,0.4141,928.0646,0,0,0,1
484.6435,484.64,0.013482,0.014968,495.1786,83.83856,0,928.2301,2.395425,2.395425,8.823981,NaN,NaN,NaN,NaN,0,20.1,18.32116,0,8.26712,0.4113,0,0.9115,83.8386,0,1,0,0,-0.9115,0,0.4113,928.2301,0,0,0,1
484.6568,484.65,0.013393,0.014653,495.1916,84.0219,0,928.3126,2.415805,2.415805,9.098654,NaN,NaN,NaN,NaN,0,20.1,18.33426,0,8.238014,0.4099,0,0.9122,84.0219,0,1,0,0,-0.9122,0,0.4099,928.3126,0,0,0,1
484.6696,484.66,0.012817,0.014286,495.2045,84.20538,0,928.3947,2.436598,2.436598,9.355001,NaN,NaN,NaN,NaN,0,20.1,18.34769,0,8.208066,0.4084,0,0.9128,84.2054,0,1,0,0,-0.9128,0,0.4084,928.3947,0,0,0,1
484.6824,484.68,0.012751,0.013979,495.2178,84.57275,0,928.5579,2.479122,2.479122,9.662619,NaN,NaN,NaN,NaN,0,20.1,18.37527,0,8.146135,0.4053,0,0.9142,84.5728,0,1,0,0,-0.9142,0,0.4053,928.5579,0,0,0,1
484.695,484.69,0.012551,0.013694,495.2296,84.75665,0,928.639,2.50097,2.50097,9.933629,NaN,NaN,NaN,NaN,0,20.1,18.38936,0,8.114265,0.4037,0,0.9149,84.7567,0,1,0,0,-0.9149,0,0.4037,928.639,0,0,0,1
484.7082,484.7,0.013264,0.013608,495.2429,84.94068,0,928.7198,2.523115,2.523115,10.20829,NaN,NaN,NaN,NaN,0,20.1,18.40379,0,8.081489,0.4021,0,0.9156,84.9407,0,1,0,0,-0.9156,0,0.4021,928.7198,0,0,0,1
484.7273,484.72,0.019103,0.014707,495.2622,85.3092,0,928.8805,2.568515,2.568515,10.52689,NaN,NaN,NaN,NaN,0,20.1,18.43336,0,8.013805,0.3987,0,0.9171,85.3092,0,1,0,0,-0.9171,0,0.3987,928.8805,0,0,0,1
484.7415,484.74,0.014145,0.014594,495.2765,85.67833,0,929.0397,2.615472,2.615472,10.9627,NaN,NaN,NaN,NaN,0,20.1,18.4639,0,7.943208,0.3952,0,0.9186,85.6783,0,1,0,0,-0.9186,0,0.3952,929.0397,0,0,0,1
484.7617,484.76,0.020279,0.015731,495.2967,86.04807,0,929.1974,2.663976,2.663976,11.23735,NaN,NaN,NaN,NaN,0,20.1,18.49491,0,7.870721,0.3916,0,0.9201,86.0481,0,1,0,0,-0.9201,0,0.3916,929.1974,0,0,0,1
484.7751,484.77,0.013295,0.015244,495.3098,86.23318,0,929.2758,2.688857,2.688857,11.66948,NaN,NaN,NaN,NaN,0,20.1,18.5109,0,7.833037,0.3897,0,0.9209,86.2332,0,1,0,0,-0.9209,0,0.3897,929.2758,0,0,0,1
484.7878,484.78,0.012796,0.014754,495.3226,86.41846,0,929.3538,2.714041,2.714041,11.98078,NaN,NaN,NaN,NaN,0,20.1,18.52724,0,7.794312,0.3878,0,0.9218,86.4185,0,1,0,0,-0.9218,0,0.3878,929.3538,0,0,0,1
484.8014,484.8,0.013507,0.014505,495.3363,86.7895,0,929.5084,2.763958,2.763958,12.24079,NaN,NaN,NaN,NaN,0,20.1,18.56038,0,7.715075,0.3838,0,0.9234,86.7895,0,1,0,0,-0.9234,0,0.3838,929.5084,0,0,0,1
484.8148,484.81,0.013422,0.014288,495.3494,86.97527,0,929.5851,2.788389,2.788389,12.55939,NaN,NaN,NaN,NaN,0,20.1,18.57725,0,7.674372,0.3818,0,0.9242,86.9753,0,1,0,0,-0.9242,0,0.3818,929.5851,0,0,0,1
484.8279,484.82,0.013181,0.014067,495.3627,87.16122,0,929.6615,2.812996,2.812996,12.82308,NaN,NaN,NaN,NaN,0,20.1,18.59437,0,7.632777,0.3797,0,0.9251,87.1612,0,1,0,0,-0.9251,0,0.3797,929.6615,0,0,0,1
484.8434,484.84,0.015482,0.01435,495.3784,87.53363,0,929.8129,2.863464,2.863464,13.15267,NaN,NaN,NaN,NaN,0,20.1,18.62922,0,7.547327,0.3755,0,0.9268,87.5336,0,1,0,0,-0.9268,0,0.3755,929.8129,0,0,0,1
484.8619,484.86,0.018471,0.015174,495.3968,87.90675,0,929.9625,2.907145,2.907145,13.4969,NaN,NaN,NaN,NaN,0,20.1,18.66457,0,7.459476,0.3711,0,0.9286,87.9068,0,1,0,0,-0.9286,0,0.3711,929.9625,0,0,0,1
484.8756,484.87,0.013738,0.014887,495.4102,88.09357,0,930.0366,2.929676,2.929676,13.90341,NaN,NaN,NaN,NaN,0,20.1,18.68262,0,7.414161,0.3689,0,0.9295,88.0936,0,1,0,0,-0.9295,0,0.3689,930.0366,0,0,0,1
484.8955,484.89,0.01988,0.015885,495.4304,88.46778,0,930.1836,2.974288,2.974288,14.20004,NaN,NaN,NaN,NaN,0,20.1,18.71914,0,7.321466,0.3643,0,0.9313,88.4678,0,1,0,0,-0.9313,0,0.3643,930.1836,0,0,0,1
484.9102,484.91,0.014687,0.015646,495.4494,88.84271,0,930.3286,3.013782,3.013782,14.60655,NaN,NaN,NaN,NaN,0,20.1,18.75623,0,7.225928,0.3595,0,0.9331,88.8427,0,1,0,0,-0.9331,0,0.3595,930.3286,0,0,0,1
484.9302,484.93,0.020004,0.016517,495.4659,89.21841,0,930.4717,3.055003,3.055003,14.88487,NaN,NaN,NaN,NaN,0,20.1,18.79352,0,7.128378,0.3546,0,0.935,89.2184,0,1,0,0,-0.935,0,0.3546,930.4717,0,0,0,1
484.9476,484.94,0.017361,0.016686,495.4823,89.40653,0,930.5425,3.073297,3.073297,15.34996,NaN,NaN,NaN,NaN,0,20.1,18.81255,0,7.078003,0.3521,0,0.9359,89.4065,0,1,0,0,-0.9359,0,0.3521,930.5425,0,0,0,1
484.9648,484.96,0.017161,0.016781,495.5004,89.78336,0,930.6825,3.10886,3.10886,15.67224,NaN,NaN,NaN,NaN,0,20.1,18.85099,0,6.974979,0.347,0,0.9379,89.7834,0,1,0,0,-0.9379,0,0.347,930.6825,0,0,0,1
484.9833,484.98,0.01856,0.017137,495.5183,90.16096,0,930.8203,3.14616,3.14616,16.01648,NaN,NaN,NaN,NaN,0,20.1,18.88969,0,6.869478,0.3418,0,0.9398,90.161,0,1,0,0,-0.9398,0,0.3418,930.8203,0,0,0,1
484.9961,484.99,0.012822,0.016274,495.5312,90.35005,0,930.8885,3.161322,3.161322,16.39368,NaN,NaN,NaN,NaN,0,20.1,18.90927,0,6.815402,0.3391,0,0.9408,90.3501,0,1,0,0,-0.9408,0,0.3391,930.8885,0,0,0,1
485.0113,485.01,0.015209,0.016061,495.5468,90.72884,0,931.0233,3.193322,3.193322,16.65736,NaN,NaN,NaN,NaN,0,20.1,18.94857,0,6.705339,0.3336,0,0.9427,90.7288,0,1,0,0,-0.9427,0,0.3336,931.0233,0,0,0,1
485.0257,485.02,0.01437,0.015723,495.5602,90.91851,0,931.0897,3.210153,3.210153,17.00892,NaN,NaN,NaN,NaN,0,20.1,18.9684,0,6.64906,0.3308,0,0.9437,90.9185,0,1,0,0,-0.9437,0,0.3308,931.0897,0,0,0,1
485.0383,485.03,0.012602,0.015099,495.5729,91.10838,0,931.1556,3.225591,3.225591,17.30556,NaN,NaN,NaN,NaN,0,20.1,18.98839,0,6.591738,0.3279,0,0.9447,91.1084,0,1,0,0,-0.9447,0,0.3279,931.1556,0,0,0,1
485.0516,485.05,0.013341,0.014747,495.5865,91.48876,0,931.2857,3.253331,3.253331,17.58023,NaN,NaN,NaN,NaN,0,20.1,19.02849,0,6.475088,0.3221,0,0.9467,91.4888,0,1,0,0,-0.9467,0,0.3221,931.2857,0,0,0,1
485.0725,485.07,0.020886,0.015975,495.6078,91.86993,0,931.4134,3.283367,3.283367,17.89517,NaN,NaN,NaN,NaN,0,20.1,19.06856,0,6.356096,0.3162,0,0.9487,91.8699,0,1,0,0,-0.9487,0,0.3162,931.4134,0,0,0,1
485.0852,485.08,0.012641,0.015308,495.6201,92.06082,0,931.4763,3.295681,3.295681,18.33464,NaN,NaN,NaN,NaN,0,20.1,19.0888,0,6.295044,0.3132,0,0.9497,92.0608,0,1,0,0,-0.9497,0,0.3132,931.4763,0,0,0,1
485.1066,485.1,0.021425,0.016531,495.6421,92.44321,0,931.6003,3.320609,3.320609,18.64592,NaN,NaN,NaN,NaN,0,20.1,19.12937,0,6.170671,0.307,0,0.9517,92.4432,0,1,0,0,-0.9517,0,0.307,931.6003,0,0,0,1
485.1198,485.11,0.013258,0.015877,495.6544,92.6347,0,931.6614,3.333923,3.333923,19.12565,NaN,NaN,NaN,NaN,0,20.1,19.14986,0,6.10678,0.3038,0,0.9527,92.6347,0,1,0,0,-0.9527,0,0.3038,931.6614,0,0,0,1
485.1322,485.13,0.012372,0.015176,495.6671,93.01832,0,931.7816,3.357175,3.357175,19.35272,NaN,NaN,NaN,NaN,0,20.1,19.19068,0,5.977276,0.2974,0,0.9548,93.0183,0,1,0,0,-0.9548,0,0.2974,931.7816,0,0,0,1
485.1447,485.14,0.01249,0.014638,495.6794,93.21043,0,931.8408,3.368075,3.368075,19.57611,NaN,NaN,NaN,NaN,0,20.1,19.21099,0,5.911672,0.2941,0,0.9558,93.2104,0,1,0,0,-0.9558,0,0.2941,931.8408,0,0,0,1
485.157,485.15,0.012296,0.01417,495.6917,93.40274,0,931.8992,3.379557,3.379557,19.7995,NaN,NaN,NaN,NaN,0,20.1,19.2313,0,5.845251,0.2908,0,0.9568,93.4027,0,1,0,0,-0.9568,0,0.2908,931.8992,0,0,0,1
485.1708,485.17,0.01377,0.01409,495.7064,93.78797,0,932.0142,3.401808,3.401808,20.03387,NaN,NaN,NaN,NaN,0,20.1,19.27171,0,5.710625,0.2841,0,0.9588,93.788,0,1,0,0,-0.9588,0,0.2841,932.0142,0,0,0,1
485.1844,485.18,0.013577,0.013987,495.7189,93.98089,0,932.0706,3.410988,3.410988,20.24629,NaN,NaN,NaN,NaN,0,20.1,19.29177,0,5.64249,0.2807,0,0.9598,93.9809,0,1,0,0,-0.9598,0,0.2807,932.0706,0,0,0,1
485.199,485.19,0.014672,0.014124,495.7337,94.174,0,932.1263,3.420805,3.420805,20.38178,NaN,NaN,NaN,NaN,0,20.1,19.31172,0,5.573828,0.2773,0,0.9608,94.174,0,1,0,0,-0.9608,0,0.2773,932.1263,0,0,0,1
485.2183,485.21,0.019252,0.01515,495.7538,94.56083,0,932.2357,3.442232,3.442232,20.53559,NaN,NaN,NaN,NaN,0,20.1,19.35118,0,5.435252,0.2704,0,0.9627,94.5608,0,1,0,0,-0.9627,0,0.2704,932.2357,0,0,0,1
485.2358,485.23,0.017516,0.015623,495.7711,94.94844,0,932.3423,3.457849,3.457849,20.66743,NaN,NaN,NaN,NaN,0,20.1,19.38989,0,5.295506,0.2635,0,0.9647,94.9484,0,1,0,0,-0.9647,0,0.2635,932.3423,0,0,0,1
485.2499,485.24,0.014126,0.015324,495.7844,95.14253,0,932.3946,3.466603,3.466603,20.72236,NaN,NaN,NaN,NaN,0,20.1,19.40891,0,5.225345,0.26,0,0.9656,95.1425,0,1,0,0,-0.9656,0,0.26,932.3946,0,0,0,1
485.2631,485.26,0.013125,0.014884,495.799,95.53127,0,932.497,3.484213,3.484213,20.72236,NaN,NaN,NaN,NaN,0,20.1,19.4462,0,5.084814,0.253,0,0.9675,95.5313,0,1,0,0,-0.9675,0,0.253,932.497,0,0,0,1
485.2777,485.27,0.014654,0.014838,495.8122,95.72591,0,932.5472,3.490669,3.490669,20.72236,NaN,NaN,NaN,NaN,0,20.1,19.46446,0,5.01445,0.2495,0,0.9684,95.7259,0,1,0,0,-0.9684,0,0.2495,932.5472,0,0,0,1
485.2911,485.29,0.013404,0.014551,495.8262,96.11574,0,932.6453,3.505593,3.505593,20.72236,NaN,NaN,NaN,NaN,0,20.1,19.50023,0,4.873523,0.2425,0,0.9702,96.1157,0,1,0,0,-0.9702,0,0.2425,932.6453,0,0,0,1
485.3036,485.3,0.01245,0.014131,495.8382,96.31091,0,932.6934,3.513988,3.513988,20.72236,NaN,NaN,NaN,NaN,0,20.1,19.51772,0,4.802967,0.239,0,0.971,96.3109,0,1,0,0,-0.971,0,0.239,932.6934,0,0,0,1
485.3173,485.31,0.013703,0.014045,495.8517,96.50626,0,932.7407,3.519476,3.519476,20.72236,NaN,NaN,NaN,NaN,0,20.1,19.53497,0,4.732346,0.2354,0,0.9719,96.5063,0,1,0,0,-0.9719,0,0.2354,932.7407,0,0,0,1
485.3286,485.32,0.011362,0.013509,495.8631,96.70178,0,932.7873,3.524917,3.524917,20.72236,NaN,NaN,NaN,NaN,0,20.1,19.55196,0,4.661661,0.2319,0,0.9727,96.7018,0,1,0,0,-0.9727,0,0.2319,932.7873,0,0,0,1
485.3416,485.34,0.012961,0.013399,495.8766,97.09332,0,932.8784,3.537907,3.537907,20.72236,NaN,NaN,NaN,NaN,0,20.1,19.58517,0,4.520109,0.2249,0,0.9744,97.0933,0,1,0,0,-0.9744,0,0.2249,932.8784,0,0,0,1
485.3624,485.36,0.020848,0.014889,495.8973,97.48552,0,932.9667,3.547903,3.547903,20.72236,NaN,NaN,NaN,NaN,0,20.1,19.61735,0,4.378323,0.2178,0,0.976,97.4855,0,1,0,0,-0.976,0,0.2178,932.9667,0,0,0,1
485.3771,485.37,0.014677,0.014847,495.9116,97.68184,0,933.0098,3.552398,3.552398,20.72236,NaN,NaN,NaN,NaN,0,20.1,19.63305,0,4.307343,0.2143,0,0.9768,97.6818,0,1,0,0,-0.9768,0,0.2143,933.0098,0,0,0,1
485.3893,485.38,0.012221,0.014322,495.924,97.87833,0,933.0521,3.557573,3.557573,20.72236,NaN,NaN,NaN,NaN,0,20.1,19.6485,0,4.236311,0.2108,0,0.9775,97.8783,0,1,0,0,-0.9775,0,0.2108,933.0521,0,0,0,1
485.4043,485.4,0.014975,0.014452,495.9396,98.27175,0,933.1347,3.566773,3.566773,20.74067,NaN,NaN,NaN,NaN,0,20.1,19.67866,0,4.093947,0.2037,0,0.979,98.2718,0,1,0,0,-0.979,0,0.2037,933.1347,0,0,0,1
485.4188,485.41,0.014527,0.014467,495.9537,98.46869,0,933.1749,3.569605,3.569605,20.79194,NaN,NaN,NaN,NaN,0,20.1,19.69339,0,4.02251,0.2001,0,0.9798,98.4687,0,1,0,0,-0.9798,0,0.2001,933.1749,0,0,0,1
485.4409,485.44,0.022072,0.015988,495.9768,99.06036,0,933.2913,3.581451,3.581451,20.94575,NaN,NaN,NaN,NaN,0,20.1,19.73631,0,3.806292,0.1894,0,0.9819,99.0604,0,1,0,0,-0.9819,0,0.1894,933.2913,0,0,0,1
485.4539,485.45,0.012964,0.015383,495.9885,99.25786,0,933.3286,3.582692,3.582692,21.36324,NaN,NaN,NaN,NaN,0,20.1,19.75037,0,3.732676,0.1857,0,0.9826,99.2579,0,1,0,0,-0.9826,0,0.1857,933.3286,0,0,0,1
485.4728,485.47,0.018913,0.016089,496.0079,99.65327,0,933.401,3.587252,3.587252,21.61593,NaN,NaN,NaN,NaN,0,20.1,19.77797,0,3.583547,0.1783,0,0.984,99.6533,0,1,0,0,-0.984,0,0.1783,933.401,0,0,0,1
485.4862,485.48,0.013465,0.015564,496.0208,99.85119,0,933.4362,3.590445,3.590445,22.09568,NaN,NaN,NaN,NaN,0,20.1,19.79165,0,3.507246,0.1745,0,0.9847,99.8512,0,1,0,0,-0.9847,0,0.1745,933.4362,0,0,0,1
485.4994,485.49,0.01315,0.015082,496.034,100.0492,0,933.4704,3.592063,3.592063,22.40696,NaN,NaN,NaN,NaN,0,20.1,19.80521,0,3.42982,0.1706,0,0.9853,100.0492,0,1,0,0,-0.9853,0,0.1706,933.4704,0,0,0,1
485.5129,485.51,0.013548,0.014775,496.0478,100.4457,0,933.5366,3.593778,3.593778,22.76585,NaN,NaN,NaN,NaN,0,20.1,19.83184,0,3.272327,0.1628,0,0.9867,100.4457,0,1,0,0,-0.9867,0,0.1628,933.5366,0,0,0,1
485.527,485.52,0.014081,0.014636,496.0618,100.6442,0,933.5686,3.595638,3.595638,23.1101,NaN,NaN,NaN,NaN,0,20.1,19.84488,0,3.192309,0.1588,0,0.9873,100.6442,0,1,0,0,-0.9873,0,0.1588,933.5686,0,0,0,1
485.541,485.54,0.013981,0.014505,496.0761,101.0415,0,933.6299,3.597538,3.597538,23.39208,NaN,NaN,NaN,NaN,0,20.1,19.87028,0,3.030163,0.1508,0,0.9886,101.0415,0,1,0,0,-0.9886,0,0.1508,933.6299,0,0,0,1
485.5529,485.55,0.01189,0.013982,496.0876,101.2403,0,933.6594,3.597474,3.597474,23.76196,NaN,NaN,NaN,NaN,0,20.1,19.88268,0,2.94773,0.1467,0,0.9892,101.2403,0,1,0,0,-0.9892,0,0.1467,933.6594,0,0,0,1
485.5721,485.57,0.019237,0.015033,496.1072,101.6383,0,933.7159,3.599646,3.599646,23.9524,NaN,NaN,NaN,NaN,0,20.1,19.90663,0,2.781392,0.1384,0,0.9904,101.6383,0,1,0,0,-0.9904,0,0.1384,933.7159,0,0,0,1
485.5875,485.58,0.01532,0.01509,496.1224,101.8375,0,933.7428,3.600009,3.600009,24.27833,NaN,NaN,NaN,NaN,0,20.1,19.91824,0,2.697013,0.1342,0,0.991,101.8375,0,1,0,0,-0.991,0,0.1342,933.7428,0,0,0,1
485.6083,485.6,0.020878,0.016248,496.1443,102.2362,0,933.7943,3.598289,3.598289,24.45411,NaN,NaN,NaN,NaN,0,20.1,19.94053,0,2.526895,0.1257,0,0.9921,102.2362,0,1,0,0,-0.9921,0,0.1257,933.7943,0,0,0,1
485.624,485.62,0.015689,0.016136,496.159,102.6353,0,933.8422,3.599773,3.599773,24.60059,NaN,NaN,NaN,NaN,0,20.1,19.9615,0,2.355567,0.1172,0,0.9931,102.6353,0,1,0,0,-0.9931,0,0.1172,933.8422,0,0,0,1
485.639,485.63,0.014951,0.015899,496.1734,102.835,0,933.8649,3.59784,3.59784,24.64087,NaN,NaN,NaN,NaN,0,20.1,19.97144,0,2.269699,0.1129,0,0.9936,102.835,0,1,0,0,-0.9936,0,0.1129,933.8649,0,0,0,1
485.6518,485.65,0.012829,0.015285,496.1871,103.2348,0,933.9078,3.595508,3.595508,24.64087,NaN,NaN,NaN,NaN,0,20.1,19.99023,0,2.097833,0.1044,0,0.9945,103.2348,0,1,0,0,-0.9945,0,0.1044,933.9078,0,0,0,1
485.6747,485.67,0.022894,0.016807,496.2096,103.6348,0,933.9472,3.594929,3.594929,24.64087,NaN,NaN,NaN,NaN,0,20.1,20.00753,0,1.925817,0.0958,0,0.9954,103.6348,0,1,0,0,-0.9954,0,0.0958,933.9472,0,0,0,1
485.6952,485.69,0.020501,0.017546,496.2301,104.0352,0,933.9831,3.590483,3.590483,24.64087,NaN,NaN,NaN,NaN,0,20.1,20.02335,0,1.753659,0.0872,0,0.9962,104.0352,0,1,0,0,-0.9962,0,0.0872,933.9831,0,0,0,1
485.7098,485.7,0.014573,0.016951,496.2443,104.2355,0,933.9998,3.589402,3.589402,24.64087,NaN,NaN,NaN,NaN,0,20.1,20.03071,0,1.667531,0.083,0,0.9966,104.2355,0,1,0,0,-0.9966,0,0.083,933.9998,0,0,0,1
485.7226,485.72,0.012835,0.016128,496.2573,104.6363,0,934.0305,3.586395,3.586395,24.64087,NaN,NaN,NaN,NaN,0,20.1,20.04431,0,1.49518,0.0744,0,0.9972,104.6363,0,1,0,0,-0.9972,0,0.0744,934.0305,0,0,0,1
485.7356,485.73,0.012968,0.015496,496.27,104.8368,0,934.0446,3.583477,3.583477,24.64087,NaN,NaN,NaN,NaN,0,20.1,20.05056,0,1.408963,0.0701,0,0.9975,104.8368,0,1,0,0,-0.9975,0,0.0701,934.0446,0,0,0,1
485.7466,485.74,0.011028,0.014602,496.281,105.0374,0,934.0579,3.581218,3.581218,24.64087,NaN,NaN,NaN,NaN,0,20.1,20.05643,0,1.322722,0.0658,0,0.9978,105.0374,0,1,0,0,-0.9978,0,0.0658,934.0579,0,0,0,1
485.7581,485.75,0.011446,0.013971,496.2925,105.238,0,934.0702,3.57986,3.57986,24.64087,NaN,NaN,NaN,NaN,0,20.1,20.06193,0,1.236456,0.0615,0,0.9981,105.238,0,1,0,0,-0.9981,0,0.0615,934.0702,0,0,0,1
485.7696,485.76,0.011535,0.013484,496.304,105.4387,0,934.0818,3.578403,3.578403,24.64087,NaN,NaN,NaN,NaN,0,20.1,20.06707,0,1.150166,0.0572,0,0.9984,105.4387,0,1,0,0,-0.9984,0,0.0572,934.0818,0,0,0,1
485.7806,485.78,0.011063,0.013,496.3154,105.8402,0,934.1021,3.571118,3.571118,24.64087,NaN,NaN,NaN,NaN,0,20.1,20.07622,0,0.977522,0.0486,0,0.9988,105.8402,0,1,0,0,-0.9988,0,0.0486,934.1021,0,0,0,1
485.7923,485.79,0.011675,0.012735,496.3268,106.041,0,934.111,3.568706,3.568706,24.64087,NaN,NaN,NaN,NaN,0,20.1,20.08023,0,0.891172,0.0443,0,0.999,106.041,0,1,0,0,-0.999,0,0.0443,934.111,0,0,0,1
485.804,485.8,0.011712,0.01253,496.3385,106.2418,0,934.1191,3.56689,3.56689,24.64454,NaN,NaN,NaN,NaN,0,20.1,20.08389,0,0.804791,0.04,0,0.9992,106.2418,0,1,0,0,-0.9992,0,0.04,934.1191,0,0,0,1
485.8163,485.81,0.01233,0.01249,496.3509,106.4427,0,934.1262,3.563463,3.563463,24.65552,NaN,NaN,NaN,NaN,0,20.1,20.08716,0,0.718359,0.0357,0,0.9994,106.4427,0,1,0,0,-0.9994,0,0.0357,934.1262,0,0,0,1
485.8285,485.82,0.012173,0.012427,496.3633,106.6436,0,934.1326,3.559035,3.559035,24.6775,NaN,NaN,NaN,NaN,0,20.1,20.09007,0,0.631838,0.0314,0,0.9995,106.6436,0,1,0,0,-0.9995,0,0.0314,934.1326,0,0,0,1
485.8409,485.84,0.012347,0.012411,496.3762,107.0455,0,934.1427,3.552575,3.552575,24.71045,NaN,NaN,NaN,NaN,0,20.1,20.09477,0,0.458527,0.0228,0,0.9997,107.0455,0,1,0,0,-0.9997,0,0.0228,934.1427,0,0,0,1
485.853,485.85,0.012113,0.012351,496.3877,107.2464,0,934.1464,3.550436,3.550436,24.77271,NaN,NaN,NaN,NaN,0,20.1,20.09657,0,0.371641,0.0185,0,0.9998,107.2464,0,1,0,0,-0.9998,0,0.0185,934.1464,0,0,0,1
485.873,485.87,0.019956,0.013872,496.4081,107.6484,0,934.1512,3.540244,3.540244,24.84597,NaN,NaN,NaN,NaN,0,20.1,20.09903,0,0.197334,0.0098,0,1,107.6484,0,1,0,0,-1,0,0.0098,934.1512,0,0,0,1
485.8854,485.88,0.012446,0.013587,496.42,107.8494,0,934.1523,3.53644,3.53644,25.08767,NaN,NaN,NaN,NaN,0,20.1,20.0997,0,0.109327,0.0054,0,1,107.8494,0,1,0,0,-1,0,0.0054,934.1523,0,0,0,1
485.8979,485.89,0.012477,0.013365,496.4324,108.0504,0,934.1525,3.533415,3.533415,25.25612,NaN,NaN,NaN,NaN,0,20.1,20.09999,0,0.020726,0.001,0,1,108.0504,0,1,0,0,-1,0,0.001,934.1525,0,0,0,1
485.9105,485.91,0.012602,0.013212,496.4457,108.4524,0,934.1502,3.523505,3.523505,25.45021,NaN,NaN,NaN,NaN,0,20.1,20.09938,0,-0.157836,-0.0079,0,1,108.4524,0,1,0,0,-1,0,-0.0079,934.1502,0,0,0,1
485.9236,485.92,0.013136,0.013197,496.4582,108.6534,0,934.1477,3.518703,3.518703,25.68459,NaN,NaN,NaN,NaN,0,20.1,20.09847,0,-0.247937,-0.0123,0,0.9999,108.6534,0,1,0,0,-0.9999,0,-0.0123,934.1477,0,0,0,1
485.936,485.93,0.012416,0.013041,496.4707,108.8543,0,934.1443,3.514682,3.514682,25.96659,NaN,NaN,NaN,NaN,0,20.1,20.09714,0,-0.33902,-0.0169,0,0.9999,108.8543,0,1,0,0,-0.9999,0,-0.0169,934.1443,0,0,0,1
485.9484,485.94,0.012401,0.012913,496.4829,109.0553,0,934.14,3.511564,3.511564,26.23758,NaN,NaN,NaN,NaN,0,20.1,20.09538,0,-0.43105,-0.0214,0,0.9998,109.0553,0,1,0,0,-0.9998,0,-0.0214,934.14,0,0,0,1
485.9601,485.96,0.011726,0.012675,496.495,109.4571,0,934.1286,3.4997,3.4997,26.50858,NaN,NaN,NaN,NaN,0,20.1,20.09053,0,-0.616974,-0.0307,0,0.9995,109.4571,0,1,0,0,-0.9995,0,-0.0307,934.1286,0,0,0,1
485.9732,485.97,0.013031,0.012747,496.5079,109.658,0,934.1215,3.494861,3.494861,26.75762,NaN,NaN,NaN,NaN,0,20.1,20.08743,0,-0.710791,-0.0354,0,0.9994,109.658,0,1,0,0,-0.9994,0,-0.0354,934.1215,0,0,0,1
485.985,485.98,0.011822,0.012562,496.5199,109.8588,0,934.1134,3.490927,3.490927,27.07622,NaN,NaN,NaN,NaN,0,20.1,20.08385,0,-0.805708,-0.0401,0,0.9992,109.8588,0,1,0,0,-0.9992,0,-0.0401,934.1134,0,0,0,1
485.9973,485.99,0.012243,0.012498,496.5319,110.0596,0,934.1044,3.486514,3.486514,27.33257,NaN,NaN,NaN,NaN,0,20.1,20.07977,0,-0.901506,-0.0449,0,0.999,110.0596,0,1,0,0,-0.999,0,-0.0449,934.1044,0,0,0,1
486.016,486.01,0.018724,0.013743,496.551,110.4611,0,934.0835,3.474409,3.474409,27.55962,NaN,NaN,NaN,NaN,0,20.1,20.07017,0,-1.094633,-0.0545,0,0.9985,110.4611,0,1,0,0,-0.9985,0,-0.0545,934.0835,0,0,0,1
486.0282,486.02,0.012243,0.013443,496.5628,110.6617,0,934.0715,3.469837,3.469837,27.88556,NaN,NaN,NaN,NaN,0,20.1,20.06461,0,-1.1923,-0.0593,0,0.9982,110.6617,0,1,0,0,-0.9982,0,-0.0593,934.0715,0,0,0,1
486.0406,486.04,0.012385,0.013231,496.5757,111.0629,0,934.0447,3.460077,3.460077,28.07599,NaN,NaN,NaN,NaN,0,20.1,20.05196,0,-1.388879,-0.0691,0,0.9976,111.0629,0,1,0,0,-0.9976,0,-0.0691,934.0447,0,0,0,1
486.0526,486.05,0.012024,0.01299,496.5872,111.2633,0,934.0298,3.453955,3.453955,28.26276,NaN,NaN,NaN,NaN,0,20.1,20.04486,0,-1.487774,-0.074,0,0.9973,111.2633,0,1,0,0,-0.9973,0,-0.074,934.0298,0,0,0,1
486.0649,486.06,0.012245,0.012841,496.5994,111.4637,0,934.014,3.44862,3.44862,28.43488,NaN,NaN,NaN,NaN,0,20.1,20.03723,0,-1.587234,-0.079,0,0.9969,111.4637,0,1,0,0,-0.9969,0,-0.079,934.014,0,0,0,1
486.0767,486.07,0.011806,0.012634,496.6111,111.664,0,933.9971,3.444254,3.444254,28.5777,NaN,NaN,NaN,NaN,0,20.1,20.02907,0,-1.687154,-0.0839,0,0.9965,111.664,0,1,0,0,-0.9965,0,-0.0839,933.9971,0,0,0,1
486.0891,486.08,0.012382,0.012584,496.6238,111.8642,0,933.9792,3.440187,3.440187,28.69124,NaN,NaN,NaN,NaN,0,20.1,20.02037,0,-1.787431,-0.0889,0,0.996,111.8642,0,1,0,0,-0.996,0,-0.0889,933.9792,0,0,0,1
486.1012,486.1,0.012106,0.012488,496.6364,112.2643,0,933.9405,3.427737,3.427737,28.79744,NaN,NaN,NaN,NaN,0,20.1,20.00139,0,-1.988584,-0.0989,0,0.9951,112.2643,0,1,0,0,-0.9951,0,-0.0989,933.9405,0,0,0,1
486.1143,486.11,0.013133,0.012617,496.6488,112.4642,0,933.9197,3.422786,3.422786,28.86702,NaN,NaN,NaN,NaN,0,20.1,19.99112,0,-2.089331,-0.1039,0,0.9946,112.4642,0,1,0,0,-0.9946,0,-0.1039,933.9197,0,0,0,1
486.1259,486.12,0.011552,0.012404,496.6605,112.664,0,933.8977,3.418995,3.418995,28.91463,NaN,NaN,NaN,NaN,0,20.1,19.98032,0,-2.190185,-0.109,0,0.994,112.664,0,1,0,0,-0.994,0,-0.109,933.8977,0,0,0,1
486.1373,486.13,0.011487,0.012221,496.6718,112.8637,0,933.8748,3.413599,3.413599,28.91829,NaN,NaN,NaN,NaN,0,20.1,19.96901,0,-2.291004,-0.114,0,0.9935,112.8637,0,1,0,0,-0.9935,0,-0.114,933.8748,0,0,0,1
486.1485,486.14,0.011156,0.012008,496.6829,113.0633,0,933.851,3.407266,3.407266,28.91829,NaN,NaN,NaN,NaN,0,20.1,19.95719,0,-2.39176,-0.119,0,0.9929,113.0633,0,1,0,0,-0.9929,0,-0.119,933.851,0,0,0,1
486.1599,486.15,0.011432,0.011892,496.6943,113.2627,0,933.826,3.401911,3.401911,28.91829,NaN,NaN,NaN,NaN,0,20.1,19.94487,0,-2.492459,-0.124,0,0.9923,113.2627,0,1,0,0,-0.9923,0,-0.124,933.826,0,0,0,1
486.1717,486.17,0.011739,0.011862,496.7064,113.6612,0,933.7731,3.394072,3.394072,28.91829,NaN,NaN,NaN,NaN,0,20.1,19.91869,0,-2.693658,-0.134,0,0.991,113.6612,0,1,0,0,-0.991,0,-0.134,933.7731,0,0,0,1
486.1831,486.18,0.011484,0.011786,496.7176,113.8603,0,933.7452,3.387369,3.387369,28.91829,NaN,NaN,NaN,NaN,0,20.1,19.90484,0,-2.794158,-0.139,0,0.9903,113.8603,0,1,0,0,-0.9903,0,-0.139,933.7452,0,0,0,1
486.1944,486.19,0.011259,0.011681,496.7289,114.0592,0,933.7162,3.381542,3.381542,28.91829,NaN,NaN,NaN,NaN,0,20.1,19.89049,0,-2.894586,-0.144,0,0.9896,114.0592,0,1,0,0,-0.9896,0,-0.144,933.7162,0,0,0,1
486.2058,486.2,0.011393,0.011623,496.7404,114.2579,0,933.6863,3.376631,3.376631,28.91829,NaN,NaN,NaN,NaN,0,20.1,19.87562,0,-2.994935,-0.149,0,0.9888,114.2579,0,1,0,0,-0.9888,0,-0.149,933.6863,0,0,0,1
486.218,486.21,0.01226,0.01175,496.7525,114.4565,0,933.6553,3.372642,3.372642,28.91829,NaN,NaN,NaN,NaN,0,20.1,19.86025,0,-3.095214,-0.154,0,0.9881,114.4565,0,1,0,0,-0.9881,0,-0.154,933.6553,0,0,0,1
486.2305,486.23,0.012452,0.011891,496.7654,114.8532,0,933.5904,3.36164,3.36164,28.91829,NaN,NaN,NaN,NaN,0,20.1,19.828,0,-3.295531,-0.164,0,0.9865,114.8532,0,1,0,0,-0.9865,0,-0.164,933.5904,0,0,0,1
486.2504,486.25,0.019871,0.013487,496.7852,115.2493,0,933.5215,3.351793,3.351793,28.91829,NaN,NaN,NaN,NaN,0,20.1,19.79372,0,-3.495508,-0.1739,0,0.9848,115.2493,0,1,0,0,-0.9848,0,-0.1739,933.5215,0,0,0,1
486.2634,486.26,0.01304,0.013397,496.798,115.4471,0,933.4855,3.348379,3.348379,28.91463,NaN,NaN,NaN,NaN,0,20.1,19.77583,0,-3.595356,-0.1789,0,0.9839,115.4471,0,1,0,0,-0.9839,0,-0.1789,933.4855,0,0,0,1
