time,fixedTime,deltaTime,smoothDeltaTime,realtimeSinceStartup,pos_x,pos_y,pos_z,distFromRoadCenter,signedDistFromRoadCenter,wheelAngle,obstacle_pos_x,obstacle_pos_y,obstacle_pos_z,distance_to_obstacle,brake_position,car_speed,car_vel_x,car_vel_y,car_vel_z,simplecar_4x4_R0C0,simplecar_4x4_R0C1,simplecar_4x4_R0C2,simplecar_4x4_R0C3,simplecar_4x4_R1C0,simplecar_4x4_R1C1,simplecar_4x4_R1C2,simplecar_4x4_R1C3,simplecar_4x4_R2C0,simplecar_4x4_R2C1,simplecar_4x4_R2C2,simplecar_4x4_R2C3,simplecar_4x4_R3C0,simplecar_4x4_R3C1,simplecar_4x4_R3C2,simplecar_4x4_R3C3
279.9706,279.97,0.012293,0.014422,290.5118,-530.9108,0,-144.2084,1.93959,1.93959,1.023574,NaN,NaN,NaN,NaN,0,20.1,0.919824,0,20.07894,0.999,0,0.0458,-530.9108,0,1,0,0,-0.0458,0,0.999,-144.2084,0,0,0,1
279.99,279.98,0.019377,0.015413,290.5246,-530.9016,0,-144.0076,1.944385,1.944385,0.957656,NaN,NaN,NaN,NaN,0,20.1,0.92318,0,20.07879,0.9989,0,0.0459,-530.9016,0,1,0,0,-0.0459,0,0.9989,-144.0076,0,0,0,1
280.0043,280,0.014314,0.015193,290.5392,-530.8831,0,-143.606,1.954031,1.954031,0.906386,NaN,NaN,NaN,NaN,0,20.1,0.929533,0,20.0785,0.9989,0,0.0462,-530.8831,0,1,0,0,-0.0462,0,0.9989,-143.606,0,0,0,1
280.0189,280.01,0.014545,0.015064,290.5535,-530.8737,0,-143.4052,1.958915,1.958915,0.862441,NaN,NaN,NaN,NaN,0,20.1,0.932555,0,20.07836,0.9989,0,0.0464,-530.8737,0,1,0,0,-0.0464,0,0.9989,-143.4052,0,0,0,1
280.0327,280.03,0.013871,0.014825,290.5685,-530.855,0,-143.0037,1.968744,1.968744,0.803847,NaN,NaN,NaN,NaN,0,20.1,0.938189,0,20.07809,0.9989,0,0.0467,-530.855,0,1,0,0,-0.0467,0,0.9989,-143.0037,0,0,0,1
280.0477,280.04,0.014973,0.014855,290.5827,-530.8456,0,-142.8029,1.973689,1.973689,0.745254,NaN,NaN,NaN,NaN,0,20.1,0.9408,0,20.07797,0.9989,0,0.0468,-530.8456,0,1,0,0,-0.0468,0,0.9989,-142.8029,0,0,0,1
280.0615,280.06,0.013768,0.014637,290.5965,-530.8267,0,-142.4014,1.983762,1.983762,0.679336,NaN,NaN,NaN,NaN,0,20.1,0.945561,0,20.07775,0.9989,0,0.047,-530.8267,0,1,0,0,-0.047,0,0.9989,-142.4014,0,0,0,1
280.0809,280.08,0.019442,0.015598,290.6162,-530.8077,0,-141.9998,1.993836,1.993836,0.613418,NaN,NaN,NaN,NaN,0,20.1,0.949861,0,20.07754,0.9989,0,0.0473,-530.8077,0,1,0,0,-0.0473,0,0.9989,-141.9998,0,0,0,1
280.0942,280.09,0.013259,0.01513,290.629,-530.7982,0,-141.799,1.998903,1.998903,0.510879,NaN,NaN,NaN,NaN,0,20.1,0.951651,0,20.07746,0.9989,0,0.0473,-530.7982,0,1,0,0,-0.0473,0,0.9989,-141.799,0,0,0,1
280.1152,280.11,0.021082,0.016321,290.6502,-530.7791,0,-141.3975,2.009037,2.009037,0.437622,NaN,NaN,NaN,NaN,0,20.1,0.954718,0,20.07731,0.9989,0,0.0475,-530.7791,0,1,0,0,-0.0475,0,0.9989,-141.3975,0,0,0,1
280.1286,280.12,0.01333,0.015723,290.6631,-530.7695,0,-141.1967,2.014165,2.014165,0.287476,NaN,NaN,NaN,NaN,0,20.1,0.955725,0,20.07727,0.9989,0,0.0475,-530.7695,0,1,0,0,-0.0475,0,0.9989,-141.1967,0,0,0,1
280.1422,280.14,0.013616,0.015301,290.6771,-530.7504,0,-140.7952,2.024482,2.024482,0.199585,NaN,NaN,NaN,NaN,0,20.1,0.957124,0,20.0772,0.9989,0,0.0476,-530.7504,0,1,0,0,-0.0476,0,0.9989,-140.7952,0,0,0,1
280.156,280.15,0.013841,0.015009,290.6906,-530.7408,0,-140.5944,2.029611,2.029611,0.093384,NaN,NaN,NaN,NaN,0,20.1,0.957451,0,20.07718,0.9989,0,0.0476,-530.7408,0,1,0,0,-0.0476,0,0.9989,-140.5944,0,0,0,1
280.1703,280.17,0.014224,0.014852,290.7054,-530.7216,0,-140.1928,2.039928,2.039928,-0.009155,NaN,NaN,NaN,NaN,0,20.1,0.957387,0,20.07719,0.9989,0,0.0476,-530.7216,0,1,0,0,-0.0476,0,0.9989,-140.1928,0,0,0,1
280.183,280.18,0.012714,0.014425,290.7176,-530.712,0,-139.9921,2.045057,2.045057,-0.111694,NaN,NaN,NaN,NaN,0,20.1,0.956995,0,20.07721,0.9989,0,0.0476,-530.712,0,1,0,0,-0.0476,0,0.9989,-139.9921,0,0,0,1
280.2038,280.2,0.020855,0.015711,290.7388,-530.6929,0,-139.5905,2.055313,2.055313,-0.177612,NaN,NaN,NaN,NaN,0,20.1,0.955751,0,20.07726,0.9989,0,0.0475,-530.6929,0,1,0,0,-0.0475,0,0.9989,-139.5905,0,0,0,1
280.2263,280.22,0.022434,0.017055,290.7612,-530.6738,0,-139.189,2.065447,2.065447,-0.313118,NaN,NaN,NaN,NaN,0,20.1,0.953556,0,20.07737,0.9989,0,0.0474,-530.6738,0,1,0,0,-0.0474,0,0.9989,-139.189,0,0,0,1
280.2394,280.23,0.013112,0.016267,290.774,-530.6643,0,-138.9882,2.070514,2.070514,-0.437629,NaN,NaN,NaN,NaN,0,20.1,0.952023,0,20.07744,0.9989,0,0.0474,-530.6643,0,1,0,0,-0.0474,0,0.9989,-138.9882,0,0,0,1
280.2522,280.25,0.012832,0.01558,290.787,-530.6453,0,-138.5866,2.080649,2.080649,-0.507209,NaN,NaN,NaN,NaN,0,20.1,0.948468,0,20.07761,0.9989,0,0.0472,-530.6453,0,1,0,0,-0.0472,0,0.9989,-138.5866,0,0,0,1
280.2661,280.26,0.013868,0.015237,290.801,-530.6359,0,-138.3859,2.085655,2.085655,-0.587776,NaN,NaN,NaN,NaN,0,20.1,0.946408,0,20.07771,0.9989,0,0.0471,-530.6359,0,1,0,0,-0.0471,0,0.9989,-138.3859,0,0,0,1
280.2793,280.27,0.013262,0.014842,290.8138,-530.6264,0,-138.1851,2.090661,2.090661,-0.679328,NaN,NaN,NaN,NaN,0,20.1,0.944028,0,20.07782,0.9989,0,0.047,-530.6264,0,1,0,0,-0.047,0,0.9989,-138.1851,0,0,0,1
280.2925,280.29,0.013136,0.014501,290.8278,-530.6076,0,-137.7835,2.100551,2.100551,-0.767226,NaN,NaN,NaN,NaN,0,20.1,0.938651,0,20.07807,0.9989,0,0.0467,-530.6076,0,1,0,0,-0.0467,0,0.9989,-137.7835,0,0,0,1
280.3068,280.3,0.014351,0.014471,290.8414,-530.5983,0,-137.5828,2.105496,2.105496,-0.87709,NaN,NaN,NaN,NaN,0,20.1,0.935577,0,20.07821,0.9989,0,0.0465,-530.5983,0,1,0,0,-0.0465,0,0.9989,-137.5828,0,0,0,1
280.3263,280.32,0.019482,0.015473,290.8612,-530.5797,0,-137.1812,2.115203,2.115203,-1.001601,NaN,NaN,NaN,NaN,0,20.1,0.928557,0,20.07854,0.9989,0,0.0462,-530.5797,0,1,0,0,-0.0462,0,0.9989,-137.1812,0,0,0,1
280.3399,280.33,0.013586,0.015096,290.8747,-530.5704,0,-136.9804,2.119965,2.119965,-1.1957,NaN,NaN,NaN,NaN,0,20.1,0.924367,0,20.07873,0.9989,0,0.046,-530.5704,0,1,0,0,-0.046,0,0.9989,-136.9804,0,0,0,1
280.3586,280.35,0.018656,0.015808,290.8934,-530.5521,0,-136.5788,2.129428,2.129428,-1.349509,NaN,NaN,NaN,NaN,0,20.1,0.914909,0,20.07917,0.999,0,0.0455,-530.5521,0,1,0,0,-0.0455,0,0.999,-136.5788,0,0,0,1
280.3711,280.37,0.012533,0.015153,290.9062,-530.5339,0,-136.1772,2.138646,2.138646,-1.569235,NaN,NaN,NaN,NaN,0,20.1,0.90391,0,20.07967,0.999,0,0.045,-530.5339,0,1,0,0,-0.045,0,0.999,-136.1772,0,0,0,1
280.3842,280.38,0.013157,0.014754,290.9188,-530.525,0,-135.9764,2.143164,2.143164,-1.741362,NaN,NaN,NaN,NaN,0,20.1,0.897807,0,20.07994,0.999,0,0.0447,-530.525,0,1,0,0,-0.0447,0,0.999,-135.9764,0,0,0,1
280.3973,280.39,0.013078,0.014418,290.932,-530.5161,0,-135.7756,2.14762,2.14762,-1.961088,NaN,NaN,NaN,NaN,0,20.1,0.890934,0,20.08025,0.999,0,0.0443,-530.5161,0,1,0,0,-0.0443,0,0.999,-135.7756,0,0,0,1
280.4108,280.41,0.013477,0.01423,290.946,-530.4985,0,-135.374,2.156351,2.156351,-2.158849,NaN,NaN,NaN,NaN,0,20.1,0.875802,0,20.08091,0.9991,0,0.0436,-530.4985,0,1,0,0,-0.0436,0,0.9991,-135.374,0,0,0,1
280.4238,280.42,0.012986,0.013981,290.9584,-530.4899,0,-135.1732,2.160502,2.160502,-2.411535,NaN,NaN,NaN,NaN,0,20.1,0.86735,0,20.08128,0.9991,0,0.0432,-530.4899,0,1,0,0,-0.0432,0,0.9991,-135.1732,0,0,0,1
280.4366,280.43,0.012777,0.01374,290.9711,-530.4812,0,-134.9724,2.164715,2.164715,-2.653241,NaN,NaN,NaN,NaN,0,20.1,0.85805,0,20.08168,0.9991,0,0.0427,-530.4812,0,1,0,0,-0.0427,0,0.9991,-134.9724,0,0,0,1
280.4482,280.44,0.011695,0.013331,290.9828,-530.4727,0,-134.7716,2.168744,2.168744,-2.872968,NaN,NaN,NaN,NaN,0,20.1,0.847981,0,20.08211,0.9991,0,0.0422,-530.4727,0,1,0,0,-0.0422,0,0.9991,-134.7716,0,0,0,1
280.4697,280.46,0.021457,0.014956,291.0045,-530.4561,0,-134.3699,2.176436,2.176436,-3.096364,NaN,NaN,NaN,NaN,0,20.1,0.826275,0,20.08301,0.9992,0,0.0411,-530.4561,0,1,0,0,-0.0411,0,0.9992,-134.3699,0,0,0,1
280.4827,280.48,0.012972,0.01456,291.0179,-530.44,0,-133.9682,2.183701,2.183701,-3.510182,NaN,NaN,NaN,NaN,0,20.1,0.801667,0,20.08401,0.9992,0,0.0399,-530.44,0,1,0,0,-0.0399,0,0.9992,-133.9682,0,0,0,1
280.5039,280.5,0.021197,0.015887,291.0389,-530.4244,0,-133.5665,2.190417,2.190417,-3.729916,NaN,NaN,NaN,NaN,0,20.1,0.775517,0,20.08503,0.9993,0,0.0386,-530.4244,0,1,0,0,-0.0386,0,0.9993,-133.5665,0,0,0,1
280.5185,280.51,0.014622,0.015634,291.0529,-530.4167,0,-133.3657,2.193591,2.193591,-4.092472,NaN,NaN,NaN,NaN,0,20.1,0.761171,0,20.08558,0.9993,0,0.0379,-530.4167,0,1,0,0,-0.0379,0,0.9993,-133.3657,0,0,0,1
280.5333,280.53,0.014763,0.01546,291.0686,-530.402,0,-132.9639,2.199513,2.199513,-4.29755,NaN,NaN,NaN,NaN,0,20.1,0.731039,0,20.0867,0.9993,0,0.0364,-530.402,0,1,0,0,-0.0364,0,0.9993,-132.9639,0,0,0,1
280.549,280.54,0.015781,0.015524,291.0836,-530.3948,0,-132.7631,2.202199,2.202199,-4.506297,NaN,NaN,NaN,NaN,0,20.1,0.715241,0,20.08727,0.9994,0,0.0356,-530.3948,0,1,0,0,-0.0356,0,0.9994,-132.7631,0,0,0,1
280.5638,280.56,0.01472,0.015363,291.0989,-530.381,0,-132.3613,2.207144,2.207144,-4.656444,NaN,NaN,NaN,NaN,0,20.1,0.68259,0,20.08841,0.9994,0,0.034,-530.381,0,1,0,0,-0.034,0,0.9994,-132.3613,0,0,0,1
280.5811,280.58,0.017357,0.015762,291.1162,-530.3679,0,-131.9595,2.211357,2.211357,-4.784617,NaN,NaN,NaN,NaN,0,20.1,0.649038,0,20.08952,0.9995,0,0.0323,-530.3679,0,1,0,0,-0.0323,0,0.9995,-131.9595,0,0,0,1
280.5953,280.59,0.014163,0.015442,291.1298,-530.3615,0,-131.7586,2.213249,2.213249,-4.883494,NaN,NaN,NaN,NaN,0,20.1,0.631915,0,20.09007,0.9995,0,0.0314,-530.3615,0,1,0,0,-0.0314,0,0.9995,-131.7586,0,0,0,1
280.6151,280.61,0.019851,0.016324,291.1505,-530.3494,0,-131.3568,2.216485,2.216485,-4.905467,NaN,NaN,NaN,NaN,0,20.1,0.597513,0,20.09112,0.9996,0,0.0297,-530.3494,0,1,0,0,-0.0297,0,0.9996,-131.3568,0,0,0,1
280.6288,280.62,0.013653,0.01579,291.1632,-530.3436,0,-131.1559,2.217828,2.217828,-4.905467,NaN,NaN,NaN,NaN,0,20.1,0.580312,0,20.09162,0.9996,0,0.0289,-530.3436,0,1,0,0,-0.0289,0,0.9996,-131.1559,0,0,0,1
280.641,280.64,0.012165,0.015065,291.1759,-530.3325,0,-130.754,2.219965,2.219965,-4.905467,NaN,NaN,NaN,NaN,0,20.1,0.545907,0,20.09259,0.9996,0,0.0272,-530.3325,0,1,0,0,-0.0272,0,0.9996,-130.754,0,0,0,1
280.6532,280.65,0.012282,0.014508,291.1877,-530.3272,0,-130.5531,2.220881,2.220881,-4.905467,NaN,NaN,NaN,NaN,0,20.1,0.528705,0,20.09305,0.9997,0,0.0263,-530.3272,0,1,0,0,-0.0263,0,0.9997,-130.5531,0,0,0,1
280.666,280.66,0.012772,0.014161,291.2008,-530.3221,0,-130.3522,2.221552,2.221552,-4.905467,NaN,NaN,NaN,NaN,0,20.1,0.511501,0,20.09349,0.9997,0,0.0254,-530.3221,0,1,0,0,-0.0254,0,0.9997,-130.3522,0,0,0,1
280.681,280.68,0.014968,0.014323,291.216,-530.3124,0,-129.9503,2.222346,2.222346,-4.905467,NaN,NaN,NaN,NaN,0,20.1,0.477094,0,20.09434,0.9997,0,0.0237,-530.3124,0,1,0,0,-0.0237,0,0.9997,-129.9503,0,0,0,1
280.6969,280.69,0.015905,0.014639,291.2315,-530.3078,0,-129.7493,2.222468,2.222468,-4.905467,NaN,NaN,NaN,NaN,0,20.1,0.45989,0,20.09474,0.9997,0,0.0229,-530.3078,0,1,0,0,-0.0229,0,0.9997,-129.7493,0,0,0,1
280.7154,280.71,0.018515,0.015414,291.2514,-530.2991,0,-129.3474,2.222285,2.222285,-4.905467,NaN,NaN,NaN,NaN,0,20.1,0.42548,0,20.0955,0.9998,0,0.0212,-530.2991,0,1,0,0,-0.0212,0,0.9998,-129.3474,0,0,0,1
280.7298,280.72,0.014394,0.01521,291.2643,-530.295,0,-129.1465,2.221919,2.221919,-4.905467,NaN,NaN,NaN,NaN,0,20.1,0.408275,0,20.09585,0.9998,0,0.0203,-530.295,0,1,0,0,-0.0203,0,0.9998,-129.1465,0,0,0,1
280.7472,280.74,0.017441,0.015656,291.282,-530.2874,0,-128.7446,2.220698,2.220698,-4.905467,NaN,NaN,NaN,NaN,0,20.1,0.373864,0,20.09652,0.9998,0,0.0186,-530.2874,0,1,0,0,-0.0186,0,0.9998,-128.7446,0,0,0,1
280.7603,280.76,0.013018,0.015129,291.2951,-530.2803,0,-128.3426,2.218805,2.218805,-4.905467,NaN,NaN,NaN,NaN,0,20.1,0.339451,0,20.09713,0.9999,0,0.0169,-530.2803,0,1,0,0,-0.0169,0,0.9999,-128.3426,0,0,0,1
280.7732,280.77,0.012959,0.014695,291.3079,-530.2772,0,-128.1416,2.217584,2.217584,-4.905467,NaN,NaN,NaN,NaN,0,20.1,0.322245,0,20.09742,0.9999,0,0.016,-530.2772,0,1,0,0,-0.016,0,0.9999,-128.1416,0,0,0,1
280.7857,280.78,0.012527,0.014261,291.3201,-530.2741,0,-127.9407,2.21618,2.21618,-4.905467,NaN,NaN,NaN,NaN,0,20.1,0.305038,0,20.09768,0.9999,0,0.0152,-530.2741,0,1,0,0,-0.0152,0,0.9999,-127.9407,0,0,0,1
280.7976,280.79,0.011836,0.013776,291.332,-530.2712,0,-127.7397,2.214592,2.214592,-4.905467,NaN,NaN,NaN,NaN,0,20.1,0.287831,0,20.09794,0.9999,0,0.0143,-530.2712,0,1,0,0,-0.0143,0,0.9999,-127.7397,0,0,0,1
280.8112,280.81,0.01366,0.013753,291.3461,-530.266,0,-127.3377,2.21093,2.21093,-4.905467,NaN,NaN,NaN,NaN,0,20.1,0.253416,0,20.0984,0.9999,0,0.0126,-530.266,0,1,0,0,-0.0126,0,0.9999,-127.3377,0,0,0,1
280.8274,280.82,0.016166,0.014235,291.362,-530.2636,0,-127.1367,2.208854,2.208854,-4.905467,NaN,NaN,NaN,NaN,0,20.1,0.236208,0,20.09861,0.9999,0,0.0118,-530.2636,0,1,0,0,-0.0118,0,0.9999,-127.1367,0,0,0,1
280.8409,280.84,0.013491,0.014087,291.3759,-530.2594,0,-126.7347,2.204153,2.204153,-4.905467,NaN,NaN,NaN,NaN,0,20.1,0.201793,0,20.09899,0.9999,0,0.01,-530.2594,0,1,0,0,-0.01,0,0.9999,-126.7347,0,0,0,1
280.86,280.86,0.019139,0.015097,291.3949,-530.2559,0,-126.3328,2.198781,2.198781,-4.905467,NaN,NaN,NaN,NaN,0,20.1,0.167376,0,20.0993,1,0,0.0083,-530.2559,0,1,0,0,-0.0083,0,1,-126.3328,0,0,0,1
280.8727,280.87,0.012685,0.014615,291.4072,-530.2544,0,-126.1318,2.19585,2.19585,-4.905467,NaN,NaN,NaN,NaN,0,20.1,0.150168,0,20.09944,1,0,0.0075,-530.2544,0,1,0,0,-0.0075,0,1,-126.1318,0,0,0,1
280.8913,280.89,0.018596,0.015411,291.4263,-530.2519,0,-125.7298,2.18944,2.18944,-4.905467,NaN,NaN,NaN,NaN,0,20.1,0.115751,0,20.09967,1,0,0.0058,-530.2519,0,1,0,0,-0.0058,0,1,-125.7298,0,0,0,1
280.9056,280.9,0.014271,0.015183,291.4402,-530.2509,0,-125.5288,2.18596,2.18596,-4.905467,NaN,NaN,NaN,NaN,0,20.1,0.098542,0,20.09976,1,0,0.0049,-530.2509,0,1,0,0,-0.0049,0,1,-125.5288,0,0,0,1
280.9174,280.91,0.011822,0.014511,291.4518,-530.2501,0,-125.3278,2.182297,2.182297,-4.905467,NaN,NaN,NaN,NaN,0,20.1,0.081333,0,20.09984,1,0,0.004,-530.2501,0,1,0,0,-0.004,0,1,-125.3278,0,0,0,1
280.9283,280.92,0.010912,0.013791,291.4628,-530.2495,0,-125.1268,2.178512,2.178512,-4.905467,NaN,NaN,NaN,NaN,0,20.1,0.064124,0,20.0999,1,0,0.0032,-530.2495,0,1,0,0,-0.0032,0,1,-125.1268,0,0,0,1
280.9402,280.94,0.011845,0.013402,291.4749,-530.2487,0,-124.7248,2.170393,2.170393,-4.905467,NaN,NaN,NaN,NaN,0,20.1,0.029707,0,20.09998,1,0,0.0015,-530.2487,0,1,0,0,-0.0015,0,1,-124.7248,0,0,0,1
280.952,280.95,0.011865,0.013095,291.4864,-530.2485,0,-124.5238,2.166058,2.166058,-4.905467,NaN,NaN,NaN,NaN,0,20.1,0.012498,0,20.1,1,0,0.0006,-530.2485,0,1,0,0,-0.0006,0,1,-124.5238,0,0,0,1
280.9633,280.96,0.011285,0.012733,291.4977,-530.2486,0,-124.3228,2.161601,2.161601,-4.905467,NaN,NaN,NaN,NaN,0,20.1,-0.004711,0,20.1,1,0,-0.0002,-530.2486,0,1,0,0,0.0002,0,1,-124.3228,0,0,0,1
280.9746,280.97,0.011326,0.012451,291.509,-530.2488,0,-124.1218,2.1569,2.1569,-4.905467,NaN,NaN,NaN,NaN,0,20.1,-0.02192,0,20.09999,1,0,-0.0011,-530.2488,0,1,0,0,0.0011,0,1,-124.1218,0,0,0,1
280.9858,280.98,0.011151,0.012191,291.5203,-530.2492,0,-123.9208,2.152077,2.152077,-4.905467,NaN,NaN,NaN,NaN,0,20.1,-0.039129,0,20.09996,1,0,-0.0019,-530.2492,0,1,0,0,0.0019,0,1,-123.9208,0,0,0,1
280.9983,280.99,0.012482,0.012249,291.533,-530.2498,0,-123.7198,2.147071,2.147071,-4.916453,NaN,NaN,NaN,NaN,0,20.1,-0.056376,0,20.09992,1,0,-0.0028,-530.2498,0,1,0,0,0.0028,0,1,-123.7198,0,0,0,1
281.0109,281.01,0.012609,0.012321,291.546,-530.2514,0,-123.3178,2.13657,2.13657,-4.971392,NaN,NaN,NaN,NaN,0,20.1,-0.091257,0,20.09979,1,0,-0.0045,-530.2514,0,1,0,0,0.0045,0,1,-123.3178,0,0,0,1
281.0232,281.02,0.012315,0.01232,291.5583,-530.2525,0,-123.1168,2.131015,2.131015,-5.073931,NaN,NaN,NaN,NaN,0,20.1,-0.109056,0,20.0997,1,0,-0.0054,-530.2525,0,1,0,0,0.0054,0,1,-123.1168,0,0,0,1
281.0367,281.03,0.01347,0.01255,291.5712,-530.2538,0,-122.9158,2.125276,2.125276,-5.231402,NaN,NaN,NaN,NaN,0,20.1,-0.127408,0,20.0996,1,0,-0.0063,-530.2538,0,1,0,0,0.0063,0,1,-122.9158,0,0,0,1
281.0493,281.04,0.012676,0.012575,291.5841,-530.2552,0,-122.7148,2.119354,2.119354,-5.498743,NaN,NaN,NaN,NaN,0,20.1,-0.146698,0,20.09946,1,0,-0.0073,-530.2552,0,1,0,0,0.0073,0,1,-122.7148,0,0,0,1
281.0705,281.07,0.021168,0.014294,291.607,-530.2609,0,-122.1119,2.100368,2.100368,-5.762415,NaN,NaN,NaN,NaN,0,20.1,-0.207341,0,20.09893,0.9999,0,-0.0103,-530.2609,0,1,0,0,0.0103,0,0.9999,-122.1119,0,0,0,1
281.0847,281.08,0.014175,0.01427,291.6194,-530.2632,0,-121.9109,2.093591,2.093591,-6.359353,NaN,NaN,NaN,NaN,0,20.1,-0.229649,0,20.09869,0.9999,0,-0.0114,-530.2632,0,1,0,0,0.0114,0,0.9999,-121.9109,0,0,0,1
281.1061,281.1,0.021395,0.015695,291.6421,-530.2685,0,-121.5089,2.079428,2.079428,-6.776834,NaN,NaN,NaN,NaN,0,20.1,-0.277193,0,20.09809,0.9999,0,-0.0138,-530.2685,0,1,0,0,0.0138,0,0.9999,-121.5089,0,0,0,1
281.1239,281.12,0.017874,0.016131,291.6598,-530.2748,0,-121.1069,2.064226,2.064226,-7.494621,NaN,NaN,NaN,NaN,0,20.1,-0.329771,0,20.0973,0.9999,0,-0.0164,-530.2748,0,1,0,0,0.0164,0,0.9999,-121.1069,0,0,0,1
281.1395,281.13,0.015581,0.016021,291.6743,-530.2784,0,-120.906,2.056168,2.056168,-8.080566,NaN,NaN,NaN,NaN,0,20.1,-0.358115,0,20.09681,0.9998,0,-0.0178,-530.2784,0,1,0,0,0.0178,0,0.9998,-120.906,0,0,0,1
281.1537,281.15,0.014166,0.01565,291.6891,-530.2866,0,-120.5041,2.039135,2.039135,-8.57862,NaN,NaN,NaN,NaN,0,20.1,-0.418293,0,20.09565,0.9998,0,-0.0208,-530.2866,0,1,0,0,0.0208,0,0.9998,-120.5041,0,0,0,1
281.171,281.17,0.017293,0.015978,291.7062,-530.2959,0,-120.1022,2.020881,2.020881,-8.988783,NaN,NaN,NaN,NaN,0,20.1,-0.481344,0,20.09424,0.9997,0,-0.0239,-530.2959,0,1,0,0,0.0239,0,0.9997,-120.1022,0,0,0,1
281.193,281.19,0.022018,0.017186,291.729,-530.3065,0,-119.7003,2.001345,2.001345,-9.38796,NaN,NaN,NaN,NaN,0,20.1,-0.547191,0,20.09255,0.9996,0,-0.0272,-530.3065,0,1,0,0,0.0272,0,0.9996,-119.7003,0,0,0,1
281.2077,281.2,0.014739,0.016697,291.7426,-530.3123,0,-119.4994,1.991149,1.991149,-9.900663,NaN,NaN,NaN,NaN,0,20.1,-0.58191,0,20.09158,0.9996,0,-0.029,-530.3123,0,1,0,0,0.029,0,0.9996,-119.4994,0,0,0,1
281.2231,281.22,0.015311,0.01642,291.7592,-530.325,0,-119.0976,1.969538,1.969538,-10.14237,NaN,NaN,NaN,NaN,0,20.1,-0.653037,0,20.08939,0.9995,0,-0.0325,-530.325,0,1,0,0,0.0325,0,0.9995,-119.0976,0,0,0,1
281.2399,281.23,0.016854,0.016506,291.7756,-530.3319,0,-118.8967,1.958182,1.958182,-10.36576,NaN,NaN,NaN,NaN,0,20.1,-0.689381,0,20.08817,0.9994,0,-0.0343,-530.3319,0,1,0,0,0.0343,0,0.9994,-118.8967,0,0,0,1
281.2555,281.25,0.015548,0.016315,291.7911,-530.3468,0,-118.495,1.934434,1.934434,-10.51957,NaN,NaN,NaN,NaN,0,20.1,-0.763141,0,20.08551,0.9993,0,-0.038,-530.3468,0,1,0,0,0.038,0,0.9993,-118.495,0,0,0,1
281.2719,281.27,0.016449,0.016342,291.8074,-530.3632,0,-118.0933,1.90922,1.90922,-10.6038,NaN,NaN,NaN,NaN,0,20.1,-0.83748,0,20.08255,0.9991,0,-0.0417,-530.3632,0,1,0,0,0.0417,0,0.9991,-118.0933,0,0,0,1
281.2869,281.28,0.014984,0.01607,291.8216,-530.3719,0,-117.8925,1.896033,1.896033,-10.62577,NaN,NaN,NaN,NaN,0,20.1,-0.874723,0,20.08096,0.9991,0,-0.0435,-530.3719,0,1,0,0,0.0435,0,0.9991,-117.8925,0,0,0,1
281.3049,281.3,0.018051,0.016466,291.8409,-530.3905,0,-117.4909,1.8685,1.8685,-10.62577,NaN,NaN,NaN,NaN,0,20.1,-0.949199,0,20.07758,0.9989,0,-0.0472,-530.3905,0,1,0,0,0.0472,0,0.9989,-117.4909,0,0,0,1
281.3189,281.31,0.013951,0.015963,291.8535,-530.4004,0,-117.2902,1.854214,1.854214,-10.62577,NaN,NaN,NaN,NaN,0,20.1,-0.986432,0,20.07578,0.9988,0,-0.0491,-530.4004,0,1,0,0,0.0491,0,0.9988,-117.2902,0,0,0,1
281.3333,281.33,0.014406,0.015652,291.8695,-530.4213,0,-116.8887,1.824421,1.824421,-10.62577,NaN,NaN,NaN,NaN,0,20.1,-1.060888,0,20.07198,0.9986,0,-0.0528,-530.4213,0,1,0,0,0.0528,0,0.9986,-116.8887,0,0,0,1
281.3471,281.34,0.013791,0.015279,291.8815,-530.4323,0,-116.688,1.809037,1.809037,-10.62577,NaN,NaN,NaN,NaN,0,20.1,-1.098111,0,20.06998,0.9985,0,-0.0546,-530.4323,0,1,0,0,0.0546,0,0.9985,-116.688,0,0,0,1
281.3609,281.36,0.013863,0.014996,291.8959,-530.4553,0,-116.2867,1.777108,1.777108,-10.62577,NaN,NaN,NaN,NaN,0,20.1,-1.172544,0,20.06577,0.9983,0,-0.0583,-530.4553,0,1,0,0,0.0583,0,0.9983,-116.2867,0,0,0,1
281.3822,281.38,0.021289,0.016255,291.9174,-530.4799,0,-115.8854,1.743652,1.743652,-10.62577,NaN,NaN,NaN,NaN,0,20.1,-1.246962,0,20.06129,0.9981,0,-0.062,-530.4799,0,1,0,0,0.062,0,0.9981,-115.8854,0,0,0,1
281.4048,281.4,0.022542,0.017512,291.9402,-530.5059,0,-115.4843,1.708792,1.708792,-10.62577,NaN,NaN,NaN,NaN,0,20.1,-1.321363,0,20.05652,0.9978,0,-0.0657,-530.5059,0,1,0,0,0.0657,0,0.9978,-115.4843,0,0,0,1
281.4201,281.42,0.015293,0.017068,291.9553,-530.5334,0,-115.0832,1.672346,1.672346,-10.62577,NaN,NaN,NaN,NaN,0,20.1,-1.395745,0,20.05148,0.9976,0,-0.0694,-530.5334,0,1,0,0,0.0694,0,0.9976,-115.0832,0,0,0,1
281.4359,281.43,0.015888,0.016832,291.9705,-530.5478,0,-114.8827,1.654878,1.654878,-10.62577,NaN,NaN,NaN,NaN,0,20.1,-1.432929,0,20.04886,0.9975,0,-0.0713,-530.5478,0,1,0,0,0.0713,0,0.9975,-114.8827,0,0,0,1
281.4492,281.44,0.013192,0.016104,291.9839,-530.5625,0,-114.6823,1.637635,1.637635,-10.62577,NaN,NaN,NaN,NaN,0,20.1,-1.470108,0,20.04617,0.9973,0,-0.0731,-530.5625,0,1,0,0,0.0731,0,0.9973,-114.6823,0,0,0,1
281.4639,281.46,0.014757,0.015835,291.9992,-530.593,0,-114.2814,1.602101,1.602101,-10.62577,NaN,NaN,NaN,NaN,0,20.1,-1.544451,0,20.04058,0.997,0,-0.0768,-530.593,0,1,0,0,0.0768,0,0.997,-114.2814,0,0,0,1
281.4796,281.47,0.015717,0.015811,292.014,-530.6088,0,-114.0811,1.58369,1.58369,-10.62577,NaN,NaN,NaN,NaN,0,20.1,-1.581615,0,20.03768,0.9969,0,-0.0787,-530.6088,0,1,0,0,0.0787,0,0.9969,-114.0811,0,0,0,1
281.4927,281.49,0.013084,0.015266,292.0276,-530.6415,0,-113.6804,1.552084,1.552084,-10.62577,NaN,NaN,NaN,NaN,0,20.1,-1.655925,0,20.03167,0.9966,0,-0.0824,-530.6415,0,1,0,0,0.0824,0,0.9966,-113.6804,0,0,0,1
281.5061,281.5,0.013397,0.014892,292.0407,-530.6584,0,-113.4801,1.536469,1.536469,-10.62577,NaN,NaN,NaN,NaN,0,20.1,-1.693072,0,20.02857,0.9964,0,-0.0842,-530.6584,0,1,0,0,0.0842,0,0.9964,-113.4801,0,0,0,1
281.5265,281.52,0.020424,0.015998,292.0616,-530.6934,0,-113.0796,1.503952,1.503952,-10.62577,NaN,NaN,NaN,NaN,0,20.1,-1.767348,0,20.02215,0.9961,0,-0.0879,-530.6934,0,1,0,0,0.0879,0,0.9961,-113.0796,0,0,0,1
281.5408,281.54,0.014231,0.015645,292.0757,-530.7299,0,-112.6793,1.475682,1.475682,-10.62577,NaN,NaN,NaN,NaN,0,20.1,-1.8416,0,20.01546,0.9958,0,-0.0916,-530.7299,0,1,0,0,0.0916,0,0.9958,-112.6793,0,0,0,1
281.5541,281.55,0.013349,0.015186,292.0887,-530.7487,0,-112.4792,1.461957,1.461957,-10.62577,NaN,NaN,NaN,NaN,0,20.1,-1.878716,0,20.01201,0.9956,0,-0.0935,-530.7487,0,1,0,0,0.0935,0,0.9956,-112.4792,0,0,0,1
281.5658,281.56,0.011683,0.014485,292.1003,-530.7679,0,-112.2791,1.447906,1.447906,-10.62577,NaN,NaN,NaN,NaN,0,20.1,-1.915826,0,20.00849,0.9954,0,-0.0953,-530.7679,0,1,0,0,0.0953,0,0.9954,-112.2791,0,0,0,1
281.5781,281.57,0.012309,0.01405,292.1125,-530.7874,0,-112.079,1.433407,1.433407,-10.62577,NaN,NaN,NaN,NaN,0,20.1,-1.95293,0,20.0049,0.9953,0,-0.0972,-530.7874,0,1,0,0,0.0972,0,0.9953,-112.079,0,0,0,1
281.5969,281.59,0.018826,0.015005,292.1318,-530.8276,0,-111.679,1.408536,1.408536,-10.62577,NaN,NaN,NaN,NaN,0,20.1,-2.027116,0,19.99752,0.9949,0,-0.1009,-530.8276,0,1,0,0,0.1009,0,0.9949,-111.679,0,0,0,1
281.6093,281.6,0.012387,0.014482,292.1438,-530.8482,0,-111.4791,1.39682,1.39682,-10.62577,NaN,NaN,NaN,NaN,0,20.1,-2.064198,0,19.99373,0.9947,0,-0.1027,-530.8482,0,1,0,0,0.1027,0,0.9947,-111.4791,0,0,0,1
281.6241,281.62,0.014779,0.014541,292.159,-530.8906,0,-111.0794,1.372106,1.372106,-10.62577,NaN,NaN,NaN,NaN,0,20.1,-2.138343,0,19.98593,0.9943,0,-0.1064,-530.8906,0,1,0,0,0.1064,0,0.9943,-111.0794,0,0,0,1
281.6374,281.63,0.013297,0.014292,292.172,-530.9123,0,-110.8795,1.360219,1.360219,-10.67704,NaN,NaN,NaN,NaN,0,20.1,-2.175583,0,19.98191,0.9941,0,-0.1082,-530.9123,0,1,0,0,0.1082,0,0.9941,-110.8795,0,0,0,1
281.6493,281.64,0.011899,0.013813,292.1842,-530.9344,0,-110.6798,1.350776,1.350776,-10.79423,NaN,NaN,NaN,NaN,0,20.1,-2.213224,0,19.97778,0.9939,0,-0.1101,-530.9344,0,1,0,0,0.1101,0,0.9939,-110.6798,0,0,0,1
281.6709,281.67,0.02164,0.015379,292.2067,-531.0031,0,-110.0807,1.320187,1.320187,-10.99931,NaN,NaN,NaN,NaN,0,20.1,-2.328243,0,19.9647,0.9933,0,-0.1158,-531.0031,0,1,0,0,0.1158,0,0.9933,-110.0807,0,0,0,1
281.6843,281.68,0.013385,0.01498,292.2188,-531.0268,0,-109.8811,1.30968,1.30968,-11.48272,NaN,NaN,NaN,NaN,0,20.1,-2.36825,0,19.96,0.993,0,-0.1178,-531.0268,0,1,0,0,0.1178,0,0.993,-109.8811,0,0,0,1
281.6963,281.69,0.011968,0.014378,292.2308,-531.0509,0,-109.6815,1.302062,1.302062,-11.8233,NaN,NaN,NaN,NaN,0,20.1,-2.409433,0,19.95507,0.9928,0,-0.1199,-531.0509,0,1,0,0,0.1199,0,0.9928,-109.6815,0,0,0,1
281.709,281.7,0.01269,0.01404,292.2435,-531.0754,0,-109.482,1.294057,1.294057,-12.20417,NaN,NaN,NaN,NaN,0,20.1,-2.451933,0,19.94989,0.9925,0,-0.122,-531.0754,0,1,0,0,0.122,0,0.9925,-109.482,0,0,0,1
281.7213,281.72,0.012274,0.013687,292.2563,-531.1258,0,-109.0832,1.276643,1.276643,-12.61799,NaN,NaN,NaN,NaN,0,20.1,-2.539778,0,19.9389,0.992,0,-0.1264,-531.1258,0,1,0,0,0.1264,0,0.992,-109.0832,0,0,0,1
281.7335,281.73,0.012266,0.013403,292.2682,-531.1517,0,-108.8839,1.267345,1.267345,-13.11238,NaN,NaN,NaN,NaN,0,20.1,-2.585402,0,19.93303,0.9917,0,-0.1286,-531.1517,0,1,0,0,0.1286,0,0.9917,-108.8839,0,0,0,1
281.7462,281.74,0.012708,0.013264,292.2807,-531.178,0,-108.6846,1.261272,1.261272,-13.52621,NaN,NaN,NaN,NaN,0,20.1,-2.632452,0,19.92687,0.9914,0,-0.131,-531.178,0,1,0,0,0.131,0,0.9914,-108.6846,0,0,0,1
281.7592,281.75,0.012985,0.013208,292.2938,-531.2048,0,-108.4854,1.254849,1.254849,-13.91806,NaN,NaN,NaN,NaN,0,20.1,-2.68085,0,19.92042,0.9911,0,-0.1334,-531.2048,0,1,0,0,0.1334,0,0.9911,-108.4854,0,0,0,1
281.7708,281.77,0.011655,0.012897,292.3059,-531.2598,0,-108.0872,1.240353,1.240353,-14.28061,NaN,NaN,NaN,NaN,0,20.1,-2.780117,0,19.90681,0.9904,0,-0.1383,-531.2598,0,1,0,0,0.1383,0,0.9904,-108.0872,0,0,0,1
281.7915,281.79,0.020632,0.014444,292.3264,-531.317,0,-107.6893,1.227298,1.227298,-14.60288,NaN,NaN,NaN,NaN,0,20.1,-2.881553,0,19.89238,0.9897,0,-0.1434,-531.317,0,1,0,0,0.1434,0,0.9897,-107.6893,0,0,0,1
281.8036,281.8,0.012137,0.013983,292.3383,-531.3463,0,-107.4904,1.22203,1.22203,-15.08263,NaN,NaN,NaN,NaN,0,20.1,-2.933908,0,19.88472,0.9893,0,-0.146,-531.3463,0,1,0,0,0.146,0,0.9893,-107.4904,0,0,0,1
281.8148,281.81,0.011178,0.013422,292.3494,-531.3761,0,-107.2916,1.216315,1.216315,-15.29137,NaN,NaN,NaN,NaN,0,20.1,-2.986966,0,19.87682,0.9889,0,-0.1486,-531.3761,0,1,0,0,0.1486,0,0.9889,-107.2916,0,0,0,1
281.8272,281.82,0.012363,0.01321,292.3616,-531.4066,0,-107.093,1.209906,1.209906,-15.43053,NaN,NaN,NaN,NaN,0,20.1,-3.040486,0,19.86871,0.9885,0,-0.1513,-531.4066,0,1,0,0,0.1513,0,0.9885,-107.093,0,0,0,1
281.8472,281.84,0.020036,0.014575,292.3823,-531.469,0,-106.6958,1.198788,1.198788,-15.56969,NaN,NaN,NaN,NaN,0,20.1,-3.148425,0,19.85189,0.9877,0,-0.1566,-531.469,0,1,0,0,0.1566,0,0.9877,-106.6958,0,0,0,1
281.8601,281.86,0.012907,0.014242,292.3949,-531.5336,0,-106.2991,1.189878,1.189878,-15.72351,NaN,NaN,NaN,NaN,0,20.1,-3.257335,0,19.83431,0.9868,0,-0.1621,-531.5336,0,1,0,0,0.1621,0,0.9868,-106.2991,0,0,0,1
281.8721,281.87,0.011981,0.013789,292.4067,-531.5668,0,-106.1008,1.184624,1.184624,-15.75647,NaN,NaN,NaN,NaN,0,20.1,-3.311867,0,19.82528,0.9863,0,-0.1648,-531.5668,0,1,0,0,0.1648,0,0.9863,-106.1008,0,0,0,1
281.8845,281.88,0.012411,0.013514,292.419,-531.6005,0,-105.9027,1.178737,1.178737,-15.75647,NaN,NaN,NaN,NaN,0,20.1,-3.366374,0,19.81609,0.9859,0,-0.1675,-531.6005,0,1,0,0,0.1675,0,0.9859,-105.9027,0,0,0,1
281.8987,281.89,0.014172,0.013645,292.4333,-531.6346,0,-105.7046,1.175256,1.175256,-15.75647,NaN,NaN,NaN,NaN,0,20.1,-3.420856,0,19.80676,0.9854,0,-0.1702,-531.6346,0,1,0,0,0.1702,0,0.9854,-105.7046,0,0,0,1
281.9126,281.91,0.013931,0.013703,292.4474,-531.7047,0,-105.3087,1.168548,1.168548,-15.75647,NaN,NaN,NaN,NaN,0,20.1,-3.529743,0,19.78765,0.9845,0,-0.1756,-531.7047,0,1,0,0,0.1756,0,0.9845,-105.3087,0,0,0,1
281.925,281.92,0.012392,0.01344,292.4595,-531.7405,0,-105.111,1.164393,1.164393,-15.76013,NaN,NaN,NaN,NaN,0,20.1,-3.584158,0,19.77786,0.984,0,-0.1783,-531.7405,0,1,0,0,0.1783,0,0.984,-105.111,0,0,0,1
281.9394,281.93,0.014364,0.013625,292.4739,-531.7769,0,-104.9133,1.159605,1.159605,-15.76013,NaN,NaN,NaN,NaN,0,20.1,-3.638547,0,19.76793,0.9835,0,-0.181,-531.7769,0,1,0,0,0.181,0,0.9835,-104.9133,0,0,0,1
281.959,281.95,0.01966,0.014832,292.4939,-531.8513,0,-104.5182,1.15476,1.15476,-15.76013,NaN,NaN,NaN,NaN,0,20.1,-3.747241,0,19.74761,0.9825,0,-0.1864,-531.8513,0,1,0,0,0.1864,0,0.9825,-104.5182,0,0,0,1
281.9726,281.97,0.013562,0.014578,292.5075,-531.9279,0,-104.1236,1.14899,1.14899,-15.76013,NaN,NaN,NaN,NaN,0,20.1,-3.855822,0,19.7267,0.9814,0,-0.1918,-531.9279,0,1,0,0,0.1918,0,0.9814,-104.1236,0,0,0,1
281.9911,281.99,0.018524,0.015367,292.526,-532.0067,0,-103.7294,1.143143,1.143143,-15.76013,NaN,NaN,NaN,NaN,0,20.1,-3.964286,0,19.70519,0.9804,0,-0.1972,-532.0067,0,1,0,0,0.1972,0,0.9804,-103.7294,0,0,0,1
282.0034,282,0.01232,0.014758,292.5379,-532.0468,0,-103.5324,1.142174,1.142174,-15.76013,NaN,NaN,NaN,NaN,0,20.1,-4.018473,0,19.69421,0.9798,0,-0.1999,-532.0468,0,1,0,0,0.1999,0,0.9798,-103.5324,0,0,0,1
282.0142,282.01,0.010769,0.01396,292.5486,-532.0875,0,-103.3356,1.140686,1.140686,-15.76013,NaN,NaN,NaN,NaN,0,20.1,-4.07263,0,19.68308,0.9793,0,-0.2026,-532.0875,0,1,0,0,0.2026,0,0.9793,-103.3356,0,0,0,1
282.0251,282.02,0.01093,0.013354,292.5596,-532.1288,0,-103.1389,1.138563,1.138563,-15.76013,NaN,NaN,NaN,NaN,0,20.1,-4.126756,0,19.6718,0.9787,0,-0.2053,-532.1288,0,1,0,0,0.2053,0,0.9787,-103.1389,0,0,0,1
282.036,282.03,0.010871,0.012858,292.5706,-532.1706,0,-102.9423,1.135862,1.135862,-15.76013,NaN,NaN,NaN,NaN,0,20.1,-4.180851,0,19.66038,0.9781,0,-0.208,-532.1706,0,1,0,0,0.208,0,0.9781,-102.9423,0,0,0,1
282.0474,282.04,0.011435,0.012573,292.5818,-532.213,0,-102.7458,1.134563,1.134563,-15.76013,NaN,NaN,NaN,NaN,0,20.1,-4.234914,0,19.64881,0.9776,0,-0.2107,-532.213,0,1,0,0,0.2107,0,0.9776,-102.7458,0,0,0,1
282.059,282.05,0.0116,0.012378,292.5934,-532.2559,0,-102.5494,1.134592,1.134592,-15.76013,NaN,NaN,NaN,NaN,0,20.1,-4.288945,0,19.63708,0.977,0,-0.2134,-532.2559,0,1,0,0,0.2134,0,0.977,-102.5494,0,0,0,1
282.0718,282.07,0.012775,0.012458,292.607,-532.3433,0,-102.1571,1.133031,1.133031,-15.76013,NaN,NaN,NaN,NaN,0,20.1,-4.396909,0,19.61319,0.9758,0,-0.2188,-532.3433,0,1,0,0,0.2188,0,0.9758,-102.1571,0,0,0,1
282.0846,282.08,0.012823,0.012531,292.6197,-532.3878,0,-101.961,1.131384,1.131384,-15.79309,NaN,NaN,NaN,NaN,0,20.1,-4.450954,0,19.601,0.9752,0,-0.2214,-532.3878,0,1,0,0,0.2214,0,0.9752,-101.961,0,0,0,1
282.0966,282.09,0.011944,0.012413,292.6312,-532.4328,0,-101.7652,1.130843,1.130843,-15.89197,NaN,NaN,NaN,NaN,0,20.1,-4.505304,0,19.58857,0.9746,0,-0.2241,-532.4328,0,1,0,0,0.2241,0,0.9746,-101.7652,0,0,0,1
282.109,282.1,0.012428,0.012416,292.6435,-532.4784,0,-101.5694,1.131938,1.131938,-16.04578,NaN,NaN,NaN,NaN,0,20.1,-4.560144,0,19.57588,0.9739,0,-0.2269,-532.4784,0,1,0,0,0.2269,0,0.9739,-101.5694,0,0,0,1
282.1212,282.12,0.012172,0.012367,292.6562,-532.5712,0,-101.1783,1.132505,1.132505,-16.25086,NaN,NaN,NaN,NaN,0,20.1,-4.671117,0,19.5497,0.9726,0,-0.2324,-532.5712,0,1,0,0,0.2324,0,0.9726,-101.1783,0,0,0,1
282.1354,282.13,0.014202,0.012734,292.67,-532.6185,0,-100.9829,1.131853,1.131853,-16.56214,NaN,NaN,NaN,NaN,0,20.1,-4.727608,0,19.53611,0.9719,0,-0.2352,-532.6185,0,1,0,0,0.2352,0,0.9719,-100.9829,0,0,0,1
282.1491,282.14,0.013744,0.012936,292.6842,-532.6664,0,-100.7877,1.131846,1.131846,-16.85512,NaN,NaN,NaN,NaN,0,20.1,-4.785059,0,19.52212,0.9712,0,-0.2381,-532.6664,0,1,0,0,0.2381,0,0.9712,-100.7877,0,0,0,1
282.1706,282.17,0.021457,0.01464,292.7066,-532.8135,0,-100.2029,1.136041,1.136041,-17.21035,NaN,NaN,NaN,NaN,0,20.1,-4.960783,0,19.47821,0.9691,0,-0.2468,-532.8135,0,1,0,0,0.2468,0,0.9691,-100.2029,0,0,0,1
282.1856,282.18,0.014991,0.014711,292.7202,-532.8637,0,-100.0083,1.136207,1.136207,-17.73037,NaN,NaN,NaN,NaN,0,20.1,-5.021035,0,19.46276,0.9683,0,-0.2498,-532.8637,0,1,0,0,0.2498,0,0.9683,-100.0083,0,0,0,1
282.2039,282.2,0.018313,0.015431,292.739,-532.966,0,-99.61952,1.139322,1.139322,-18.06363,NaN,NaN,NaN,NaN,0,20.1,-5.143654,0,19.43072,0.9667,0,-0.2559,-532.966,0,1,0,0,0.2559,0,0.9667,-99.6195,0,0,0,1
282.2155,282.21,0.011581,0.014661,292.7505,-533.0181,0,-99.42538,1.141425,1.141425,-18.31632,NaN,NaN,NaN,NaN,0,20.1,-5.205744,0,19.41418,0.9659,0,-0.259,-533.0181,0,1,0,0,0.259,0,0.9659,-99.4254,0,0,0,1
282.2281,282.22,0.012668,0.014262,292.7628,-533.0707,0,-99.2314,1.142817,1.142817,-18.41886,NaN,NaN,NaN,NaN,0,20.1,-5.268127,0,19.39734,0.965,0,-0.2621,-533.0707,0,1,0,0,0.2621,0,0.965,-99.2314,0,0,0,1
282.2419,282.24,0.013731,0.014156,292.7767,-533.178,0,-98.84397,1.144299,1.144299,-18.44083,NaN,NaN,NaN,NaN,0,20.1,-5.392879,0,19.36303,0.9633,0,-0.2683,-533.178,0,1,0,0,0.2683,0,0.9633,-98.844,0,0,0,1
282.2545,282.25,0.012628,0.01385,292.7889,-533.2325,0,-98.65051,1.147644,1.147644,-18.44083,NaN,NaN,NaN,NaN,0,20.1,-5.455172,0,19.34557,0.9625,0,-0.2714,-533.2325,0,1,0,0,0.2714,0,0.9625,-98.6505,0,0,0,1
282.2668,282.26,0.012329,0.013546,292.8016,-533.2877,0,-98.45723,1.150332,1.150332,-18.41886,NaN,NaN,NaN,NaN,0,20.1,-5.517334,0,19.32793,0.9616,0,-0.2745,-533.2877,0,1,0,0,0.2745,0,0.9616,-98.4572,0,0,0,1
282.2788,282.27,0.011999,0.013237,292.8133,-533.3435,0,-98.26413,1.152369,1.152369,-18.38956,NaN,NaN,NaN,NaN,0,20.1,-5.57934,0,19.31013,0.9607,0,-0.2776,-533.3435,0,1,0,0,0.2776,0,0.9607,-98.2641,0,0,0,1
282.2911,282.29,0.01225,0.013039,292.8264,-533.4569,0,-97.87846,1.154775,1.154775,-18.35294,NaN,NaN,NaN,NaN,0,20.1,-5.702932,0,19.27399,0.9589,0,-0.2837,-533.4569,0,1,0,0,0.2837,0,0.9589,-97.8785,0,0,0,1
282.3038,282.3,0.01276,0.012984,292.8385,-533.5145,0,-97.68591,1.158719,1.158719,-18.29801,NaN,NaN,NaN,NaN,0,20.1,-5.764457,0,19.25568,0.958,0,-0.2868,-533.5145,0,1,0,0,0.2868,0,0.958,-97.6859,0,0,0,1
282.3146,282.31,0.010785,0.012544,292.8491,-533.5728,0,-97.49353,1.162065,1.162065,-18.23209,NaN,NaN,NaN,NaN,0,20.1,-5.825701,0,19.23724,0.9571,0,-0.2898,-533.5728,0,1,0,0,0.2898,0,0.9571,-97.4935,0,0,0,1
282.3263,282.32,0.011646,0.012364,292.8606,-533.6316,0,-97.30135,1.164694,1.164694,-18.19547,NaN,NaN,NaN,NaN,0,20.1,-5.886762,0,19.21864,0.9562,0,-0.2929,-533.6316,0,1,0,0,0.2929,0,0.9562,-97.3014,0,0,0,1
282.3378,282.33,0.01153,0.012197,292.8722,-533.691,0,-97.10934,1.166725,1.166725,-18.18082,NaN,NaN,NaN,NaN,0,20.1,-5.947716,0,19.19986,0.9552,0,-0.2959,-533.691,0,1,0,0,0.2959,0,0.9552,-97.1093,0,0,0,1
282.348,282.34,0.010233,0.011804,292.8825,-533.7511,0,-96.91754,1.168146,1.168146,-18.18082,NaN,NaN,NaN,NaN,0,20.1,-6.00861,0,19.18089,0.9543,0,-0.2989,-533.7511,0,1,0,0,0.2989,0,0.9543,-96.9175,0,0,0,1
282.3593,282.35,0.011297,0.011703,292.8937,-533.8118,0,-96.72591,1.172607,1.172607,-18.18082,NaN,NaN,NaN,NaN,0,20.1,-6.069444,0,19.16173,0.9533,0,-0.302,-533.8118,0,1,0,0,0.302,0,0.9533,-96.7259,0,0,0,1
282.3708,282.37,0.011536,0.01167,292.9056,-533.9349,0,-96.34326,1.179845,1.179845,-18.18082,NaN,NaN,NaN,NaN,0,20.1,-6.190927,0,19.12283,0.9514,0,-0.308,-533.9349,0,1,0,0,0.308,0,0.9514,-96.3433,0,0,0,1
282.3825,282.38,0.011672,0.01167,292.9171,-533.9974,0,-96.15224,1.182415,1.182415,-18.19547,NaN,NaN,NaN,NaN,0,20.1,-6.251625,0,19.10307,0.9504,0,-0.311,-533.9974,0,1,0,0,0.311,0,0.9504,-96.1522,0,0,0,1
282.403,282.4,0.020478,0.013432,292.9379,-534.1243,0,-95.77077,1.189244,1.189244,-18.21378,NaN,NaN,NaN,NaN,0,20.1,-6.372952,0,19.06293,0.9484,0,-0.3171,-534.1243,0,1,0,0,0.3171,0,0.9484,-95.7708,0,0,0,1
282.414,282.41,0.010954,0.012936,292.9485,-534.1886,0,-95.58034,1.193748,1.193748,-18.38224,NaN,NaN,NaN,NaN,0,20.1,-6.434078,0,19.04239,0.9474,0,-0.3201,-534.1886,0,1,0,0,0.3201,0,0.9474,-95.5803,0,0,0,1
282.4262,282.42,0.012241,0.012797,292.9606,-534.2535,0,-95.39013,1.197643,1.197643,-18.53971,NaN,NaN,NaN,NaN,0,20.1,-6.495662,0,19.02147,0.9463,0,-0.3232,-534.2535,0,1,0,0,0.3232,0,0.9463,-95.3901,0,0,0,1
282.4383,282.43,0.012064,0.01265,292.9727,-534.3191,0,-95.20013,1.200874,1.200874,-18.75944,NaN,NaN,NaN,NaN,0,20.1,-6.557905,0,19.0001,0.9453,0,-0.3263,-534.3191,0,1,0,0,0.3263,0,0.9453,-95.2001,0,0,0,1
282.4496,282.44,0.011393,0.012399,292.9846,-534.3853,0,-95.01035,1.203373,1.203373,-19.0158,NaN,NaN,NaN,NaN,0,20.1,-6.620928,0,18.97823,0.9442,0,-0.3294,-534.3853,0,1,0,0,0.3294,0,0.9442,-95.0104,0,0,0,1
282.4611,282.46,0.011439,0.012207,292.9962,-534.5197,0,-94.63145,1.213374,1.213374,-19.29778,NaN,NaN,NaN,NaN,0,20.1,-6.748618,0,18.9332,0.942,0,-0.3358,-534.5197,0,1,0,0,0.3358,0,0.942,-94.6315,0,0,0,1
282.4728,282.47,0.011703,0.012106,293.0073,-534.5878,0,-94.44235,1.217697,1.217697,-19.55047,NaN,NaN,NaN,NaN,0,20.1,-6.813182,0,18.91006,0.9408,0,-0.339,-534.5878,0,1,0,0,0.339,0,0.9408,-94.4424,0,0,0,1
282.4835,282.48,0.010693,0.011823,293.0183,-534.6566,0,-94.25349,1.221339,1.221339,-19.86175,NaN,NaN,NaN,NaN,0,20.1,-6.878694,0,18.88633,0.9396,0,-0.3422,-534.6566,0,1,0,0,0.3422,0,0.9396,-94.2535,0,0,0,1
282.4942,282.49,0.010758,0.01161,293.0287,-534.726,0,-94.06487,1.224189,1.224189,-20.16937,NaN,NaN,NaN,NaN,0,20.1,-6.945135,0,18.862,0.9384,0,-0.3455,-534.726,0,1,0,0,0.3455,0,0.9384,-94.0649,0,0,0,1
282.5056,282.5,0.011296,0.011547,293.0402,-534.7961,0,-93.8765,1.22916,1.22916,-20.41108,NaN,NaN,NaN,NaN,0,20.1,-7.012284,0,18.83714,0.9372,0,-0.3489,-534.7961,0,1,0,0,0.3489,0,0.9372,-93.8765,0,0,0,1
282.5182,282.51,0.012641,0.011766,293.0528,-534.8669,0,-93.68838,1.234513,1.234513,-20.67109,NaN,NaN,NaN,NaN,0,20.1,-7.080198,0,18.81172,0.9359,0,-0.3522,-534.8669,0,1,0,0,0.3522,0,0.9359,-93.6884,0,0,0,1
282.5291,282.52,0.010924,0.011598,293.0636,-534.9384,0,-93.50052,1.23907,1.23907,-20.90547,NaN,NaN,NaN,NaN,0,20.1,-7.14879,0,18.78576,0.9346,0,-0.3557,-534.9384,0,1,0,0,0.3557,0,0.9346,-93.5005,0,0,0,1
282.5404,282.54,0.011333,0.011545,293.0753,-535.0835,0,-93.12561,1.245881,1.245881,-21.03365,NaN,NaN,NaN,NaN,0,20.1,-7.286525,0,18.73277,0.932,0,-0.3625,-535.0835,0,1,0,0,0.3625,0,0.932,-93.1256,0,0,0,1
282.5518,282.55,0.011316,0.011499,293.0864,-535.157,0,-92.93855,1.250641,1.250641,-21.16548,NaN,NaN,NaN,NaN,0,20.1,-7.355675,0,18.70572,0.9306,0,-0.366,-535.157,0,1,0,0,0.366,0,0.9306,-92.9386,0,0,0,1
282.5633,282.56,0.011572,0.011514,293.0979,-535.2313,0,-92.75176,1.256105,1.256105,-21.25337,NaN,NaN,NaN,NaN,0,20.1,-7.425011,0,18.67831,0.9293,0,-0.3694,-535.2313,0,1,0,0,0.3694,0,0.9293,-92.7518,0,0,0,1
282.5744,282.57,0.01107,0.011425,293.109,-535.3063,0,-92.56525,1.260761,1.260761,-21.30098,NaN,NaN,NaN,NaN,0,20.1,-7.4944,0,18.65058,0.9279,0,-0.3729,-535.3063,0,1,0,0,0.3729,0,0.9279,-92.5653,0,0,0,1
282.5861,282.58,0.011728,0.011486,293.1206,-535.3819,0,-92.37903,1.26467,1.26467,-21.35226,NaN,NaN,NaN,NaN,0,20.1,-7.563852,0,18.62252,0.9265,0,-0.3763,-535.3819,0,1,0,0,0.3763,0,0.9265,-92.379,0,0,0,1
282.5968,282.59,0.01071,0.01133,293.1316,-535.4583,0,-92.19308,1.267768,1.267768,-21.40719,NaN,NaN,NaN,NaN,0,20.1,-7.633379,0,18.59413,0.9251,0,-0.3798,-535.4583,0,1,0,0,0.3798,0,0.9251,-92.1931,0,0,0,1
282.6085,282.6,0.01163,0.01139,293.143,-535.5353,0,-92.00743,1.272255,1.272255,-21.46212,NaN,NaN,NaN,NaN,0,20.1,-7.702974,0,18.5654,0.9237,0,-0.3832,-535.5353,0,1,0,0,0.3832,0,0.9237,-92.0074,0,0,0,1
282.6199,282.61,0.011459,0.011404,293.1545,-535.613,0,-91.82207,1.277777,1.277777,-21.561,NaN,NaN,NaN,NaN,0,20.1,-7.772783,0,18.53629,0.9222,0,-0.3867,-535.613,0,1,0,0,0.3867,0,0.9222,-91.8221,0,0,0,1
282.6316,282.63,0.01163,0.011449,293.1666,-535.7705,0,-91.45223,1.286425,1.286425,-21.6965,NaN,NaN,NaN,NaN,0,20.1,-7.912944,0,18.47689,0.9192,0,-0.3937,-535.7705,0,1,0,0,0.3937,0,0.9192,-91.4522,0,0,0,1
282.6443,282.64,0.012738,0.011707,293.179,-535.8503,0,-91.26776,1.289608,1.289608,-21.90158,NaN,NaN,NaN,NaN,0,20.1,-7.983514,0,18.4465,0.9177,0,-0.3972,-535.8503,0,1,0,0,0.3972,0,0.9177,-91.2678,0,0,0,1
282.6558,282.65,0.011489,0.011663,293.1903,-535.9309,0,-91.08361,1.293642,1.293642,-22.14694,NaN,NaN,NaN,NaN,0,20.1,-8.054757,0,18.41551,0.9162,0,-0.4007,-535.9309,0,1,0,0,0.4007,0,0.9162,-91.0836,0,0,0,1
282.6685,282.66,0.012698,0.01187,293.203,-536.0122,0,-90.89977,1.299078,1.299078,-22.45823,NaN,NaN,NaN,NaN,0,20.1,-8.126879,0,18.38379,0.9146,0,-0.4043,-536.0122,0,1,0,0,0.4043,0,0.9146,-90.8998,0,0,0,1
282.6811,282.68,0.01264,0.012024,293.216,-536.1769,0,-90.53308,1.307652,1.307652,-22.81346,NaN,NaN,NaN,NaN,0,20.1,-8.273017,0,18.31849,0.9114,0,-0.4116,-536.1769,0,1,0,0,0.4116,0,0.9114,-90.5331,0,0,0,1
282.6928,282.69,0.011657,0.011951,293.2274,-536.2604,0,-90.35023,1.310604,1.310604,-23.19066,NaN,NaN,NaN,NaN,0,20.1,-8.347095,0,18.28486,0.9097,0,-0.4153,-536.2604,0,1,0,0,0.4153,0,0.9097,-90.3502,0,0,0,1
