time,fixedTime,deltaTime,smoothDeltaTime,realtimeSinceStartup,pos_x,pos_y,pos_z,distFromRoadCenter,signedDistFromRoadCenter,wheelAngle,obstacle_pos_x,obstacle_pos_y,obstacle_pos_z,distance_to_obstacle,brake_position,car_speed,car_vel_x,car_vel_y,car_vel_z,simplecar_4x4_R0C0,simplecar_4x4_R0C1,simplecar_4x4_R0C2,simplecar_4x4_R0C3,simplecar_4x4_R1C0,simplecar_4x4_R1C1,simplecar_4x4_R1C2,simplecar_4x4_R1C3,simplecar_4x4_R2C0,simplecar_4x4_R2C1,simplecar_4x4_R2C2,simplecar_4x4_R2C3,simplecar_4x4_R3C0,simplecar_4x4_R3C1,simplecar_4x4_R3C2,simplecar_4x4_R3C3
1170.805,1170.8,0.021101,0.014429,1181.345,20.45776,0,554.2032,1.20157,1.20157,-0.551155,NaN,NaN,NaN,NaN,0,20.1,7.199296,0,18.76646,0.9337,0,0.3582,20.4578,0,1,0,0,-0.3582,0,0.9337,554.2032,0,0,0,1
1170.823,1170.82,0.017991,0.015141,1181.358,20.60169,0,554.5786,1.205513,1.205513,-0.551155,NaN,NaN,NaN,NaN,0,20.1,7.195685,0,18.76785,0.9337,0,0.358,20.6017,0,1,0,0,-0.358,0,0.9337,554.5786,0,0,0,1
1170.838,1170.83,0.015289,0.015171,1181.373,20.67363,0,554.7663,1.207457,1.207457,-0.551155,NaN,NaN,NaN,NaN,0,20.1,7.19388,0,18.76854,0.9338,0,0.3579,20.6736,0,1,0,0,-0.3579,0,0.9338,554.7663,0,0,0,1
1170.85,1170.85,0.012132,0.014563,1181.385,20.81746,0,555.1417,1.211302,1.211302,-0.551155,NaN,NaN,NaN,NaN,0,20.1,7.190269,0,18.76992,0.9338,0,0.3577,20.8175,0,1,0,0,-0.3577,0,0.9338,555.1417,0,0,0,1
1170.862,1170.86,0.011932,0.014037,1181.397,20.88934,0,555.3293,1.2132,1.2132,-0.551155,NaN,NaN,NaN,NaN,0,20.1,7.188464,0,18.77062,0.9339,0,0.3576,20.8893,0,1,0,0,-0.3576,0,0.9339,555.3293,0,0,0,1
1170.875,1170.87,0.012238,0.013677,1181.409,20.96121,0,555.517,1.215086,1.215086,-0.551155,NaN,NaN,NaN,NaN,0,20.1,7.186657,0,18.77131,0.9339,0,0.3575,20.9612,0,1,0,0,-0.3575,0,0.9339,555.517,0,0,0,1
1170.888,1170.88,0.013582,0.013658,1181.423,21.03306,0,555.7048,1.216936,1.216936,-0.551155,NaN,NaN,NaN,NaN,0,20.1,7.184851,0,18.772,0.9339,0,0.3575,21.0331,0,1,0,0,-0.3575,0,0.9339,555.7048,0,0,0,1
1170.9,1170.9,0.012033,0.013333,1181.435,21.1767,0,556.0803,1.220533,1.220533,-0.551155,NaN,NaN,NaN,NaN,0,20.1,7.181239,0,18.77338,0.934,0,0.3573,21.1767,0,1,0,0,-0.3573,0,0.934,556.0803,0,0,0,1
1170.913,1170.91,0.012431,0.013153,1181.447,21.24849,0,556.268,1.222358,1.222358,-0.551155,NaN,NaN,NaN,NaN,0,20.1,7.179434,0,18.77407,0.934,0,0.3572,21.2485,0,1,0,0,-0.3572,0,0.934,556.268,0,0,0,1
1170.925,1170.92,0.012067,0.012935,1181.459,21.32027,0,556.4557,1.224128,1.224128,-0.551155,NaN,NaN,NaN,NaN,0,20.1,7.177628,0,18.77476,0.9341,0,0.3571,21.3203,0,1,0,0,-0.3571,0,0.9341,556.4557,0,0,0,1
1170.936,1170.93,0.011539,0.012656,1181.471,21.39203,0,556.6435,1.225883,1.225883,-0.551155,NaN,NaN,NaN,NaN,0,20.1,7.17582,0,18.77545,0.9341,0,0.357,21.392,0,1,0,0,-0.357,0,0.9341,556.6435,0,0,0,1
1170.949,1170.94,0.012461,0.012617,1181.483,21.46377,0,556.8312,1.227625,1.227625,-0.551155,NaN,NaN,NaN,NaN,0,20.1,7.174016,0,18.77614,0.9341,0,0.3569,21.4638,0,1,0,0,-0.3569,0,0.9341,556.8312,0,0,0,1
1170.961,1170.96,0.012051,0.012504,1181.496,21.60719,0,557.2068,1.231022,1.231022,-0.551155,NaN,NaN,NaN,NaN,0,20.1,7.170403,0,18.77752,0.9342,0,0.3567,21.6072,0,1,0,0,-0.3567,0,0.9342,557.2068,0,0,0,1
1170.983,1170.98,0.022457,0.014494,1181.518,21.75055,0,557.5824,1.234342,1.234342,-0.551155,NaN,NaN,NaN,NaN,0,20.1,7.166791,0,18.7789,0.9343,0,0.3566,21.7506,0,1,0,0,-0.3566,0,0.9343,557.5824,0,0,0,1
1170.995,1170.99,0.011741,0.013944,1181.529,21.8222,0,557.7702,1.235967,1.235967,-0.551155,NaN,NaN,NaN,NaN,0,20.1,7.164985,0,18.77959,0.9343,0,0.3565,21.8222,0,1,0,0,-0.3565,0,0.9343,557.7702,0,0,0,1
1171.016,1171.01,0.020626,0.01528,1181.55,21.96544,0,558.1458,1.239197,1.239197,-0.551155,NaN,NaN,NaN,NaN,0,20.1,7.161373,0,18.78097,0.9344,0,0.3563,21.9654,0,1,0,0,-0.3563,0,0.9344,558.1458,0,0,0,1
1171.029,1171.02,0.012976,0.014819,1181.563,22.03704,0,558.3336,1.24078,1.24078,-0.551155,NaN,NaN,NaN,NaN,0,20.1,7.159566,0,18.78166,0.9344,0,0.3562,22.037,0,1,0,0,-0.3562,0,0.9344,558.3336,0,0,0,1
1171.041,1171.04,0.012015,0.014259,1181.575,22.18018,0,558.7092,1.243898,1.243898,-0.551155,NaN,NaN,NaN,NaN,0,20.1,7.155953,0,18.78303,0.9345,0,0.356,22.1802,0,1,0,0,-0.356,0,0.9345,558.7092,0,0,0,1
1171.054,1171.05,0.013227,0.014052,1181.588,22.25172,0,558.8971,1.245396,1.245396,-0.551155,NaN,NaN,NaN,NaN,0,20.1,7.154146,0,18.78372,0.9345,0,0.3559,22.2517,0,1,0,0,-0.3559,0,0.9345,558.8971,0,0,0,1
1171.067,1171.06,0.013205,0.013883,1181.601,22.32324,0,559.085,1.246898,1.246898,-0.551155,NaN,NaN,NaN,NaN,0,20.1,7.15234,0,18.78441,0.9345,0,0.3558,22.3232,0,1,0,0,-0.3558,0,0.9345,559.085,0,0,0,1
1171.079,1171.07,0.012179,0.013542,1181.614,22.39475,0,559.2728,1.248365,1.248365,-0.551155,NaN,NaN,NaN,NaN,0,20.1,7.150533,0,18.7851,0.9346,0,0.3557,22.3948,0,1,0,0,-0.3557,0,0.9346,559.2728,0,0,0,1
1171.093,1171.09,0.013767,0.013587,1181.628,22.5377,0,559.6486,1.251277,1.251277,-0.551155,NaN,NaN,NaN,NaN,0,20.1,7.146918,0,18.78647,0.9347,0,0.3556,22.5377,0,1,0,0,-0.3556,0,0.9347,559.6486,0,0,0,1
1171.105,1171.1,0.011978,0.013265,1181.64,22.60915,0,559.8364,1.252699,1.252699,-0.551155,NaN,NaN,NaN,NaN,0,20.1,7.145111,0,18.78716,0.9347,0,0.3555,22.6092,0,1,0,0,-0.3555,0,0.9347,559.8364,0,0,0,1
1171.117,1171.11,0.012241,0.01306,1181.652,22.68059,0,560.0243,1.254106,1.254106,-0.551155,NaN,NaN,NaN,NaN,0,20.1,7.143303,0,18.78785,0.9347,0,0.3554,22.6806,0,1,0,0,-0.3554,0,0.9347,560.0243,0,0,0,1
1171.137,1171.13,0.01994,0.014436,1181.672,22.8234,0,560.4,1.25688,1.25688,-0.551155,NaN,NaN,NaN,NaN,0,20.1,7.139688,0,18.78922,0.9348,0,0.3552,22.8234,0,1,0,0,-0.3552,0,0.9348,560.4,0,0,0,1
1171.149,1171.14,0.012199,0.013989,1181.684,22.89478,0,560.588,1.258201,1.258201,-0.551155,NaN,NaN,NaN,NaN,0,20.1,7.13788,0,18.78991,0.9348,0,0.3551,22.8948,0,1,0,0,-0.3551,0,0.9348,560.588,0,0,0,1
1171.163,1171.16,0.013605,0.013912,1181.698,23.03748,0,560.9638,1.260828,1.260828,-0.551155,NaN,NaN,NaN,NaN,0,20.1,7.134264,0,18.79128,0.9349,0,0.3549,23.0375,0,1,0,0,-0.3549,0,0.9349,560.9638,0,0,0,1
1171.183,1171.18,0.020447,0.015219,1181.718,23.18011,0,561.3397,1.263389,1.263389,-0.551155,NaN,NaN,NaN,NaN,0,20.1,7.130649,0,18.79265,0.935,0,0.3548,23.1801,0,1,0,0,-0.3548,0,0.935,561.3397,0,0,0,1
1171.195,1171.19,0.012122,0.014599,1181.73,23.2514,0,561.5276,1.264639,1.264639,-0.551155,NaN,NaN,NaN,NaN,0,20.1,7.128841,0,18.79334,0.935,0,0.3547,23.2514,0,1,0,0,-0.3547,0,0.935,561.5276,0,0,0,1
1171.209,1171.2,0.01338,0.014356,1181.743,23.32267,0,561.7155,1.265872,1.265872,-0.551155,NaN,NaN,NaN,NaN,0,20.1,7.127033,0,18.79403,0.935,0,0.3546,23.3227,0,1,0,0,-0.3546,0,0.935,561.7155,0,0,0,1
1171.221,1171.22,0.012599,0.014004,1181.756,23.46516,0,562.0914,1.268295,1.268295,-0.551155,NaN,NaN,NaN,NaN,0,20.1,7.123417,0,18.7954,0.9351,0,0.3544,23.4652,0,1,0,0,-0.3544,0,0.9351,562.0914,0,0,0,1
1171.234,1171.23,0.012256,0.013655,1181.768,23.53638,0,562.2794,1.269467,1.269467,-0.551155,NaN,NaN,NaN,NaN,0,20.1,7.121609,0,18.79608,0.9351,0,0.3543,23.5364,0,1,0,0,-0.3543,0,0.9351,562.2794,0,0,0,1
1171.248,1171.24,0.014316,0.013787,1181.782,23.60757,0,562.4673,1.270601,1.270601,-0.551155,NaN,NaN,NaN,NaN,0,20.1,7.119802,0,18.79677,0.9352,0,0.3542,23.6076,0,1,0,0,-0.3542,0,0.9352,562.4673,0,0,0,1
1171.26,1171.25,0.011542,0.013338,1181.794,23.67875,0,562.6553,1.271742,1.271742,-0.551155,NaN,NaN,NaN,NaN,0,20.1,7.117994,0,18.79745,0.9352,0,0.3541,23.6788,0,1,0,0,-0.3541,0,0.9352,562.6553,0,0,0,1
1171.272,1171.27,0.012221,0.013114,1181.807,23.82106,0,563.0313,1.273935,1.273935,-0.551155,NaN,NaN,NaN,NaN,0,20.1,7.114377,0,18.79882,0.9353,0,0.3539,23.8211,0,1,0,0,-0.3539,0,0.9353,563.0313,0,0,0,1
1171.285,1171.28,0.013004,0.013092,1181.819,23.89218,0,563.2193,1.275032,1.275032,-0.551155,NaN,NaN,NaN,NaN,0,20.1,7.112568,0,18.79951,0.9353,0,0.3539,23.8922,0,1,0,0,-0.3539,0,0.9353,563.2193,0,0,0,1
1171.304,1171.3,0.019381,0.01435,1181.839,24.03438,0,563.5953,1.277139,1.277139,-0.551155,NaN,NaN,NaN,NaN,0,20.1,7.108953,0,18.80087,0.9354,0,0.3537,24.0344,0,1,0,0,-0.3537,0,0.9354,563.5953,0,0,0,1
1171.316,1171.31,0.012182,0.013917,1181.851,24.10545,0,563.7833,1.278168,1.278168,-0.551155,NaN,NaN,NaN,NaN,0,20.1,7.107144,0,18.80156,0.9354,0,0.3536,24.1055,0,1,0,0,-0.3536,0,0.9354,563.7833,0,0,0,1
1171.329,1171.32,0.0124,0.013613,1181.863,24.1765,0,563.9713,1.279143,1.279143,-0.551155,NaN,NaN,NaN,NaN,0,20.1,7.105336,0,18.80224,0.9354,0,0.3535,24.1765,0,1,0,0,-0.3535,0,0.9354,563.9713,0,0,0,1
1171.341,1171.34,0.01202,0.013294,1181.876,24.31856,0,564.3474,1.28107,1.28107,-0.551155,NaN,NaN,NaN,NaN,0,20.1,7.101719,0,18.80361,0.9355,0,0.3533,24.3186,0,1,0,0,-0.3533,0,0.9355,564.3474,0,0,0,1
1171.353,1171.35,0.01197,0.01303,1181.887,24.38955,0,564.5355,1.282001,1.282001,-0.551155,NaN,NaN,NaN,NaN,0,20.1,7.09991,0,18.80429,0.9355,0,0.3532,24.3896,0,1,0,0,-0.3532,0,0.9355,564.5355,0,0,0,1
1171.364,1171.36,0.011665,0.012757,1181.899,24.46054,0,564.7235,1.282915,1.282915,-0.551155,NaN,NaN,NaN,NaN,0,20.1,7.098102,0,18.80497,0.9356,0,0.3531,24.4605,0,1,0,0,-0.3531,0,0.9356,564.7235,0,0,0,1
1171.376,1171.37,0.011438,0.012493,1181.91,24.5315,0,564.9116,1.283817,1.283817,-0.551155,NaN,NaN,NaN,NaN,0,20.1,7.096293,0,18.80565,0.9356,0,0.353,24.5315,0,1,0,0,-0.353,0,0.9356,564.9116,0,0,0,1
1171.388,1171.38,0.011789,0.012352,1181.922,24.60244,0,565.0996,1.284726,1.284726,-0.551155,NaN,NaN,NaN,NaN,0,20.1,7.094484,0,18.80634,0.9356,0,0.353,24.6024,0,1,0,0,-0.353,0,0.9356,565.0996,0,0,0,1
1171.399,1171.39,0.011698,0.012221,1181.934,24.67337,0,565.2877,1.285595,1.285595,-0.551155,NaN,NaN,NaN,NaN,0,20.1,7.092675,0,18.80702,0.9357,0,0.3529,24.6734,0,1,0,0,-0.3529,0,0.9357,565.2877,0,0,0,1
1171.412,1171.41,0.012396,0.012256,1181.947,24.81517,0,565.6638,1.287255,1.287255,-0.551155,NaN,NaN,NaN,NaN,0,20.1,7.089057,0,18.80838,0.9357,0,0.3527,24.8152,0,1,0,0,-0.3527,0,0.9357,565.6638,0,0,0,1
1171.423,1171.42,0.011588,0.012123,1181.958,24.88604,0,565.8519,1.288064,1.288064,-0.551155,NaN,NaN,NaN,NaN,0,20.1,7.087247,0,18.80906,0.9358,0,0.3526,24.886,0,1,0,0,-0.3526,0,0.9358,565.8519,0,0,0,1
1171.435,1171.43,0.011802,0.012059,1181.97,24.9569,0,566.04,1.288835,1.288835,-0.551155,NaN,NaN,NaN,NaN,0,20.1,7.085437,0,18.80975,0.9358,0,0.3525,24.9569,0,1,0,0,-0.3525,0,0.9358,566.04,0,0,0,1
1171.448,1171.44,0.013106,0.012268,1181.983,25.02773,0,566.2281,1.289614,1.289614,-0.551155,NaN,NaN,NaN,NaN,0,20.1,7.083628,0,18.81043,0.9358,0,0.3524,25.0277,0,1,0,0,-0.3524,0,0.9358,566.2281,0,0,0,1
1171.461,1171.46,0.012416,0.012298,1181.996,25.16935,0,566.6044,1.291082,1.291082,-0.551155,NaN,NaN,NaN,NaN,0,20.1,7.080009,0,18.81179,0.9359,0,0.3522,25.1694,0,1,0,0,-0.3522,0,0.9359,566.6044,0,0,0,1
1171.473,1171.47,0.012414,0.012321,1182.008,25.24014,0,566.7925,1.291816,1.291816,-0.551155,NaN,NaN,NaN,NaN,0,20.1,7.078199,0,18.81247,0.9359,0,0.3521,25.2401,0,1,0,0,-0.3521,0,0.9359,566.7925,0,0,0,1
1171.496,1171.49,0.02261,0.014379,1182.031,25.38165,0,567.1687,1.293175,1.293175,-0.551155,NaN,NaN,NaN,NaN,0,20.1,7.07458,0,18.81383,0.936,0,0.352,25.3817,0,1,0,0,-0.352,0,0.936,567.1687,0,0,0,1
1171.509,1171.5,0.012994,0.014102,1182.043,25.45237,0,567.3569,1.293823,1.293823,-0.551155,NaN,NaN,NaN,NaN,0,20.1,7.072769,0,18.81451,0.936,0,0.3519,25.4524,0,1,0,0,-0.3519,0,0.936,567.3569,0,0,0,1
1171.524,1171.52,0.014874,0.014256,1182.058,25.59378,0,567.7332,1.295057,1.295057,-0.551155,NaN,NaN,NaN,NaN,0,20.1,7.069149,0,18.81588,0.9361,0,0.3517,25.5938,0,1,0,0,-0.3517,0,0.9361,567.7332,0,0,0,1
1171.536,1171.53,0.012421,0.013889,1182.071,25.66445,0,567.9214,1.295638,1.295638,-0.551155,NaN,NaN,NaN,NaN,0,20.1,7.06734,0,18.81656,0.9361,0,0.3516,25.6645,0,1,0,0,-0.3516,0,0.9361,567.9214,0,0,0,1
1171.549,1171.54,0.013517,0.013815,1182.084,25.7351,0,568.1096,1.296227,1.296227,-0.551155,NaN,NaN,NaN,NaN,0,20.1,7.065529,0,18.81724,0.9362,0,0.3515,25.7351,0,1,0,0,-0.3515,0,0.9362,568.1096,0,0,0,1
1171.561,1171.56,0.011353,0.013322,1182.096,25.87636,0,568.486,1.297277,1.297277,-0.551155,NaN,NaN,NaN,NaN,0,20.1,7.061909,0,18.81859,0.9362,0,0.3513,25.8764,0,1,0,0,-0.3513,0,0.9362,568.486,0,0,0,1
1171.574,1171.57,0.012864,0.013231,1182.108,25.94696,0,568.6741,1.29784,1.29784,-0.551155,NaN,NaN,NaN,NaN,0,20.1,7.060099,0,18.81927,0.9363,0,0.3512,25.947,0,1,0,0,-0.3512,0,0.9363,568.6741,0,0,0,1
1171.595,1171.59,0.021546,0.014894,1182.13,26.08811,0,569.0505,1.2988,1.2988,-0.551155,NaN,NaN,NaN,NaN,0,20.1,7.056478,0,18.82063,0.9363,0,0.3511,26.0881,0,1,0,0,-0.3511,0,0.9363,569.0505,0,0,0,1
1171.61,1171.61,0.015271,0.014969,1182.146,26.22918,0,569.4269,1.299685,1.299685,-0.551155,NaN,NaN,NaN,NaN,0,20.1,7.052857,0,18.82199,0.9364,0,0.3509,26.2292,0,1,0,0,-0.3509,0,0.9364,569.4269,0,0,0,1
1171.623,1171.62,0.012185,0.014412,1182.157,26.29969,0,569.6152,1.300115,1.300115,-0.551155,NaN,NaN,NaN,NaN,0,20.1,7.051046,0,18.82267,0.9365,0,0.3508,26.2997,0,1,0,0,-0.3508,0,0.9365,569.6152,0,0,0,1
1171.635,1171.63,0.012061,0.013942,1182.169,26.37019,0,569.8034,1.300508,1.300508,-0.551155,NaN,NaN,NaN,NaN,0,20.1,7.049236,0,18.82334,0.9365,0,0.3507,26.3702,0,1,0,0,-0.3507,0,0.9365,569.8034,0,0,0,1
1171.648,1171.64,0.013133,0.01378,1182.183,26.44066,0,569.9916,1.300886,1.300886,-0.551155,NaN,NaN,NaN,NaN,0,20.1,7.047425,0,18.82402,0.9365,0,0.3506,26.4407,0,1,0,0,-0.3506,0,0.9365,569.9916,0,0,0,1
1171.66,1171.65,0.011929,0.01341,1182.194,26.51112,0,570.1799,1.301249,1.301249,-0.558479,NaN,NaN,NaN,NaN,0,20.1,7.045591,0,18.82471,0.9366,0,0.3505,26.5111,0,1,0,0,-0.3505,0,0.9366,570.1799,0,0,0,1
1171.674,1171.67,0.013952,0.013518,1182.209,26.65197,0,570.5563,1.301933,1.301933,-0.558479,NaN,NaN,NaN,NaN,0,20.1,7.04192,0,18.82608,0.9366,0,0.3503,26.652,0,1,0,0,-0.3503,0,0.9366,570.5563,0,0,0,1
1171.693,1171.69,0.019414,0.014697,1182.228,26.79276,0,570.9329,1.302515,1.302515,-0.558479,NaN,NaN,NaN,NaN,0,20.1,7.038251,0,18.82745,0.9367,0,0.3502,26.7928,0,1,0,0,-0.3502,0,0.9367,570.9329,0,0,0,1
1171.705,1171.7,0.011598,0.014077,1182.239,26.86312,0,571.1212,1.302765,1.302765,-0.558479,NaN,NaN,NaN,NaN,0,20.1,7.036416,0,18.82814,0.9367,0,0.3501,26.8631,0,1,0,0,-0.3501,0,0.9367,571.1212,0,0,0,1
1171.716,1171.71,0.010772,0.013416,1182.25,26.93347,0,571.3095,1.303017,1.303017,-0.558479,NaN,NaN,NaN,NaN,0,20.1,7.034581,0,18.82883,0.9368,0,0.35,26.9335,0,1,0,0,-0.35,0,0.9368,571.3095,0,0,0,1
1171.726,1171.72,0.010721,0.012877,1182.261,27.00379,0,571.4978,1.303235,1.303235,-0.558479,NaN,NaN,NaN,NaN,0,20.1,7.032746,0,18.82951,0.9368,0,0.3499,27.0038,0,1,0,0,-0.3499,0,0.9368,571.4978,0,0,0,1
1171.737,1171.73,0.01105,0.012512,1182.272,27.0741,0,571.6861,1.303439,1.303439,-0.558479,NaN,NaN,NaN,NaN,0,20.1,7.03091,0,18.8302,0.9368,0,0.3498,27.0741,0,1,0,0,-0.3498,0,0.9368,571.6861,0,0,0,1
1171.75,1171.74,0.012117,0.012433,1182.284,27.14439,0,571.8744,1.303628,1.303628,-0.558479,NaN,NaN,NaN,NaN,0,20.1,7.029074,0,18.83088,0.9369,0,0.3497,27.1444,0,1,0,0,-0.3497,0,0.9369,571.8744,0,0,0,1
1171.762,1171.76,0.013034,0.012553,1182.297,27.28492,0,572.251,1.303956,1.303956,-0.558479,NaN,NaN,NaN,NaN,0,20.1,7.025403,0,18.83225,0.9369,0,0.3495,27.2849,0,1,0,0,-0.3495,0,0.9369,572.251,0,0,0,1
1171.782,1171.78,0.019913,0.014025,1182.318,27.42537,0,572.6277,1.304165,1.304165,-0.576789,NaN,NaN,NaN,NaN,0,20.1,7.021612,0,18.83367,0.937,0,0.3493,27.4254,0,1,0,0,-0.3493,0,0.937,572.6277,0,0,0,1
1171.795,1171.79,0.012893,0.013799,1182.33,27.49557,0,572.816,1.304235,1.304235,-0.624397,NaN,NaN,NaN,NaN,0,20.1,7.019559,0,18.83443,0.937,0,0.3492,27.4956,0,1,0,0,-0.3492,0,0.937,572.816,0,0,0,1
1171.807,1171.8,0.011673,0.013373,1182.342,27.56574,0,573.0044,1.304307,1.304307,-0.679328,NaN,NaN,NaN,NaN,0,20.1,7.017326,0,18.83526,0.9371,0,0.3491,27.5657,0,1,0,0,-0.3491,0,0.9371,573.0044,0,0,0,1
1171.819,1171.81,0.012507,0.0132,1182.354,27.63589,0,573.1927,1.304337,1.304337,-0.759902,NaN,NaN,NaN,NaN,0,20.1,7.014827,0,18.83619,0.9371,0,0.349,27.6359,0,1,0,0,-0.349,0,0.9371,573.1927,0,0,0,1
1171.832,1171.83,0.012341,0.013028,1182.367,27.77609,0,573.5695,1.304326,1.304326,-0.8954,NaN,NaN,NaN,NaN,0,20.1,7.008941,0,18.83838,0.9372,0,0.3487,27.7761,0,1,0,0,-0.3487,0,0.9372,573.5695,0,0,0,1
1171.844,1171.84,0.012276,0.012878,1182.379,27.84615,0,573.7578,1.304276,1.304276,-1.089492,NaN,NaN,NaN,NaN,0,20.1,7.005358,0,18.83972,0.9373,0,0.3485,27.8462,0,1,0,0,-0.3485,0,0.9373,573.7578,0,0,0,1
1171.855,1171.85,0.011249,0.012552,1182.39,27.91616,0,573.9463,1.304137,1.304137,-1.309226,NaN,NaN,NaN,NaN,0,20.1,7.001052,0,18.84132,0.9374,0,0.3483,27.9162,0,1,0,0,-0.3483,0,0.9374,573.9463,0,0,0,1
1171.867,1171.86,0.012116,0.012465,1182.402,27.98612,0,574.1347,1.303972,1.303972,-1.503317,NaN,NaN,NaN,NaN,0,20.1,6.996109,0,18.84315,0.9375,0,0.3481,27.9861,0,1,0,0,-0.3481,0,0.9375,574.1347,0,0,0,1
1171.879,1171.87,0.011461,0.012264,1182.413,28.05602,0,574.3232,1.303744,1.303744,-1.792631,NaN,NaN,NaN,NaN,0,20.1,6.990213,0,18.84534,0.9376,0,0.3478,28.056,0,1,0,0,-0.3478,0,0.9376,574.3232,0,0,0,1
1171.891,1171.89,0.01206,0.012223,1182.426,28.19562,0,574.7001,1.303071,1.303071,-2.081938,NaN,NaN,NaN,NaN,0,20.1,6.976516,0,18.85042,0.9378,0,0.3471,28.1956,0,1,0,0,-0.3471,0,0.9378,574.7001,0,0,0,1
1171.903,1171.9,0.012166,0.012212,1182.438,28.26531,0,574.8887,1.302599,1.302599,-2.411535,NaN,NaN,NaN,NaN,0,20.1,6.968581,0,18.85335,0.938,0,0.3467,28.2653,0,1,0,0,-0.3467,0,0.938,574.8887,0,0,0,1
1171.915,1171.91,0.011443,0.012058,1182.449,28.3349,0,575.0772,1.302056,1.302056,-2.73747,NaN,NaN,NaN,NaN,0,20.1,6.959574,0,18.85668,0.9381,0,0.3462,28.3349,0,1,0,0,-0.3462,0,0.9381,575.0772,0,0,0,1
1171.927,1171.92,0.012233,0.012093,1182.461,28.4044,0,575.2658,1.301387,1.301387,-3.096364,NaN,NaN,NaN,NaN,0,20.1,6.949382,0,18.86044,0.9383,0,0.3457,28.4044,0,1,0,0,-0.3457,0,0.9383,575.2658,0,0,0,1
1171.939,1171.93,0.012133,0.012101,1182.473,28.47378,0,575.4545,1.300606,1.300606,-3.458912,NaN,NaN,NaN,NaN,0,20.1,6.937995,0,18.86463,0.9385,0,0.3452,28.4738,0,1,0,0,-0.3452,0,0.9385,575.4545,0,0,0,1
1171.95,1171.95,0.011275,0.011936,1182.485,28.61216,0,575.8319,1.298609,1.298609,-3.839779,NaN,NaN,NaN,NaN,0,20.1,6.912704,0,18.87391,0.939,0,0.3439,28.6122,0,1,0,0,-0.3439,0,0.939,575.8319,0,0,0,1
1171.963,1171.96,0.013074,0.012163,1182.498,28.68114,0,576.0207,1.297402,1.297402,-4.235294,NaN,NaN,NaN,NaN,0,20.1,6.89875,0,18.87902,0.9393,0,0.3432,28.6811,0,1,0,0,-0.3432,0,0.9393,576.0207,0,0,0,1
1171.983,1171.98,0.019645,0.01366,1182.518,28.81866,0,576.3984,1.29452,1.29452,-4.645457,NaN,NaN,NaN,NaN,0,20.1,6.868127,0,18.89018,0.9398,0,0.3417,28.8187,0,1,0,0,-0.3417,0,0.9398,576.3984,0,0,0,1
1171.995,1171.99,0.01195,0.013318,1182.53,28.88717,0,576.5874,1.292796,1.292796,-5.29732,NaN,NaN,NaN,NaN,0,20.1,6.850659,0,18.89652,0.9401,0,0.3408,28.8872,0,1,0,0,-0.3408,0,0.9401,576.5874,0,0,0,1
1172.01,1172,0.014763,0.013607,1182.544,28.95548,0,576.7764,1.290882,1.290882,-5.670862,NaN,NaN,NaN,NaN,0,20.1,6.831954,0,18.90329,0.9405,0,0.3399,28.9555,0,1,0,0,-0.3399,0,0.9405,576.7764,0,0,0,1
1172.023,1172.02,0.013451,0.013576,1182.559,29.09152,0,577.1547,1.286433,1.286433,-6.121309,NaN,NaN,NaN,NaN,0,20.1,6.791546,0,18.91785,0.9412,0,0.3379,29.0915,0,1,0,0,-0.3379,0,0.9412,577.1547,0,0,0,1
1172.038,1172.03,0.014493,0.013759,1182.573,29.15922,0,577.3439,1.283852,1.283852,-6.428933,NaN,NaN,NaN,NaN,0,20.1,6.770315,0,18.92546,0.9416,0,0.3368,29.1592,0,1,0,0,-0.3368,0,0.9416,577.3439,0,0,0,1
1172.049,1172.04,0.011878,0.013383,1182.584,29.2267,0,577.5333,1.281043,1.281043,-6.813462,NaN,NaN,NaN,NaN,0,20.1,6.747805,0,18.93349,0.942,0,0.3357,29.2267,0,1,0,0,-0.3357,0,0.942,577.5333,0,0,0,1
1172.065,1172.06,0.015036,0.013713,1182.6,29.36096,0,577.9122,1.274696,1.274696,-7.03685,NaN,NaN,NaN,NaN,0,20.1,6.701278,0,18.95001,0.9428,0,0.3334,29.361,0,1,0,0,-0.3334,0,0.9428,577.9122,0,0,0,1
1172.082,1172.08,0.017018,0.014374,1182.617,29.49425,0,578.2914,1.267288,1.267288,-7.373772,NaN,NaN,NaN,NaN,0,20.1,6.652481,0,18.9672,0.9436,0,0.331,29.4943,0,1,0,0,-0.331,0,0.9436,578.2914,0,0,0,1
1172.103,1172.1,0.021052,0.01571,1182.638,29.62653,0,578.6711,1.258835,1.258835,-7.703362,NaN,NaN,NaN,NaN,0,20.1,6.601454,0,18.98502,0.9445,0,0.3284,29.6265,0,1,0,0,-0.3284,0,0.9445,578.6711,0,0,0,1
1172.114,1172.11,0.011409,0.01485,1182.649,29.69228,0,578.861,1.254203,1.254203,-8.025635,NaN,NaN,NaN,NaN,0,20.1,6.574855,0,18.99424,0.945,0,0.3271,29.6923,0,1,0,0,-0.3271,0,0.945,578.861,0,0,0,1
1172.128,1172.12,0.014029,0.014686,1182.663,29.75776,0,579.0511,1.249249,1.249249,-8.197754,NaN,NaN,NaN,NaN,0,20.1,6.547671,0,19.00363,0.9455,0,0.3258,29.7578,0,1,0,0,-0.3258,0,0.9455,579.0511,0,0,0,1
1172.141,1172.14,0.013079,0.014364,1182.676,29.88788,0,579.4315,1.238512,1.238512,-8.36988,NaN,NaN,NaN,NaN,0,20.1,6.492121,0,19.02268,0.9464,0,0.323,29.8879,0,1,0,0,-0.323,0,0.9464,579.4315,0,0,0,1
1172.16,1172.15,0.018658,0.015223,1182.695,29.95252,0,579.6218,1.232684,1.232684,-8.50904,NaN,NaN,NaN,NaN,0,20.1,6.463863,0,19.0323,0.9469,0,0.3216,29.9525,0,1,0,0,-0.3216,0,0.9469,579.6218,0,0,0,1
1172.172,1172.17,0.011991,0.014577,1182.707,30.08093,0,580.0027,1.220163,1.220163,-8.644538,NaN,NaN,NaN,NaN,0,20.1,6.406404,0,19.05172,0.9478,0,0.3187,30.0809,0,1,0,0,-0.3187,0,0.9478,580.0027,0,0,0,1
1172.183,1172.18,0.01138,0.013937,1182.718,30.14471,0,580.1933,1.213425,1.213425,-8.695814,NaN,NaN,NaN,NaN,0,20.1,6.377481,0,19.06142,0.9483,0,0.3173,30.1447,0,1,0,0,-0.3173,0,0.9483,580.1933,0,0,0,1
1172.196,1172.19,0.013223,0.013794,1182.731,30.20819,0,580.384,1.206389,1.206389,-8.732435,NaN,NaN,NaN,NaN,0,20.1,6.348422,0,19.07112,0.9488,0,0.3158,30.2082,0,1,0,0,-0.3158,0,0.9488,580.384,0,0,0,1
1172.214,1172.21,0.018147,0.014665,1182.749,30.33428,0,580.7657,1.191392,1.191392,-8.780043,NaN,NaN,NaN,NaN,0,20.1,6.289943,0,19.09049,0.9498,0,0.3129,30.3343,0,1,0,0,-0.3129,0,0.9498,580.7657,0,0,0,1
1172.226,1172.22,0.011651,0.014062,1182.761,30.39689,0,580.9567,1.18345,1.18345,-8.820326,NaN,NaN,NaN,NaN,0,20.1,6.260547,0,19.10015,0.9503,0,0.3115,30.3969,0,1,0,0,-0.3115,0,0.9503,580.9567,0,0,0,1
1172.239,1172.23,0.013283,0.013906,1182.774,30.4592,0,581.1478,1.175189,1.175189,-8.849623,NaN,NaN,NaN,NaN,0,20.1,6.231039,0,19.10979,0.9507,0,0.31,30.4592,0,1,0,0,-0.31,0,0.9507,581.1478,0,0,0,1
1172.252,1172.25,0.012769,0.013679,1182.787,30.58293,0,581.5303,1.157708,1.157708,-8.886244,NaN,NaN,NaN,NaN,0,20.1,6.171734,0,19.12903,0.9517,0,0.3071,30.5829,0,1,0,0,-0.3071,0,0.9517,581.5303,0,0,0,1
1172.265,1172.26,0.01319,0.013581,1182.8,30.64435,0,581.7217,1.148489,1.148489,-8.904554,NaN,NaN,NaN,NaN,0,20.1,6.141997,0,19.1386,0.9522,0,0.3056,30.6444,0,1,0,0,-0.3056,0,0.9522,581.7217,0,0,0,1
1172.279,1172.27,0.013525,0.01357,1182.814,30.70547,0,581.9132,1.14035,1.14035,-8.933851,NaN,NaN,NaN,NaN,0,20.1,6.112148,0,19.14815,0.9526,0,0.3041,30.7055,0,1,0,0,-0.3041,0,0.9526,581.9132,0,0,0,1
1172.291,1172.29,0.011996,0.013255,1182.826,30.82681,0,582.2964,1.124202,1.124202,-8.959486,NaN,NaN,NaN,NaN,0,20.1,6.052233,0,19.16717,0.9536,0,0.3011,30.8268,0,1,0,0,-0.3011,0,0.9536,582.2964,0,0,0,1
1172.307,1172.3,0.015623,0.013729,1182.842,30.88704,0,582.4882,1.115638,1.115638,-9.010756,NaN,NaN,NaN,NaN,0,20.1,6.022082,0,19.17667,0.9541,0,0.2996,30.887,0,1,0,0,-0.2996,0,0.9541,582.4882,0,0,0,1
1172.319,1172.31,0.01293,0.013569,1182.854,30.94695,0,582.6801,1.106727,1.106727,-9.113295,NaN,NaN,NaN,NaN,0,20.1,5.991573,0,19.18622,0.9545,0,0.2981,30.947,0,1,0,0,-0.2981,0,0.9545,582.6801,0,0,0,1
1172.339,1172.33,0.018993,0.014654,1182.874,31.06586,0,583.0641,1.094393,1.094393,-9.23049,NaN,NaN,NaN,NaN,0,20.1,5.929723,0,19.20543,0.9555,0,0.295,31.0659,0,1,0,0,-0.295,0,0.9555,583.0641,0,0,0,1
1172.35,1172.35,0.011856,0.014094,1182.885,31.18349,0,583.4485,1.081912,1.081912,-9.534445,NaN,NaN,NaN,NaN,0,20.1,5.865771,0,19.22506,0.9565,0,0.2918,31.1835,0,1,0,0,-0.2918,0,0.9565,583.4485,0,0,0,1
1172.37,1172.37,0.019905,0.015256,1182.906,31.29982,0,583.8333,1.07033,1.07033,-9.761503,NaN,NaN,NaN,NaN,0,20.1,5.80023,0,19.24493,0.9575,0,0.2886,31.2998,0,1,0,0,-0.2886,0,0.9575,583.8333,0,0,0,1
1172.383,1172.38,0.012984,0.014802,1182.918,31.35748,0,584.0259,1.066686,1.066686,-10.23026,NaN,NaN,NaN,NaN,0,20.1,5.765858,0,19.25526,0.958,0,0.2869,31.3575,0,1,0,0,-0.2869,0,0.958,584.0259,0,0,0,1
1172.396,1172.39,0.012884,0.014418,1182.931,31.41479,0,584.2185,1.06268,1.06268,-10.54887,NaN,NaN,NaN,NaN,0,20.1,5.730398,0,19.26584,0.9585,0,0.2851,31.4148,0,1,0,0,-0.2851,0,0.9585,584.2185,0,0,0,1
1172.407,1172.4,0.011169,0.013768,1182.942,31.47173,0,584.4113,1.058273,1.058273,-10.92607,NaN,NaN,NaN,NaN,0,20.1,5.693649,0,19.27673,0.959,0,0.2833,31.4717,0,1,0,0,-0.2833,0,0.959,584.4113,0,0,0,1
1172.418,1172.41,0.011057,0.013226,1182.953,31.52828,0,584.6041,1.05345,1.05345,-11.18608,NaN,NaN,NaN,NaN,0,20.1,5.656003,0,19.28781,0.9596,0,0.2814,31.5283,0,1,0,0,-0.2814,0,0.9596,584.6041,0,0,0,1
1172.431,1172.43,0.012181,0.013017,1182.965,31.64024,0,584.9902,1.048442,1.048442,-11.51202,NaN,NaN,NaN,NaN,0,20.1,5.57845,0,19.31038,0.9607,0,0.2775,31.6402,0,1,0,0,-0.2775,0,0.9607,584.9902,0,0,0,1
1172.443,1172.44,0.012386,0.012891,1182.977,31.69563,0,585.1835,1.046213,1.046213,-11.84161,NaN,NaN,NaN,NaN,0,20.1,5.538529,0,19.32187,0.9613,0,0.2755,31.6956,0,1,0,0,-0.2755,0,0.9613,585.1835,0,0,0,1
1172.455,1172.45,0.011982,0.012709,1182.99,31.7506,0,585.3768,1.043554,1.043554,-12.16754,NaN,NaN,NaN,NaN,0,20.1,5.497484,0,19.33359,0.9619,0,0.2735,31.7506,0,1,0,0,-0.2735,0,0.9619,585.3768,0,0,0,1
1172.468,1172.46,0.013119,0.012791,1183.003,31.80515,0,585.5703,1.040442,1.040442,-12.50813,NaN,NaN,NaN,NaN,0,20.1,5.455265,0,19.34554,0.9625,0,0.2714,31.8052,0,1,0,0,-0.2714,0,0.9625,585.5703,0,0,0,1
1172.48,1172.47,0.011828,0.012598,1183.015,31.85927,0,585.7639,1.038584,1.038584,-12.9073,NaN,NaN,NaN,NaN,0,20.1,5.41167,0,19.35778,0.9631,0,0.2692,31.8593,0,1,0,0,-0.2692,0,0.9631,585.7639,0,0,0,1
1172.491,1172.49,0.010898,0.012258,1183.026,31.96616,0,586.1515,1.037713,1.037713,-13.2845,NaN,NaN,NaN,NaN,0,20.1,5.321846,0,19.38267,0.9643,0,0.2648,31.9662,0,1,0,0,-0.2648,0,0.9643,586.1515,0,0,0,1
1172.503,1172.5,0.012119,0.01223,1183.037,32.01892,0,586.3455,1.03655,1.03655,-13.59213,NaN,NaN,NaN,NaN,0,20.1,5.275852,0,19.39524,0.9649,0,0.2625,32.0189,0,1,0,0,-0.2625,0,0.9649,586.3455,0,0,0,1
1172.515,1172.51,0.012267,0.012238,1183.05,32.0712,0,586.5396,1.034882,1.034882,-13.9913,NaN,NaN,NaN,NaN,0,20.1,5.228475,0,19.40807,0.9656,0,0.2601,32.0712,0,1,0,0,-0.2601,0,0.9656,586.5396,0,0,0,1
1172.527,1172.52,0.012379,0.012266,1183.062,32.123,0,586.7338,1.034144,1.034144,-14.41611,NaN,NaN,NaN,NaN,0,20.1,5.179626,0,19.42116,0.9662,0,0.2577,32.123,0,1,0,0,-0.2577,0,0.9662,586.7338,0,0,0,1
1172.541,1172.54,0.013006,0.012414,1183.075,32.22508,0,587.1226,1.035912,1.035912,-14.84093,NaN,NaN,NaN,NaN,0,20.1,5.078947,0,19.44773,0.9675,0,0.2527,32.2251,0,1,0,0,-0.2527,0,0.9675,587.1226,0,0,0,1
1172.561,1172.56,0.02011,0.013953,1183.096,32.3251,0,587.512,1.035465,1.035465,-15.34631,NaN,NaN,NaN,NaN,0,20.1,4.974695,0,19.47466,0.9689,0,0.2475,32.3251,0,1,0,0,-0.2475,0,0.9689,587.512,0,0,0,1
1172.574,1172.57,0.013177,0.013798,1183.109,32.37429,0,587.7068,1.035566,1.035566,-16.10071,NaN,NaN,NaN,NaN,0,20.1,4.91995,0,19.48856,0.9696,0,0.2448,32.3743,0,1,0,0,-0.2448,0,0.9696,587.7068,0,0,0,1
1172.587,1172.58,0.013234,0.013685,1183.122,32.42293,0,587.9019,1.037781,1.037781,-16.62806,NaN,NaN,NaN,NaN,0,20.1,4.86337,0,19.50276,0.9703,0,0.242,32.4229,0,1,0,0,-0.242,0,0.9703,587.9019,0,0,0,1
1172.599,1172.59,0.011589,0.013266,1183.133,32.47098,0,588.097,1.039367,1.039367,-17.06386,NaN,NaN,NaN,NaN,0,20.1,4.805265,0,19.51716,0.971,0,0.2391,32.471,0,1,0,0,-0.2391,0,0.971,588.097,0,0,0,1
1172.61,1172.61,0.011452,0.012903,1183.145,32.5653,0,588.4877,1.040676,1.040676,-17.47036,NaN,NaN,NaN,NaN,0,20.1,4.686155,0,19.5461,0.9724,0,0.2331,32.5653,0,1,0,0,-0.2331,0,0.9724,588.4877,0,0,0,1
1172.622,1172.62,0.01241,0.012805,1183.157,32.61155,0,588.6835,1.041241,1.041241,-17.85489,NaN,NaN,NaN,NaN,0,20.1,4.625222,0,19.56061,0.9732,0,0.2301,32.6116,0,1,0,0,-0.2301,0,0.9732,588.6835,0,0,0,1
1172.634,1172.63,0.011044,0.012452,1183.168,32.65718,0,588.8792,1.044165,1.044165,-18.22843,NaN,NaN,NaN,NaN,0,20.1,4.562967,0,19.57522,0.9739,0,0.227,32.6572,0,1,0,0,-0.227,0,0.9739,588.8792,0,0,0,1
1172.645,1172.64,0.011382,0.012238,1183.179,32.70219,0,589.0751,1.046411,1.046411,-18.51774,NaN,NaN,NaN,NaN,0,20.1,4.499676,0,19.58987,0.9746,0,0.2239,32.7022,0,1,0,0,-0.2239,0,0.9746,589.0751,0,0,0,1
1172.657,1172.65,0.012011,0.012193,1183.191,32.74654,0,589.2711,1.047972,1.047972,-18.82902,NaN,NaN,NaN,NaN,0,20.1,4.435275,0,19.60455,0.9754,0,0.2207,32.7465,0,1,0,0,-0.2207,0,0.9754,589.2711,0,0,0,1
1172.668,1172.66,0.01119,0.011992,1183.203,32.79023,0,589.4673,1.048869,1.048869,-19.13665,NaN,NaN,NaN,NaN,0,20.1,4.369771,0,19.61925,0.9761,0,0.2174,32.7902,0,1,0,0,-0.2174,0,0.9761,589.4673,0,0,0,1
1172.679,1172.67,0.011255,0.011845,1183.214,32.83327,0,589.6636,1.049671,1.049671,-19.40032,NaN,NaN,NaN,NaN,0,20.1,4.303316,0,19.63394,0.9768,0,0.2141,32.8333,0,1,0,0,-0.2141,0,0.9768,589.6636,0,0,0,1
1172.692,1172.69,0.012438,0.011963,1183.227,32.91732,0,590.0568,1.055678,1.055678,-19.6054,NaN,NaN,NaN,NaN,0,20.1,4.168849,0,19.66293,0.9783,0,0.2074,32.9173,0,1,0,0,-0.2074,0,0.9783,590.0568,0,0,0,1
1172.704,1172.7,0.012719,0.012114,1183.239,32.95832,0,590.2535,1.057618,1.057618,-19.84344,NaN,NaN,NaN,NaN,0,20.1,4.100726,0,19.67725,0.979,0,0.204,32.9583,0,1,0,0,-0.204,0,0.979,590.2535,0,0,0,1
1172.715,1172.71,0.010596,0.011811,1183.25,32.99864,0,590.4504,1.058844,1.058844,-20.05219,NaN,NaN,NaN,NaN,0,20.1,4.031835,0,19.69148,0.9797,0,0.2006,32.9986,0,1,0,0,-0.2006,0,0.9797,590.4504,0,0,0,1
1172.727,1172.72,0.011553,0.011759,1183.261,33.03827,0,590.6475,1.05966,1.05966,-20.21698,NaN,NaN,NaN,NaN,0,20.1,3.962328,0,19.70558,0.9804,0,0.1971,33.0383,0,1,0,0,-0.1971,0,0.9804,590.6475,0,0,0,1
1172.738,1172.73,0.011562,0.01172,1183.273,33.07719,0,590.8447,1.06331,1.06331,-20.39643,NaN,NaN,NaN,NaN,0,20.1,3.892154,0,19.71956,0.9811,0,0.1936,33.0772,0,1,0,0,-0.1936,0,0.9811,590.8447,0,0,0,1
1172.75,1172.74,0.011269,0.01163,1183.284,33.1154,0,591.0421,1.066212,1.066212,-20.56855,NaN,NaN,NaN,NaN,0,20.1,3.821338,0,19.73341,0.9818,0,0.1901,33.1154,0,1,0,0,-0.1901,0,0.9818,591.0421,0,0,0,1
1172.761,1172.76,0.011737,0.011651,1183.296,33.18968,0,591.4372,1.069784,1.069784,-20.7187,NaN,NaN,NaN,NaN,0,20.1,3.678524,0,19.76053,0.9831,0,0.183,33.1897,0,1,0,0,-0.183,0,0.9831,591.4372,0,0,0,1
1172.773,1172.77,0.012128,0.011746,1183.308,33.22575,0,591.6349,1.070584,1.070584,-20.90547,NaN,NaN,NaN,NaN,0,20.1,3.606399,0,19.77382,0.9838,0,0.1794,33.2258,0,1,0,0,-0.1794,0,0.9838,591.6349,0,0,0,1
1172.794,1172.79,0.020984,0.013594,1183.329,33.29569,0,592.0308,1.07733,1.07733,-21.0959,NaN,NaN,NaN,NaN,0,20.1,3.460691,0,19.79984,0.9851,0,0.1722,33.2957,0,1,0,0,-0.1722,0,0.9851,592.0308,0,0,0,1
1172.806,1172.8,0.012049,0.013285,1183.341,33.32955,0,592.2289,1.079599,1.079599,-21.47677,NaN,NaN,NaN,NaN,0,20.1,3.386449,0,19.81267,0.9857,0,0.1685,33.3296,0,1,0,0,-0.1685,0,0.9857,592.2289,0,0,0,1
1172.818,1172.81,0.011684,0.012965,1183.353,33.36266,0,592.4271,1.081092,1.081092,-21.71481,NaN,NaN,NaN,NaN,0,20.1,3.311336,0,19.82537,0.9863,0,0.1647,33.3627,0,1,0,0,-0.1647,0,0.9863,592.4271,0,0,0,1
1172.83,1172.83,0.012192,0.01281,1183.365,33.42661,0,592.824,1.085334,1.085334,-21.9382,NaN,NaN,NaN,NaN,0,20.1,3.15942,0,19.85014,0.9876,0,0.1572,33.4266,0,1,0,0,-0.1572,0,0.9876,592.824,0,0,0,1
1172.843,1172.84,0.012585,0.012765,1183.377,33.45744,0,593.0226,1.088342,1.088342,-22.1799,NaN,NaN,NaN,NaN,0,20.1,3.082554,0,19.86222,0.9882,0,0.1534,33.4574,0,1,0,0,-0.1534,0,0.9882,593.0226,0,0,0,1
1172.855,1172.85,0.011849,0.012582,1183.389,33.48748,0,593.2213,1.090543,1.090543,-22.43259,NaN,NaN,NaN,NaN,0,20.1,3.004766,0,19.87414,0.9888,0,0.1495,33.4875,0,1,0,0,-0.1495,0,0.9888,593.2213,0,0,0,1
1172.866,1172.86,0.011492,0.012364,1183.401,33.51675,0,593.4202,1.091937,1.091937,-22.67796,NaN,NaN,NaN,NaN,0,20.1,2.926079,0,19.88588,0.9893,0,0.1456,33.5168,0,1,0,0,-0.1456,0,0.9893,593.4202,0,0,0,1
1172.877,1172.87,0.01098,0.012087,1183.412,33.54521,0,593.6191,1.092502,1.092502,-22.916,NaN,NaN,NaN,NaN,0,20.1,2.84652,0,19.89742,0.9899,0,0.1416,33.5452,0,1,0,0,-0.1416,0,0.9899,593.6191,0,0,0,1
1172.89,1172.88,0.012651,0.0122,1183.424,33.57288,0,593.8182,1.09556,1.09556,-23.09178,NaN,NaN,NaN,NaN,0,20.1,2.766305,0,19.90873,0.9905,0,0.1376,33.5729,0,1,0,0,-0.1376,0,0.9905,593.8182,0,0,0,1
1172.901,1172.9,0.011542,0.012068,1183.436,33.62577,0,594.2167,1.100298,1.100298,-23.31518,NaN,NaN,NaN,NaN,0,20.1,2.604187,0,19.93058,0.9916,0,0.1296,33.6258,0,1,0,0,-0.1296,0,0.9916,594.2167,0,0,0,1
1172.914,1172.91,0.012279,0.01211,1183.448,33.65099,0,594.4161,1.101413,1.101413,-23.4873,NaN,NaN,NaN,NaN,0,20.1,2.522464,0,19.94109,0.9921,0,0.1255,33.651,0,1,0,0,-0.1255,0,0.9921,594.4161,0,0,0,1
1172.925,1172.92,0.011514,0.011991,1183.46,33.6754,0,594.6157,1.10168,1.10168,-23.61913,NaN,NaN,NaN,NaN,0,20.1,2.440239,0,19.95132,0.9926,0,0.1214,33.6754,0,1,0,0,-0.1214,0,0.9926,594.6157,0,0,0,1
1172.939,1172.93,0.014305,0.012454,1183.474,33.69897,0,594.8152,1.104108,1.104108,-23.74365,NaN,NaN,NaN,NaN,0,20.1,2.357539,0,19.96126,0.9931,0,0.1173,33.699,0,1,0,0,-0.1173,0,0.9931,594.8152,0,0,0,1
1172.952,1172.95,0.012574,0.012478,1183.487,33.74363,0,595.2148,1.108141,1.108141,-23.84619,NaN,NaN,NaN,NaN,0,20.1,2.191305,0,19.98019,0.994,0,0.109,33.7436,0,1,0,0,-0.109,0,0.994,595.2148,0,0,0,1
1172.97,1172.97,0.0182,0.013622,1183.505,33.78495,0,595.6146,1.108768,1.108768,-23.87915,NaN,NaN,NaN,NaN,0,20.1,2.024687,0,19.99777,0.9949,0,0.1007,33.785,0,1,0,0,-0.1007,0,0.9949,595.6146,0,0,0,1
1172.982,1172.98,0.011504,0.013198,1183.516,33.80437,0,595.8147,1.110497,1.110497,-23.87915,NaN,NaN,NaN,NaN,0,20.1,1.941325,0,20.00603,0.9953,0,0.0966,33.8044,0,1,0,0,-0.0966,0,0.9953,595.8147,0,0,0,1
1172.992,1172.99,0.010448,0.012648,1183.527,33.82294,0,596.0148,1.112553,1.112553,-23.87915,NaN,NaN,NaN,NaN,0,20.1,1.85793,0,20.01395,0.9957,0,0.0924,33.8229,0,1,0,0,-0.0924,0,0.9957,596.0148,0,0,0,1
1173.005,1173,0.012881,0.012695,1183.54,33.84069,0,596.215,1.113753,1.113753,-23.87915,NaN,NaN,NaN,NaN,0,20.1,1.774501,0,20.02152,0.9961,0,0.0883,33.8407,0,1,0,0,-0.0883,0,0.9961,596.215,0,0,0,1
1173.017,1173.01,0.011541,0.012464,1183.551,33.8576,0,596.4153,1.114101,1.114101,-23.87915,NaN,NaN,NaN,NaN,0,20.1,1.691043,0,20.02874,0.9965,0,0.0841,33.8576,0,1,0,0,-0.0841,0,0.9965,596.4153,0,0,0,1
1173.028,1173.02,0.011507,0.012273,1183.562,33.87368,0,596.6157,1.113595,1.113595,-23.87915,NaN,NaN,NaN,NaN,0,20.1,1.607555,0,20.03561,0.9968,0,0.08,33.8737,0,1,0,0,-0.08,0,0.9968,596.6157,0,0,0,1
1173.04,1173.03,0.011493,0.012117,1183.574,33.88892,0,596.8162,1.114625,1.114625,-23.87915,NaN,NaN,NaN,NaN,0,20.1,1.524038,0,20.04214,0.9971,0,0.0758,33.8889,0,1,0,0,-0.0758,0,0.9971,596.8162,0,0,0,1
1173.06,1173.05,0.020178,0.013729,1183.595,33.91689,0,597.2172,1.117103,1.117103,-23.86084,NaN,NaN,NaN,NaN,0,20.1,1.357057,0,20.05414,0.9977,0,0.0675,33.9169,0,1,0,0,-0.0675,0,0.9977,597.2172,0,0,0,1
1173.072,1173.07,0.011945,0.013372,1183.607,33.94153,0,597.6185,1.116174,1.116174,-23.83154,NaN,NaN,NaN,NaN,0,20.1,1.190186,0,20.06473,0.9982,0,0.0592,33.9415,0,1,0,0,-0.0592,0,0.9982,597.6185,0,0,0,1
1173.083,1173.08,0.01165,0.013028,1183.618,33.95259,0,597.8192,1.116518,1.116518,-23.80957,NaN,NaN,NaN,NaN,0,20.1,1.106795,0,20.06951,0.9985,0,0.0551,33.9526,0,1,0,0,-0.0551,0,0.9985,597.8192,0,0,0,1
1173.095,1173.09,0.011952,0.012813,1183.63,33.96283,0,598.0199,1.1178,1.1178,-23.77661,NaN,NaN,NaN,NaN,0,20.1,1.023502,0,20.07393,0.9987,0,0.0509,33.9628,0,1,0,0,-0.0509,0,0.9987,598.0199,0,0,0,1
1173.107,1173.1,0.011798,0.01261,1183.642,33.97223,0,598.2207,1.118238,1.118238,-23.72534,NaN,NaN,NaN,NaN,0,20.1,0.94037,0,20.07799,0.9989,0,0.0468,33.9722,0,1,0,0,-0.0468,0,0.9989,598.2207,0,0,0,1
1173.119,1173.11,0.011962,0.01248,1183.654,33.98081,0,598.4215,1.117827,1.117827,-23.65942,NaN,NaN,NaN,NaN,0,20.1,0.857453,0,20.0817,0.9991,0,0.0427,33.9808,0,1,0,0,-0.0427,0,0.9991,598.4215,0,0,0,1
1173.131,1173.13,0.012076,0.012399,1183.666,33.99548,0,598.8232,1.116252,1.116252,-23.57519,NaN,NaN,NaN,NaN,0,20.1,0.692168,0,20.08808,0.9994,0,0.0344,33.9955,0,1,0,0,-0.0344,0,0.9994,598.8232,0,0,0,1
1173.144,1173.14,0.012685,0.012456,1183.678,34.00158,0,599.0242,1.117197,1.117197,-23.46532,NaN,NaN,NaN,NaN,0,20.1,0.609892,0,20.09075,0.9995,0,0.0303,34.0016,0,1,0,0,-0.0303,0,0.9995,599.0242,0,0,0,1
1173.156,1173.15,0.012155,0.012396,1183.691,34.00686,0,599.2251,1.117311,1.117311,-23.31152,NaN,NaN,NaN,NaN,0,20.1,0.528146,0,20.09306,0.9997,0,0.0263,34.0069,0,1,0,0,-0.0263,0,0.9997,599.2251,0,0,0,1
1173.168,1173.16,0.011621,0.012241,1183.702,34.01133,0,599.426,1.11659,1.11659,-23.17601,NaN,NaN,NaN,NaN,0,20.1,0.446866,0,20.09503,0.9998,0,0.0222,34.0113,0,1,0,0,-0.0222,0,0.9998,599.426,0,0,0,1
1173.179,1173.17,0.011211,0.012035,1183.713,34.01499,0,599.627,1.115045,1.115045,-23.01854,NaN,NaN,NaN,NaN,0,20.1,0.36613,0,20.09666,0.9998,0,0.0182,34.015,0,1,0,0,-0.0182,0,0.9998,599.627,0,0,0,1
1173.191,1173.19,0.012131,0.012054,1183.726,34.01991,0,600.029,1.11485,1.11485,-22.86473,NaN,NaN,NaN,NaN,0,20.1,0.205723,0,20.09895,0.9999,0,0.0102,34.0199,0,1,0,0,-0.0102,0,0.9999,600.029,0,0,0,1
1173.203,1173.2,0.01225,0.012093,1183.738,34.02117,0,600.23,1.114738,1.114738,-22.65965,NaN,NaN,NaN,NaN,0,20.1,0.126233,0,20.0996,1,0,0.0063,34.0212,0,1,0,0,-0.0063,0,1,600.23,0,0,0,1
1173.214,1173.21,0.0111,0.011895,1183.749,34.02164,0,600.431,1.113825,1.113825,-22.43992,NaN,NaN,NaN,NaN,0,20.1,0.047512,0,20.09994,1,0,0.0024,34.0216,0,1,0,0,-0.0024,0,1,600.431,0,0,0,1
1173.226,1173.22,0.011231,0.011762,1183.76,34.02134,0,600.632,1.112113,1.112113,-22.20187,NaN,NaN,NaN,NaN,0,20.1,-0.030374,0,20.09998,1,0,-0.0015,34.0213,0,1,0,0,0.0015,0,1,600.632,0,0,0,1
1173.239,1173.23,0.013882,0.012186,1183.774,34.02026,0,600.8329,1.110769,1.110769,-22.01144,NaN,NaN,NaN,NaN,0,20.1,-0.107593,0,20.09971,1,0,-0.0054,34.0203,0,1,0,0,0.0054,0,1,600.8329,0,0,0,1
1173.252,1173.25,0.012405,0.01223,1183.787,34.01582,0,601.2349,1.111194,1.111194,-21.74776,NaN,NaN,NaN,NaN,0,20.1,-0.260173,0,20.09832,0.9999,0,-0.0129,34.0158,0,1,0,0,0.0129,0,0.9999,601.2349,0,0,0,1
1173.273,1173.27,0.020934,0.013971,1183.808,34.00836,0,601.6368,1.108534,1.108534,-21.47311,NaN,NaN,NaN,NaN,0,20.1,-0.410812,0,20.0958,0.9998,0,-0.0204,34.0084,0,1,0,0,0.0204,0,0.9998,601.6368,0,0,0,1
1173.288,1173.28,0.015496,0.014276,1183.823,34.00352,0,601.8378,1.106907,1.106907,-21.04463,NaN,NaN,NaN,NaN,0,20.1,-0.48462,0,20.09416,0.9997,0,-0.0241,34.0035,0,1,0,0,0.0241,0,0.9997,601.8378,0,0,0,1
1173.305,1173.3,0.016463,0.014713,1183.84,33.99164,0,602.2396,1.107495,1.107495,-20.73335,NaN,NaN,NaN,NaN,0,20.1,-0.630034,0,20.09012,0.9995,0,-0.0313,33.9916,0,1,0,0,0.0313,0,0.9995,602.2396,0,0,0,1
1173.317,1173.31,0.012327,0.014236,1183.852,33.98463,0,602.4405,1.106683,1.106683,-20.42573,NaN,NaN,NaN,NaN,0,20.1,-0.70165,0,20.08775,0.9994,0,-0.0349,33.9846,0,1,0,0,0.0349,0,0.9994,602.4405,0,0,0,1
1173.33,1173.33,0.013282,0.014045,1183.866,33.96847,0,602.8422,1.103424,1.103424,-20.20233,NaN,NaN,NaN,NaN,0,20.1,-0.843289,0,20.0823,0.9991,0,-0.042,33.9685,0,1,0,0,0.042,0,0.9991,602.8422,0,0,0,1
1173.344,1173.34,0.013416,0.013919,1183.878,33.95934,0,603.043,1.104326,1.104326,-19.94965,NaN,NaN,NaN,NaN,0,20.1,-0.913208,0,20.07924,0.999,0,-0.0454,33.9593,0,1,0,0,0.0454,0,0.999,603.043,0,0,0,1
1173.356,1173.35,0.012736,0.013683,1183.891,33.94951,0,603.2437,1.104519,1.104519,-19.72259,NaN,NaN,NaN,NaN,0,20.1,-0.98232,0,20.07598,0.9988,0,-0.0489,33.9495,0,1,0,0,0.0489,0,0.9988,603.2437,0,0,0,1
1173.37,1173.36,0.013214,0.013589,1183.904,33.939,0,603.4445,1.10401,1.10401,-19.53949,NaN,NaN,NaN,NaN,0,20.1,-1.050779,0,20.07252,0.9986,0,-0.0523,33.939,0,1,0,0,0.0523,0,0.9986,603.4445,0,0,0,1
1173.383,1173.38,0.013033,0.013478,1183.918,33.91595,0,603.8458,1.101145,1.101145,-19.3637,NaN,NaN,NaN,NaN,0,20.1,-1.186428,0,20.06495,0.9983,0,-0.059,33.916,0,1,0,0,0.059,0,0.9983,603.8458,0,0,0,1
1173.396,1173.39,0.012983,0.013379,1183.93,33.90342,0,604.0464,1.102441,1.102441,-19.20989,NaN,NaN,NaN,NaN,0,20.1,-1.253695,0,20.06086,0.9981,0,-0.0624,33.9034,0,1,0,0,0.0624,0,0.9981,604.0464,0,0,0,1
1173.415,1173.41,0.018792,0.014461,1183.95,33.87634,0,604.4474,1.102958,1.102958,-19.05608,NaN,NaN,NaN,NaN,0,20.1,-1.387107,0,20.05208,0.9976,0,-0.069,33.8763,0,1,0,0,0.069,0,0.9976,604.4474,0,0,0,1
