time,fixedTime,deltaTime,smoothDeltaTime,realtimeSinceStartup,pos_x,pos_y,pos_z,distFromRoadCenter,signedDistFromRoadCenter,wheelAngle,obstacle_pos_x,obstacle_pos_y,obstacle_pos_z,distance_to_obstacle,brake_position,car_speed,car_vel_x,car_vel_y,car_vel_z,simplecar_4x4_R0C0,simplecar_4x4_R0C1,simplecar_4x4_R0C2,simplecar_4x4_R0C3,simplecar_4x4_R1C0,simplecar_4x4_R1C1,simplecar_4x4_R1C2,simplecar_4x4_R1C3,simplecar_4x4_R2C0,simplecar_4x4_R2C1,simplecar_4x4_R2C2,simplecar_4x4_R2C3,simplecar_4x4_R3C0,simplecar_4x4_R3C1,simplecar_4x4_R3C2,simplecar_4x4_R3C3
109.4758,109.47,0.01972,0.015948,120.0171,-210.5475,0,102.9471,1.543602,1.543602,1.400771,NaN,NaN,NaN,NaN,0,20.1,-15.92759,0,-12.26058,-0.61,0,-0.7924,-210.5475,0,1,0,0,0.7924,0,-0.61,102.9471,0,0,0,1
109.4966,109.49,0.020771,0.016913,120.0319,-210.8662,0,102.702,1.549671,1.549671,1.261611,NaN,NaN,NaN,NaN,0,20.1,-15.93299,0,-12.25357,-0.6096,0,-0.7927,-210.8662,0,1,0,0,0.7927,0,-0.6096,102.702,0,0,0,1
109.512,109.51,0.015443,0.016619,120.051,-211.1849,0,102.457,1.555899,1.555899,1.17372,NaN,NaN,NaN,NaN,0,20.1,-15.93801,0,-12.24704,-0.6093,0,-0.7929,-211.1849,0,1,0,0,0.7929,0,-0.6093,102.457,0,0,0,1
109.5367,109.53,0.024671,0.018229,120.0719,-211.5037,0,102.2121,1.562292,1.562292,1.038222,NaN,NaN,NaN,NaN,0,20.1,-15.94244,0,-12.24126,-0.609,0,-0.7932,-211.5037,0,1,0,0,0.7932,0,-0.609,102.2121,0,0,0,1
109.5517,109.55,0.014978,0.017579,120.0871,-211.8226,0,101.9674,1.568804,1.568804,0.888076,NaN,NaN,NaN,NaN,0,20.1,-15.94624,0,-12.23632,-0.6088,0,-0.7933,-211.8226,0,1,0,0,0.7933,0,-0.6088,101.9674,0,0,0,1
109.5659,109.56,0.014211,0.016906,120.1006,-211.9821,0,101.845,1.572116,1.572116,0.763564,NaN,NaN,NaN,NaN,0,20.1,-15.94787,0,-12.2342,-0.6087,0,-0.7934,-211.9821,0,1,0,0,0.7934,0,-0.6087,101.845,0,0,0,1
109.5811,109.58,0.015259,0.016576,120.1164,-212.3011,0,101.6004,1.578805,1.578805,0.650039,NaN,NaN,NaN,NaN,0,20.1,-15.95064,0,-12.23058,-0.6085,0,-0.7936,-212.3011,0,1,0,0,0.7936,0,-0.6085,101.6004,0,0,0,1
109.5952,109.59,0.014059,0.016073,120.1298,-212.4606,0,101.4781,1.58216,1.58216,0.529189,NaN,NaN,NaN,NaN,0,20.1,-15.95177,0,-12.22911,-0.6084,0,-0.7936,-212.4606,0,1,0,0,0.7936,0,-0.6084,101.4781,0,0,0,1
109.6077,109.6,0.012547,0.015368,120.1424,-212.6202,0,101.3558,1.585543,1.585543,0.401001,NaN,NaN,NaN,NaN,0,20.1,-15.95263,0,-12.22799,-0.6084,0,-0.7937,-212.6202,0,1,0,0,0.7937,0,-0.6084,101.3558,0,0,0,1
109.6208,109.62,0.013092,0.014912,120.1559,-212.9393,0,101.1113,1.592348,1.592348,0.287476,NaN,NaN,NaN,NaN,0,20.1,-15.95386,0,-12.22639,-0.6083,0,-0.7937,-212.9393,0,1,0,0,0.7937,0,-0.6083,101.1113,0,0,0,1
109.6424,109.64,0.021605,0.016251,120.1774,-213.2583,0,100.8668,1.599153,1.599153,0.162964,NaN,NaN,NaN,NaN,0,20.1,-15.95455,0,-12.22548,-0.6082,0,-0.7938,-213.2583,0,1,0,0,0.7938,0,-0.6082,100.8668,0,0,0,1
109.6576,109.65,0.01517,0.016035,120.1923,-213.4179,0,100.7445,1.602569,1.602569,-0.020142,NaN,NaN,NaN,NaN,0,20.1,-15.95451,0,-12.22553,-0.6082,0,-0.7938,-213.4179,0,1,0,0,0.7938,0,-0.6082,100.7445,0,0,0,1
109.6755,109.67,0.017938,0.016415,120.2106,-213.737,0,100.5,1.609389,1.609389,-0.10437,NaN,NaN,NaN,NaN,0,20.1,-15.95406,0,-12.22612,-0.6083,0,-0.7937,-213.737,0,1,0,0,0.7937,0,-0.6083,100.5,0,0,0,1
109.6899,109.68,0.014409,0.016014,120.2246,-213.8965,0,100.3778,1.612778,1.612778,-0.195923,NaN,NaN,NaN,NaN,0,20.1,-15.95365,0,-12.22666,-0.6083,0,-0.7937,-213.8965,0,1,0,0,0.7937,0,-0.6083,100.3778,0,0,0,1
109.7034,109.7,0.013485,0.015508,120.2384,-214.2156,0,100.1332,1.61954,1.61954,-0.243537,NaN,NaN,NaN,NaN,0,20.1,-15.95261,0,-12.22802,-0.6084,0,-0.7937,-214.2156,0,1,0,0,0.7937,0,-0.6084,100.1332,0,0,0,1
109.7158,109.71,0.01232,0.014871,120.2503,-214.3751,0,100.0109,1.622916,1.622916,-0.26551,NaN,NaN,NaN,NaN,0,20.1,-15.95204,0,-12.22876,-0.6084,0,-0.7936,-214.3751,0,1,0,0,0.7936,0,-0.6084,100.0109,0,0,0,1
109.7278,109.72,0.012016,0.0143,120.2622,-214.5346,0,99.88862,1.626268,1.626268,-0.276496,NaN,NaN,NaN,NaN,0,20.1,-15.95145,0,-12.22953,-0.6084,0,-0.7936,-214.5346,0,1,0,0,0.7936,0,-0.6084,99.8886,0,0,0,1
109.7405,109.74,0.012703,0.01398,120.2753,-214.8536,0,99.644,1.632963,1.632963,-0.276496,NaN,NaN,NaN,NaN,0,20.1,-15.95027,0,-12.23107,-0.6085,0,-0.7935,-214.8536,0,1,0,0,0.7935,0,-0.6085,99.644,0,0,0,1
109.7544,109.75,0.013899,0.013964,120.2887,-215.0131,0,99.52168,1.636297,1.636297,-0.276496,NaN,NaN,NaN,NaN,0,20.1,-15.94968,0,-12.23184,-0.6085,0,-0.7935,-215.0131,0,1,0,0,0.7935,0,-0.6085,99.5217,0,0,0,1
109.7749,109.77,0.020521,0.015275,120.3096,-215.3321,0,99.27702,1.642922,1.642922,-0.276496,NaN,NaN,NaN,NaN,0,20.1,-15.9485,0,-12.23337,-0.6086,0,-0.7935,-215.3321,0,1,0,0,0.7935,0,-0.6086,99.277,0,0,0,1
109.7869,109.78,0.011986,0.014618,120.3214,-215.4916,0,99.15467,1.646235,1.646235,-0.276496,NaN,NaN,NaN,NaN,0,20.1,-15.94791,0,-12.23414,-0.6087,0,-0.7934,-215.4916,0,1,0,0,0.7934,0,-0.6087,99.1547,0,0,0,1
109.7993,109.79,0.012432,0.01418,120.3337,-215.651,0,99.03232,1.649519,1.649519,-0.276496,NaN,NaN,NaN,NaN,0,20.1,-15.94732,0,-12.23491,-0.6087,0,-0.7934,-215.651,0,1,0,0,0.7934,0,-0.6087,99.0323,0,0,0,1
109.8196,109.81,0.020323,0.015409,120.3544,-215.97,0,98.78759,1.656074,1.656074,-0.276496,NaN,NaN,NaN,NaN,0,20.1,-15.94614,0,-12.23645,-0.6088,0,-0.7933,-215.97,0,1,0,0,0.7933,0,-0.6088,98.7876,0,0,0,1
109.8333,109.83,0.0137,0.015067,120.3681,-216.2889,0,98.54283,1.662586,1.662586,-0.276496,NaN,NaN,NaN,NaN,0,20.1,-15.94496,0,-12.23799,-0.6089,0,-0.7933,-216.2889,0,1,0,0,0.7933,0,-0.6089,98.5428,0,0,0,1
109.8454,109.84,0.012038,0.014461,120.38,-216.4483,0,98.42044,1.665822,1.665822,-0.276496,NaN,NaN,NaN,NaN,0,20.1,-15.94437,0,-12.23876,-0.6089,0,-0.7933,-216.4483,0,1,0,0,0.7933,0,-0.6089,98.4204,0,0,0,1
109.8595,109.85,0.014161,0.014401,120.394,-216.6078,0,98.29804,1.669049,1.669049,-0.276496,NaN,NaN,NaN,NaN,0,20.1,-15.94378,0,-12.23953,-0.6089,0,-0.7932,-216.6078,0,1,0,0,0.7932,0,-0.6089,98.298,0,0,0,1
109.872,109.87,0.01245,0.014011,120.4067,-216.9266,0,98.05322,1.675493,1.675493,-0.276496,NaN,NaN,NaN,NaN,0,20.1,-15.94259,0,-12.24107,-0.609,0,-0.7932,-216.9266,0,1,0,0,0.7932,0,-0.609,98.0532,0,0,0,1
109.8852,109.88,0.013244,0.013858,120.4197,-217.086,0,97.9308,1.678693,1.678693,-0.276496,NaN,NaN,NaN,NaN,0,20.1,-15.942,0,-12.24184,-0.609,0,-0.7931,-217.086,0,1,0,0,0.7931,0,-0.609,97.9308,0,0,0,1
109.9012,109.9,0.015939,0.014274,120.4363,-217.4049,0,97.68594,1.685073,1.685073,-0.276496,NaN,NaN,NaN,NaN,0,20.1,-15.94082,0,-12.24337,-0.6091,0,-0.7931,-217.4049,0,1,0,0,0.7931,0,-0.6091,97.6859,0,0,0,1
109.9217,109.92,0.020508,0.015521,120.4571,-217.7237,0,97.44104,1.691405,1.691405,-0.276496,NaN,NaN,NaN,NaN,0,20.1,-15.93964,0,-12.24491,-0.6092,0,-0.793,-217.7237,0,1,0,0,0.793,0,-0.6092,97.441,0,0,0,1
109.9428,109.94,0.021143,0.016645,120.4783,-218.0424,0,97.19611,1.6977,1.6977,-0.280159,NaN,NaN,NaN,NaN,0,20.1,-15.93844,0,-12.24647,-0.6093,0,-0.793,-218.0424,0,1,0,0,0.793,0,-0.6093,97.1961,0,0,0,1
109.9581,109.95,0.015243,0.016365,120.4928,-218.2018,0,97.07364,1.700838,1.700838,-0.283821,NaN,NaN,NaN,NaN,0,20.1,-15.93784,0,-12.24726,-0.6093,0,-0.7929,-218.2018,0,1,0,0,0.7929,0,-0.6093,97.0736,0,0,0,1
109.9729,109.97,0.014883,0.016068,120.5085,-218.5206,0,96.82867,1.707094,1.707094,-0.302131,NaN,NaN,NaN,NaN,0,20.1,-15.93655,0,-12.24894,-0.6094,0,-0.7929,-218.5206,0,1,0,0,0.7929,0,-0.6094,96.8287,0,0,0,1
109.9902,109.99,0.017258,0.016306,120.5253,-218.8393,0,96.58366,1.713294,1.713294,-0.331428,NaN,NaN,NaN,NaN,0,20.1,-15.93513,0,-12.25079,-0.6095,0,-0.7928,-218.8393,0,1,0,0,0.7928,0,-0.6095,96.5837,0,0,0,1
110.0045,110,0.014264,0.015898,120.5391,-218.9986,0,96.46114,1.716369,1.716369,-0.38636,NaN,NaN,NaN,NaN,0,20.1,-15.9343,0,-12.25186,-0.6095,0,-0.7928,-218.9986,0,1,0,0,0.7928,0,-0.6095,96.4611,0,0,0,1
110.0204,110.02,0.015905,0.015899,120.5555,-219.3173,0,96.21607,1.722477,1.722477,-0.452278,NaN,NaN,NaN,NaN,0,20.1,-15.93237,0,-12.25438,-0.6097,0,-0.7927,-219.3173,0,1,0,0,0.7927,0,-0.6097,96.2161,0,0,0,1
110.043,110.04,0.0226,0.017239,120.5786,-219.6359,0,95.97094,1.728522,1.728522,-0.540168,NaN,NaN,NaN,NaN,0,20.1,-15.93006,0,-12.25738,-0.6098,0,-0.7925,-219.6359,0,1,0,0,0.7925,0,-0.6098,95.9709,0,0,0,1
110.0582,110.05,0.015213,0.016834,120.5928,-219.7952,0,95.84834,1.731493,1.731493,-0.723281,NaN,NaN,NaN,NaN,0,20.1,-15.92851,0,-12.25939,-0.6099,0,-0.7925,-219.7952,0,1,0,0,0.7925,0,-0.6099,95.8483,0,0,0,1
110.0717,110.07,0.013521,0.016172,120.6067,-220.1137,0,95.60307,1.737363,1.737363,-0.87709,NaN,NaN,NaN,NaN,0,20.1,-15.92476,0,-12.26427,-0.6102,0,-0.7923,-220.1137,0,1,0,0,0.7923,0,-0.6102,95.6031,0,0,0,1
110.0875,110.08,0.015775,0.016092,120.6223,-220.2729,0,95.48041,1.740257,1.740257,-1.038222,NaN,NaN,NaN,NaN,0,20.1,-15.92253,0,-12.26715,-0.6103,0,-0.7922,-220.2729,0,1,0,0,0.7922,0,-0.6103,95.4804,0,0,0,1
110.103,110.1,0.015492,0.015972,120.6379,-220.5913,0,95.23495,1.745899,1.745899,-1.1957,NaN,NaN,NaN,NaN,0,20.1,-15.91741,0,-12.2738,-0.6106,0,-0.7919,-220.5913,0,1,0,0,0.7919,0,-0.6106,95.235,0,0,0,1
110.1201,110.12,0.017131,0.016204,120.655,-220.9096,0,94.98936,1.751373,1.751373,-1.397116,NaN,NaN,NaN,NaN,0,20.1,-15.91142,0,-12.28156,-0.611,0,-0.7916,-220.9096,0,1,0,0,0.7916,0,-0.611,94.9894,0,0,0,1
110.1345,110.13,0.014397,0.015843,120.669,-221.0686,0,94.8665,1.753996,1.753996,-1.635153,NaN,NaN,NaN,NaN,0,20.1,-15.90792,0,-12.2861,-0.6112,0,-0.7914,-221.0686,0,1,0,0,0.7914,0,-0.6112,94.8665,0,0,0,1
110.1529,110.15,0.018407,0.016355,120.6878,-221.3867,0,94.62063,1.759106,1.759106,-1.82559,NaN,NaN,NaN,NaN,0,20.1,-15.90009,0,-12.29623,-0.6118,0,-0.791,-221.3867,0,1,0,0,0.791,0,-0.6118,94.6206,0,0,0,1
110.1672,110.16,0.014252,0.015935,120.7018,-221.5456,0,94.49761,1.761539,1.761539,-2.037992,NaN,NaN,NaN,NaN,0,20.1,-15.89571,0,-12.30189,-0.612,0,-0.7908,-221.5456,0,1,0,0,0.7908,0,-0.612,94.4976,0,0,0,1
110.1809,110.18,0.013774,0.015503,120.7158,-221.8634,0,94.2514,1.766219,1.766219,-2.191808,NaN,NaN,NaN,NaN,0,20.1,-15.88629,0,-12.31405,-0.6126,0,-0.7904,-221.8634,0,1,0,0,0.7904,0,-0.6126,94.2514,0,0,0,1
110.1937,110.19,0.012725,0.014947,120.7284,-222.0222,0,94.12819,1.768424,1.768424,-2.327306,NaN,NaN,NaN,NaN,0,20.1,-15.88129,0,-12.3205,-0.613,0,-0.7901,-222.0222,0,1,0,0,0.7901,0,-0.613,94.1282,0,0,0,1
110.2061,110.2,0.012434,0.014444,120.7407,-222.181,0,94.00491,1.770548,1.770548,-2.429845,NaN,NaN,NaN,NaN,0,20.1,-15.87606,0,-12.32723,-0.6133,0,-0.7899,-222.181,0,1,0,0,0.7899,0,-0.6133,94.0049,0,0,0,1
110.2187,110.21,0.01264,0.014084,120.7532,-222.3397,0,93.88158,1.772591,1.772591,-2.532384,NaN,NaN,NaN,NaN,0,20.1,-15.87061,0,-12.33425,-0.6136,0,-0.7896,-222.3397,0,1,0,0,0.7896,0,-0.6136,93.8816,0,0,0,1
110.2316,110.23,0.012876,0.013842,120.767,-222.6569,0,93.63467,1.776391,1.776391,-2.583661,NaN,NaN,NaN,NaN,0,20.1,-15.85948,0,-12.34856,-0.6144,0,-0.789,-222.6569,0,1,0,0,0.789,0,-0.6144,93.6347,0,0,0,1
110.2439,110.24,0.012256,0.013525,120.7788,-222.8155,0,93.51112,1.778162,1.778162,-2.634931,NaN,NaN,NaN,NaN,0,20.1,-15.8538,0,-12.35585,-0.6147,0,-0.7887,-222.8155,0,1,0,0,0.7887,0,-0.6147,93.5111,0,0,0,1
110.2634,110.26,0.019512,0.014722,120.7983,-223.1323,0,93.26378,1.781398,1.781398,-2.66789,NaN,NaN,NaN,NaN,0,20.1,-15.84229,0,-12.37061,-0.6155,0,-0.7882,-223.1323,0,1,0,0,0.7882,0,-0.6155,93.2638,0,0,0,1
110.2756,110.27,0.012176,0.014213,120.81,-223.2907,0,93.14,1.782891,1.782891,-2.671552,NaN,NaN,NaN,NaN,0,20.1,-15.83652,0,-12.37799,-0.6158,0,-0.7879,-223.2907,0,1,0,0,0.7879,0,-0.6158,93.14,0,0,0,1
110.288,110.28,0.012494,0.013869,120.8226,-223.449,0,93.01614,1.784277,1.784277,-2.671552,NaN,NaN,NaN,NaN,0,20.1,-15.83075,0,-12.38538,-0.6162,0,-0.7876,-223.449,0,1,0,0,0.7876,0,-0.6162,93.0161,0,0,0,1
110.3077,110.3,0.019699,0.015035,120.8425,-223.7655,0,92.76822,1.786774,1.786774,-2.671552,NaN,NaN,NaN,NaN,0,20.1,-15.81919,0,-12.40013,-0.6169,0,-0.787,-223.7655,0,1,0,0,0.787,0,-0.6169,92.7682,0,0,0,1
110.3208,110.32,0.01301,0.01463,120.8555,-224.0817,0,92.52,1.788902,1.788902,-2.671552,NaN,NaN,NaN,NaN,0,20.1,-15.80762,0,-12.41488,-0.6177,0,-0.7864,-224.0817,0,1,0,0,0.7864,0,-0.6177,92.52,0,0,0,1
110.3337,110.33,0.012967,0.014297,120.8681,-224.2397,0,92.39577,1.789821,1.789821,-2.671552,NaN,NaN,NaN,NaN,0,20.1,-15.80183,0,-12.42225,-0.618,0,-0.7862,-224.2397,0,1,0,0,0.7862,0,-0.618,92.3958,0,0,0,1
110.3459,110.34,0.012206,0.013879,120.8804,-224.3976,0,92.27148,1.790645,1.790645,-2.671552,NaN,NaN,NaN,NaN,0,20.1,-15.79604,0,-12.42962,-0.6184,0,-0.7859,-224.3976,0,1,0,0,0.7859,0,-0.6184,92.2715,0,0,0,1
110.3586,110.35,0.012665,0.013636,120.8932,-224.5555,0,92.14711,1.791378,1.791378,-2.671552,NaN,NaN,NaN,NaN,0,20.1,-15.79024,0,-12.43698,-0.6188,0,-0.7856,-224.5555,0,1,0,0,0.7856,0,-0.6188,92.1471,0,0,0,1
110.3719,110.37,0.013324,0.013574,120.907,-224.8712,0,91.89815,1.792563,1.792563,-2.671552,NaN,NaN,NaN,NaN,0,20.1,-15.77863,0,-12.4517,-0.6195,0,-0.785,-224.8712,0,1,0,0,0.785,0,-0.6195,91.8982,0,0,0,1
110.3855,110.38,0.013532,0.013565,120.9199,-225.0289,0,91.77356,1.793024,1.793024,-2.671552,NaN,NaN,NaN,NaN,0,20.1,-15.77283,0,-12.45906,-0.6199,0,-0.7847,-225.0289,0,1,0,0,0.7847,0,-0.6199,91.7736,0,0,0,1
110.3984,110.39,0.012914,0.013435,120.9328,-225.1866,0,91.6489,1.793378,1.793378,-2.671552,NaN,NaN,NaN,NaN,0,20.1,-15.76702,0,-12.46641,-0.6202,0,-0.7844,-225.1866,0,1,0,0,0.7844,0,-0.6202,91.6489,0,0,0,1
110.4195,110.41,0.021126,0.014973,120.9542,-225.5017,0,91.39935,1.793802,1.793802,-2.671552,NaN,NaN,NaN,NaN,0,20.1,-15.75538,0,-12.4811,-0.621,0,-0.7838,-225.5017,0,1,0,0,0.7838,0,-0.621,91.3994,0,0,0,1
110.4431,110.44,0.023566,0.016692,120.9784,-225.974,0,91.02448,1.793753,1.793753,-2.671552,NaN,NaN,NaN,NaN,0,20.1,-15.73791,0,-12.50314,-0.622,0,-0.783,-225.974,0,1,0,0,0.783,0,-0.622,91.0245,0,0,0,1
110.4569,110.45,0.013885,0.01613,120.9914,-226.1314,0,90.89937,1.793558,1.793558,-2.671552,NaN,NaN,NaN,NaN,0,20.1,-15.73208,0,-12.51047,-0.6224,0,-0.7827,-226.1314,0,1,0,0,0.7827,0,-0.6224,90.8994,0,0,0,1
110.4696,110.46,0.012686,0.015442,121.0041,-226.2886,0,90.77419,1.793253,1.793253,-2.671552,NaN,NaN,NaN,NaN,0,20.1,-15.72624,0,-12.5178,-0.6228,0,-0.7824,-226.2886,0,1,0,0,0.7824,0,-0.6228,90.7742,0,0,0,1
110.4831,110.48,0.013486,0.01505,121.0183,-226.603,0,90.52361,1.792379,1.792379,-2.671552,NaN,NaN,NaN,NaN,0,20.1,-15.71456,0,-12.53247,-0.6235,0,-0.7818,-226.603,0,1,0,0,0.7818,0,-0.6235,90.5236,0,0,0,1
110.4968,110.49,0.01373,0.014786,121.0313,-226.7601,0,90.39822,1.791803,1.791803,-2.671552,NaN,NaN,NaN,NaN,0,20.1,-15.70872,0,-12.53979,-0.6239,0,-0.7815,-226.7601,0,1,0,0,0.7815,0,-0.6239,90.3982,0,0,0,1
110.5095,110.5,0.01266,0.014361,121.044,-226.9171,0,90.27274,1.791125,1.791125,-2.671552,NaN,NaN,NaN,NaN,0,20.1,-15.70287,0,-12.54711,-0.6242,0,-0.7812,-226.9171,0,1,0,0,0.7812,0,-0.6242,90.2727,0,0,0,1
110.5305,110.53,0.020958,0.015681,121.0658,-227.3878,0,89.89589,1.788554,1.788554,-2.671552,NaN,NaN,NaN,NaN,0,20.1,-15.6853,0,-12.56907,-0.6253,0,-0.7804,-227.3878,0,1,0,0,0.7804,0,-0.6253,89.8959,0,0,0,1
110.5443,110.54,0.013881,0.015321,121.079,-227.5446,0,89.77013,1.787507,1.787507,-2.671552,NaN,NaN,NaN,NaN,0,20.1,-15.67944,0,-12.57638,-0.6257,0,-0.7801,-227.5446,0,1,0,0,0.7801,0,-0.6257,89.7701,0,0,0,1
110.5654,110.56,0.02102,0.016461,121.1004,-227.858,0,89.51838,1.785135,1.785135,-2.671552,NaN,NaN,NaN,NaN,0,20.1,-15.6677,0,-12.591,-0.6264,0,-0.7795,-227.858,0,1,0,0,0.7795,0,-0.6264,89.5184,0,0,0,1
110.581,110.58,0.015604,0.016289,121.1159,-228.1712,0,89.26634,1.782381,1.782381,-2.671552,NaN,NaN,NaN,NaN,0,20.1,-15.65595,0,-12.6056,-0.6271,0,-0.7789,-228.1712,0,1,0,0,0.7789,0,-0.6271,89.2663,0,0,0,1
110.5957,110.59,0.014721,0.015975,121.1302,-228.3277,0,89.14021,1.780861,1.780861,-2.671552,NaN,NaN,NaN,NaN,0,20.1,-15.65007,0,-12.6129,-0.6275,0,-0.7786,-228.3277,0,1,0,0,0.7786,0,-0.6275,89.1402,0,0,0,1
110.6116,110.61,0.015903,0.015961,121.1466,-228.6406,0,88.88773,1.777564,1.777564,-2.671552,NaN,NaN,NaN,NaN,0,20.1,-15.63831,0,-12.62749,-0.6282,0,-0.778,-228.6406,0,1,0,0,0.778,0,-0.6282,88.8877,0,0,0,1
110.6269,110.62,0.015313,0.015831,121.1614,-228.7969,0,88.76138,1.77575,1.77575,-2.671552,NaN,NaN,NaN,NaN,0,20.1,-15.63242,0,-12.63478,-0.6286,0,-0.7777,-228.7969,0,1,0,0,0.7777,0,-0.6286,88.7614,0,0,0,1
110.6421,110.64,0.015242,0.015713,121.1772,-229.1093,0,88.50847,1.771867,1.771867,-2.6862,NaN,NaN,NaN,NaN,0,20.1,-15.62056,0,-12.64943,-0.6293,0,-0.7771,-229.1093,0,1,0,0,0.7771,0,-0.6293,88.5085,0,0,0,1
110.6562,110.65,0.014035,0.015378,121.1912,-229.2655,0,88.3819,1.769782,1.769782,-2.73747,NaN,NaN,NaN,NaN,0,20.1,-15.61452,0,-12.65689,-0.6297,0,-0.7768,-229.2655,0,1,0,0,0.7768,0,-0.6297,88.3819,0,0,0,1
110.6763,110.67,0.020103,0.016323,121.2117,-229.5776,0,88.12852,1.765325,1.765325,-2.821698,NaN,NaN,NaN,NaN,0,20.1,-15.60204,0,-12.67227,-0.6305,0,-0.7762,-229.5776,0,1,0,0,0.7762,0,-0.6305,88.1285,0,0,0,1
110.6937,110.69,0.017421,0.016543,121.2297,-229.8894,0,87.87483,1.760449,1.760449,-3.012128,NaN,NaN,NaN,NaN,0,20.1,-15.58871,0,-12.68866,-0.6313,0,-0.7756,-229.8894,0,1,0,0,0.7756,0,-0.6313,87.8748,0,0,0,1
110.7115,110.71,0.017831,0.0168,121.2472,-230.201,0,87.6208,1.755137,1.755137,-3.253834,NaN,NaN,NaN,NaN,0,20.1,-15.57429,0,-12.70636,-0.6322,0,-0.7748,-230.201,0,1,0,0,0.7748,0,-0.6322,87.6208,0,0,0,1
110.7288,110.72,0.01727,0.016894,121.2636,-230.3567,0,87.49364,1.752292,1.752292,-3.576107,NaN,NaN,NaN,NaN,0,20.1,-15.56636,0,-12.71608,-0.6326,0,-0.7744,-230.3567,0,1,0,0,0.7744,0,-0.6326,87.4936,0,0,0,1
110.7435,110.74,0.014735,0.016462,121.279,-230.6677,0,87.239,1.746198,1.746198,-3.924007,NaN,NaN,NaN,NaN,0,20.1,-15.54892,0,-12.73739,-0.6337,0,-0.7736,-230.6677,0,1,0,0,0.7736,0,-0.6337,87.239,0,0,0,1
110.7648,110.76,0.021248,0.017419,121.2996,-230.9784,0,86.9839,1.739513,1.739513,-4.334171,NaN,NaN,NaN,NaN,0,20.1,-15.52963,0,-12.7609,-0.6349,0,-0.7726,-230.9784,0,1,0,0,0.7726,0,-0.6349,86.9839,0,0,0,1
110.7781,110.77,0.013277,0.016591,121.3128,-231.1336,0,86.85616,1.735907,1.735907,-4.883494,NaN,NaN,NaN,NaN,0,20.1,-15.51875,0,-12.77413,-0.6355,0,-0.7721,-231.1336,0,1,0,0,0.7721,0,-0.6355,86.8562,0,0,0,1
110.7935,110.79,0.015422,0.016357,121.3287,-231.4436,0,86.60024,1.728159,1.728159,-5.268023,NaN,NaN,NaN,NaN,0,20.1,-15.49524,0,-12.80265,-0.6369,0,-0.7709,-231.4436,0,1,0,0,0.7709,0,-0.6369,86.6002,0,0,0,1
110.8067,110.8,0.013254,0.015737,121.3412,-231.5984,0,86.47206,1.723982,1.723982,-5.722132,NaN,NaN,NaN,NaN,0,20.1,-15.48244,0,-12.81812,-0.6377,0,-0.7703,-231.5984,0,1,0,0,0.7703,0,-0.6377,86.4721,0,0,0,1
110.8182,110.81,0.011501,0.014889,121.3531,-231.7532,0,86.34372,1.719623,1.719623,-6.066377,NaN,NaN,NaN,NaN,0,20.1,-15.46886,0,-12.8345,-0.6385,0,-0.7696,-231.7532,0,1,0,0,0.7696,0,-0.6385,86.3437,0,0,0,1
110.8309,110.83,0.012688,0.014449,121.3658,-232.0621,0,86.08651,1.710183,1.710183,-6.395974,NaN,NaN,NaN,NaN,0,20.1,-15.44017,0,-12.869,-0.6402,0,-0.7682,-232.0621,0,1,0,0,0.7682,0,-0.6402,86.0865,0,0,0,1
110.8446,110.84,0.01364,0.014287,121.3794,-232.2164,0,85.95764,1.70514,1.70514,-6.71824,NaN,NaN,NaN,NaN,0,20.1,-15.42507,0,-12.8871,-0.6411,0,-0.7674,-232.2164,0,1,0,0,0.7674,0,-0.6411,85.9576,0,0,0,1
110.8648,110.86,0.020191,0.015468,121.3999,-232.5244,0,85.69933,1.694278,1.694278,-7.080796,NaN,NaN,NaN,NaN,0,20.1,-15.39317,0,-12.92519,-0.643,0,-0.7658,-232.5244,0,1,0,0,0.7658,0,-0.643,85.6993,0,0,0,1
110.8769,110.87,0.01213,0.0148,121.4115,-232.6781,0,85.56988,1.688456,1.688456,-7.57885,NaN,NaN,NaN,NaN,0,20.1,-15.37606,0,-12.94554,-0.6441,0,-0.765,-232.6781,0,1,0,0,0.765,0,-0.6441,85.5699,0,0,0,1
110.8964,110.89,0.01956,0.015752,121.4321,-232.9851,0,85.31033,1.675982,1.675982,-7.857177,NaN,NaN,NaN,NaN,0,20.1,-15.3405,0,-12.98766,-0.6462,0,-0.7632,-232.9851,0,1,0,0,0.7632,0,-0.6462,85.3103,0,0,0,1
110.9085,110.9,0.012036,0.015009,121.443,-233.1384,0,85.18024,1.669314,1.669314,-8.267341,NaN,NaN,NaN,NaN,0,20.1,-15.32174,0,-13.00978,-0.6473,0,-0.7623,-233.1384,0,1,0,0,0.7623,0,-0.6473,85.1802,0,0,0,1
110.9199,110.91,0.011396,0.014287,121.4546,-233.2914,0,85.04991,1.662347,1.662347,-8.490729,NaN,NaN,NaN,NaN,0,20.1,-15.30244,0,-13.03247,-0.6484,0,-0.7613,-233.2914,0,1,0,0,0.7613,0,-0.6484,85.0499,0,0,0,1
110.9321,110.93,0.012174,0.013864,121.467,-233.5968,0,84.78857,1.647511,1.647511,-8.695814,NaN,NaN,NaN,NaN,0,20.1,-15.26281,0,-13.07886,-0.6507,0,-0.7593,-233.5968,0,1,0,0,0.7593,0,-0.6507,84.7886,0,0,0,1
110.9447,110.94,0.012648,0.013621,121.4792,-233.7493,0,84.65754,1.639928,1.639928,-8.886244,NaN,NaN,NaN,NaN,0,20.1,-15.24251,0,-13.10252,-0.6519,0,-0.7583,-233.7493,0,1,0,0,0.7583,0,-0.6519,84.6575,0,0,0,1
110.957,110.95,0.012337,0.013364,121.4916,-233.9015,0,84.52628,1.633684,1.633684,-9.069349,NaN,NaN,NaN,NaN,0,20.1,-15.22175,0,-13.12663,-0.6531,0,-0.7573,-233.9015,0,1,0,0,0.7573,0,-0.6531,84.5263,0,0,0,1
110.9694,110.96,0.012323,0.013156,121.5039,-234.0535,0,84.39477,1.627086,1.627086,-9.234152,NaN,NaN,NaN,NaN,0,20.1,-15.20058,0,-13.15114,-0.6543,0,-0.7562,-234.0535,0,1,0,0,0.7562,0,-0.6543,84.3948,0,0,0,1
110.9818,110.98,0.012472,0.013019,121.5167,-234.3568,0,84.131,1.612815,1.612815,-9.406271,NaN,NaN,NaN,NaN,0,20.1,-15.15731,0,-13.20098,-0.6568,0,-0.7541,-234.3568,0,1,0,0,0.7541,0,-0.6568,84.131,0,0,0,1
110.9945,110.99,0.012616,0.012938,121.529,-234.5082,0,83.99873,1.605559,1.605559,-9.607687,NaN,NaN,NaN,NaN,0,20.1,-15.13516,0,-13.22638,-0.658,0,-0.753,-234.5082,0,1,0,0,0.753,0,-0.658,83.9987,0,0,0,1
111.0064,111,0.011958,0.012742,121.5409,-234.6593,0,83.86621,1.601463,1.601463,-9.761503,NaN,NaN,NaN,NaN,0,20.1,-15.1126,0,-13.25215,-0.6593,0,-0.7519,-234.6593,0,1,0,0,0.7519,0,-0.6593,83.8662,0,0,0,1
111.0195,111.01,0.013056,0.012805,121.5539,-234.8102,0,83.73343,1.596996,1.596996,-9.933622,NaN,NaN,NaN,NaN,0,20.1,-15.0896,0,-13.27833,-0.6606,0,-0.7507,-234.8102,0,1,0,0,0.7507,0,-0.6606,83.7334,0,0,0,1
111.0332,111.03,0.013706,0.012985,121.5682,-235.1113,0,83.46706,1.586927,1.586927,-10.12406,NaN,NaN,NaN,NaN,0,20.1,-15.04258,0,-13.33157,-0.6633,0,-0.7484,-235.1113,0,1,0,0,0.7484,0,-0.6633,83.4671,0,0,0,1
111.0539,111.05,0.020717,0.014531,121.589,-235.4114,0,83.19962,1.579151,1.579151,-10.39505,NaN,NaN,NaN,NaN,0,20.1,-14.99411,0,-13.38607,-0.666,0,-0.746,-235.4114,0,1,0,0,0.746,0,-0.666,83.1996,0,0,0,1
111.0661,111.06,0.0122,0.014065,121.6006,-235.5611,0,83.06547,1.576688,1.576688,-10.92973,NaN,NaN,NaN,NaN,0,20.1,-14.96855,0,-13.41464,-0.6674,0,-0.7447,-235.5611,0,1,0,0,0.7447,0,-0.6674,83.0655,0,0,0,1
111.0852,111.08,0.019075,0.015067,121.6202,-235.8597,0,82.7963,1.5705,1.5705,-11.27398,NaN,NaN,NaN,NaN,0,20.1,-14.91564,0,-13.47345,-0.6703,0,-0.7421,-235.8597,0,1,0,0,0.7421,0,-0.6703,82.7963,0,0,0,1
111.0978,111.09,0.012595,0.014573,121.6323,-236.0086,0,82.66125,1.566763,1.566763,-11.87457,NaN,NaN,NaN,NaN,0,20.1,-14.88768,0,-13.50433,-0.6719,0,-0.7407,-236.0086,0,1,0,0,0.7407,0,-0.6719,82.6613,0,0,0,1
111.1099,111.1,0.012147,0.014087,121.6446,-236.1572,0,82.52589,1.565913,1.565913,-12.33234,NaN,NaN,NaN,NaN,0,20.1,-14.85858,0,-13.53634,-0.6734,0,-0.7392,-236.1572,0,1,0,0,0.7392,0,-0.6734,82.5259,0,0,0,1
111.1213,111.12,0.011444,0.013559,121.6566,-236.4534,0,82.25417,1.563953,1.563953,-12.9073,NaN,NaN,NaN,NaN,0,20.1,-14.79745,0,-13.60315,-0.6768,0,-0.7362,-236.4534,0,1,0,0,0.7362,0,-0.6768,82.2542,0,0,0,1
111.1343,111.13,0.012918,0.01343,121.6689,-236.6011,0,82.11778,1.562233,1.562233,-13.42001,NaN,NaN,NaN,NaN,0,20.1,-14.76554,0,-13.63777,-0.6785,0,-0.7346,-236.6011,0,1,0,0,0.7346,0,-0.6785,82.1178,0,0,0,1
111.1454,111.14,0.011183,0.012981,121.6804,-236.7484,0,81.98106,1.560032,1.560032,-13.95468,NaN,NaN,NaN,NaN,0,20.1,-14.73228,0,-13.67369,-0.6803,0,-0.7329,-236.7484,0,1,0,0,0.7329,0,-0.6803,81.9811,0,0,0,1
111.1579,111.15,0.01246,0.012877,121.6925,-236.8954,0,81.84395,1.560134,1.560134,-14.41245,NaN,NaN,NaN,NaN,0,20.1,-14.69784,0,-13.71071,-0.6821,0,-0.7312,-236.8954,0,1,0,0,0.7312,0,-0.6821,81.844,0,0,0,1
111.1691,111.16,0.011174,0.012536,121.7037,-237.042,0,81.70646,1.560775,1.560775,-15.03502,NaN,NaN,NaN,NaN,0,20.1,-14.66181,0,-13.74923,-0.684,0,-0.7294,-237.042,0,1,0,0,0.7294,0,-0.684,81.7065,0,0,0,1
111.1805,111.18,0.01146,0.012321,121.7155,-237.3341,0,81.43029,1.560341,1.560341,-15.46716,NaN,NaN,NaN,NaN,0,20.1,-14.58737,0,-13.82819,-0.688,0,-0.7257,-237.3341,0,1,0,0,0.7257,0,-0.688,81.4303,0,0,0,1
111.1921,111.19,0.011595,0.012176,121.7269,-237.4796,0,81.2916,1.559261,1.559261,-15.99817,NaN,NaN,NaN,NaN,0,20.1,-14.5487,0,-13.86887,-0.69,0,-0.7238,-237.4796,0,1,0,0,0.7238,0,-0.69,81.2916,0,0,0,1
111.2043,111.2,0.012198,0.01218,121.7389,-237.6247,0,81.1525,1.559952,1.559952,-16.52918,NaN,NaN,NaN,NaN,0,20.1,-14.50863,0,-13.91078,-0.6921,0,-0.7218,-237.6247,0,1,0,0,0.7218,0,-0.6921,81.1525,0,0,0,1
111.2161,111.21,0.011763,0.012097,121.7507,-237.7693,0,81.01295,1.561572,1.561572,-17.03822,NaN,NaN,NaN,NaN,0,20.1,-14.4672,0,-13.95387,-0.6942,0,-0.7198,-237.7693,0,1,0,0,0.7198,0,-0.6942,81.013,0,0,0,1
111.2285,111.22,0.012427,0.012163,121.7632,-237.9136,0,80.87297,1.562569,1.562569,-17.52163,NaN,NaN,NaN,NaN,0,20.1,-14.42445,0,-13.99804,-0.6964,0,-0.7176,-237.9136,0,1,0,0,0.7176,0,-0.6964,80.873,0,0,0,1
111.2408,111.24,0.012299,0.01219,121.7757,-238.2008,0,80.59165,1.562587,1.562587,-17.98672,NaN,NaN,NaN,NaN,0,20.1,-14.33628,0,-14.08833,-0.7009,0,-0.7132,-238.2008,0,1,0,0,0.7132,0,-0.7009,80.5917,0,0,0,1
111.2546,111.25,0.013766,0.012505,121.7893,-238.3437,0,80.45031,1.5635,1.5635,-18.40055,NaN,NaN,NaN,NaN,0,20.1,-14.29097,0,-14.1343,-0.7032,0,-0.711,-238.3437,0,1,0,0,0.711,0,-0.7032,80.4503,0,0,0,1
111.2738,111.27,0.019207,0.013846,121.8121,-238.6281,0,80.16621,1.567374,1.567374,-18.83635,NaN,NaN,NaN,NaN,0,20.1,-14.19772,0,-14.22796,-0.7079,0,-0.7064,-238.6281,0,1,0,0,0.7064,0,-0.7079,80.1662,0,0,0,1
111.2937,111.29,0.019922,0.015061,121.8288,-238.9106,0,79.88022,1.568427,1.568427,-19.37835,NaN,NaN,NaN,NaN,0,20.1,-14.10116,0,-14.32367,-0.7126,0,-0.7016,-238.9106,0,1,0,0,0.7016,0,-0.7126,79.8802,0,0,0,1
111.3082,111.3,0.014508,0.01495,121.8428,-239.0511,0,79.7365,1.569296,1.569296,-19.77386,NaN,NaN,NaN,NaN,0,20.1,-14.05164,0,-14.37225,-0.715,0,-0.6991,-239.0511,0,1,0,0,0.6991,0,-0.715,79.7365,0,0,0,1
111.3205,111.32,0.012265,0.014413,121.8554,-239.3306,0,79.44759,1.573928,1.573928,-19.94232,NaN,NaN,NaN,NaN,0,20.1,-13.95125,0,-14.46972,-0.7199,0,-0.6941,-239.3306,0,1,0,0,0.6941,0,-0.7199,79.4476,0,0,0,1
111.3339,111.33,0.013442,0.014219,121.8685,-239.4697,0,79.3024,1.575162,1.575162,-20.06684,NaN,NaN,NaN,NaN,0,20.1,-13.90049,0,-14.51849,-0.7223,0,-0.6916,-239.4697,0,1,0,0,0.6916,0,-0.7223,79.3024,0,0,0,1
111.347,111.34,0.013041,0.013983,121.8822,-239.6081,0,79.15672,1.575651,1.575651,-20.18769,NaN,NaN,NaN,NaN,0,20.1,-13.84925,0,-14.56738,-0.7247,0,-0.689,-239.6081,0,1,0,0,0.689,0,-0.7247,79.1567,0,0,0,1
111.3599,111.35,0.012914,0.01377,121.8945,-239.7461,0,79.01056,1.576324,1.576324,-20.30853,NaN,NaN,NaN,NaN,0,20.1,-13.79753,0,-14.61638,-0.7272,0,-0.6864,-239.7461,0,1,0,0,0.6864,0,-0.7272,79.0106,0,0,0,1
111.3712,111.37,0.011321,0.01328,121.9061,-240.0205,0,78.71675,1.581495,1.581495,-20.49897,NaN,NaN,NaN,NaN,0,20.1,-13.69259,0,-14.71473,-0.7321,0,-0.6812,-240.0205,0,1,0,0,0.6812,0,-0.7321,78.7168,0,0,0,1
111.3833,111.38,0.012056,0.013035,121.918,-240.1569,0,78.56911,1.582959,1.582959,-20.70039,NaN,NaN,NaN,NaN,0,20.1,-13.63933,0,-14.7641,-0.7345,0,-0.6786,-240.1569,0,1,0,0,0.6786,0,-0.7345,78.5691,0,0,0,1
111.3967,111.39,0.013389,0.013106,121.9313,-240.2927,0,78.42097,1.583656,1.583656,-20.99703,NaN,NaN,NaN,NaN,0,20.1,-13.58514,0,-14.81398,-0.737,0,-0.6759,-240.2927,0,1,0,0,0.6759,0,-0.737,78.421,0,0,0,1
111.4106,111.41,0.013965,0.013278,121.9456,-240.5628,0,78.12316,1.587109,1.587109,-21.46212,NaN,NaN,NaN,NaN,0,20.1,-13.47378,0,-14.91534,-0.7421,0,-0.6703,-240.5628,0,1,0,0,0.6703,0,-0.7421,78.1232,0,0,0,1
111.4302,111.43,0.019536,0.014529,121.9653,-240.8305,0,77.8233,1.590898,1.590898,-22.02243,NaN,NaN,NaN,NaN,0,20.1,-13.35872,0,-15.01848,-0.7472,0,-0.6646,-240.8305,0,1,0,0,0.6646,0,-0.7472,77.8233,0,0,0,1
111.443,111.44,0.012878,0.014199,121.9776,-240.9635,0,77.67258,1.591571,1.591571,-22.94164,NaN,NaN,NaN,NaN,0,20.1,-13.29848,0,-15.07185,-0.7498,0,-0.6616,-240.9635,0,1,0,0,0.6616,0,-0.7498,77.6726,0,0,0,1
111.4546,111.45,0.011561,0.013672,121.9894,-241.0959,0,77.52132,1.5915,1.5915,-23.50195,NaN,NaN,NaN,NaN,0,20.1,-13.23654,0,-15.12627,-0.7526,0,-0.6585,-241.0959,0,1,0,0,0.6585,0,-0.7526,77.5213,0,0,0,1
111.4745,111.47,0.019887,0.014915,122.0095,-241.3587,0,77.21714,1.596263,1.596263,-24.06225,NaN,NaN,NaN,NaN,0,20.1,-13.10903,0,-15.23691,-0.7581,0,-0.6522,-241.3587,0,1,0,0,0.6522,0,-0.7581,77.2171,0,0,0,1
111.4886,111.48,0.014157,0.014763,122.0244,-241.4891,0,77.06421,1.59739,1.59739,-24.94484,NaN,NaN,NaN,NaN,0,20.1,-13.04257,0,-15.29384,-0.7609,0,-0.6489,-241.4891,0,1,0,0,0.6489,0,-0.7609,77.0642,0,0,0,1
111.5021,111.5,0.013452,0.014501,122.0369,-241.7479,0,76.75659,1.596885,1.596885,-25.52712,NaN,NaN,NaN,NaN,0,20.1,-12.90577,0,-15.40945,-0.7666,0,-0.6421,-241.7479,0,1,0,0,0.6421,0,-0.7666,76.7566,0,0,0,1
111.5153,111.51,0.013157,0.014232,122.0498,-241.8763,0,76.60191,1.598628,1.598628,-26.08011,NaN,NaN,NaN,NaN,0,20.1,-12.8355,0,-15.46804,-0.7696,0,-0.6386,-241.8763,0,1,0,0,0.6386,0,-0.7696,76.6019,0,0,0,1
111.5268,111.52,0.011518,0.013689,122.0614,-242.0039,0,76.44664,1.599957,1.599957,-26.54521,NaN,NaN,NaN,NaN,0,20.1,-12.7637,0,-15.52734,-0.7725,0,-0.635,-242.0039,0,1,0,0,0.635,0,-0.7725,76.4466,0,0,0,1
111.5398,111.53,0.013077,0.013567,122.0746,-242.1308,0,76.29076,1.600319,1.600319,-26.98467,NaN,NaN,NaN,NaN,0,20.1,-12.69043,0,-15.58727,-0.7755,0,-0.6314,-242.1308,0,1,0,0,0.6314,0,-0.7755,76.2908,0,0,0,1
111.5543,111.55,0.014477,0.013749,122.0896,-242.3824,0,75.9772,1.598094,1.598094,-27.44976,NaN,NaN,NaN,NaN,0,20.1,-12.54049,0,-15.70815,-0.7815,0,-0.6239,-242.3824,0,1,0,0,0.6239,0,-0.7815,75.9772,0,0,0,1
111.5699,111.56,0.015545,0.014108,122.1047,-242.507,0,75.81951,1.598366,1.598366,-27.85259,NaN,NaN,NaN,NaN,0,20.1,-12.46399,0,-15.76893,-0.7845,0,-0.6201,-242.507,0,1,0,0,0.6201,0,-0.7845,75.8195,0,0,0,1
111.5861,111.58,0.016281,0.014543,122.1213,-242.754,0,75.5023,1.597976,1.597976,-28.22614,NaN,NaN,NaN,NaN,0,20.1,-12.30802,0,-15.89097,-0.7906,0,-0.6123,-242.754,0,1,0,0,0.6123,0,-0.7906,75.5023,0,0,0,1
111.6,111.59,0.013808,0.014396,122.1348,-242.8763,0,75.34277,1.596242,1.596242,-28.5008,NaN,NaN,NaN,NaN,0,20.1,-12.22882,0,-15.95199,-0.7936,0,-0.6084,-242.8763,0,1,0,0,0.6084,0,-0.7936,75.3428,0,0,0,1
111.6198,111.61,0.019857,0.015488,122.1548,-243.1184,0,75.02191,1.592103,1.592103,-28.6363,NaN,NaN,NaN,NaN,0,20.1,-12.06876,0,-16.07343,-0.7997,0,-0.6004,-243.1184,0,1,0,0,0.6004,0,-0.7997,75.0219,0,0,0,1
111.6325,111.63,0.012672,0.014925,122.1673,-243.3574,0,74.69864,1.589346,1.589346,-28.65461,NaN,NaN,NaN,NaN,0,20.1,-11.90738,0,-16.19335,-0.8056,0,-0.5924,-243.3574,0,1,0,0,0.5924,0,-0.8056,74.6986,0,0,0,1
111.6441,111.64,0.011639,0.014268,122.179,-243.4757,0,74.53611,1.58643,1.58643,-28.65461,NaN,NaN,NaN,NaN,0,20.1,-11.82625,0,-16.25269,-0.8086,0,-0.5884,-243.4757,0,1,0,0,0.5884,0,-0.8086,74.5361,0,0,0,1
111.6574,111.65,0.013256,0.014065,122.1919,-243.5931,0,74.37299,1.582465,1.582465,-28.61799,NaN,NaN,NaN,NaN,0,20.1,-11.74492,0,-16.31156,-0.8115,0,-0.5843,-243.5931,0,1,0,0,0.5843,0,-0.8115,74.373,0,0,0,1
111.6695,111.66,0.012145,0.013681,122.2041,-243.7097,0,74.2093,1.579394,1.579394,-28.56672,NaN,NaN,NaN,NaN,0,20.1,-11.66345,0,-16.36992,-0.8144,0,-0.5803,-243.7097,0,1,0,0,0.5803,0,-0.8144,74.2093,0,0,0,1
111.6816,111.68,0.012075,0.01336,122.2168,-243.9406,0,73.88017,1.574239,1.574239,-28.5008,NaN,NaN,NaN,NaN,0,20.1,-11.50002,0,-16.48514,-0.8202,0,-0.5721,-243.9406,0,1,0,0,0.5721,0,-0.8202,73.8802,0,0,0,1
111.696,111.69,0.014428,0.013573,122.2308,-244.0547,0,73.71475,1.570138,1.570138,-28.37995,NaN,NaN,NaN,NaN,0,20.1,-11.41822,0,-16.5419,-0.823,0,-0.5681,-244.0547,0,1,0,0,0.5681,0,-0.823,73.7148,0,0,0,1
111.7098,111.7,0.013822,0.013623,122.2448,-244.1681,0,73.54877,1.565016,1.565016,-28.22248,NaN,NaN,NaN,NaN,0,20.1,-11.3366,0,-16.59794,-0.8258,0,-0.564,-244.1681,0,1,0,0,0.564,0,-0.8258,73.5488,0,0,0,1
111.7317,111.73,0.021816,0.015262,122.2675,-244.5033,0,73.04753,1.552897,1.552897,-28.05036,NaN,NaN,NaN,NaN,0,20.1,-11.09161,0,-16.76265,-0.834,0,-0.5518,-244.5033,0,1,0,0,0.5518,0,-0.834,73.0475,0,0,0,1
111.7463,111.74,0.014664,0.015142,122.281,-244.6134,0,72.87937,1.547697,1.547697,-27.78301,NaN,NaN,NaN,NaN,0,20.1,-11.0102,0,-16.81624,-0.8366,0,-0.5478,-244.6134,0,1,0,0,0.5478,0,-0.8366,72.8794,0,0,0,1
111.7642,111.76,0.017908,0.015695,122.2993,-244.8312,0,72.54146,1.535249,1.535249,-27.62554,NaN,NaN,NaN,NaN,0,20.1,-10.84753,0,-16.92162,-0.8419,0,-0.5397,-244.8312,0,1,0,0,0.5397,0,-0.8419,72.5415,0,0,0,1
111.7767,111.77,0.01245,0.015046,122.3111,-244.9389,0,72.37173,1.531002,1.531002,-27.41314,NaN,NaN,NaN,NaN,0,20.1,-10.76644,0,-16.97333,-0.8444,0,-0.5356,-244.9389,0,1,0,0,0.5356,0,-0.8444,72.3717,0,0,0,1
111.7898,111.78,0.013086,0.014654,122.3245,-245.0457,0,72.20148,1.525798,1.525798,-27.26665,NaN,NaN,NaN,NaN,0,20.1,-10.68554,0,-17.02437,-0.847,0,-0.5316,-245.0457,0,1,0,0,0.5316,0,-0.847,72.2015,0,0,0,1
111.8033,111.8,0.013493,0.014422,122.3383,-245.257,0,71.85949,1.512467,1.512467,-27.10552,NaN,NaN,NaN,NaN,0,20.1,-10.52399,0,-17.12471,-0.852,0,-0.5236,-245.257,0,1,0,0,0.5236,0,-0.852,71.8595,0,0,0,1
111.8162,111.81,0.012976,0.014133,122.3507,-245.3614,0,71.68775,1.504768,1.504768,-26.97368,NaN,NaN,NaN,NaN,0,20.1,-10.44325,0,-17.17407,-0.8544,0,-0.5196,-245.3614,0,1,0,0,0.5196,0,-0.8544,71.6878,0,0,0,1
111.8285,111.82,0.012238,0.013754,122.3631,-245.4651,0,71.51553,1.499605,1.499605,-26.83818,NaN,NaN,NaN,NaN,0,20.1,-10.36269,0,-17.2228,-0.8569,0,-0.5156,-245.4651,0,1,0,0,0.5156,0,-0.8569,71.5155,0,0,0,1
111.8418,111.84,0.01333,0.013669,122.3774,-245.6699,0,71.16963,1.486413,1.486413,-26.73198,NaN,NaN,NaN,NaN,0,20.1,-10.20154,0,-17.31874,-0.8616,0,-0.5075,-245.6699,0,1,0,0,0.5075,0,-0.8616,71.1696,0,0,0,1
111.8559,111.85,0.014102,0.013756,122.3906,-245.7711,0,70.99597,1.478373,1.478373,-26.59648,NaN,NaN,NaN,NaN,0,20.1,-10.12103,0,-17.36591,-0.864,0,-0.5035,-245.7711,0,1,0,0,0.5035,0,-0.864,70.996,0,0,0,1
111.8742,111.87,0.01832,0.014669,122.4093,-245.9711,0,70.64726,1.463375,1.463375,-26.439,NaN,NaN,NaN,NaN,0,20.1,-9.960334,0,-17.45857,-0.8686,0,-0.4955,-245.9711,0,1,0,0,0.4955,0,-0.8686,70.6473,0,0,0,1
111.8876,111.88,0.013387,0.014412,122.4224,-246.0699,0,70.47222,1.456426,1.456426,-26.14969,NaN,NaN,NaN,NaN,0,20.1,-9.880551,0,-17.50385,-0.8708,0,-0.4916,-246.0699,0,1,0,0,0.4916,0,-0.8708,70.4722,0,0,0,1
111.9088,111.9,0.021225,0.015775,122.4441,-246.2652,0,70.12081,1.439742,1.439742,-25.88601,NaN,NaN,NaN,NaN,0,20.1,-9.721987,0,-17.59242,-0.8752,0,-0.4837,-246.2652,0,1,0,0,0.4837,0,-0.8752,70.1208,0,0,0,1
111.9225,111.92,0.013707,0.015361,122.4574,-246.4573,0,69.76768,1.42288,1.42288,-25.25246,NaN,NaN,NaN,NaN,0,20.1,-9.566538,0,-17.67743,-0.8795,0,-0.4759,-246.4573,0,1,0,0,0.4759,0,-0.8795,69.7677,0,0,0,1
111.9354,111.93,0.012876,0.014864,122.47,-246.5522,0,69.5905,1.415286,1.415286,-24.78737,NaN,NaN,NaN,NaN,0,20.1,-9.489972,0,-17.71865,-0.8815,0,-0.4721,-246.5522,0,1,0,0,0.4721,0,-0.8815,69.5905,0,0,0,1
111.9477,111.94,0.012268,0.014345,122.4825,-246.6463,0,69.41291,1.406854,1.406854,-24.38087,NaN,NaN,NaN,NaN,0,20.1,-9.41449,0,-17.75887,-0.8835,0,-0.4684,-246.6463,0,1,0,0,0.4684,0,-0.8835,69.4129,0,0,0,1
111.9605,111.96,0.012822,0.01404,122.4954,-246.8324,0,69.05656,1.387355,1.387355,-23.90112,NaN,NaN,NaN,NaN,0,20.1,-9.266,0,-17.8368,-0.8874,0,-0.461,-246.8324,0,1,0,0,0.461,0,-0.8874,69.0566,0,0,0,1
111.9739,111.97,0.013412,0.013915,122.5088,-246.9243,0,68.87781,1.379354,1.379354,-23.46899,NaN,NaN,NaN,NaN,0,20.1,-9.192861,0,-17.8746,-0.8893,0,-0.4574,-246.9243,0,1,0,0,0.4574,0,-0.8893,68.8778,0,0,0,1
111.987,111.98,0.013041,0.01374,122.5216,-247.0155,0,68.6987,1.371439,1.371439,-22.98558,NaN,NaN,NaN,NaN,0,20.1,-9.121078,0,-17.91134,-0.8911,0,-0.4538,-247.0155,0,1,0,0,0.4538,0,-0.8911,68.6987,0,0,0,1
111.9995,111.99,0.012494,0.013491,122.5339,-247.106,0,68.51923,1.3627,1.3627,-22.56077,NaN,NaN,NaN,NaN,0,20.1,-9.05048,0,-17.94711,-0.8929,0,-0.4503,-247.106,0,1,0,0,0.4503,0,-0.8929,68.5192,0,0,0,1
112.0182,112.01,0.018699,0.014532,122.5538,-247.285,0,68.15924,1.342838,1.342838,-22.16525,NaN,NaN,NaN,NaN,0,20.1,-8.911352,0,-18.0166,-0.8963,0,-0.4434,-247.285,0,1,0,0,0.4434,0,-0.8963,68.1592,0,0,0,1
112.0321,112.03,0.013894,0.014405,122.5672,-247.4612,0,67.7979,1.326349,1.326349,-21.59762,NaN,NaN,NaN,NaN,0,20.1,-8.775272,0,-18.08327,-0.8997,0,-0.4366,-247.4612,0,1,0,0,0.4366,0,-0.8997,67.7979,0,0,0,1
112.0452,112.04,0.013112,0.014146,122.5798,-247.5482,0,67.61674,1.317619,1.317619,-21.25337,NaN,NaN,NaN,NaN,0,20.1,-8.708135,0,-18.1157,-0.9013,0,-0.4332,-247.5482,0,1,0,0,0.4332,0,-0.9013,67.6167,0,0,0,1
112.0589,112.05,0.013742,0.014065,122.5934,-247.6346,0,67.43527,1.308139,1.308139,-20.97505,NaN,NaN,NaN,NaN,0,20.1,-8.641757,0,-18.14745,-0.9029,0,-0.4299,-247.6346,0,1,0,0,0.4299,0,-0.9029,67.4353,0,0,0,1
112.0709,112.07,0.011999,0.013652,122.6058,-247.8055,0,67.0714,1.289093,1.289093,-20.68208,NaN,NaN,NaN,NaN,0,20.1,-8.510521,0,-18.20937,-0.9059,0,-0.4234,-247.8055,0,1,0,0,0.4234,0,-0.9059,67.0714,0,0,0,1
112.0842,112.08,0.013263,0.013574,122.6187,-247.89,0,66.889,1.281287,1.281287,-20.42939,NaN,NaN,NaN,NaN,0,20.1,-8.445539,0,-18.2396,-0.9074,0,-0.4202,-247.89,0,1,0,0,0.4202,0,-0.9074,66.889,0,0,0,1
112.0965,112.09,0.012288,0.013317,122.6311,-247.9738,0,66.70631,1.272766,1.272766,-20.1181,NaN,NaN,NaN,NaN,0,20.1,-8.381442,0,-18.26914,-0.9089,0,-0.417,-247.9738,0,1,0,0,0.417,0,-0.9089,66.7063,0,0,0,1
112.1088,112.1,0.012305,0.013115,122.6433,-248.0569,0,66.52332,1.263534,1.263534,-19.83245,NaN,NaN,NaN,NaN,0,20.1,-8.318156,0,-18.29804,-0.9104,0,-0.4138,-248.0569,0,1,0,0,0.4138,0,-0.9104,66.5233,0,0,0,1
112.1309,112.13,0.022115,0.014915,122.6663,-248.3027,0,65.97269,1.237263,1.237263,-19.56878,NaN,NaN,NaN,NaN,0,20.1,-8.130237,0,-18.38231,-0.9145,0,-0.4045,-248.3027,0,1,0,0,0.4045,0,-0.9145,65.9727,0,0,0,1
112.1447,112.14,0.013839,0.0147,122.6793,-248.3834,0,65.78859,1.229156,1.229156,-19.13665,NaN,NaN,NaN,NaN,0,20.1,-8.068795,0,-18.40936,-0.9159,0,-0.4014,-248.3834,0,1,0,0,0.4014,0,-0.9159,65.7886,0,0,0,1
112.1642,112.16,0.01945,0.01565,122.6992,-248.5429,0,65.41961,1.210828,1.210828,-18.91325,NaN,NaN,NaN,NaN,0,20.1,-7.947083,0,-18.46223,-0.9185,0,-0.3954,-248.5429,0,1,0,0,0.3954,0,-0.9185,65.4196,0,0,0,1
112.1773,112.17,0.013113,0.015142,122.712,-248.6218,0,65.23473,1.202079,1.202079,-18.66423,NaN,NaN,NaN,NaN,0,20.1,-7.8869,0,-18.48802,-0.9198,0,-0.3924,-248.6218,0,1,0,0,0.3924,0,-0.9198,65.2347,0,0,0,1
112.1897,112.18,0.012436,0.014601,122.7244,-248.7001,0,65.04959,1.195156,1.195156,-18.55803,NaN,NaN,NaN,NaN,0,20.1,-7.826976,0,-18.51347,-0.9211,0,-0.3894,-248.7001,0,1,0,0,0.3894,0,-0.9211,65.0496,0,0,0,1
112.2018,112.2,0.012035,0.014088,122.7366,-248.8548,0,64.67857,1.179314,1.179314,-18.50309,NaN,NaN,NaN,NaN,0,20.1,-7.70724,0,-18.56364,-0.9236,0,-0.3834,-248.8548,0,1,0,0,0.3834,0,-0.9236,64.6786,0,0,0,1
112.2131,112.21,0.011361,0.013542,122.7475,-248.9313,0,64.49268,1.17038,1.17038,-18.48478,NaN,NaN,NaN,NaN,0,20.1,-7.647309,0,-18.5884,-0.9248,0,-0.3805,-248.9313,0,1,0,0,0.3805,0,-0.9248,64.4927,0,0,0,1
112.2254,112.22,0.012285,0.013291,122.7599,-249.0072,0,64.30656,1.161842,1.161842,-18.48478,NaN,NaN,NaN,NaN,0,20.1,-7.587299,0,-18.61298,-0.926,0,-0.3775,-249.0072,0,1,0,0,0.3775,0,-0.926,64.3066,0,0,0,1
112.2374,112.23,0.011967,0.013026,122.7717,-249.0824,0,64.12019,1.1555,1.1555,-18.48478,NaN,NaN,NaN,NaN,0,20.1,-7.527211,0,-18.63736,-0.9272,0,-0.3745,-249.0824,0,1,0,0,0.3745,0,-0.9272,64.1202,0,0,0,1
112.2498,112.24,0.012448,0.01291,122.7843,-249.1571,0,63.93357,1.148491,1.148491,-18.48478,NaN,NaN,NaN,NaN,0,20.1,-7.467044,0,-18.66155,-0.9284,0,-0.3715,-249.1571,0,1,0,0,0.3715,0,-0.9284,63.9336,0,0,0,1
112.2617,112.26,0.011849,0.012698,122.7965,-249.3047,0,63.55962,1.132474,1.132474,-18.48478,NaN,NaN,NaN,NaN,0,20.1,-7.346477,0,-18.70934,-0.9308,0,-0.3655,-249.3047,0,1,0,0,0.3655,0,-0.9308,63.5596,0,0,0,1
112.2755,112.27,0.013833,0.012925,122.8101,-249.3775,0,63.37229,1.124182,1.124182,-18.48478,NaN,NaN,NaN,NaN,0,20.1,-7.286079,0,-18.73294,-0.932,0,-0.3625,-249.3775,0,1,0,0,0.3625,0,-0.932,63.3723,0,0,0,1
