time,fixedTime,deltaTime,smoothDeltaTime,realtimeSinceStartup,pos_x,pos_y,pos_z,distFromRoadCenter,signedDistFromRoadCenter,wheelAngle,obstacle_pos_x,obstacle_pos_y,obstacle_pos_z,distance_to_obstacle,brake_position,car_speed,car_vel_x,car_vel_y,car_vel_z,simplecar_4x4_R0C0,simplecar_4x4_R0C1,simplecar_4x4_R0C2,simplecar_4x4_R0C3,simplecar_4x4_R1C0,simplecar_4x4_R1C1,simplecar_4x4_R1C2,simplecar_4x4_R1C3,simplecar_4x4_R2C0,simplecar_4x4_R2C1,simplecar_4x4_R2C2,simplecar_4x4_R2C3,simplecar_4x4_R3C0,simplecar_4x4_R3C1,simplecar_4x4_R3C2,simplecar_4x4_R3C3
892.9604,892.96,0.013214,0.015696,903.5016,593.0092,0,391.3977,2.261988,2.261988,0.796523,NaN,NaN,NaN,NaN,0,20.1,-4.540469,0,19.58045,0.9742,0,-0.2259,593.0092,0,1,0,0,0.2259,0,0.9742,391.3977,0,0,0,1
892.9809,892.98,0.020477,0.016652,903.516,592.9185,0,391.7893,2.260297,2.260297,0.664687,NaN,NaN,NaN,NaN,0,20.1,-4.535926,0,19.58151,0.9742,0,-0.2257,592.9185,0,1,0,0,0.2257,0,0.9742,391.7893,0,0,0,1
893.0022,893,0.02132,0.017585,903.5372,592.8277,0,392.181,2.258543,2.258543,0.576797,NaN,NaN,NaN,NaN,0,20.1,-4.531983,0,19.58242,0.9742,0,-0.2255,592.8277,0,1,0,0,0.2255,0,0.9742,392.181,0,0,0,1
893.0162,893.01,0.014004,0.016869,903.5508,592.7824,0,392.3768,2.257735,2.257735,0.455933,NaN,NaN,NaN,NaN,0,20.1,-4.530424,0,19.58278,0.9743,0,-0.2254,592.7824,0,1,0,0,0.2254,0,0.9743,392.3768,0,0,0,1
893.0292,893.02,0.012987,0.016093,903.5637,592.7371,0,392.5726,2.25698,2.25698,0.390015,NaN,NaN,NaN,NaN,0,20.1,-4.529091,0,19.58309,0.9743,0,-0.2253,592.7371,0,1,0,0,0.2253,0,0.9743,392.5726,0,0,0,1
893.0422,893.04,0.013082,0.015491,903.577,592.6465,0,392.9643,2.255359,2.255359,0.38269,NaN,NaN,NaN,NaN,0,20.1,-4.526475,0,19.58369,0.9743,0,-0.2252,592.6465,0,1,0,0,0.2252,0,0.9743,392.9643,0,0,0,1
893.0549,893.05,0.012644,0.014921,903.5894,592.6013,0,393.1602,2.254663,2.254663,0.38269,NaN,NaN,NaN,NaN,0,20.1,-4.525167,0,19.584,0.9743,0,-0.2251,592.6013,0,1,0,0,0.2251,0,0.9743,393.1602,0,0,0,1
893.0684,893.06,0.013527,0.014642,903.6029,592.5561,0,393.356,2.253915,2.253915,0.38269,NaN,NaN,NaN,NaN,0,20.1,-4.523859,0,19.5843,0.9743,0,-0.2251,592.5561,0,1,0,0,0.2251,0,0.9743,393.356,0,0,0,1
893.0815,893.08,0.013059,0.014326,903.6163,592.4656,0,393.7477,2.252472,2.252472,0.38269,NaN,NaN,NaN,NaN,0,20.1,-4.521244,0,19.5849,0.9744,0,-0.2249,592.4656,0,1,0,0,0.2249,0,0.9744,393.7477,0,0,0,1
893.101,893.1,0.019542,0.015369,903.636,592.3752,0,394.1394,2.251035,2.251035,0.38269,NaN,NaN,NaN,NaN,0,20.1,-4.518627,0,19.58551,0.9744,0,-0.2248,592.3752,0,1,0,0,0.2248,0,0.9744,394.1394,0,0,0,1
893.1138,893.11,0.012727,0.01484,903.6482,592.3301,0,394.3353,2.250407,2.250407,0.38269,NaN,NaN,NaN,NaN,0,20.1,-4.517319,0,19.58581,0.9744,0,-0.2247,592.3301,0,1,0,0,0.2247,0,0.9744,394.3353,0,0,0,1
893.135,893.13,0.021218,0.016116,903.6698,592.2397,0,394.727,2.249029,2.249029,0.38269,NaN,NaN,NaN,NaN,0,20.1,-4.514702,0,19.58641,0.9744,0,-0.2246,592.2397,0,1,0,0,0.2246,0,0.9744,394.727,0,0,0,1
893.1494,893.14,0.014374,0.015768,903.684,592.1946,0,394.9228,2.248467,2.248467,0.38269,NaN,NaN,NaN,NaN,0,20.1,-4.513394,0,19.58671,0.9745,0,-0.2245,592.1946,0,1,0,0,0.2245,0,0.9745,394.9228,0,0,0,1
893.1627,893.16,0.013348,0.015284,903.6978,592.1044,0,395.3145,2.247216,2.247216,0.371704,NaN,NaN,NaN,NaN,0,20.1,-4.510853,0,19.5873,0.9745,0,-0.2244,592.1044,0,1,0,0,0.2244,0,0.9745,395.3145,0,0,0,1
893.1763,893.17,0.013642,0.014955,903.7111,592.0593,0,395.5104,2.246653,2.246653,0.353394,NaN,NaN,NaN,NaN,0,20.1,-4.509645,0,19.58758,0.9745,0,-0.2244,592.0593,0,1,0,0,0.2244,0,0.9745,395.5104,0,0,0,1
893.1912,893.19,0.014803,0.014925,903.7262,591.9691,0,395.9022,2.245461,2.245461,0.316773,NaN,NaN,NaN,NaN,0,20.1,-4.507479,0,19.58807,0.9745,0,-0.2243,591.9691,0,1,0,0,0.2243,0,0.9745,395.9022,0,0,0,1
893.2051,893.2,0.013899,0.01472,903.7395,591.9241,0,396.0981,2.244899,2.244899,0.269165,NaN,NaN,NaN,NaN,0,20.1,-4.506559,0,19.58829,0.9745,0,-0.2242,591.9241,0,1,0,0,0.2242,0,0.9745,396.0981,0,0,0,1
893.2234,893.22,0.018344,0.015445,903.7582,591.834,0,396.4899,2.243839,2.243839,0.232544,NaN,NaN,NaN,NaN,0,20.1,-4.50497,0,19.58865,0.9746,0,-0.2241,591.834,0,1,0,0,0.2241,0,0.9746,396.4899,0,0,0,1
893.2369,893.23,0.013541,0.015064,903.7715,591.7889,0,396.6858,2.243277,2.243277,0.166626,NaN,NaN,NaN,NaN,0,20.1,-4.5044,0,19.58878,0.9746,0,-0.2241,591.7889,0,1,0,0,0.2241,0,0.9746,396.6858,0,0,0,1
893.2567,893.25,0.019794,0.01601,903.7917,591.6989,0,397.0775,2.242211,2.242211,0.111694,NaN,NaN,NaN,NaN,0,20.1,-4.503636,0,19.58896,0.9746,0,-0.2241,591.6989,0,1,0,0,0.2241,0,0.9746,397.0775,0,0,0,1
893.2708,893.27,0.014057,0.015619,903.8057,591.6088,0,397.4693,2.241145,2.241145,0.045776,NaN,NaN,NaN,NaN,0,20.1,-4.503323,0,19.58903,0.9746,0,-0.224,591.6088,0,1,0,0,0.224,0,0.9746,397.4693,0,0,0,1
893.2845,893.28,0.013745,0.015244,903.819,591.5637,0,397.6652,2.240582,2.240582,0.016479,NaN,NaN,NaN,NaN,0,20.1,-4.503267,0,19.58904,0.9746,0,-0.224,591.5637,0,1,0,0,0.224,0,0.9746,397.6652,0,0,0,1
893.2973,893.29,0.012751,0.014746,903.8317,591.5187,0,397.8611,2.240086,2.240086,-0.009155,NaN,NaN,NaN,NaN,0,20.1,-4.503298,0,19.58904,0.9746,0,-0.224,591.5187,0,1,0,0,0.224,0,0.9746,397.8611,0,0,0,1
893.3101,893.31,0.012751,0.014347,903.845,591.4285,0,398.2529,2.238894,2.238894,-0.009155,NaN,NaN,NaN,NaN,0,20.1,-4.50336,0,19.58902,0.9746,0,-0.224,591.4285,0,1,0,0,0.224,0,0.9746,398.2529,0,0,0,1
893.3235,893.32,0.013428,0.014163,903.858,591.3835,0,398.4488,2.238398,2.238398,-0.020142,NaN,NaN,NaN,NaN,0,20.1,-4.503429,0,19.589,0.9746,0,-0.2241,591.3835,0,1,0,0,0.2241,0,0.9746,398.4488,0,0,0,1
893.3364,893.33,0.012912,0.013913,903.8708,591.3385,0,398.6447,2.237894,2.237894,-0.020142,NaN,NaN,NaN,NaN,0,20.1,-4.503498,0,19.58899,0.9746,0,-0.2241,591.3385,0,1,0,0,0.2241,0,0.9746,398.6447,0,0,0,1
893.3489,893.34,0.012548,0.01364,903.8835,591.2935,0,398.8406,2.237332,2.237332,-0.020142,NaN,NaN,NaN,NaN,0,20.1,-4.503567,0,19.58897,0.9746,0,-0.2241,591.2935,0,1,0,0,0.2241,0,0.9746,398.8406,0,0,0,1
893.3673,893.36,0.018361,0.014584,903.902,591.2034,0,399.2324,2.236266,2.236266,-0.020142,NaN,NaN,NaN,NaN,0,20.1,-4.503705,0,19.58894,0.9746,0,-0.2241,591.2034,0,1,0,0,0.2241,0,0.9746,399.2324,0,0,0,1
893.3799,893.37,0.0126,0.014187,903.9144,591.1583,0,399.4283,2.235763,2.235763,-0.020142,NaN,NaN,NaN,NaN,0,20.1,-4.503773,0,19.58893,0.9746,0,-0.2241,591.1583,0,1,0,0,0.2241,0,0.9746,399.4283,0,0,0,1
893.4008,893.4,0.020918,0.015533,903.936,591.0232,0,400.0159,2.234134,2.234134,-0.020142,NaN,NaN,NaN,NaN,0,20.1,-4.503979,0,19.58888,0.9746,0,-0.2241,591.0232,0,1,0,0,0.2241,0,0.9746,400.0159,0,0,0,1
893.4136,893.41,0.012838,0.014994,903.9485,590.9781,0,400.2118,2.233571,2.233571,-0.020142,NaN,NaN,NaN,NaN,0,20.1,-4.504047,0,19.58886,0.9746,0,-0.2241,590.9781,0,1,0,0,0.2241,0,0.9746,400.2118,0,0,0,1
893.4277,893.42,0.01404,0.014803,903.962,590.9331,0,400.4077,2.233068,2.233068,-0.020142,NaN,NaN,NaN,NaN,0,20.1,-4.504117,0,19.58885,0.9746,0,-0.2241,590.9331,0,1,0,0,0.2241,0,0.9746,400.4077,0,0,0,1
893.4393,893.43,0.01159,0.014161,903.9738,590.8881,0,400.6036,2.232505,2.232505,-0.020142,NaN,NaN,NaN,NaN,0,20.1,-4.504185,0,19.58883,0.9746,0,-0.2241,590.8881,0,1,0,0,0.2241,0,0.9746,400.6036,0,0,0,1
893.4517,893.45,0.012477,0.013824,903.9866,590.798,0,400.9954,2.231446,2.231446,-0.020142,NaN,NaN,NaN,NaN,0,20.1,-4.504322,0,19.5888,0.9746,0,-0.2241,590.798,0,1,0,0,0.2241,0,0.9746,400.9954,0,0,0,1
893.4645,893.46,0.012821,0.013623,903.999,590.7529,0,401.1913,2.230943,2.230943,-0.020142,NaN,NaN,NaN,NaN,0,20.1,-4.504391,0,19.58879,0.9746,0,-0.2241,590.7529,0,1,0,0,0.2241,0,0.9746,401.1913,0,0,0,1
893.4771,893.47,0.012533,0.013405,904.0116,590.7079,0,401.3872,2.23038,2.23038,-0.020142,NaN,NaN,NaN,NaN,0,20.1,-4.504459,0,19.58877,0.9746,0,-0.2241,590.7079,0,1,0,0,0.2241,0,0.9746,401.3872,0,0,0,1
893.4905,893.49,0.013412,0.013407,904.0256,590.6178,0,401.779,2.229255,2.229255,-0.020142,NaN,NaN,NaN,NaN,0,20.1,-4.504597,0,19.58874,0.9746,0,-0.2241,590.6178,0,1,0,0,0.2241,0,0.9746,401.779,0,0,0,1
893.5044,893.5,0.013876,0.0135,904.0389,590.5728,0,401.9749,2.228752,2.228752,-0.020142,NaN,NaN,NaN,NaN,0,20.1,-4.504665,0,19.58872,0.9746,0,-0.2241,590.5728,0,1,0,0,0.2241,0,0.9746,401.9749,0,0,0,1
893.5238,893.52,0.019398,0.01468,904.0587,590.4827,0,402.3666,2.227626,2.227626,-0.020142,NaN,NaN,NaN,NaN,0,20.1,-4.504803,0,19.58869,0.9746,0,-0.2241,590.4827,0,1,0,0,0.2241,0,0.9746,402.3666,0,0,0,1
893.538,893.53,0.014243,0.014593,904.0726,590.4376,0,402.5625,2.227129,2.227129,-0.027466,NaN,NaN,NaN,NaN,0,20.1,-4.504896,0,19.58867,0.9746,0,-0.2241,590.4376,0,1,0,0,0.2241,0,0.9746,402.5625,0,0,0,1
893.5576,893.55,0.019553,0.015585,904.0926,590.3475,0,402.9543,2.226064,2.226064,-0.053101,NaN,NaN,NaN,NaN,0,20.1,-4.50526,0,19.58858,0.9746,0,-0.2241,590.3475,0,1,0,0,0.2241,0,0.9746,402.9543,0,0,0,1
893.5729,893.57,0.015344,0.015537,904.1078,590.2574,0,403.3461,2.224938,2.224938,-0.108032,NaN,NaN,NaN,NaN,0,20.1,-4.505998,0,19.58842,0.9745,0,-0.2242,590.2574,0,1,0,0,0.2242,0,0.9745,403.3461,0,0,0,1
893.5878,893.58,0.014854,0.0154,904.1223,590.2124,0,403.542,2.224435,2.224435,-0.148315,NaN,NaN,NaN,NaN,0,20.1,-4.506505,0,19.5883,0.9745,0,-0.2242,590.2124,0,1,0,0,0.2242,0,0.9745,403.542,0,0,0,1
893.6016,893.6,0.01386,0.015092,904.1368,590.1223,0,403.9338,2.22331,2.22331,-0.195923,NaN,NaN,NaN,NaN,0,20.1,-4.507845,0,19.58799,0.9745,0,-0.2243,590.1223,0,1,0,0,0.2243,0,0.9745,403.9338,0,0,0,1
893.614,893.61,0.012342,0.014542,904.149,590.0771,0,404.1297,2.222688,2.222688,-0.26551,NaN,NaN,NaN,NaN,0,20.1,-4.508752,0,19.58778,0.9745,0,-0.2243,590.0771,0,1,0,0,0.2243,0,0.9745,404.1297,0,0,0,1
893.6353,893.63,0.021247,0.015883,904.1702,589.9869,0,404.5214,2.221496,2.221496,-0.331428,NaN,NaN,NaN,NaN,0,20.1,-4.511018,0,19.58726,0.9745,0,-0.2244,589.9869,0,1,0,0,0.2244,0,0.9745,404.5214,0,0,0,1
893.6483,893.64,0.013009,0.015308,904.1828,589.9418,0,404.7173,2.220927,2.220927,-0.459602,NaN,NaN,NaN,NaN,0,20.1,-4.512589,0,19.5869,0.9745,0,-0.2245,589.9418,0,1,0,0,0.2245,0,0.9745,404.7173,0,0,0,1
893.6689,893.66,0.020683,0.016383,904.2038,589.8515,0,405.109,2.219549,2.219549,-0.558479,NaN,NaN,NaN,NaN,0,20.1,-4.516408,0,19.58602,0.9744,0,-0.2247,589.8515,0,1,0,0,0.2247,0,0.9744,405.109,0,0,0,1
893.6819,893.68,0.012956,0.015697,904.2169,589.7611,0,405.5007,2.218172,2.218172,-0.730605,NaN,NaN,NaN,NaN,0,20.1,-4.521402,0,19.58487,0.9744,0,-0.2249,589.7611,0,1,0,0,0.2249,0,0.9744,405.5007,0,0,0,1
893.6955,893.69,0.013641,0.015286,904.23,589.7159,0,405.6965,2.217484,2.217484,-0.851455,NaN,NaN,NaN,NaN,0,20.1,-4.524313,0,19.58419,0.9743,0,-0.2251,589.7159,0,1,0,0,0.2251,0,0.9743,405.6965,0,0,0,1
893.7084,893.7,0.012874,0.014804,904.2432,589.6706,0,405.8924,2.21667,2.21667,-0.968642,NaN,NaN,NaN,NaN,0,20.1,-4.527624,0,19.58343,0.9743,0,-0.2253,589.6706,0,1,0,0,0.2253,0,0.9743,405.8924,0,0,0,1
893.7233,893.72,0.014891,0.014821,904.2582,589.58,0,406.284,2.215041,2.215041,-1.118789,NaN,NaN,NaN,NaN,0,20.1,-4.535271,0,19.58166,0.9742,0,-0.2256,589.58,0,1,0,0,0.2256,0,0.9742,406.284,0,0,0,1
893.737,893.73,0.013701,0.014597,904.2715,589.5345,0,406.4798,2.214108,2.214108,-1.261618,NaN,NaN,NaN,NaN,0,20.1,-4.539583,0,19.58066,0.9742,0,-0.2258,589.5345,0,1,0,0,0.2258,0,0.9742,406.4798,0,0,0,1
893.757,893.75,0.020066,0.015691,904.2919,589.4436,0,406.8714,2.212108,2.212108,-1.400778,NaN,NaN,NaN,NaN,0,20.1,-4.549157,0,19.57844,0.9741,0,-0.2263,589.4436,0,1,0,0,0.2263,0,0.9741,406.8714,0,0,0,1
893.7723,893.77,0.015223,0.015597,904.3072,589.3525,0,407.2629,2.209977,2.209977,-1.624167,NaN,NaN,NaN,NaN,0,20.1,-4.560256,0,19.57586,0.9739,0,-0.2269,589.3525,0,1,0,0,0.2269,0,0.9739,407.2629,0,0,0,1
893.7906,893.79,0.018298,0.016137,904.3257,589.2611,0,407.6544,2.2076,2.2076,-1.796293,NaN,NaN,NaN,NaN,0,20.1,-4.572528,0,19.57299,0.9738,0,-0.2275,589.2611,0,1,0,0,0.2275,0,0.9738,407.6544,0,0,0,1
893.8047,893.8,0.014106,0.015731,904.3392,589.2153,0,407.8501,2.206282,2.206282,-1.979399,NaN,NaN,NaN,NaN,0,20.1,-4.57929,0,19.57141,0.9737,0,-0.2278,589.2153,0,1,0,0,0.2278,0,0.9737,407.8501,0,0,0,1
893.8173,893.81,0.012648,0.015115,904.3518,589.1695,0,408.0458,2.204972,2.204972,-2.133214,NaN,NaN,NaN,NaN,0,20.1,-4.586577,0,19.5697,0.9736,0,-0.2282,589.1695,0,1,0,0,0.2282,0,0.9736,408.0458,0,0,0,1
893.8296,893.82,0.012261,0.014544,904.3641,589.1235,0,408.2415,2.203469,2.203469,-2.254064,NaN,NaN,NaN,NaN,0,20.1,-4.594275,0,19.5679,0.9735,0,-0.2286,589.1235,0,1,0,0,0.2286,0,0.9735,408.2415,0,0,0,1
893.8433,893.84,0.013757,0.014387,904.3782,589.0314,0,408.6328,2.200337,2.200337,-2.374914,NaN,NaN,NaN,NaN,0,20.1,-4.610496,0,19.56408,0.9733,0,-0.2294,589.0314,0,1,0,0,0.2294,0,0.9733,408.6328,0,0,0,1
893.8568,893.85,0.013467,0.014203,904.3914,588.9852,0,408.8284,2.19859,2.19859,-2.514074,NaN,NaN,NaN,NaN,0,20.1,-4.619081,0,19.56206,0.9732,0,-0.2298,588.9852,0,1,0,0,0.2298,0,0.9732,408.8284,0,0,0,1
893.8706,893.87,0.013827,0.014128,904.4056,588.8925,0,409.2196,2.194829,2.194829,-2.649579,NaN,NaN,NaN,NaN,0,20.1,-4.637171,0,19.55778,0.973,0,-0.2307,588.8925,0,1,0,0,0.2307,0,0.973,409.2196,0,0,0,1
893.8932,893.89,0.022541,0.01581,904.4294,588.7996,0,409.6107,2.190824,2.190824,-2.774091,NaN,NaN,NaN,NaN,0,20.1,-4.656107,0,19.55328,0.9728,0,-0.2316,588.7996,0,1,0,0,0.2316,0,0.9728,409.6107,0,0,0,1
893.9157,893.91,0.022567,0.017161,904.4515,588.7061,0,410.0017,2.186316,2.186316,-3.01579,NaN,NaN,NaN,NaN,0,20.1,-4.676688,0,19.54837,0.9726,0,-0.2327,588.7061,0,1,0,0,0.2327,0,0.9726,410.0017,0,0,0,1
893.9327,893.93,0.016918,0.017113,904.4681,588.6123,0,410.3926,2.18137,2.18137,-3.220875,NaN,NaN,NaN,NaN,0,20.1,-4.698663,0,19.5431,0.9723,0,-0.2338,588.6123,0,1,0,0,0.2338,0,0.9723,410.3926,0,0,0,1
893.9488,893.94,0.016112,0.016913,904.4836,588.5651,0,410.588,2.178616,2.178616,-3.392994,NaN,NaN,NaN,NaN,0,20.1,-4.710236,0,19.54031,0.9722,0,-0.2343,588.5651,0,1,0,0,0.2343,0,0.9722,410.588,0,0,0,1
893.9649,893.96,0.016146,0.016759,904.5003,588.4705,0,410.9787,2.172857,2.172857,-3.583431,NaN,NaN,NaN,NaN,0,20.1,-4.734674,0,19.5344,0.9719,0,-0.2356,588.4705,0,1,0,0,0.2356,0,0.9719,410.9787,0,0,0,1
893.9827,893.98,0.017822,0.016972,904.518,588.3754,0,411.3693,2.166667,2.166667,-3.784847,NaN,NaN,NaN,NaN,0,20.1,-4.760478,0,19.52813,0.9715,0,-0.2368,588.3754,0,1,0,0,0.2368,0,0.9715,411.3693,0,0,0,1
894.0025,894,0.019793,0.017536,904.5378,588.2798,0,411.7598,2.159967,2.159967,-4.030216,NaN,NaN,NaN,NaN,0,20.1,-4.787946,0,19.52141,0.9712,0,-0.2382,588.2798,0,1,0,0,0.2382,0,0.9712,411.7598,0,0,0,1
894.0163,894.01,0.013773,0.016783,904.5512,588.2318,0,411.955,2.156339,2.156339,-4.334171,NaN,NaN,NaN,NaN,0,20.1,-4.802712,0,19.51779,0.971,0,-0.2389,588.2318,0,1,0,0,0.2389,0,0.971,411.955,0,0,0,1
894.0297,894.02,0.013419,0.016111,904.5643,588.1837,0,412.1501,2.152645,2.152645,-4.557567,NaN,NaN,NaN,NaN,0,20.1,-4.818236,0,19.51396,0.9708,0,-0.2397,588.1837,0,1,0,0,0.2397,0,0.9708,412.1501,0,0,0,1
894.0429,894.04,0.013167,0.015522,904.5779,588.0868,0,412.5403,2.144568,2.144568,-4.762645,NaN,NaN,NaN,NaN,0,20.1,-4.85067,0,19.50592,0.9704,0,-0.2413,588.0868,0,1,0,0,0.2413,0,0.9704,412.5403,0,0,0,1
894.0571,894.05,0.014164,0.01525,904.5916,588.0381,0,412.7353,2.140252,2.140252,-5.004351,NaN,NaN,NaN,NaN,0,20.1,-4.867705,0,19.50168,0.9702,0,-0.2422,588.0381,0,1,0,0,0.2422,0,0.9702,412.7353,0,0,0,1
894.0709,894.07,0.01388,0.014976,904.6058,587.9402,0,413.1252,2.131242,2.131242,-5.242388,NaN,NaN,NaN,NaN,0,20.1,-4.903385,0,19.49274,0.9698,0,-0.2439,587.9402,0,1,0,0,0.2439,0,0.9698,413.1252,0,0,0,1
894.0928,894.09,0.021838,0.016349,904.6279,587.8417,0,413.5149,2.121411,2.121411,-5.491419,NaN,NaN,NaN,NaN,0,20.1,-4.940741,0,19.4833,0.9693,0,-0.2458,587.8417,0,1,0,0,0.2458,0,0.9693,413.5149,0,0,0,1
894.1175,894.11,0.024727,0.018024,904.6525,587.7422,0,413.9044,2.110772,2.110772,-5.886934,NaN,NaN,NaN,NaN,0,20.1,-4.980767,0,19.47311,0.9688,0,-0.2478,587.7422,0,1,0,0,0.2478,0,0.9688,413.9044,0,0,0,1
894.1303,894.13,0.012818,0.016983,904.6654,587.642,0,414.2937,2.099193,2.099193,-6.326387,NaN,NaN,NaN,NaN,0,20.1,-5.023758,0,19.46206,0.9683,0,-0.2499,587.642,0,1,0,0,0.2499,0,0.9683,414.2937,0,0,0,1
894.1437,894.14,0.013375,0.016262,904.6783,587.5915,0,414.4882,2.093003,2.093003,-6.582742,NaN,NaN,NaN,NaN,0,20.1,-5.046114,0,19.45628,0.968,0,-0.2511,587.5915,0,1,0,0,0.2511,0,0.968,414.4882,0,0,0,1
894.1572,894.15,0.013504,0.01571,904.6918,587.5408,0,414.6827,2.086615,2.086615,-6.806138,NaN,NaN,NaN,NaN,0,20.1,-5.069222,0,19.45027,0.9677,0,-0.2522,587.5408,0,1,0,0,0.2522,0,0.9677,414.6827,0,0,0,1
894.1716,894.17,0.014462,0.01546,904.707,587.4387,0,415.0715,2.073222,2.073222,-7.066147,NaN,NaN,NaN,NaN,0,20.1,-5.117183,0,19.43771,0.9671,0,-0.2546,587.4387,0,1,0,0,0.2546,0,0.9671,415.0715,0,0,0,1
894.1906,894.19,0.018956,0.01616,904.7263,587.3356,0,415.46,2.058756,2.058756,-7.31884,NaN,NaN,NaN,NaN,0,20.1,-5.166825,0,19.42457,0.9664,0,-0.2571,587.3356,0,1,0,0,0.2571,0,0.9664,415.46,0,0,0,1
894.2048,894.2,0.014202,0.015768,904.7395,587.2837,0,415.6542,2.051123,2.051123,-7.652092,NaN,NaN,NaN,NaN,0,20.1,-5.192762,0,19.41765,0.9661,0,-0.2583,587.2837,0,1,0,0,0.2583,0,0.9661,415.6542,0,0,0,1
894.2238,894.22,0.018938,0.016402,904.759,587.179,0,416.0424,2.034976,2.034976,-7.871826,NaN,NaN,NaN,NaN,0,20.1,-5.246097,0,19.40331,0.9653,0,-0.261,587.179,0,1,0,0,0.261,0,0.9653,416.0424,0,0,0,1
894.2387,894.23,0.014959,0.016113,904.7733,587.1263,0,416.2363,2.026589,2.026589,-8.131836,NaN,NaN,NaN,NaN,0,20.1,-5.273631,0,19.39585,0.965,0,-0.2624,587.1263,0,1,0,0,0.2624,0,0.965,416.2363,0,0,0,1
894.2516,894.25,0.012911,0.015473,904.7867,587.02,0,416.624,2.008747,2.008747,-8.355231,NaN,NaN,NaN,NaN,0,20.1,-5.330177,0,19.38038,0.9642,0,-0.2652,587.02,0,1,0,0,0.2652,0,0.9642,416.624,0,0,0,1
894.2653,894.26,0.013608,0.0151,904.7998,586.9664,0,416.8177,1.999359,1.999359,-8.494391,NaN,NaN,NaN,NaN,0,20.1,-5.358903,0,19.37246,0.9638,0,-0.2666,586.9664,0,1,0,0,0.2666,0,0.9638,416.8177,0,0,0,1
894.2773,894.27,0.012046,0.014489,904.8121,586.9125,0,417.0114,1.98972,1.98972,-8.644538,NaN,NaN,NaN,NaN,0,20.1,-5.388126,0,19.36435,0.9634,0,-0.2681,586.9125,0,1,0,0,0.2681,0,0.9634,417.0114,0,0,0,1
894.2919,894.29,0.014625,0.014516,904.8273,586.8038,0,417.3984,1.969509,1.969509,-8.754408,NaN,NaN,NaN,NaN,0,20.1,-5.447276,0,19.3478,0.9626,0,-0.271,586.8038,0,1,0,0,0.271,0,0.9626,417.3984,0,0,0,1
894.3137,894.31,0.021773,0.015968,904.8489,586.694,0,417.7851,1.948039,1.948039,-8.900892,NaN,NaN,NaN,NaN,0,20.1,-5.507364,0,19.33078,0.9617,0,-0.274,586.694,0,1,0,0,0.274,0,0.9617,417.7851,0,0,0,1
894.3341,894.33,0.020427,0.016859,904.8691,586.583,0,418.1715,1.925378,1.925378,-9.03639,NaN,NaN,NaN,NaN,0,20.1,-5.568312,0,19.31331,0.9609,0,-0.277,586.583,0,1,0,0,0.277,0,0.9609,418.1715,0,0,0,1
894.3472,894.34,0.013107,0.016109,904.8818,586.527,0,418.3645,1.913554,1.913554,-9.127943,NaN,NaN,NaN,NaN,0,20.1,-5.599072,0,19.30441,0.9604,0,-0.2786,586.527,0,1,0,0,0.2786,0,0.9604,418.3645,0,0,0,1
894.3604,894.36,0.013174,0.015522,904.8956,586.4141,0,418.7504,1.888894,1.888894,-9.17922,NaN,NaN,NaN,NaN,0,20.1,-5.660898,0,19.28638,0.9595,0,-0.2816,586.4141,0,1,0,0,0.2816,0,0.9595,418.7504,0,0,0,1
894.3755,894.37,0.015121,0.015442,904.9102,586.3572,0,418.9431,1.876123,1.876123,-9.245138,NaN,NaN,NaN,NaN,0,20.1,-5.692011,0,19.27722,0.9591,0,-0.2832,586.3572,0,1,0,0,0.2832,0,0.9591,418.9431,0,0,0,1
894.3887,894.38,0.013172,0.014988,904.9234,586.3,0,419.1358,1.862982,1.862982,-9.30007,NaN,NaN,NaN,NaN,0,20.1,-5.723293,0,19.26795,0.9586,0,-0.2847,586.3,0,1,0,0,0.2847,0,0.9586,419.1358,0,0,0,1
894.4018,894.4,0.013134,0.014617,904.9374,586.1846,0,419.5209,1.835693,1.835693,-9.365988,NaN,NaN,NaN,NaN,0,20.1,-5.786256,0,19.24914,0.9577,0,-0.2879,586.1846,0,1,0,0,0.2879,0,0.9577,419.5209,0,0,0,1
894.4154,894.41,0.013616,0.014417,904.95,586.1264,0,419.7133,1.821553,1.821553,-9.431906,NaN,NaN,NaN,NaN,0,20.1,-5.817936,0,19.23958,0.9572,0,-0.2894,586.1264,0,1,0,0,0.2894,0,0.9572,419.7133,0,0,0,1
894.435,894.43,0.019544,0.015442,904.9699,586.0091,0,420.0978,1.795484,1.795484,-9.519796,NaN,NaN,NaN,NaN,0,20.1,-5.881838,0,19.22014,0.9562,0,-0.2926,586.0091,0,1,0,0,0.2926,0,0.9562,420.0978,0,0,0,1
894.4487,894.44,0.01369,0.015092,904.9836,585.95,0,420.2899,1.782076,1.782076,-9.655302,NaN,NaN,NaN,NaN,0,20.1,-5.914219,0,19.21021,0.9557,0,-0.2942,585.95,0,1,0,0,0.2942,0,0.9557,420.2899,0,0,0,1
894.4681,894.46,0.019493,0.015972,905.0032,585.8307,0,420.6738,1.754235,1.754235,-9.757841,NaN,NaN,NaN,NaN,0,20.1,-5.979617,0,19.18995,0.9547,0,-0.2975,585.8307,0,1,0,0,0.2975,0,0.9547,420.6738,0,0,0,1
894.4808,894.48,0.012681,0.015314,905.0161,585.7101,0,421.0573,1.731051,1.731051,-9.915312,NaN,NaN,NaN,NaN,0,20.1,-6.045999,0,19.16914,0.9537,0,-0.3008,585.7101,0,1,0,0,0.3008,0,0.9537,421.0573,0,0,0,1
894.4955,894.49,0.014723,0.015196,905.0303,585.6493,0,421.2489,1.719408,1.719408,-10.0325,NaN,NaN,NaN,NaN,0,20.1,-6.079556,0,19.15852,0.9532,0,-0.3025,585.6493,0,1,0,0,0.3025,0,0.9532,421.2489,0,0,0,1
894.5093,894.5,0.013798,0.014916,905.0439,585.5881,0,421.4403,1.707427,1.707427,-10.17167,NaN,NaN,NaN,NaN,0,20.1,-6.113557,0,19.1477,0.9526,0,-0.3042,585.5881,0,1,0,0,0.3042,0,0.9526,421.4403,0,0,0,1
894.5216,894.52,0.012246,0.014382,905.0565,585.4648,0,421.823,1.684321,1.684321,-10.31449,NaN,NaN,NaN,NaN,0,20.1,-6.182458,0,19.12556,0.9515,0,-0.3076,585.4648,0,1,0,0,0.3076,0,0.9515,421.823,0,0,0,1
894.5369,894.53,0.015344,0.014574,905.0717,585.4026,0,422.0141,1.674735,1.674735,-10.44999,NaN,NaN,NaN,NaN,0,20.1,-6.21733,0,19.11426,0.951,0,-0.3093,585.4026,0,1,0,0,0.3093,0,0.951,422.0141,0,0,0,1
894.5508,894.55,0.013832,0.014426,905.086,585.2773,0,422.3961,1.654554,1.654554,-10.61845,NaN,NaN,NaN,NaN,0,20.1,-6.288136,0,19.09108,0.9498,0,-0.3128,585.2773,0,1,0,0,0.3128,0,0.9498,422.3961,0,0,0,1
894.5684,894.56,0.017658,0.015072,905.1034,585.2141,0,422.5869,1.643826,1.643826,-10.76127,NaN,NaN,NaN,NaN,0,20.1,-6.323981,0,19.07924,0.9492,0,-0.3146,585.2141,0,1,0,0,0.3146,0,0.9492,422.5869,0,0,0,1
894.584,894.58,0.015627,0.015183,905.119,585.0865,0,422.9681,1.626327,1.626327,-10.92973,NaN,NaN,NaN,NaN,0,20.1,-6.396726,0,19.05497,0.948,0,-0.3182,585.0865,0,1,0,0,0.3182,0,0.948,422.9681,0,0,0,1
894.6013,894.6,0.017253,0.015597,905.1362,584.9575,0,423.3488,1.609228,1.609228,-11.04692,NaN,NaN,NaN,NaN,0,20.1,-6.470156,0,19.03016,0.9468,0,-0.3219,584.9575,0,1,0,0,0.3219,0,0.9468,423.3488,0,0,0,1
894.6145,894.61,0.0132,0.015118,905.1492,584.8925,0,423.539,1.600105,1.600105,-11.16411,NaN,NaN,NaN,NaN,0,20.1,-6.507225,0,19.01752,0.9461,0,-0.3237,584.8925,0,1,0,0,0.3237,0,0.9461,423.539,0,0,0,1
894.6279,894.62,0.013413,0.014777,905.1627,584.827,0,423.729,1.591624,1.591624,-11.28862,NaN,NaN,NaN,NaN,0,20.1,-6.544681,0,19.00466,0.9455,0,-0.3256,584.827,0,1,0,0,0.3256,0,0.9455,423.729,0,0,0,1
894.6403,894.64,0.01232,0.014285,905.1755,584.6949,0,424.1087,1.57838,1.57838,-11.39482,NaN,NaN,NaN,NaN,0,20.1,-6.620221,0,18.97848,0.9442,0,-0.3294,584.6949,0,1,0,0,0.3294,0,0.9442,424.1087,0,0,0,1
894.6534,894.65,0.013137,0.014055,905.188,584.6283,0,424.2983,1.571097,1.571097,-11.53033,NaN,NaN,NaN,NaN,0,20.1,-6.658401,0,18.96512,0.9435,0,-0.3313,584.6283,0,1,0,0,0.3313,0,0.9435,424.2983,0,0,0,1
894.6671,894.66,0.01376,0.013996,905.2017,584.5614,0,424.4879,1.563525,1.563525,-11.66949,NaN,NaN,NaN,NaN,0,20.1,-6.697013,0,18.95152,0.9429,0,-0.3332,584.5614,0,1,0,0,0.3332,0,0.9429,424.4879,0,0,0,1
894.6796,894.67,0.012467,0.013691,905.2151,584.494,0,424.6772,1.556117,1.556117,-11.85626,NaN,NaN,NaN,NaN,0,20.1,-6.736215,0,18.93762,0.9422,0,-0.3351,584.494,0,1,0,0,0.3351,0,0.9422,424.6772,0,0,0,1
894.7007,894.7,0.021125,0.015177,905.2361,584.2896,0,425.2445,1.539894,1.539894,-12.04669,NaN,NaN,NaN,NaN,0,20.1,-6.855532,0,18.89475,0.94,0,-0.3411,584.2896,0,1,0,0,0.3411,0,0.94,425.2445,0,0,0,1
894.7133,894.71,0.012567,0.014655,905.2479,584.2206,0,425.4333,1.533581,1.533581,-12.42756,NaN,NaN,NaN,NaN,0,20.1,-6.896499,0,18.87984,0.9393,0,-0.3431,584.2206,0,1,0,0,0.3431,0,0.9393,425.4333,0,0,0,1
894.7252,894.72,0.011945,0.014113,905.2598,584.1512,0,425.622,1.527126,1.527126,-12.6656,NaN,NaN,NaN,NaN,0,20.1,-6.938216,0,18.86455,0.9385,0,-0.3452,584.1512,0,1,0,0,0.3452,0,0.9385,425.622,0,0,0,1
894.7461,894.74,0.020824,0.015455,905.2811,584.0111,0,425.9988,1.519353,1.519353,-12.92195,NaN,NaN,NaN,NaN,0,20.1,-7.023236,0,18.83306,0.937,0,-0.3494,584.0111,0,1,0,0,0.3494,0,0.937,425.9988,0,0,0,1
894.7588,894.75,0.012709,0.014906,905.2934,583.9404,0,426.187,1.514758,1.514758,-13.43832,NaN,NaN,NaN,NaN,0,20.1,-7.067389,0,18.81654,0.9361,0,-0.3516,583.9404,0,1,0,0,0.3516,0,0.9361,426.187,0,0,0,1
894.7717,894.77,0.012975,0.01452,905.3068,583.7977,0,426.5627,1.504112,1.504112,-13.73129,NaN,NaN,NaN,NaN,0,20.1,-7.157497,0,18.78244,0.9345,0,-0.3561,583.7977,0,1,0,0,0.3561,0,0.9345,426.5627,0,0,0,1
894.7843,894.78,0.012528,0.014121,905.3192,583.7257,0,426.7504,1.501468,1.501468,-14.02426,NaN,NaN,NaN,NaN,0,20.1,-7.20345,0,18.76487,0.9336,0,-0.3584,583.7257,0,1,0,0,0.3584,0,0.9336,426.7504,0,0,0,1
894.7966,894.79,0.012273,0.013752,905.3313,583.6532,0,426.9379,1.498427,1.498427,-14.38316,NaN,NaN,NaN,NaN,0,20.1,-7.250534,0,18.74673,0.9327,0,-0.3607,583.6532,0,1,0,0,0.3607,0,0.9327,426.9379,0,0,0,1
894.8091,894.8,0.012589,0.013519,905.3439,583.5802,0,427.1252,1.494799,1.494799,-14.67612,NaN,NaN,NaN,NaN,0,20.1,-7.298529,0,18.72809,0.9317,0,-0.3631,583.5802,0,1,0,0,0.3631,0,0.9317,427.1252,0,0,0,1
894.8217,894.82,0.012602,0.013336,905.3568,583.4327,0,427.4992,1.486017,1.486017,-14.98375,NaN,NaN,NaN,NaN,0,20.1,-7.396381,0,18.68966,0.9298,0,-0.368,583.4327,0,1,0,0,0.368,0,0.9298,427.4992,0,0,0,1
894.8346,894.83,0.01282,0.013233,905.3693,583.3583,0,427.6859,1.483902,1.483902,-15.27673,NaN,NaN,NaN,NaN,0,20.1,-7.446187,0,18.66988,0.9288,0,-0.3705,583.3583,0,1,0,0,0.3705,0,0.9288,427.6859,0,0,0,1
894.8466,894.84,0.012083,0.013003,905.3814,583.2833,0,427.8724,1.481758,1.481758,-15.62096,NaN,NaN,NaN,NaN,0,20.1,-7.497061,0,18.64951,0.9278,0,-0.373,583.2833,0,1,0,0,0.373,0,0.9278,427.8724,0,0,0,1
894.8685,894.86,0.021842,0.01477,905.4036,583.1318,0,428.2447,1.475603,1.475603,-15.91028,NaN,NaN,NaN,NaN,0,20.1,-7.600518,0,18.60758,0.9258,0,-0.3781,583.1318,0,1,0,0,0.3781,0,0.9258,428.2447,0,0,0,1
894.8832,894.88,0.014676,0.014752,905.4181,582.9781,0,428.6162,1.469839,1.469839,-16.44861,NaN,NaN,NaN,NaN,0,20.1,-7.707232,0,18.56364,0.9236,0,-0.3834,582.9781,0,1,0,0,0.3834,0,0.9236,428.6162,0,0,0,1
894.9008,894.9,0.017594,0.01532,905.4357,582.8224,0,428.9868,1.466104,1.466104,-16.78554,NaN,NaN,NaN,NaN,0,20.1,-7.815868,0,18.51816,0.9213,0,-0.3888,582.8224,0,1,0,0,0.3888,0,0.9213,428.9868,0,0,0,1
894.9128,894.91,0.012053,0.014667,905.4478,582.7437,0,429.1718,1.463326,1.463326,-17.19936,NaN,NaN,NaN,NaN,0,20.1,-7.871422,0,18.49461,0.9201,0,-0.3916,582.7437,0,1,0,0,0.3916,0,0.9201,429.1718,0,0,0,1
894.925,894.92,0.012266,0.014186,905.4598,582.6644,0,429.3564,1.459917,1.459917,-17.45571,NaN,NaN,NaN,NaN,0,20.1,-7.927732,0,18.47055,0.9189,0,-0.3944,582.6644,0,1,0,0,0.3944,0,0.9189,429.3564,0,0,0,1
894.9376,894.93,0.012462,0.013842,905.472,582.5845,0,429.5409,1.458269,1.458269,-17.69741,NaN,NaN,NaN,NaN,0,20.1,-7.984745,0,18.44597,0.9177,0,-0.3973,582.5845,0,1,0,0,0.3973,0,0.9177,429.5409,0,0,0,1
894.9503,894.95,0.012785,0.01363,905.4857,582.4231,0,429.9091,1.455375,1.455375,-17.93545,NaN,NaN,NaN,NaN,0,20.1,-8.100071,0,18.39562,0.9152,0,-0.403,582.4231,0,1,0,0,0.403,0,0.9152,429.9091,0,0,0,1
894.9628,894.96,0.012449,0.013394,905.4974,582.3415,0,430.0927,1.452904,1.452904,-18.18082,NaN,NaN,NaN,NaN,0,20.1,-8.158402,0,18.36983,0.9139,0,-0.4059,582.3415,0,1,0,0,0.4059,0,0.9139,430.0927,0,0,0,1
894.974,894.97,0.011239,0.012963,905.5089,582.2593,0,430.2762,1.449825,1.449825,-18.37125,NaN,NaN,NaN,NaN,0,20.1,-8.21726,0,18.34357,0.9126,0,-0.4088,582.2593,0,1,0,0,0.4088,0,0.9126,430.2762,0,0,0,1
894.9874,894.98,0.013403,0.013051,905.5219,582.1766,0,430.4594,1.448117,1.448117,-18.5214,NaN,NaN,NaN,NaN,0,20.1,-8.276515,0,18.31691,0.9113,0,-0.4118,582.1766,0,1,0,0,0.4118,0,0.9113,430.4594,0,0,0,1
894.9997,894.99,0.012285,0.012898,905.5343,582.0932,0,430.6422,1.447269,1.447269,-18.69352,NaN,NaN,NaN,NaN,0,20.1,-8.336232,0,18.28981,0.9099,0,-0.4147,582.0932,0,1,0,0,0.4147,0,0.9099,430.6422,0,0,0,1
895.0129,895.01,0.013153,0.012949,905.5478,581.9247,0,431.0072,1.443538,1.443538,-18.81071,NaN,NaN,NaN,NaN,0,20.1,-8.456147,0,18.23468,0.9072,0,-0.4207,581.9247,0,1,0,0,0.4207,0,0.9072,431.0072,0,0,0,1
895.0253,895.02,0.012407,0.01284,905.5599,581.8395,0,431.1893,1.440698,1.440698,-18.92057,NaN,NaN,NaN,NaN,0,20.1,-8.516315,0,18.20666,0.9058,0,-0.4237,581.8395,0,1,0,0,0.4237,0,0.9058,431.1893,0,0,0,1
895.0447,895.04,0.019396,0.014151,905.5795,581.6674,0,431.5526,1.438157,1.438157,-19.00481,NaN,NaN,NaN,NaN,0,20.1,-8.636909,0,18.14976,0.903,0,-0.4297,581.6674,0,1,0,0,0.4297,0,0.903,431.5526,0,0,0,1
895.0577,895.05,0.013066,0.013934,905.5925,581.5804,0,431.7338,1.436828,1.436828,-19.10369,NaN,NaN,NaN,NaN,0,20.1,-8.697377,0,18.12086,0.9015,0,-0.4327,581.5804,0,1,0,0,0.4327,0,0.9015,431.7338,0,0,0,1
895.0781,895.07,0.020386,0.015225,905.613,581.4047,0,432.0953,1.43206,1.43206,-19.14031,NaN,NaN,NaN,NaN,0,20.1,-8.818253,0,18.06235,0.8986,0,-0.4387,581.4047,0,1,0,0,0.4387,0,0.8986,432.0953,0,0,0,1
895.0893,895.08,0.011166,0.014413,905.6237,581.3159,0,432.2756,1.429963,1.429963,-19.18792,NaN,NaN,NaN,NaN,0,20.1,-8.878693,0,18.03272,0.8972,0,-0.4417,581.3159,0,1,0,0,0.4417,0,0.8972,432.2756,0,0,0,1
895.1005,895.1,0.011173,0.013765,905.6351,581.1365,0,432.6354,1.428231,1.428231,-19.18792,NaN,NaN,NaN,NaN,0,20.1,-8.999271,0,17.97285,0.8942,0,-0.4477,581.1365,0,1,0,0,0.4477,0,0.8942,432.6354,0,0,0,1
895.1113,895.11,0.010879,0.013188,905.6457,581.0459,0,432.8148,1.426383,1.426383,-19.18792,NaN,NaN,NaN,NaN,0,20.1,-9.059411,0,17.94261,0.8927,0,-0.4507,581.0459,0,1,0,0,0.4507,0,0.8927,432.8148,0,0,0,1
895.123,895.12,0.01166,0.012882,905.6574,580.9547,0,432.9939,1.423767,1.423767,-19.18792,NaN,NaN,NaN,NaN,0,20.1,-9.119448,0,17.91216,0.8912,0,-0.4537,580.9547,0,1,0,0,0.4537,0,0.8912,432.9939,0,0,0,1
895.1353,895.13,0.012357,0.012777,905.6698,580.8629,0,433.1727,1.421454,1.421454,-19.18792,NaN,NaN,NaN,NaN,0,20.1,-9.179382,0,17.88153,0.8896,0,-0.4567,580.8629,0,1,0,0,0.4567,0,0.8896,433.1727,0,0,0,1
895.1459,895.14,0.010519,0.012325,905.6804,580.7705,0,433.3512,1.421021,1.421021,-19.18792,NaN,NaN,NaN,NaN,0,20.1,-9.239216,0,17.85068,0.8881,0,-0.4597,580.7705,0,1,0,0,0.4597,0,0.8881,433.3512,0,0,0,1
895.1569,895.15,0.011003,0.012061,905.6912,580.6775,0,433.5294,1.419929,1.419929,-19.18792,NaN,NaN,NaN,NaN,0,20.1,-9.298944,0,17.81964,0.8865,0,-0.4626,580.6775,0,1,0,0,0.4626,0,0.8865,433.5294,0,0,0,1
895.1686,895.16,0.011791,0.012007,905.7031,580.5839,0,433.7073,1.418205,1.418205,-19.18792,NaN,NaN,NaN,NaN,0,20.1,-9.358569,0,17.7884,0.885,0,-0.4656,580.5839,0,1,0,0,0.4656,0,0.885,433.7073,0,0,0,1
895.1814,895.18,0.012721,0.01215,905.7162,580.395,0,434.0621,1.41318,1.41318,-19.18792,NaN,NaN,NaN,NaN,0,20.1,-9.477503,0,17.72532,0.8819,0,-0.4715,580.395,0,1,0,0,0.4715,0,0.8819,434.0621,0,0,0,1
895.1918,895.19,0.010456,0.011811,905.7263,580.2996,0,434.239,1.412925,1.412925,-19.18792,NaN,NaN,NaN,NaN,0,20.1,-9.536809,0,17.69348,0.8803,0,-0.4745,580.2996,0,1,0,0,0.4745,0,0.8803,434.239,0,0,0,1
895.2046,895.2,0.012732,0.011995,905.7392,580.2036,0,434.4156,1.411985,1.411985,-19.19158,NaN,NaN,NaN,NaN,0,20.1,-9.596021,0,17.66144,0.8787,0,-0.4774,580.2036,0,1,0,0,0.4774,0,0.8787,434.4156,0,0,0,1
895.217,895.21,0.012397,0.012076,905.7515,580.1071,0,434.5919,1.410317,1.410317,-19.19158,NaN,NaN,NaN,NaN,0,20.1,-9.655127,0,17.6292,0.8771,0,-0.4804,580.1071,0,1,0,0,0.4804,0,0.8771,434.5919,0,0,0,1
895.2285,895.22,0.011562,0.011973,905.763,580.0099,0,434.7679,1.408003,1.408003,-19.19158,NaN,NaN,NaN,NaN,0,20.1,-9.714123,0,17.59676,0.8755,0,-0.4833,580.0099,0,1,0,0,0.4833,0,0.8755,434.7679,0,0,0,1
895.2417,895.24,0.013176,0.012213,905.7769,579.8138,0,435.1189,1.40514,1.40514,-19.19158,NaN,NaN,NaN,NaN,0,20.1,-9.831785,0,17.53129,0.8722,0,-0.4891,579.8138,0,1,0,0,0.4891,0,0.8722,435.1189,0,0,0,1
895.2531,895.25,0.011429,0.012057,905.788,579.715,0,435.2939,1.404339,1.404339,-19.20989,NaN,NaN,NaN,NaN,0,20.1,-9.89051,0,17.49822,0.8706,0,-0.4921,579.715,0,1,0,0,0.4921,0,0.8706,435.2939,0,0,0,1
895.2658,895.26,0.012656,0.012177,905.8004,579.6155,0,435.4685,1.402847,1.402847,-19.23919,NaN,NaN,NaN,NaN,0,20.1,-9.94921,0,17.46491,0.8689,0,-0.495,579.6155,0,1,0,0,0.495,0,0.8689,435.4685,0,0,0,1
895.2775,895.27,0.011673,0.012076,905.8121,579.5154,0,435.6428,1.400604,1.400604,-19.27947,NaN,NaN,NaN,NaN,0,20.1,-10.00792,0,17.43134,0.8672,0,-0.4979,579.5154,0,1,0,0,0.4979,0,0.8672,435.6428,0,0,0,1
895.29,895.28,0.012498,0.01216,905.8248,579.4147,0,435.8168,1.397799,1.397799,-19.3344,NaN,NaN,NaN,NaN,0,20.1,-10.06669,0,17.39746,0.8655,0,-0.5008,579.4147,0,1,0,0,0.5008,0,0.8655,435.8168,0,0,0,1
895.3024,895.3,0.012382,0.012205,905.8374,579.2116,0,436.1637,1.396885,1.396885,-19.4113,NaN,NaN,NaN,NaN,0,20.1,-10.18434,0,17.32886,0.8621,0,-0.5067,579.2116,0,1,0,0,0.5067,0,0.8621,436.1637,0,0,0,1
895.3137,895.31,0.011345,0.012033,905.8483,579.1092,0,436.3367,1.395531,1.395531,-19.53216,NaN,NaN,NaN,NaN,0,20.1,-10.24335,0,17.29404,0.8604,0,-0.5096,579.1092,0,1,0,0,0.5096,0,0.8604,436.3367,0,0,0,1
895.3341,895.33,0.020394,0.013705,905.8691,578.9025,0,436.6815,1.390547,1.390547,-19.6347,NaN,NaN,NaN,NaN,0,20.1,-10.36164,0,17.22343,0.8569,0,-0.5155,578.9025,0,1,0,0,0.5155,0,0.8569,436.6815,0,0,0,1
895.346,895.34,0.011941,0.013352,905.8807,578.7983,0,436.8533,1.390188,1.390188,-19.8764,NaN,NaN,NaN,NaN,0,20.1,-10.42133,0,17.18738,0.8551,0,-0.5185,578.7983,0,1,0,0,0.5185,0,0.8551,436.8533,0,0,0,1
895.3587,895.35,0.012701,0.013222,905.8934,578.6935,0,437.0249,1.389549,1.389549,-19.99726,NaN,NaN,NaN,NaN,0,20.1,-10.48125,0,17.1509,0.8533,0,-0.5215,578.6935,0,1,0,0,0.5215,0,0.8533,437.0249,0,0,0,1
895.3707,895.37,0.012033,0.012984,905.9058,578.4822,0,437.3668,1.386115,1.386115,-20.17304,NaN,NaN,NaN,NaN,0,20.1,-10.60176,0,17.07667,0.8496,0,-0.5275,578.4822,0,1,0,0,0.5275,0,0.8496,437.3668,0,0,0,1
895.3825,895.38,0.011755,0.012738,905.9171,578.3755,0,437.5372,1.383221,1.383221,-20.32685,NaN,NaN,NaN,NaN,0,20.1,-10.66228,0,17.03895,0.8477,0,-0.5305,578.3755,0,1,0,0,0.5305,0,0.8477,437.5372,0,0,0,1
895.3941,895.39,0.011566,0.012504,905.929,578.2682,0,437.7072,1.382468,1.382468,-20.45869,NaN,NaN,NaN,NaN,0,20.1,-10.72305,0,17.00077,0.8458,0,-0.5335,578.2682,0,1,0,0,0.5335,0,0.8458,437.7072,0,0,0,1
895.4058,895.4,0.011727,0.012349,905.9404,578.1604,0,437.8768,1.381694,1.381694,-20.55024,NaN,NaN,NaN,NaN,0,20.1,-10.78396,0,16.9622,0.8439,0,-0.5365,578.1604,0,1,0,0,0.5365,0,0.8439,437.8768,0,0,0,1
895.4175,895.41,0.011694,0.012218,905.952,578.0519,0,438.046,1.380191,1.380191,-20.63447,NaN,NaN,NaN,NaN,0,20.1,-10.84498,0,16.92325,0.842,0,-0.5396,578.0519,0,1,0,0,0.5396,0,0.842,438.046,0,0,0,1
895.4296,895.42,0.012082,0.012191,905.9642,577.9429,0,438.2149,1.377943,1.377943,-20.70039,NaN,NaN,NaN,NaN,0,20.1,-10.90605,0,16.88396,0.84,0,-0.5426,577.9429,0,1,0,0,0.5426,0,0.84,438.2149,0,0,0,1
895.4415,895.44,0.011885,0.012129,905.9765,577.7229,0,438.5514,1.373715,1.373715,-20.73701,NaN,NaN,NaN,NaN,0,20.1,-11.02798,0,16.80457,0.836,0,-0.5487,577.7229,0,1,0,0,0.5487,0,0.836,438.5514,0,0,0,1
895.4525,895.45,0.011059,0.011915,905.9869,577.612,0,438.719,1.372858,1.372858,-20.73701,NaN,NaN,NaN,NaN,0,20.1,-11.08873,0,16.76455,0.8341,0,-0.5517,577.612,0,1,0,0,0.5517,0,0.8341,438.719,0,0,0,1
895.4642,895.46,0.011636,0.011859,905.9987,577.5005,0,438.8863,1.371188,1.371188,-20.73701,NaN,NaN,NaN,NaN,0,20.1,-11.14933,0,16.72431,0.8321,0,-0.5547,577.5005,0,1,0,0,0.5547,0,0.8321,438.8863,0,0,0,1
895.4758,895.47,0.011622,0.011812,906.0102,577.3884,0,439.0531,1.368841,1.368841,-20.73701,NaN,NaN,NaN,NaN,0,20.1,-11.20979,0,16.68385,0.83,0,-0.5577,577.3884,0,1,0,0,0.5577,0,0.83,439.0531,0,0,0,1
895.4881,895.48,0.012299,0.011909,906.0226,577.2757,0,439.2195,1.365749,1.365749,-20.73701,NaN,NaN,NaN,NaN,0,20.1,-11.2701,0,16.64317,0.828,0,-0.5607,577.2757,0,1,0,0,0.5607,0,0.828,439.2195,0,0,0,1
895.4988,895.49,0.010706,0.011669,906.0332,577.1624,0,439.3856,1.36406,1.36406,-20.73701,NaN,NaN,NaN,NaN,0,20.1,-11.33026,0,16.60227,0.826,0,-0.5637,577.1624,0,1,0,0,0.5637,0,0.826,439.3856,0,0,0,1
895.5097,895.5,0.010931,0.011521,906.0442,577.0485,0,439.5512,1.363052,1.363052,-20.73701,NaN,NaN,NaN,NaN,0,20.1,-11.39027,0,16.56115,0.8239,0,-0.5667,577.0485,0,1,0,0,0.5667,0,0.8239,439.5512,0,0,0,1
895.5222,895.52,0.012499,0.011717,906.0572,576.8189,0,439.8812,1.358784,1.358784,-20.73701,NaN,NaN,NaN,NaN,0,20.1,-11.50985,0,16.47827,0.8198,0,-0.5726,576.8189,0,1,0,0,0.5726,0,0.8198,439.8812,0,0,0,1
895.5346,895.53,0.012395,0.011852,906.069,576.7032,0,440.0455,1.355508,1.355508,-20.73701,NaN,NaN,NaN,NaN,0,20.1,-11.56942,0,16.4365,0.8177,0,-0.5756,576.7032,0,1,0,0,0.5756,0,0.8177,440.0455,0,0,0,1
895.5455,895.54,0.010914,0.011665,906.0799,576.5869,0,440.2095,1.353341,1.353341,-20.73701,NaN,NaN,NaN,NaN,0,20.1,-11.62883,0,16.39452,0.8156,0,-0.5785,576.5869,0,1,0,0,0.5785,0,0.8156,440.2095,0,0,0,1
895.557,895.55,0.011475,0.011627,906.0917,576.47,0,440.373,1.352164,1.352164,-20.73701,NaN,NaN,NaN,NaN,0,20.1,-11.68809,0,16.35233,0.8135,0,-0.5815,576.47,0,1,0,0,0.5815,0,0.8135,440.373,0,0,0,1
895.5693,895.56,0.012297,0.011761,906.1038,576.3525,0,440.5361,1.350243,1.350243,-20.73701,NaN,NaN,NaN,NaN,0,20.1,-11.7472,0,16.30992,0.8114,0,-0.5844,576.3525,0,1,0,0,0.5844,0,0.8114,440.5361,0,0,0,1
895.5907,895.59,0.021412,0.013691,906.1259,575.9966,0,441.0228,1.341548,1.341548,-20.73701,NaN,NaN,NaN,NaN,0,20.1,-11.9236,0,16.18141,0.805,0,-0.5932,575.9966,0,1,0,0,0.5932,0,0.805,441.0228,0,0,0,1
895.6036,895.6,0.012895,0.013532,906.138,575.8768,0,441.1841,1.340269,1.340269,-20.73701,NaN,NaN,NaN,NaN,0,20.1,-11.98208,0,16.13815,0.8029,0,-0.5961,575.8768,0,1,0,0,0.5961,0,0.8029,441.1841,0,0,0,1
895.6146,895.61,0.010995,0.013024,906.1492,575.7563,0,441.3451,1.338179,1.338179,-20.73701,NaN,NaN,NaN,NaN,0,20.1,-12.04041,0,16.09467,0.8007,0,-0.599,575.7563,0,1,0,0,0.599,0,0.8007,441.3451,0,0,0,1
895.626,895.62,0.011412,0.012702,906.1604,575.6354,0,441.5056,1.335445,1.335445,-20.73701,NaN,NaN,NaN,NaN,0,20.1,-12.09859,0,16.05099,0.7986,0,-0.6019,575.6354,0,1,0,0,0.6019,0,0.7986,441.5056,0,0,0,1
895.6373,895.63,0.011283,0.012418,906.1719,575.5138,0,441.6657,1.331931,1.331931,-20.73701,NaN,NaN,NaN,NaN,0,20.1,-12.1566,0,16.0071,0.7964,0,-0.6048,575.5138,0,1,0,0,0.6048,0,0.7964,441.6657,0,0,0,1
895.6484,895.64,0.011149,0.012164,906.1829,575.3917,0,441.8253,1.328786,1.328786,-20.73701,NaN,NaN,NaN,NaN,0,20.1,-12.21445,0,15.96299,0.7942,0,-0.6077,575.3917,0,1,0,0,0.6077,0,0.7942,441.8253,0,0,0,1
895.6592,895.65,0.010817,0.011895,906.1938,575.2689,0,441.9845,1.327337,1.327337,-20.73701,NaN,NaN,NaN,NaN,0,20.1,-12.27215,0,15.91868,0.792,0,-0.6106,575.2689,0,1,0,0,0.6106,0,0.792,441.9845,0,0,0,1
895.671,895.67,0.011746,0.011865,906.2058,575.0218,0,442.3015,1.322223,1.322223,-20.73701,NaN,NaN,NaN,NaN,0,20.1,-12.38705,0,15.82943,0.7875,0,-0.6163,575.0218,0,1,0,0,0.6163,0,0.7875,442.3015,0,0,0,1
895.6833,895.68,0.012356,0.011963,906.2179,574.8973,0,442.4594,1.318589,1.318589,-20.73701,NaN,NaN,NaN,NaN,0,20.1,-12.44426,0,15.7845,0.7853,0,-0.6191,574.8973,0,1,0,0,0.6191,0,0.7853,442.4594,0,0,0,1
895.6949,895.69,0.011532,0.011877,906.2293,574.7723,0,442.6168,1.314988,1.314988,-20.73701,NaN,NaN,NaN,NaN,0,20.1,-12.50131,0,15.73935,0.7831,0,-0.622,574.7723,0,1,0,0,0.622,0,0.7831,442.6168,0,0,0,1
895.7057,895.7,0.010826,0.011667,906.2401,574.6467,0,442.7737,1.313387,1.313387,-20.73701,NaN,NaN,NaN,NaN,0,20.1,-12.55819,0,15.69401,0.7808,0,-0.6248,574.6467,0,1,0,0,0.6248,0,0.7808,442.7737,0,0,0,1
895.7166,895.71,0.010837,0.011501,906.251,574.5206,0,442.9302,1.311074,1.311074,-20.73701,NaN,NaN,NaN,NaN,0,20.1,-12.61491,0,15.64845,0.7785,0,-0.6276,574.5206,0,1,0,0,0.6276,0,0.7785,442.9302,0,0,0,1
895.7302,895.73,0.013599,0.01192,906.2659,574.2666,0,443.2418,1.30416,1.30416,-20.73701,NaN,NaN,NaN,NaN,0,20.1,-12.72786,0,15.55673,0.774,0,-0.6332,574.2666,0,1,0,0,0.6332,0,0.774,443.2418,0,0,0,1
895.751,895.75,0.020847,0.013706,906.2858,574.0103,0,443.5516,1.298438,1.298438,-20.73701,NaN,NaN,NaN,NaN,0,20.1,-12.84013,0,15.46419,0.7694,0,-0.6388,574.0103,0,1,0,0,0.6388,0,0.7694,443.5516,0,0,0,1
