time,fixedTime,deltaTime,smoothDeltaTime,realtimeSinceStartup,pos_x,pos_y,pos_z,distFromRoadCenter,signedDistFromRoadCenter,wheelAngle,obstacle_pos_x,obstacle_pos_y,obstacle_pos_z,distance_to_obstacle,brake_position,car_speed,car_vel_x,car_vel_y,car_vel_z,simplecar_4x4_R0C0,simplecar_4x4_R0C1,simplecar_4x4_R0C2,simplecar_4x4_R0C3,simplecar_4x4_R1C0,simplecar_4x4_R1C1,simplecar_4x4_R1C2,simplecar_4x4_R1C3,simplecar_4x4_R2C0,simplecar_4x4_R2C1,simplecar_4x4_R2C2,simplecar_4x4_R2C3,simplecar_4x4_R3C0,simplecar_4x4_R3C1,simplecar_4x4_R3C2,simplecar_4x4_R3C3
563.0854,563.08,0.01888,0.015547,573.6261,-125.5857,0,633.5305,2.768383,2.768383,-1.107802,NaN,NaN,NaN,NaN,0,20.1,-20.05154,0,1.394874,0.0694,0,-0.9976,-125.5857,0,1,0,0,0.9976,0,0.0694,633.5305,0,0,0,1
563.1036,563.1,0.018167,0.016071,573.6384,-125.9868,0,633.5582,2.773504,2.773504,-1.107802,NaN,NaN,NaN,NaN,0,20.1,-20.05208,0,1.387119,0.069,0,-0.9976,-125.9868,0,1,0,0,0.9976,0,0.069,633.5582,0,0,0,1
563.1157,563.11,0.012044,0.015265,573.6502,-126.1873,0,633.5721,2.77602,2.77602,-1.107802,NaN,NaN,NaN,NaN,0,20.1,-20.05235,0,1.383241,0.0688,0,-0.9976,-126.1873,0,1,0,0,0.9976,0,0.0688,633.5721,0,0,0,1
563.1287,563.12,0.013069,0.014826,573.6632,-126.3878,0,633.5859,2.778466,2.778466,-1.107802,NaN,NaN,NaN,NaN,0,20.1,-20.05262,0,1.379363,0.0686,0,-0.9976,-126.3878,0,1,0,0,0.9976,0,0.0686,633.5859,0,0,0,1
563.1427,563.14,0.013944,0.01465,573.6776,-126.7889,0,633.6133,2.783295,2.783295,-1.107802,NaN,NaN,NaN,NaN,0,20.1,-20.05315,0,1.371609,0.0682,0,-0.9977,-126.7889,0,1,0,0,0.9977,0,0.0682,633.6133,0,0,0,1
563.1569,563.15,0.01419,0.014558,573.6913,-126.9894,0,633.627,2.785618,2.785618,-1.107802,NaN,NaN,NaN,NaN,0,20.1,-20.05341,0,1.367733,0.068,0,-0.9977,-126.9894,0,1,0,0,0.9977,0,0.068,633.627,0,0,0,1
563.175,563.17,0.018133,0.015273,573.7098,-127.3905,0,633.6542,2.790203,2.790203,-1.107802,NaN,NaN,NaN,NaN,0,20.1,-20.05394,0,1.359979,0.0677,0,-0.9977,-127.3905,0,1,0,0,0.9977,0,0.0677,633.6542,0,0,0,1
563.1879,563.18,0.012834,0.014785,573.7223,-127.591,0,633.6678,2.792465,2.792465,-1.107802,NaN,NaN,NaN,NaN,0,20.1,-20.0542,0,1.356102,0.0675,0,-0.9977,-127.591,0,1,0,0,0.9977,0,0.0675,633.6678,0,0,0,1
563.2081,563.2,0.020233,0.015875,573.7429,-127.9921,0,633.6948,2.796866,2.796866,-1.107802,NaN,NaN,NaN,NaN,0,20.1,-20.05473,0,1.348346,0.0671,0,-0.9977,-127.9921,0,1,0,0,0.9977,0,0.0671,633.6948,0,0,0,1
563.222,563.22,0.013972,0.015494,573.7568,-128.3932,0,633.7217,2.801024,2.801024,-1.107802,NaN,NaN,NaN,NaN,0,20.1,-20.05524,0,1.340591,0.0667,0,-0.9978,-128.3932,0,1,0,0,0.9978,0,0.0667,633.7217,0,0,0,1
563.2345,563.23,0.012462,0.014888,573.7689,-128.5938,0,633.735,2.803102,2.803102,-1.107802,NaN,NaN,NaN,NaN,0,20.1,-20.0555,0,1.336715,0.0665,0,-0.9978,-128.5938,0,1,0,0,0.9978,0,0.0665,633.735,0,0,0,1
563.2459,563.24,0.011414,0.014193,573.7803,-128.7943,0,633.7484,2.805058,2.805058,-1.107802,NaN,NaN,NaN,NaN,0,20.1,-20.05576,0,1.332838,0.0663,0,-0.9978,-128.7943,0,1,0,0,0.9978,0,0.0663,633.7484,0,0,0,1
563.2582,563.25,0.012233,0.013801,573.7928,-128.9949,0,633.7617,2.807014,2.807014,-1.107802,NaN,NaN,NaN,NaN,0,20.1,-20.05602,0,1.328961,0.0661,0,-0.9978,-128.9949,0,1,0,0,0.9978,0,0.0661,633.7617,0,0,0,1
563.2709,563.27,0.012743,0.013589,573.8058,-129.396,0,633.7881,2.810804,2.810804,-1.107802,NaN,NaN,NaN,NaN,0,20.1,-20.05653,0,1.321206,0.0657,0,-0.9978,-129.396,0,1,0,0,0.9978,0,0.0657,633.7881,0,0,0,1
563.2917,563.29,0.02084,0.015039,573.8265,-129.7971,0,633.8144,2.814472,2.814472,-1.107802,NaN,NaN,NaN,NaN,0,20.1,-20.05704,0,1.313449,0.0653,0,-0.9979,-129.7971,0,1,0,0,0.9979,0,0.0653,633.8144,0,0,0,1
563.304,563.3,0.012292,0.01449,573.8386,-129.9977,0,633.8275,2.816307,2.816307,-1.107802,NaN,NaN,NaN,NaN,0,20.1,-20.05729,0,1.309569,0.0652,0,-0.9979,-129.9977,0,1,0,0,0.9979,0,0.0652,633.8275,0,0,0,1
563.3182,563.31,0.014165,0.014425,573.8527,-130.1983,0,633.8406,2.818018,2.818018,-1.107802,NaN,NaN,NaN,NaN,0,20.1,-20.05755,0,1.30569,0.065,0,-0.9979,-130.1983,0,1,0,0,0.9979,0,0.065,633.8406,0,0,0,1
563.3312,563.33,0.012995,0.014139,573.866,-130.5995,0,633.8666,2.821319,2.821319,-1.107802,NaN,NaN,NaN,NaN,0,20.1,-20.05805,0,1.297934,0.0646,0,-0.9979,-130.5995,0,1,0,0,0.9979,0,0.0646,633.8666,0,0,0,1
563.3528,563.35,0.02167,0.015645,573.8877,-131.0006,0,633.8925,2.824559,2.824559,-1.107802,NaN,NaN,NaN,NaN,0,20.1,-20.05855,0,1.290179,0.0642,0,-0.9979,-131.0006,0,1,0,0,0.9979,0,0.0642,633.8925,0,0,0,1
563.3663,563.36,0.013388,0.015194,573.9011,-131.2012,0,633.9053,2.826027,2.826027,-1.107802,NaN,NaN,NaN,NaN,0,20.1,-20.0588,0,1.286301,0.064,0,-0.998,-131.2012,0,1,0,0,0.998,0,0.064,633.9053,0,0,0,1
563.3804,563.38,0.014158,0.014987,573.9152,-131.6024,0,633.9308,2.828961,2.828961,-1.107802,NaN,NaN,NaN,NaN,0,20.1,-20.0593,0,1.278543,0.0636,0,-0.998,-131.6024,0,1,0,0,0.998,0,0.0636,633.9308,0,0,0,1
563.394,563.39,0.013619,0.014713,573.9285,-131.803,0,633.9436,2.830428,2.830428,-1.107802,NaN,NaN,NaN,NaN,0,20.1,-20.05954,0,1.274664,0.0634,0,-0.998,-131.803,0,1,0,0,0.998,0,0.0634,633.9436,0,0,0,1
563.4075,563.4,0.013468,0.014464,573.942,-132.0036,0,633.9563,2.831773,2.831773,-1.107802,NaN,NaN,NaN,NaN,0,20.1,-20.05979,0,1.270784,0.0632,0,-0.998,-132.0036,0,1,0,0,0.998,0,0.0632,633.9563,0,0,0,1
563.4225,563.42,0.01496,0.014563,573.9581,-132.4048,0,633.9816,2.834463,2.834463,-1.107802,NaN,NaN,NaN,NaN,0,20.1,-20.06028,0,1.26303,0.0628,0,-0.998,-132.4048,0,1,0,0,0.998,0,0.0628,633.9816,0,0,0,1
563.4407,563.44,0.018192,0.015289,573.9754,-132.806,0,634.0068,2.83697,2.83697,-1.107802,NaN,NaN,NaN,NaN,0,20.1,-20.06077,0,1.255274,0.0625,0,-0.998,-132.806,0,1,0,0,0.998,0,0.0625,634.0068,0,0,0,1
563.4526,563.45,0.011978,0.014627,573.9871,-133.0066,0,634.0193,2.838131,2.838131,-1.107802,NaN,NaN,NaN,NaN,0,20.1,-20.06101,0,1.251395,0.0623,0,-0.9981,-133.0066,0,1,0,0,0.9981,0,0.0623,634.0193,0,0,0,1
563.4639,563.46,0.011259,0.013953,573.9983,-133.2072,0,634.0317,2.839231,2.839231,-1.107802,NaN,NaN,NaN,NaN,0,20.1,-20.06125,0,1.247517,0.0621,0,-0.9981,-133.2072,0,1,0,0,0.9981,0,0.0621,634.0317,0,0,0,1
563.4761,563.47,0.012239,0.01361,574.0106,-133.4078,0,634.0442,2.840393,2.840393,-1.107802,NaN,NaN,NaN,NaN,0,20.1,-20.06149,0,1.243638,0.0619,0,-0.9981,-133.4078,0,1,0,0,0.9981,0,0.0619,634.0442,0,0,0,1
563.4969,563.49,0.020796,0.015048,574.0317,-133.8091,0,634.0689,2.842471,2.842471,-1.107802,NaN,NaN,NaN,NaN,0,20.1,-20.06197,0,1.235878,0.0615,0,-0.9981,-133.8091,0,1,0,0,0.9981,0,0.0615,634.0689,0,0,0,1
563.5098,563.5,0.01293,0.014624,574.0443,-134.0097,0,634.0812,2.843449,2.843449,-1.107802,NaN,NaN,NaN,NaN,0,20.1,-20.06221,0,1.231998,0.0613,0,-0.9981,-134.0097,0,1,0,0,0.9981,0,0.0613,634.0812,0,0,0,1
563.5219,563.52,0.012077,0.014115,574.0568,-134.4109,0,634.1058,2.845344,2.845344,-1.107802,NaN,NaN,NaN,NaN,0,20.1,-20.06269,0,1.224242,0.0609,0,-0.9981,-134.4109,0,1,0,0,0.9981,0,0.0609,634.1058,0,0,0,1
563.5348,563.53,0.012859,0.013863,574.0692,-134.6116,0,634.118,2.8462,2.8462,-1.107802,NaN,NaN,NaN,NaN,0,20.1,-20.06292,0,1.220363,0.0607,0,-0.9982,-134.6116,0,1,0,0,0.9982,0,0.0607,634.118,0,0,0,1
563.5485,563.54,0.013645,0.01382,574.0829,-134.8122,0,634.1301,2.846995,2.846995,-1.118789,NaN,NaN,NaN,NaN,0,20.1,-20.06316,0,1.216446,0.0605,0,-0.9982,-134.8122,0,1,0,0,0.9982,0,0.0605,634.1301,0,0,0,1
563.5639,563.56,0.015475,0.014151,574.0988,-135.2135,0,634.1544,2.848584,2.848584,-1.126113,NaN,NaN,NaN,NaN,0,20.1,-20.06364,0,1.208559,0.0601,0,-0.9982,-135.2135,0,1,0,0,0.9982,0,0.0601,634.1544,0,0,0,1
563.5778,563.57,0.013912,0.014103,574.1123,-135.4141,0,634.1664,2.849318,2.849318,-1.170058,NaN,NaN,NaN,NaN,0,20.1,-20.06388,0,1.204462,0.0599,0,-0.9982,-135.4141,0,1,0,0,0.9982,0,0.0599,634.1664,0,0,0,1
563.597,563.59,0.019208,0.015124,574.1321,-135.8154,0,634.1904,2.850602,2.850602,-1.206686,NaN,NaN,NaN,NaN,0,20.1,-20.06439,0,1.196011,0.0595,0,-0.9982,-135.8154,0,1,0,0,0.9982,0,0.0595,634.1904,0,0,0,1
563.6105,563.61,0.013451,0.014789,574.1455,-136.2167,0,634.2141,2.851702,2.851702,-1.279929,NaN,NaN,NaN,NaN,0,20.1,-20.06492,0,1.187048,0.0591,0,-0.9983,-136.2167,0,1,0,0,0.9983,0,0.0591,634.2141,0,0,0,1
563.631,563.63,0.020561,0.015944,574.1666,-136.618,0,634.2377,2.852619,2.852619,-1.331198,NaN,NaN,NaN,NaN,0,20.1,-20.06547,0,1.177725,0.0586,0,-0.9983,-136.618,0,1,0,0,0.9983,0,0.0586,634.2377,0,0,0,1
563.6444,563.64,0.013382,0.015431,574.1791,-136.8187,0,634.2494,2.852986,2.852986,-1.452048,NaN,NaN,NaN,NaN,0,20.1,-20.06577,0,1.172638,0.0583,0,-0.9983,-136.8187,0,1,0,0,0.9983,0,0.0583,634.2494,0,0,0,1
563.657,563.65,0.012581,0.014861,574.1918,-137.0193,0,634.2611,2.853353,2.853353,-1.536276,NaN,NaN,NaN,NaN,0,20.1,-20.06608,0,1.167259,0.0581,0,-0.9983,-137.0193,0,1,0,0,0.9983,0,0.0581,634.2611,0,0,0,1
563.6702,563.67,0.013169,0.014523,574.2053,-137.4207,0,634.2842,2.853841,2.853841,-1.653471,NaN,NaN,NaN,NaN,0,20.1,-20.06675,0,1.155677,0.0575,0,-0.9983,-137.4207,0,1,0,0,0.9983,0,0.0575,634.2842,0,0,0,1
563.6845,563.68,0.014323,0.014483,574.2192,-137.6213,0,634.2957,2.854025,2.854025,-1.759672,NaN,NaN,NaN,NaN,0,20.1,-20.0671,0,1.149514,0.0572,0,-0.9984,-137.6213,0,1,0,0,0.9984,0,0.0572,634.2957,0,0,0,1
563.6979,563.69,0.013372,0.014261,574.2325,-137.822,0,634.3071,2.854086,2.854086,-1.880522,NaN,NaN,NaN,NaN,0,20.1,-20.06748,0,1.142926,0.0569,0,-0.9984,-137.822,0,1,0,0,0.9984,0,0.0569,634.3071,0,0,0,1
563.7119,563.71,0.014076,0.014224,574.2469,-138.2234,0,634.3298,2.854086,2.854086,-2.019682,NaN,NaN,NaN,NaN,0,20.1,-20.06828,0,1.128777,0.0562,0,-0.9984,-138.2234,0,1,0,0,0.9984,0,0.0562,634.3298,0,0,0,1
563.7299,563.72,0.017959,0.014971,574.2644,-138.4241,0,634.341,2.853963,2.853963,-2.169836,NaN,NaN,NaN,NaN,0,20.1,-20.06871,0,1.121178,0.0558,0,-0.9984,-138.4241,0,1,0,0,0.9984,0,0.0558,634.341,0,0,0,1
563.7432,563.74,0.013251,0.014627,574.2783,-138.8255,0,634.3632,2.853475,2.853475,-2.374914,NaN,NaN,NaN,NaN,0,20.1,-20.06963,0,1.104539,0.055,0,-0.9985,-138.8255,0,1,0,0,0.9985,0,0.055,634.3632,0,0,0,1
563.764,563.76,0.020862,0.015874,574.2989,-139.2269,0,634.385,2.852619,2.852619,-2.532384,NaN,NaN,NaN,NaN,0,20.1,-20.0706,0,1.086796,0.0541,0,-0.9985,-139.2269,0,1,0,0,0.9985,0,0.0541,634.385,0,0,0,1
563.777,563.77,0.012939,0.015287,574.3116,-139.4276,0,634.3958,2.852069,2.852069,-2.788739,NaN,NaN,NaN,NaN,0,20.1,-20.07113,0,1.07703,0.0536,0,-0.9986,-139.4276,0,1,0,0,0.9986,0,0.0536,634.3958,0,0,0,1
563.79,563.78,0.012996,0.014829,574.3243,-139.6283,0,634.4064,2.851396,2.851396,-2.979169,NaN,NaN,NaN,NaN,0,20.1,-20.07168,0,1.066595,0.0531,0,-0.9986,-139.6283,0,1,0,0,0.9986,0,0.0531,634.4064,0,0,0,1
563.801,563.8,0.011016,0.014066,574.336,-140.0297,0,634.4274,2.849746,2.849746,-3.136647,NaN,NaN,NaN,NaN,0,20.1,-20.07284,0,1.044614,0.052,0,-0.9986,-140.0297,0,1,0,0,0.9986,0,0.052,634.4274,0,0,0,1
563.816,563.81,0.015055,0.014264,574.3506,-140.2305,0,634.4377,2.848707,2.848707,-3.305104,NaN,NaN,NaN,NaN,0,20.1,-20.07344,0,1.033035,0.0514,0,-0.9987,-140.2305,0,1,0,0,0.9987,0,0.0514,634.4377,0,0,0,1
563.8292,563.82,0.013134,0.014038,574.3638,-140.4312,0,634.4479,2.847545,2.847545,-3.491871,NaN,NaN,NaN,NaN,0,20.1,-20.07406,0,1.020801,0.0508,0,-0.9987,-140.4312,0,1,0,0,0.9987,0,0.0508,634.4479,0,0,0,1
563.8418,563.84,0.012619,0.013754,574.3766,-140.8327,0,634.468,2.844978,2.844978,-3.682308,NaN,NaN,NaN,NaN,0,20.1,-20.07536,0,0.994999,0.0495,0,-0.9988,-140.8327,0,1,0,0,0.9988,0,0.0495,634.468,0,0,0,1
563.864,563.86,0.022192,0.015442,574.3993,-141.2342,0,634.4875,2.841799,2.841799,-3.836117,NaN,NaN,NaN,NaN,0,20.1,-20.07667,0,0.968113,0.0482,0,-0.9988,-141.2342,0,1,0,0,0.9988,0,0.0482,634.4875,0,0,0,1
563.8766,563.87,0.012638,0.014881,574.4114,-141.435,0,634.497,2.839964,2.839964,-4.132755,NaN,NaN,NaN,NaN,0,20.1,-20.07737,0,0.95363,0.0474,0,-0.9989,-141.435,0,1,0,0,0.9989,0,0.0474,634.497,0,0,0,1
563.8971,563.89,0.020462,0.015997,574.4321,-141.8366,0,634.5156,2.83593,2.83593,-4.29755,NaN,NaN,NaN,NaN,0,20.1,-20.07878,0,0.92351,0.0459,0,-0.9989,-141.8366,0,1,0,0,0.9989,0,0.0459,634.5156,0,0,0,1
563.9106,563.91,0.013563,0.01551,574.4456,-142.2382,0,634.5336,2.831284,2.831284,-4.572215,NaN,NaN,NaN,NaN,0,20.1,-20.08022,0,0.891463,0.0444,0,-0.999,-142.2382,0,1,0,0,0.999,0,0.0444,634.5336,0,0,0,1
563.9246,563.92,0.01393,0.015194,574.4592,-142.439,0,634.5424,2.828655,2.828655,-4.726024,NaN,NaN,NaN,NaN,0,20.1,-20.08095,0,0.8749,0.0435,0,-0.9991,-142.439,0,1,0,0,0.9991,0,0.0435,634.5424,0,0,0,1
563.9382,563.93,0.013626,0.014881,574.4728,-142.6398,0,634.551,2.825965,2.825965,-4.835887,NaN,NaN,NaN,NaN,0,20.1,-20.08168,0,0.857952,0.0427,0,-0.9991,-142.6398,0,1,0,0,0.9991,0,0.0427,634.551,0,0,0,1
563.9515,563.95,0.013365,0.014578,574.4865,-143.0415,0,634.5676,2.819974,2.819974,-4.953082,NaN,NaN,NaN,NaN,0,20.1,-20.08313,0,0.823229,0.041,0,-0.9992,-143.0415,0,1,0,0,0.9992,0,0.041,634.5676,0,0,0,1
563.9661,563.96,0.014582,0.014578,574.5007,-143.2423,0,634.5757,2.816673,2.816673,-5.051959,NaN,NaN,NaN,NaN,0,20.1,-20.08385,0,0.805518,0.0401,0,-0.9992,-143.2423,0,1,0,0,0.9992,0,0.0401,634.5757,0,0,0,1
563.9856,563.98,0.019469,0.015556,574.5205,-143.644,0,634.5912,2.809582,2.809582,-5.125201,NaN,NaN,NaN,NaN,0,20.1,-20.08526,0,0.769585,0.0383,0,-0.9993,-143.644,0,1,0,0,0.9993,0,0.0383,634.5912,0,0,0,1
563.9989,563.99,0.013321,0.015109,574.5336,-143.8449,0,634.5988,2.805731,2.805731,-5.22774,NaN,NaN,NaN,NaN,0,20.1,-20.08596,0,0.751261,0.0374,0,-0.9993,-143.8449,0,1,0,0,0.9993,0,0.0374,634.5988,0,0,0,1
564.0197,564.01,0.020702,0.016228,574.555,-144.2466,0,634.6132,2.797538,2.797538,-5.293658,NaN,NaN,NaN,NaN,0,20.1,-20.08731,0,0.714146,0.0355,0,-0.9994,-144.2466,0,1,0,0,0.9994,0,0.0355,634.6132,0,0,0,1
564.033,564.03,0.013308,0.015644,574.5679,-144.6484,0,634.627,2.788613,2.788613,-5.348589,NaN,NaN,NaN,NaN,0,20.1,-20.08861,0,0.676643,0.0337,0,-0.9994,-144.6484,0,1,0,0,0.9994,0,0.0337,634.627,0,0,0,1
564.0476,564.04,0.014701,0.015455,574.5821,-144.8493,0,634.6335,2.783845,2.783845,-5.396204,NaN,NaN,NaN,NaN,0,20.1,-20.08924,0,0.657722,0.0327,0,-0.9995,-144.8493,0,1,0,0,0.9995,0,0.0327,634.6335,0,0,0,1
564.0602,564.06,0.01254,0.014872,574.5956,-145.2511,0,634.6461,2.773759,2.773759,-5.451136,NaN,NaN,NaN,NaN,0,20.1,-20.09045,0,0.619493,0.0308,0,-0.9995,-145.2511,0,1,0,0,0.9995,0,0.0308,634.6461,0,0,0,1
564.0743,564.07,0.014087,0.014715,574.6089,-145.452,0,634.6521,2.76844,2.76844,-5.491419,NaN,NaN,NaN,NaN,0,20.1,-20.09104,0,0.600239,0.0299,0,-0.9996,-145.452,0,1,0,0,0.9996,0,0.0299,634.6521,0,0,0,1
564.0869,564.08,0.012581,0.014288,574.6217,-145.6529,0,634.6579,2.762876,2.762876,-5.568323,NaN,NaN,NaN,NaN,0,20.1,-20.09161,0,0.580713,0.0289,0,-0.9996,-145.6529,0,1,0,0,0.9996,0,0.0289,634.6579,0,0,0,1
564.1069,564.1,0.020091,0.015449,574.6419,-146.0547,0,634.6689,2.751262,2.751262,-5.652552,NaN,NaN,NaN,NaN,0,20.1,-20.09272,0,0.541068,0.0269,0,-0.9996,-146.0547,0,1,0,0,0.9996,0,0.0269,634.6689,0,0,0,1
564.1207,564.12,0.013747,0.015108,574.6558,-146.4566,0,634.6791,2.738791,2.738791,-5.831995,NaN,NaN,NaN,NaN,0,20.1,-20.09378,0,0.500167,0.0249,0,-0.9997,-146.4566,0,1,0,0,0.9997,0,0.0249,634.6791,0,0,0,1
564.1413,564.14,0.020598,0.016206,574.6765,-146.8585,0,634.6885,2.725525,2.725525,-5.963838,NaN,NaN,NaN,NaN,0,20.1,-20.09478,0,0.458333,0.0228,0,-0.9997,-146.8585,0,1,0,0,0.9997,0,0.0228,634.6885,0,0,0,1
564.1542,564.15,0.012882,0.015541,574.6887,-147.0594,0,634.6929,2.718617,2.718617,-6.154268,NaN,NaN,NaN,NaN,0,20.1,-20.09526,0,0.436748,0.0217,0,-0.9998,-147.0594,0,1,0,0,0.9998,0,0.0217,634.6929,0,0,0,1
564.1661,564.16,0.011969,0.014827,574.7006,-147.2604,0,634.6971,2.711403,2.711403,-6.271455,NaN,NaN,NaN,NaN,0,20.1,-20.09572,0,0.414753,0.0206,0,-0.9998,-147.2604,0,1,0,0,0.9998,0,0.0206,634.6971,0,0,0,1
564.1799,564.17,0.013733,0.014608,574.7144,-147.4614,0,634.701,2.703945,2.703945,-6.392312,NaN,NaN,NaN,NaN,0,20.1,-20.09617,0,0.392331,0.0195,0,-0.9998,-147.4614,0,1,0,0,0.9998,0,0.0195,634.701,0,0,0,1
564.1933,564.19,0.013438,0.014374,574.7286,-147.8633,0,634.7082,2.688478,2.688478,-6.546121,NaN,NaN,NaN,NaN,0,20.1,-20.09702,0,0.34641,0.0172,0,-0.9999,-147.8633,0,1,0,0,0.9999,0,0.0172,634.7082,0,0,0,1
564.209,564.2,0.015703,0.01464,574.7437,-148.0643,0,634.7114,2.680408,2.680408,-6.674294,NaN,NaN,NaN,NaN,0,20.1,-20.0974,0,0.322999,0.0161,0,-0.9999,-148.0643,0,1,0,0,0.9999,0,0.0161,634.7114,0,0,0,1
564.2234,564.22,0.014445,0.014601,574.7585,-148.4662,0,634.7172,2.663475,2.663475,-6.82811,NaN,NaN,NaN,NaN,0,20.1,-20.09812,0,0.275096,0.0137,0,-0.9999,-148.4662,0,1,0,0,0.9999,0,0.0137,634.7172,0,0,0,1
564.2426,564.24,0.019095,0.0155,574.7776,-148.8682,0,634.7219,2.645564,2.645564,-6.945298,NaN,NaN,NaN,NaN,0,20.1,-20.09873,0,0.22637,0.0113,0,-0.9999,-148.8682,0,1,0,0,0.9999,0,0.0113,634.7219,0,0,0,1
564.2643,564.26,0.021722,0.016744,574.7996,-149.2702,0,634.7257,2.626673,2.626673,-7.069809,NaN,NaN,NaN,NaN,0,20.1,-20.09923,0,0.17677,0.0088,0,-1,-149.2702,0,1,0,0,1,0,0.0088,634.7257,0,0,0,1
564.2778,564.27,0.013488,0.016093,574.8123,-149.4712,0,634.7272,2.616893,2.616893,-7.146714,NaN,NaN,NaN,NaN,0,20.1,-20.09943,0,0.151699,0.0075,0,-1,-149.4712,0,1,0,0,1,0,0.0075,634.7272,0,0,0,1
564.2913,564.29,0.013513,0.015577,574.8264,-149.8732,0,634.7295,2.596475,2.596475,-7.154038,NaN,NaN,NaN,NaN,0,20.1,-20.09975,0,0.101506,0.0051,0,-1,-149.8732,0,1,0,0,1,0,0.0051,634.7295,0,0,0,1
564.303,564.3,0.011732,0.014808,574.8376,-150.0742,0,634.7303,2.58596,2.58596,-7.165024,NaN,NaN,NaN,NaN,0,20.1,-20.09986,0,0.076371,0.0038,0,-1,-150.0742,0,1,0,0,1,0,0.0038,634.7303,0,0,0,1
564.315,564.31,0.012,0.014246,574.8494,-150.2752,0,634.7308,2.575139,2.575139,-7.168686,NaN,NaN,NaN,NaN,0,20.1,-20.09994,0,0.051224,0.0025,0,-1,-150.2752,0,1,0,0,1,0,0.0025,634.7308,0,0,0,1
564.3284,564.32,0.013361,0.014069,574.8629,-150.4762,0,634.7311,2.564074,2.564074,-7.172348,NaN,NaN,NaN,NaN,0,20.1,-20.09999,0,0.026061,0.0013,0,-1,-150.4762,0,1,0,0,1,0,0.0013,634.7311,0,0,0,1
564.3413,564.34,0.012935,0.013842,574.8762,-150.8782,0,634.7308,2.541149,2.541149,-7.205307,NaN,NaN,NaN,NaN,0,20.1,-20.09999,0,-0.024491,-0.0012,0,-1,-150.8782,0,1,0,0,1,0,-0.0012,634.7308,0,0,0,1
564.3541,564.35,0.012837,0.013641,574.8887,-151.0792,0,634.7303,2.52929,2.52929,-7.26757,NaN,NaN,NaN,NaN,0,20.1,-20.09994,0,-0.049985,-0.0025,0,-1,-151.0792,0,1,0,0,1,0,-0.0025,634.7303,0,0,0,1
564.375,564.37,0.020879,0.015089,574.91,-151.4812,0,634.7286,2.504899,2.504899,-7.344475,NaN,NaN,NaN,NaN,0,20.1,-20.09975,0,-0.101518,-0.0051,0,-1,-151.4812,0,1,0,0,1,0,-0.0051,634.7286,0,0,0,1
564.3892,564.38,0.014155,0.014902,574.9238,-151.6822,0,634.7273,2.492305,2.492305,-7.600822,NaN,NaN,NaN,NaN,0,20.1,-20.09959,0,-0.12818,-0.0064,0,-1,-151.6822,0,1,0,0,1,0,-0.0064,634.7273,0,0,0,1
564.4075,564.4,0.018332,0.015588,574.9424,-152.0842,0,634.7239,2.466202,2.466202,-7.835205,NaN,NaN,NaN,NaN,0,20.1,-20.09916,0,-0.183151,-0.0091,0,-1,-152.0842,0,1,0,0,1,0,-0.0091,634.7239,0,0,0,1
564.4213,564.42,0.013831,0.015237,574.9564,-152.4862,0,634.7194,2.439059,2.439059,-8.183105,NaN,NaN,NaN,NaN,0,20.1,-20.09856,0,-0.240564,-0.012,0,-0.9999,-152.4862,0,1,0,0,0.9999,0,-0.012,634.7194,0,0,0,1
564.4359,564.43,0.014572,0.015104,574.9704,-152.6871,0,634.7167,2.425059,2.425059,-8.490729,NaN,NaN,NaN,NaN,0,20.1,-20.09818,0,-0.270348,-0.0135,0,-0.9999,-152.6871,0,1,0,0,0.9999,0,-0.0135,634.7167,0,0,0,1
564.4484,564.44,0.012439,0.014571,574.9829,-152.8881,0,634.7137,2.410693,2.410693,-8.816664,NaN,NaN,NaN,NaN,0,20.1,-20.09774,0,-0.301272,-0.015,0,-0.9999,-152.8881,0,1,0,0,0.9999,0,-0.015,634.7137,0,0,0,1
564.4614,564.46,0.013041,0.014265,574.9965,-153.2901,0,634.7067,2.381044,2.381044,-9.091322,NaN,NaN,NaN,NaN,0,20.1,-20.09669,0,-0.365054,-0.0182,0,-0.9998,-153.2901,0,1,0,0,0.9998,0,-0.0182,634.7067,0,0,0,1
564.476,564.47,0.014549,0.014322,575.0105,-153.491,0,634.7027,2.365761,2.365761,-9.431906,NaN,NaN,NaN,NaN,0,20.1,-20.09606,0,-0.398135,-0.0198,0,-0.9998,-153.491,0,1,0,0,0.9998,0,-0.0198,634.7027,0,0,0,1
564.4886,564.48,0.012662,0.01399,575.0235,-153.692,0,634.6984,2.350111,2.350111,-9.765165,NaN,NaN,NaN,NaN,0,20.1,-20.09535,0,-0.432385,-0.0215,0,-0.9998,-153.692,0,1,0,0,0.9998,0,-0.0215,634.6984,0,0,0,1
564.5086,564.5,0.020006,0.015193,575.0438,-154.0939,0,634.6887,2.317772,2.317772,-10.05081,NaN,NaN,NaN,NaN,0,20.1,-20.09371,0,-0.502885,-0.025,0,-0.9997,-154.0939,0,1,0,0,0.9997,0,-0.025,634.6887,0,0,0,1
564.5219,564.52,0.013236,0.014802,575.0566,-154.4957,0,634.6775,2.283966,2.283966,-10.55253,NaN,NaN,NaN,NaN,0,20.1,-20.09172,0,-0.576894,-0.0287,0,-0.9996,-154.4957,0,1,0,0,0.9996,0,-0.0287,634.6775,0,0,0,1
564.5428,564.54,0.020943,0.01603,575.0781,-154.8975,0,634.6648,2.248631,2.248631,-10.79423,NaN,NaN,NaN,NaN,0,20.1,-20.08941,0,-0.652594,-0.0325,0,-0.9995,-154.8975,0,1,0,0,0.9995,0,-0.0325,634.6648,0,0,0,1
564.5562,564.55,0.01346,0.015516,575.0908,-155.0984,0,634.6579,2.230758,2.230758,-11.13848,NaN,NaN,NaN,NaN,0,20.1,-20.0881,0,-0.691648,-0.0344,0,-0.9994,-155.0984,0,1,0,0,0.9994,0,-0.0344,634.6579,0,0,0,1
564.5709,564.57,0.014706,0.015354,575.106,-155.5001,0,634.6429,2.196994,2.196994,-11.3106,NaN,NaN,NaN,NaN,0,20.1,-20.08521,0,-0.770955,-0.0384,0,-0.9993,-155.5001,0,1,0,0,0.9993,0,-0.0384,634.6429,0,0,0,1
564.5839,564.58,0.012942,0.014871,575.1185,-155.701,0,634.6348,2.179452,2.179452,-11.51202,NaN,NaN,NaN,NaN,0,20.1,-20.08362,0,-0.811307,-0.0404,0,-0.9992,-155.701,0,1,0,0,0.9992,0,-0.0404,634.6348,0,0,0,1
564.597,564.59,0.013165,0.01453,575.1319,-155.9018,0,634.6262,2.161513,2.161513,-11.66217,NaN,NaN,NaN,NaN,0,20.1,-20.08193,0,-0.852185,-0.0424,0,-0.9991,-155.9018,0,1,0,0,0.9991,0,-0.0424,634.6262,0,0,0,1
564.6114,564.61,0.014367,0.014498,575.1463,-156.3034,0,634.608,2.128478,2.128478,-11.83429,NaN,NaN,NaN,NaN,0,20.1,-20.07824,0,-0.935136,-0.0465,0,-0.9989,-156.3034,0,1,0,0,0.9989,0,-0.0465,634.608,0,0,0,1
564.6312,564.63,0.019826,0.015563,575.1663,-156.7049,0,634.588,2.097371,2.097371,-12.01007,NaN,NaN,NaN,NaN,0,20.1,-20.07414,0,-1.019301,-0.0507,0,-0.9987,-156.7049,0,1,0,0,0.9987,0,-0.0507,634.588,0,0,0,1
564.6522,564.65,0.020895,0.01663,575.1871,-157.1063,0,634.5663,2.064434,2.064434,-12.21515,NaN,NaN,NaN,NaN,0,20.1,-20.06961,0,-1.104888,-0.055,0,-0.9985,-157.1063,0,1,0,0,0.9985,0,-0.055,634.5663,0,0,0,1
564.6655,564.66,0.013327,0.015969,575.2,-157.3069,0,634.5549,2.050696,2.050696,-12.42023,NaN,NaN,NaN,NaN,0,20.1,-20.06717,0,-1.148392,-0.0571,0,-0.9984,-157.3069,0,1,0,0,0.9984,0,-0.0571,634.5549,0,0,0,1
564.6777,564.67,0.012296,0.015234,575.2122,-157.5076,0,634.543,2.03706,2.03706,-12.58137,NaN,NaN,NaN,NaN,0,20.1,-20.0646,0,-1.192454,-0.0593,0,-0.9982,-157.5076,0,1,0,0,0.9982,0,-0.0593,634.543,0,0,0,1
564.6909,564.69,0.013128,0.014813,575.227,-157.9088,0,634.5178,2.008296,2.008296,-12.71687,NaN,NaN,NaN,NaN,0,20.1,-20.05911,0,-1.28151,-0.0638,0,-0.998,-157.9088,0,1,0,0,0.998,0,-0.0638,634.5178,0,0,0,1
564.7045,564.7,0.013636,0.014578,575.239,-158.1094,0,634.5045,1.993168,1.993168,-12.90364,NaN,NaN,NaN,NaN,0,20.1,-20.05617,0,-1.326681,-0.066,0,-0.9978,-158.1094,0,1,0,0,0.9978,0,-0.066,634.5045,0,0,0,1
564.7168,564.71,0.012292,0.014121,575.2515,-158.3099,0,634.4908,1.980335,1.980335,-13.09407,NaN,NaN,NaN,NaN,0,20.1,-20.05309,0,-1.372514,-0.0683,0,-0.9977,-158.3099,0,1,0,0,0.9977,0,-0.0683,634.4908,0,0,0,1
564.7305,564.73,0.013643,0.014025,575.2654,-158.7109,0,634.4619,1.955544,1.955544,-13.3138,NaN,NaN,NaN,NaN,0,20.1,-20.04649,0,-1.465694,-0.0729,0,-0.9973,-158.7109,0,1,0,0,0.9973,0,-0.0729,634.4619,0,0,0,1
564.7438,564.74,0.013351,0.01389,575.2784,-158.9113,0,634.4468,1.942403,1.942403,-13.54452,NaN,NaN,NaN,NaN,0,20.1,-20.04297,0,-1.513077,-0.0753,0,-0.9972,-158.9113,0,1,0,0,0.9972,0,-0.0753,634.4468,0,0,0,1
564.7637,564.76,0.019872,0.015087,575.2986,-159.312,0,634.415,1.916645,1.916645,-13.7496,NaN,NaN,NaN,NaN,0,20.1,-20.03548,0,-1.609259,-0.0801,0,-0.9968,-159.312,0,1,0,0,0.9968,0,-0.0801,634.415,0,0,0,1
564.7762,564.77,0.01253,0.014575,575.3107,-159.5124,0,634.3984,1.905942,1.905942,-14.09384,NaN,NaN,NaN,NaN,0,20.1,-20.03146,0,-1.658537,-0.0825,0,-0.9966,-159.5124,0,1,0,0,0.9966,0,-0.0825,634.3984,0,0,0,1
564.7975,564.79,0.021283,0.015917,575.3325,-159.9129,0,634.3638,1.882926,1.882926,-14.31724,NaN,NaN,NaN,NaN,0,20.1,-20.02292,0,-1.758627,-0.0875,0,-0.9962,-159.9129,0,1,0,0,0.9962,0,-0.0875,634.3638,0,0,0,1
564.8103,564.81,0.012814,0.015296,575.3453,-160.3132,0,634.327,1.859199,1.859199,-14.72739,NaN,NaN,NaN,NaN,0,20.1,-20.01362,0,-1.861538,-0.0926,0,-0.9957,-160.3132,0,1,0,0,0.9957,0,-0.0926,634.327,0,0,0,1
564.8242,564.82,0.013866,0.01501,575.3589,-160.5132,0,634.3079,1.849713,1.849713,-14.96544,NaN,NaN,NaN,NaN,0,20.1,-20.00868,0,-1.913804,-0.0952,0,-0.9955,-160.5132,0,1,0,0,0.9955,0,-0.0952,634.3079,0,0,0,1
564.8367,564.83,0.012479,0.014504,575.3713,-160.7133,0,634.2882,1.839712,1.839712,-15.24377,NaN,NaN,NaN,NaN,0,20.1,-20.00352,0,-1.967031,-0.0979,0,-0.9952,-160.7133,0,1,0,0,0.9952,0,-0.0979,634.2882,0,0,0,1
564.85,564.85,0.013399,0.014283,575.3849,-161.1132,0,634.2473,1.817978,1.817978,-15.50011,NaN,NaN,NaN,NaN,0,20.1,-19.99258,0,-2.07523,-0.1032,0,-0.9947,-161.1132,0,1,0,0,0.9947,0,-0.1032,634.2473,0,0,0,1
564.8631,564.86,0.013078,0.014042,575.3978,-161.3131,0,634.226,1.80703,1.80703,-15.80408,NaN,NaN,NaN,NaN,0,20.1,-19.98678,0,-2.130369,-0.106,0,-0.9944,-161.3131,0,1,0,0,0.9944,0,-0.106,634.226,0,0,0,1
564.877,564.87,0.013828,0.013999,575.4117,-161.5129,0,634.2041,1.798699,1.798699,-16.13,NaN,NaN,NaN,NaN,0,20.1,-19.98071,0,-2.18663,-0.1088,0,-0.9941,-161.5129,0,1,0,0,0.9941,0,-0.1088,634.2041,0,0,0,1
564.8978,564.89,0.020806,0.015361,575.433,-161.9123,0,634.1586,1.780122,1.780122,-16.46326,NaN,NaN,NaN,NaN,0,20.1,-19.96781,0,-2.301415,-0.1145,0,-0.9934,-161.9123,0,1,0,0,0.9934,0,-0.1145,634.1586,0,0,0,1
564.9117,564.91,0.013921,0.015073,575.4466,-162.3115,0,634.1108,1.759416,1.759416,-16.92836,NaN,NaN,NaN,NaN,0,20.1,-19.95387,0,-2.419368,-0.1204,0,-0.9927,-162.3115,0,1,0,0,0.9927,0,-0.1204,634.1108,0,0,0,1
564.9297,564.92,0.017979,0.015654,575.4642,-162.5109,0,634.0861,1.751878,1.751878,-17.24697,NaN,NaN,NaN,NaN,0,20.1,-19.94649,0,-2.479422,-0.1234,0,-0.9924,-162.5109,0,1,0,0,0.9924,0,-0.1234,634.0861,0,0,0,1
564.9417,564.94,0.012033,0.01493,575.4766,-162.9096,0,634.0347,1.734936,1.734936,-17.62783,NaN,NaN,NaN,NaN,0,20.1,-19.93086,0,-2.602107,-0.1295,0,-0.9916,-162.9096,0,1,0,0,0.9916,0,-0.1295,634.0347,0,0,0,1
564.9548,564.95,0.013064,0.014557,575.4895,-163.1089,0,634.008,1.725477,1.725477,-17.85489,NaN,NaN,NaN,NaN,0,20.1,-19.92265,0,-2.664207,-0.1325,0,-0.9912,-163.1089,0,1,0,0,0.9912,0,-0.1325,634.008,0,0,0,1
564.9675,564.96,0.012786,0.014202,575.5021,-163.308,0,633.9807,1.715381,1.715381,-18.07462,NaN,NaN,NaN,NaN,0,20.1,-19.91415,0,-2.727043,-0.1357,0,-0.9908,-163.308,0,1,0,0,0.9908,0,-0.1357,633.9807,0,0,0,1
564.9808,564.98,0.013252,0.014012,575.5159,-163.706,0,633.9243,1.70072,1.70072,-18.2797,NaN,NaN,NaN,NaN,0,20.1,-19.89634,0,-2.854051,-0.142,0,-0.9899,-163.706,0,1,0,0,0.9899,0,-0.142,633.9243,0,0,0,1
564.9951,564.99,0.014248,0.014059,575.5329,-163.9049,0,633.8951,1.692561,1.692561,-18.45182,NaN,NaN,NaN,NaN,0,20.1,-19.88705,0,-2.918111,-0.1452,0,-0.9894,-163.9049,0,1,0,0,0.9894,0,-0.1452,633.8951,0,0,0,1
565.016,565.01,0.020978,0.015443,575.5508,-164.3023,0,633.8348,1.674206,1.674206,-18.58732,NaN,NaN,NaN,NaN,0,20.1,-19.86769,0,-3.047081,-0.1516,0,-0.9884,-164.3023,0,1,0,0,0.9884,0,-0.1516,633.8348,0,0,0,1
565.0289,565.02,0.012827,0.01492,575.5632,-164.5009,0,633.8036,1.667071,1.667071,-18.63859,NaN,NaN,NaN,NaN,0,20.1,-19.85768,0,-3.111697,-0.1548,0,-0.9879,-164.5009,0,1,0,0,0.9879,0,-0.1548,633.8036,0,0,0,1
565.0407,565.04,0.011838,0.014303,575.5756,-164.8977,0,633.7395,1.652533,1.652533,-18.6569,NaN,NaN,NaN,NaN,0,20.1,-19.83699,0,-3.240952,-0.1612,0,-0.9869,-164.8977,0,1,0,0,0.9869,0,-0.1612,633.7395,0,0,0,1
565.0535,565.05,0.012767,0.013996,575.5879,-165.096,0,633.7064,1.644213,1.644213,-18.6569,NaN,NaN,NaN,NaN,0,20.1,-19.82634,0,-3.305527,-0.1645,0,-0.9864,-165.096,0,1,0,0,0.9864,0,-0.1645,633.7064,0,0,0,1
565.0655,565.06,0.012037,0.013604,575.5999,-165.2941,0,633.6727,1.635255,1.635255,-18.6569,NaN,NaN,NaN,NaN,0,20.1,-19.81547,0,-3.370067,-0.1677,0,-0.9858,-165.2941,0,1,0,0,0.9858,0,-0.1677,633.6727,0,0,0,1
565.0852,565.08,0.019718,0.014827,575.6199,-165.6901,0,633.6034,1.621783,1.621783,-18.6569,NaN,NaN,NaN,NaN,0,20.1,-19.7931,0,-3.499047,-0.1741,0,-0.9847,-165.6901,0,1,0,0,0.9847,0,-0.1741,633.6034,0,0,0,1
565.0964,565.09,0.011208,0.014103,575.6308,-165.8879,0,633.5677,1.614702,1.614702,-18.6569,NaN,NaN,NaN,NaN,0,20.1,-19.7816,0,-3.563478,-0.1773,0,-0.9842,-165.8879,0,1,0,0,0.9842,0,-0.1773,633.5677,0,0,0,1
565.1072,565.1,0.010855,0.013453,575.6418,-166.0856,0,633.5315,1.606981,1.606981,-18.6569,NaN,NaN,NaN,NaN,0,20.1,-19.76989,0,-3.627873,-0.1805,0,-0.9836,-166.0856,0,1,0,0,0.9836,0,-0.1805,633.5315,0,0,0,1
565.1197,565.11,0.012427,0.013248,575.6541,-166.2832,0,633.4945,1.598499,1.598499,-18.6569,NaN,NaN,NaN,NaN,0,20.1,-19.75797,0,-3.692228,-0.1837,0,-0.983,-166.2832,0,1,0,0,0.983,0,-0.1837,633.4945,0,0,0,1
565.1313,565.13,0.0116,0.012918,575.6661,-166.678,0,633.4188,1.585646,1.585646,-18.6569,NaN,NaN,NaN,NaN,0,20.1,-19.73351,0,-3.820825,-0.1901,0,-0.9818,-166.678,0,1,0,0,0.9818,0,-0.1901,633.4188,0,0,0,1
565.1437,565.14,0.012394,0.012813,575.6781,-166.8752,0,633.3799,1.579162,1.579162,-18.6569,NaN,NaN,NaN,NaN,0,20.1,-19.72096,0,-3.885062,-0.1933,0,-0.9811,-166.8752,0,1,0,0,0.9811,0,-0.1933,633.3799,0,0,0,1
565.1553,565.15,0.011556,0.012562,575.6897,-167.0723,0,633.3405,1.57198,1.57198,-18.66423,NaN,NaN,NaN,NaN,0,20.1,-19.7082,0,-3.949282,-0.1965,0,-0.9805,-167.0723,0,1,0,0,0.9805,0,-0.1965,633.3405,0,0,0,1
565.1672,565.16,0.011965,0.012443,575.7017,-167.2693,0,633.3003,1.564093,1.564093,-18.66423,NaN,NaN,NaN,NaN,0,20.1,-19.69523,0,-4.013462,-0.1997,0,-0.9799,-167.2693,0,1,0,0,0.9799,0,-0.1997,633.3003,0,0,0,1
565.1794,565.17,0.01222,0.012398,575.714,-167.4661,0,633.2595,1.557017,1.557017,-18.66423,NaN,NaN,NaN,NaN,0,20.1,-19.68206,0,-4.077599,-0.2029,0,-0.9792,-167.4661,0,1,0,0,0.9792,0,-0.2029,633.2595,0,0,0,1
565.1907,565.19,0.01122,0.012162,575.7255,-167.8593,0,633.176,1.545776,1.545776,-18.66423,NaN,NaN,NaN,NaN,0,20.1,-19.65507,0,-4.20574,-0.2092,0,-0.9779,-167.8593,0,1,0,0,0.9779,0,-0.2092,633.176,0,0,0,1
565.2028,565.2,0.012183,0.012166,575.7372,-168.0557,0,633.1333,1.53907,1.53907,-18.66423,NaN,NaN,NaN,NaN,0,20.1,-19.64127,0,-4.269745,-0.2124,0,-0.9772,-168.0557,0,1,0,0,0.9772,0,-0.2124,633.1333,0,0,0,1
565.2153,565.21,0.012511,0.012235,575.7498,-168.252,0,633.09,1.53178,1.53178,-18.66423,NaN,NaN,NaN,NaN,0,20.1,-19.62725,0,-4.333702,-0.2156,0,-0.9765,-168.252,0,1,0,0,0.9765,0,-0.2156,633.09,0,0,0,1
565.2274,565.22,0.012005,0.012189,575.7617,-168.4481,0,633.046,1.524739,1.524739,-18.66423,NaN,NaN,NaN,NaN,0,20.1,-19.61303,0,-4.397613,-0.2188,0,-0.9758,-168.4481,0,1,0,0,0.9758,0,-0.2188,633.046,0,0,0,1
565.2399,565.23,0.012557,0.012263,575.7749,-168.6441,0,633.0013,1.519985,1.519985,-18.66423,NaN,NaN,NaN,NaN,0,20.1,-19.5986,0,-4.461479,-0.222,0,-0.9751,-168.6441,0,1,0,0,0.9751,0,-0.222,633.0013,0,0,0,1
565.2529,565.25,0.012978,0.012406,575.7878,-169.0357,0,632.9102,1.508538,1.508538,-18.66423,NaN,NaN,NaN,NaN,0,20.1,-19.56912,0,-4.589069,-0.2283,0,-0.9736,-169.0357,0,1,0,0,0.9736,0,-0.2283,632.9102,0,0,0,1
565.2648,565.26,0.011918,0.012308,575.7992,-169.2312,0,632.8637,1.501784,1.501784,-18.66423,NaN,NaN,NaN,NaN,0,20.1,-19.55407,0,-4.652794,-0.2315,0,-0.9728,-169.2312,0,1,0,0,0.9728,0,-0.2315,632.8637,0,0,0,1
565.2859,565.28,0.021069,0.01406,575.8207,-169.6218,0,632.7687,1.49068,1.49068,-18.66423,NaN,NaN,NaN,NaN,0,20.1,-19.52334,0,-4.780089,-0.2378,0,-0.9713,-169.6218,0,1,0,0,0.9713,0,-0.2378,632.7687,0,0,0,1
565.2985,565.29,0.012664,0.013781,575.8332,-169.8169,0,632.7203,1.485761,1.485761,-18.66423,NaN,NaN,NaN,NaN,0,20.1,-19.50766,0,-4.84366,-0.241,0,-0.9705,-169.8169,0,1,0,0,0.9705,0,-0.241,632.7203,0,0,0,1
565.3186,565.31,0.020094,0.015044,575.8535,-170.2066,0,632.6215,1.474042,1.474042,-18.66423,NaN,NaN,NaN,NaN,0,20.1,-19.47569,0,-4.970652,-0.2473,0,-0.9689,-170.2066,0,1,0,0,0.9689,0,-0.2473,632.6215,0,0,0,1
565.3307,565.33,0.012123,0.01446,575.8658,-170.5956,0,632.5202,1.46355,1.46355,-18.66423,NaN,NaN,NaN,NaN,0,20.1,-19.4429,0,-5.09743,-0.2536,0,-0.9673,-170.5956,0,1,0,0,0.9673,0,-0.2536,632.5202,0,0,0,1
565.343,565.34,0.012195,0.014007,575.8775,-170.7899,0,632.4686,1.459242,1.459242,-18.66423,NaN,NaN,NaN,NaN,0,20.1,-19.42619,0,-5.160739,-0.2568,0,-0.9665,-170.7899,0,1,0,0,0.9665,0,-0.2568,632.4686,0,0,0,1
565.3547,565.35,0.011818,0.013569,575.8894,-170.9839,0,632.4163,1.454092,1.454092,-18.67521,NaN,NaN,NaN,NaN,0,20.1,-19.40927,0,-5.224033,-0.2599,0,-0.9656,-170.9839,0,1,0,0,0.9656,0,-0.2599,632.4163,0,0,0,1
565.3671,565.36,0.012348,0.013325,575.9019,-171.1779,0,632.3635,1.448542,1.448542,-18.69352,NaN,NaN,NaN,NaN,0,20.1,-19.39212,0,-5.287333,-0.2631,0,-0.9648,-171.1779,0,1,0,0,0.9648,0,-0.2631,632.3635,0,0,0,1
565.3821,565.38,0.014998,0.013659,575.9174,-171.5652,0,632.2558,1.438658,1.438658,-18.75944,NaN,NaN,NaN,NaN,0,20.1,-19.35708,0,-5.4142,-0.2694,0,-0.963,-171.5652,0,1,0,0,0.963,0,-0.2694,632.2558,0,0,0,1
565.3967,565.39,0.014548,0.013837,575.9312,-171.7586,0,632.201,1.434834,1.434834,-18.86564,NaN,NaN,NaN,NaN,0,20.1,-19.33915,0,-5.47791,-0.2725,0,-0.9621,-171.7586,0,1,0,0,0.9621,0,-0.2725,632.201,0,0,0,1
565.4101,565.41,0.013455,0.013761,575.945,-172.1448,0,632.0895,1.425163,1.425163,-19.03411,NaN,NaN,NaN,NaN,0,20.1,-19.30232,0,-5.606279,-0.2789,0,-0.9603,-172.1448,0,1,0,0,0.9603,0,-0.2789,632.0895,0,0,0,1
565.431,565.43,0.020882,0.015185,575.966,-172.5303,0,631.9753,1.415756,1.415756,-19.23919,NaN,NaN,NaN,NaN,0,20.1,-19.26424,0,-5.735781,-0.2854,0,-0.9584,-172.5303,0,1,0,0,0.9584,0,-0.2854,631.9753,0,0,0,1
565.4449,565.44,0.013937,0.014935,575.9797,-172.7227,0,631.9174,1.412479,1.412479,-19.6054,NaN,NaN,NaN,NaN,0,20.1,-19.2445,0,-5.801664,-0.2886,0,-0.9574,-172.7227,0,1,0,0,0.9574,0,-0.2886,631.9174,0,0,0,1
565.4653,565.46,0.020385,0.016025,576.0006,-173.107,0,631.7994,1.403713,1.403713,-19.86175,NaN,NaN,NaN,NaN,0,20.1,-19.20382,0,-5.93495,-0.2953,0,-0.9554,-173.107,0,1,0,0,0.9554,0,-0.2953,631.7994,0,0,0,1
565.4788,565.47,0.01342,0.015504,576.0134,-173.2989,0,631.7394,1.398224,1.398224,-20.22431,NaN,NaN,NaN,NaN,0,20.1,-19.18274,0,-6.002696,-0.2986,0,-0.9544,-173.2989,0,1,0,0,0.9544,0,-0.2986,631.7394,0,0,0,1
565.4924,565.49,0.013662,0.015136,576.0278,-173.6819,0,631.6172,1.391604,1.391604,-20.42939,NaN,NaN,NaN,NaN,0,20.1,-19.13945,0,-6.139338,-0.3054,0,-0.9522,-173.6819,0,1,0,0,0.9522,0,-0.3054,631.6172,0,0,0,1
565.5076,565.5,0.015155,0.01514,576.0423,-173.873,0,631.5552,1.387784,1.387784,-20.68208,NaN,NaN,NaN,NaN,0,20.1,-19.11717,0,-6.208389,-0.3089,0,-0.9511,-173.873,0,1,0,0,0.9511,0,-0.3089,631.5552,0,0,0,1
565.5222,565.52,0.01463,0.015038,576.0576,-174.2547,0,631.4289,1.377916,1.377916,-20.85786,NaN,NaN,NaN,NaN,0,20.1,-19.07146,0,-6.347412,-0.3158,0,-0.9488,-174.2547,0,1,0,0,0.9488,0,-0.3158,631.4289,0,0,0,1
565.537,565.53,0.014863,0.015003,576.0717,-174.4452,0,631.3647,1.374108,1.374108,-20.99336,NaN,NaN,NaN,NaN,0,20.1,-19.04807,0,-6.417248,-0.3193,0,-0.9477,-174.4452,0,1,0,0,0.9477,0,-0.3193,631.3647,0,0,0,1
565.5512,565.55,0.01415,0.014832,576.086,-174.8254,0,631.2343,1.367541,1.367541,-21.04463,NaN,NaN,NaN,NaN,0,20.1,-19.00042,0,-6.556996,-0.3262,0,-0.9453,-174.8254,0,1,0,0,0.9453,0,-0.3262,631.2343,0,0,0,1
565.5648,565.56,0.013623,0.01459,576.0992,-175.0152,0,631.168,1.363101,1.363101,-21.0483,NaN,NaN,NaN,NaN,0,20.1,-18.9762,0,-6.626754,-0.3297,0,-0.9441,-175.0152,0,1,0,0,0.9441,0,-0.3297,631.168,0,0,0,1
565.5853,565.58,0.020425,0.015757,576.1202,-175.394,0,631.0334,1.353821,1.353821,-21.0483,NaN,NaN,NaN,NaN,0,20.1,-18.927,0,-6.765995,-0.3366,0,-0.9416,-175.394,0,1,0,0,0.9416,0,-0.3366,631.0334,0,0,0,1
565.5977,565.59,0.01244,0.015094,576.1321,-175.583,0,630.965,1.351073,1.351073,-21.0483,NaN,NaN,NaN,NaN,0,20.1,-18.90202,0,-6.835479,-0.3401,0,-0.9404,-175.583,0,1,0,0,0.9404,0,-0.3401,630.965,0,0,0,1
565.6111,565.61,0.013472,0.014769,576.1461,-175.9603,0,630.8263,1.343268,1.343268,-21.0483,NaN,NaN,NaN,NaN,0,20.1,-18.85129,0,-6.974171,-0.347,0,-0.9379,-175.9603,0,1,0,0,0.9379,0,-0.347,630.8263,0,0,0,1
565.6234,565.62,0.012212,0.014258,576.158,-176.1485,0,630.7558,1.338198,1.338198,-21.0483,NaN,NaN,NaN,NaN,0,20.1,-18.82554,0,-7.043377,-0.3504,0,-0.9366,-176.1485,0,1,0,0,0.9366,0,-0.3504,630.7558,0,0,0,1
565.6359,565.63,0.012571,0.013921,576.1704,-176.3365,0,630.6847,1.333826,1.333826,-21.0483,NaN,NaN,NaN,NaN,0,20.1,-18.79954,0,-7.112486,-0.3539,0,-0.9353,-176.3365,0,1,0,0,0.9353,0,-0.3539,630.6847,0,0,0,1
565.6479,565.64,0.011995,0.013535,576.1824,-176.5242,0,630.6129,1.331131,1.331131,-21.0483,NaN,NaN,NaN,NaN,0,20.1,-18.77328,0,-7.181499,-0.3573,0,-0.934,-176.5242,0,1,0,0,0.934,0,-0.3573,630.6129,0,0,0,1
565.663,565.66,0.015053,0.013839,576.1977,-176.8989,0,630.4672,1.323593,1.323593,-21.0483,NaN,NaN,NaN,NaN,0,20.1,-18.72001,0,-7.319234,-0.3641,0,-0.9313,-176.8989,0,1,0,0,0.9313,0,-0.3641,630.4672,0,0,0,1
565.678,565.67,0.015017,0.014074,576.2123,-177.0858,0,630.3933,1.318692,1.318692,-21.0483,NaN,NaN,NaN,NaN,0,20.1,-18.693,0,-7.387954,-0.3676,0,-0.93,-177.0858,0,1,0,0,0.93,0,-0.3676,630.3933,0,0,0,1
565.6901,565.69,0.012053,0.01367,576.2252,-177.4589,0,630.2435,1.311511,1.311511,-21.0483,NaN,NaN,NaN,NaN,0,20.1,-18.63821,0,-7.525093,-0.3744,0,-0.9273,-177.4589,0,1,0,0,0.9273,0,-0.3744,630.2435,0,0,0,1
565.7083,565.7,0.018186,0.014573,576.2427,-177.645,0,630.1675,1.308256,1.308256,-21.0483,NaN,NaN,NaN,NaN,0,20.1,-18.61045,0,-7.593512,-0.3778,0,-0.9259,-177.645,0,1,0,0,0.9259,0,-0.3778,630.1675,0,0,0,1
565.7205,565.72,0.012262,0.014111,576.2556,-178.0164,0,630.0137,1.299456,1.299456,-21.0483,NaN,NaN,NaN,NaN,0,20.1,-18.55415,0,-7.730042,-0.3846,0,-0.9231,-178.0164,0,1,0,0,0.9231,0,-0.3846,630.0137,0,0,0,1
565.7411,565.74,0.020644,0.015418,576.2761,-178.3866,0,629.857,1.292156,1.292156,-21.0483,NaN,NaN,NaN,NaN,0,20.1,-18.49686,0,-7.86615,-0.3914,0,-0.9202,-178.3866,0,1,0,0,0.9202,0,-0.3914,629.857,0,0,0,1
565.754,565.75,0.012827,0.014899,576.2884,-178.5713,0,629.7777,1.289066,1.289066,-21.01534,NaN,NaN,NaN,NaN,0,20.1,-18.46788,0,-7.933943,-0.3947,0,-0.9188,-178.5713,0,1,0,0,0.9188,0,-0.3947,629.7777,0,0,0,1
565.7654,565.76,0.011378,0.014195,576.2999,-178.7557,0,629.6976,1.285103,1.285103,-21.01167,NaN,NaN,NaN,NaN,0,20.1,-18.43866,0,-8.001614,-0.3981,0,-0.9173,-178.7557,0,1,0,0,0.9173,0,-0.3981,629.6976,0,0,0,1
565.7772,565.77,0.011893,0.013735,576.3119,-178.9398,0,629.6169,1.280463,1.280463,-21.01167,NaN,NaN,NaN,NaN,0,20.1,-18.4092,0,-8.06918,-0.4015,0,-0.9159,-178.9398,0,1,0,0,0.9159,0,-0.4015,629.6169,0,0,0,1
565.7891,565.78,0.011886,0.013365,576.3235,-179.1236,0,629.5356,1.275309,1.275309,-21.01167,NaN,NaN,NaN,NaN,0,20.1,-18.37948,0,-8.136635,-0.4048,0,-0.9144,-179.1236,0,1,0,0,0.9144,0,-0.4048,629.5356,0,0,0,1
565.801,565.8,0.011917,0.013075,576.3359,-179.4903,0,629.3708,1.270046,1.270046,-21.01167,NaN,NaN,NaN,NaN,0,20.1,-18.31931,0,-8.271216,-0.4115,0,-0.9114,-179.4903,0,1,0,0,0.9114,0,-0.4115,629.3708,0,0,0,1
565.8139,565.81,0.012833,0.013027,576.3483,-179.6732,0,629.2875,1.266315,1.266315,-21.01167,NaN,NaN,NaN,NaN,0,20.1,-18.28885,0,-8.338344,-0.4148,0,-0.9099,-179.6732,0,1,0,0,0.9099,0,-0.4148,629.2875,0,0,0,1
565.8265,565.82,0.012633,0.012948,576.3611,-179.8557,0,629.2034,1.261778,1.261778,-21.01167,NaN,NaN,NaN,NaN,0,20.1,-18.25815,0,-8.405358,-0.4182,0,-0.9084,-179.8557,0,1,0,0,0.9084,0,-0.4182,629.2034,0,0,0,1
565.8376,565.83,0.011064,0.012571,576.372,-180.038,0,629.1187,1.25657,1.25657,-21.01167,NaN,NaN,NaN,NaN,0,20.1,-18.22721,0,-8.472255,-0.4215,0,-0.9068,-180.038,0,1,0,0,0.9068,0,-0.4215,629.1187,0,0,0,1
565.8501,565.85,0.012519,0.012561,576.3849,-180.4016,0,628.9473,1.251373,1.251373,-21.01167,NaN,NaN,NaN,NaN,0,20.1,-18.16458,0,-8.605713,-0.4281,0,-0.9037,-180.4016,0,1,0,0,0.9037,0,-0.4281,628.9473,0,0,0,1
565.8631,565.86,0.012969,0.012643,576.3975,-180.5829,0,628.8605,1.247749,1.247749,-21.01167,NaN,NaN,NaN,NaN,0,20.1,-18.13289,0,-8.67227,-0.4315,0,-0.9021,-180.5829,0,1,0,0,0.9021,0,-0.4315,628.8605,0,0,0,1
565.8757,565.87,0.012613,0.012637,576.41,-180.7639,0,628.7731,1.243363,1.243363,-21.01167,NaN,NaN,NaN,NaN,0,20.1,-18.10097,0,-8.738709,-0.4348,0,-0.9005,-180.7639,0,1,0,0,0.9005,0,-0.4348,628.7731,0,0,0,1
