time,fixedTime,deltaTime,smoothDeltaTime,realtimeSinceStartup,pos_x,pos_y,pos_z,distFromRoadCenter,signedDistFromRoadCenter,wheelAngle,obstacle_pos_x,obstacle_pos_y,obstacle_pos_z,distance_to_obstacle,brake_position,car_speed,car_vel_x,car_vel_y,car_vel_z,simplecar_4x4_R0C0,simplecar_4x4_R0C1,simplecar_4x4_R0C2,simplecar_4x4_R0C3,simplecar_4x4_R1C0,simplecar_4x4_R1C1,simplecar_4x4_R1C2,simplecar_4x4_R1C3,simplecar_4x4_R2C0,simplecar_4x4_R2C1,simplecar_4x4_R2C2,simplecar_4x4_R2C3,simplecar_4x4_R3C0,simplecar_4x4_R3C1,simplecar_4x4_R3C2,simplecar_4x4_R3C3
490.4017,490.4,0.015264,0.01555,500.9436,177.2431,0,879.7308,1.820894,1.820894,-0.027466,NaN,NaN,NaN,NaN,0,20.1,13.51697,0,-14.87621,-0.7401,0,0.6725,177.2431,0,1,0,0,-0.6725,0,-0.7401,879.7308,0,0,0,1
490.4245,490.42,0.022806,0.017001,500.9596,177.5135,0,879.4332,1.823732,1.823732,-0.027466,NaN,NaN,NaN,NaN,0,20.1,13.51711,0,-14.87608,-0.7401,0,0.6725,177.5135,0,1,0,0,-0.6725,0,-0.7401,879.4332,0,0,0,1
490.4387,490.43,0.014158,0.016432,500.9734,177.6487,0,879.2845,1.825067,1.825067,-0.027466,NaN,NaN,NaN,NaN,0,20.1,13.51718,0,-14.87602,-0.7401,0,0.6725,177.6487,0,1,0,0,-0.6725,0,-0.7401,879.2845,0,0,0,1
490.4542,490.45,0.015548,0.016256,500.9892,177.919,0,878.9871,1.827864,1.827864,-0.027466,NaN,NaN,NaN,NaN,0,20.1,13.51732,0,-14.87589,-0.7401,0,0.6725,177.919,0,1,0,0,-0.6725,0,-0.7401,878.9871,0,0,0,1
490.4747,490.47,0.020508,0.017106,501.0097,178.1894,0,878.6896,1.830661,1.830661,-0.009155,NaN,NaN,NaN,NaN,0,20.1,13.51737,0,-14.87585,-0.7401,0,0.6725,178.1894,0,1,0,0,-0.6725,0,-0.7401,878.6896,0,0,0,1
490.4908,490.49,0.016027,0.01689,501.0259,178.4597,0,878.3922,1.833425,1.833425,0.009155,NaN,NaN,NaN,NaN,0,20.1,13.51732,0,-14.87589,-0.7401,0,0.6725,178.4597,0,1,0,0,-0.6725,0,-0.7401,878.3922,0,0,0,1
490.505,490.5,0.014301,0.016372,501.0395,178.5949,0,878.2433,1.834872,1.834872,0.027466,NaN,NaN,NaN,NaN,0,20.1,13.51725,0,-14.87595,-0.7401,0,0.6725,178.5949,0,1,0,0,-0.6725,0,-0.7401,878.2433,0,0,0,1
490.5208,490.52,0.015733,0.016244,501.0559,178.8653,0,877.9458,1.837733,1.837733,0.042114,NaN,NaN,NaN,NaN,0,20.1,13.51703,0,-14.87615,-0.7401,0,0.6725,178.8653,0,1,0,0,-0.6725,0,-0.7401,877.9458,0,0,0,1
490.5355,490.53,0.014732,0.015942,501.07,179.0004,0,877.7971,1.839083,1.839083,0.060425,NaN,NaN,NaN,NaN,0,20.1,13.51688,0,-14.87629,-0.7401,0,0.6725,179.0004,0,1,0,0,-0.6725,0,-0.7401,877.7971,0,0,0,1
490.5546,490.55,0.019123,0.016578,501.0896,179.2708,0,877.4996,1.841891,1.841891,0.075073,NaN,NaN,NaN,NaN,0,20.1,13.51649,0,-14.87665,-0.7401,0,0.6725,179.2708,0,1,0,0,-0.6725,0,-0.7401,877.4996,0,0,0,1
490.5736,490.57,0.019023,0.017067,501.1086,179.5411,0,877.2021,1.844699,1.844699,0.093384,NaN,NaN,NaN,NaN,0,20.1,13.516,0,-14.87709,-0.7402,0,0.6724,179.5411,0,1,0,0,-0.6724,0,-0.7402,877.2021,0,0,0,1
490.5883,490.58,0.014622,0.016578,501.1227,179.6763,0,877.0533,1.846146,1.846146,0.100708,NaN,NaN,NaN,NaN,0,20.1,13.51574,0,-14.87732,-0.7402,0,0.6724,179.6763,0,1,0,0,-0.6724,0,-0.7402,877.0533,0,0,0,1
490.602,490.6,0.013682,0.015999,501.1367,179.9466,0,876.7557,1.849093,1.849093,0.100708,NaN,NaN,NaN,NaN,0,20.1,13.51522,0,-14.8778,-0.7402,0,0.6724,179.9466,0,1,0,0,-0.6724,0,-0.7402,876.7557,0,0,0,1
490.6167,490.61,0.014776,0.015754,501.1512,180.0817,0,876.6069,1.850541,1.850541,0.100708,NaN,NaN,NaN,NaN,0,20.1,13.51496,0,-14.87804,-0.7402,0,0.6724,180.0817,0,1,0,0,-0.6724,0,-0.7402,876.6069,0,0,0,1
490.6339,490.63,0.017118,0.016027,501.1688,180.352,0,876.3093,1.853435,1.853435,0.100708,NaN,NaN,NaN,NaN,0,20.1,13.51443,0,-14.87851,-0.7402,0,0.6724,180.352,0,1,0,0,-0.6724,0,-0.7402,876.3093,0,0,0,1
490.6479,490.64,0.014051,0.015632,501.1823,180.4872,0,876.1605,1.854894,1.854894,0.100708,NaN,NaN,NaN,NaN,0,20.1,13.51417,0,-14.87875,-0.7402,0,0.6723,180.4872,0,1,0,0,-0.6723,0,-0.7402,876.1605,0,0,0,1
490.6633,490.66,0.015413,0.015588,501.1982,180.7574,0,875.8629,1.857852,1.857852,0.100708,NaN,NaN,NaN,NaN,0,20.1,13.51365,0,-14.87922,-0.7403,0,0.6723,180.7574,0,1,0,0,-0.6723,0,-0.7403,875.8629,0,0,0,1
490.6836,490.68,0.020302,0.016531,501.2183,181.0277,0,875.5653,1.86081,1.86081,0.100708,NaN,NaN,NaN,NaN,0,20.1,13.51313,0,-14.8797,-0.7403,0,0.6723,181.0277,0,1,0,0,-0.6723,0,-0.7403,875.5653,0,0,0,1
490.697,490.69,0.01335,0.015895,501.2314,181.1628,0,875.4165,1.862269,1.862269,0.100708,NaN,NaN,NaN,NaN,0,20.1,13.51286,0,-14.87994,-0.7403,0,0.6723,181.1628,0,1,0,0,-0.6723,0,-0.7403,875.4165,0,0,0,1
490.7155,490.71,0.018517,0.016419,501.2503,181.4331,0,875.1189,1.865238,1.865238,0.100708,NaN,NaN,NaN,NaN,0,20.1,13.51234,0,-14.88041,-0.7403,0,0.6723,181.4331,0,1,0,0,-0.6723,0,-0.7403,875.1189,0,0,0,1
490.7329,490.73,0.017397,0.016615,501.2678,181.7033,0,874.8213,1.868208,1.868208,0.100708,NaN,NaN,NaN,NaN,0,20.1,13.51182,0,-14.88089,-0.7403,0,0.6722,181.7033,0,1,0,0,-0.6722,0,-0.7403,874.8213,0,0,0,1
490.7475,490.74,0.014591,0.01621,501.282,181.8384,0,874.6725,1.869719,1.869719,0.111694,NaN,NaN,NaN,NaN,0,20.1,13.51153,0,-14.88115,-0.7404,0,0.6722,181.8384,0,1,0,0,-0.6722,0,-0.7404,874.6725,0,0,0,1
490.7639,490.76,0.016422,0.016252,501.2989,182.1086,0,874.3749,1.872647,1.872647,0.111694,NaN,NaN,NaN,NaN,0,20.1,13.51095,0,-14.88168,-0.7404,0,0.6722,182.1086,0,1,0,0,-0.6722,0,-0.7404,874.3749,0,0,0,1
490.7855,490.78,0.021593,0.01732,501.3211,182.3788,0,874.0773,1.875669,1.875669,0.130005,NaN,NaN,NaN,NaN,0,20.1,13.51028,0,-14.88229,-0.7404,0,0.6722,182.3788,0,1,0,0,-0.6722,0,-0.7404,874.0773,0,0,0,1
490.802,490.8,0.016518,0.01716,501.3371,182.649,0,873.7797,1.87865,1.87865,0.148315,NaN,NaN,NaN,NaN,0,20.1,13.50951,0,-14.88299,-0.7404,0,0.6721,182.649,0,1,0,0,-0.6721,0,-0.7404,873.7797,0,0,0,1
490.8191,490.81,0.017094,0.017147,501.3539,182.7841,0,873.6309,1.880161,1.880161,0.181274,NaN,NaN,NaN,NaN,0,20.1,13.50903,0,-14.88342,-0.7405,0,0.6721,182.7841,0,1,0,0,-0.6721,0,-0.7405,873.6309,0,0,0,1
490.8351,490.83,0.016024,0.016922,501.3702,183.0543,0,873.3331,1.883239,1.883239,0.214233,NaN,NaN,NaN,NaN,0,20.1,13.50792,0,-14.88443,-0.7405,0,0.672,183.0543,0,1,0,0,-0.672,0,-0.7405,873.3331,0,0,0,1
490.8542,490.85,0.019134,0.017364,501.3894,183.3244,0,873.0354,1.88637,1.88637,0.250855,NaN,NaN,NaN,NaN,0,20.1,13.50662,0,-14.88561,-0.7406,0,0.672,183.3244,0,1,0,0,-0.672,0,-0.7406,873.0354,0,0,0,1
490.8771,490.87,0.022829,0.018457,501.4123,183.5945,0,872.7377,1.889523,1.889523,0.316773,NaN,NaN,NaN,NaN,0,20.1,13.50497,0,-14.8871,-0.7407,0,0.6719,183.5945,0,1,0,0,-0.6719,0,-0.7407,872.7377,0,0,0,1
490.8939,490.89,0.016853,0.018137,501.4292,183.8646,0,872.4399,1.892687,1.892687,0.390015,NaN,NaN,NaN,NaN,0,20.1,13.50295,0,-14.88894,-0.7407,0,0.6718,183.8646,0,1,0,0,-0.6718,0,-0.7407,872.4399,0,0,0,1
490.9106,490.91,0.016663,0.017842,501.4457,184.1347,0,872.1421,1.895949,1.895949,0.455933,NaN,NaN,NaN,NaN,0,20.1,13.50058,0,-14.89109,-0.7409,0,0.6717,184.1347,0,1,0,0,-0.6717,0,-0.7409,872.1421,0,0,0,1
490.9267,490.92,0.016131,0.0175,501.4615,184.2697,0,871.9932,1.897633,1.897633,0.529189,NaN,NaN,NaN,NaN,0,20.1,13.4992,0,-14.89234,-0.7409,0,0.6716,184.2697,0,1,0,0,-0.6716,0,-0.7409,871.9932,0,0,0,1
490.9426,490.94,0.015861,0.017172,501.4778,184.5396,0,871.6953,1.90097,1.90097,0.613418,NaN,NaN,NaN,NaN,0,20.1,13.49601,0,-14.89523,-0.7411,0,0.6714,184.5396,0,1,0,0,-0.6714,0,-0.7411,871.6953,0,0,0,1
490.9638,490.96,0.021197,0.017977,501.4989,184.8094,0,871.3973,1.904438,1.904438,0.712295,NaN,NaN,NaN,NaN,0,20.1,13.49231,0,-14.89858,-0.7412,0,0.6713,184.8094,0,1,0,0,-0.6713,0,-0.7412,871.3973,0,0,0,1
490.9794,490.97,0.015641,0.01751,501.5141,184.9444,0,871.2484,1.906208,1.906208,0.855117,NaN,NaN,NaN,NaN,0,20.1,13.49009,0,-14.90059,-0.7413,0,0.6711,184.9444,0,1,0,0,-0.6711,0,-0.7413,871.2484,0,0,0,1
490.9978,490.99,0.018379,0.017684,501.5337,185.2141,0,870.9503,1.909901,1.909901,0.986953,NaN,NaN,NaN,NaN,0,20.1,13.48495,0,-14.90524,-0.7416,0,0.6709,185.2141,0,1,0,0,-0.6709,0,-0.7416,870.9503,0,0,0,1
491.0145,491.01,0.016707,0.017488,501.5499,185.4837,0,870.652,1.913702,1.913702,1.159072,NaN,NaN,NaN,NaN,0,20.1,13.47892,0,-14.9107,-0.7418,0,0.6706,185.4837,0,1,0,0,-0.6706,0,-0.7418,870.652,0,0,0,1
491.032,491.03,0.017499,0.01749,501.5671,185.7532,0,870.3538,1.917718,1.917718,1.334853,NaN,NaN,NaN,NaN,0,20.1,13.47197,0,-14.91698,-0.7421,0,0.6702,185.7532,0,1,0,0,-0.6702,0,-0.7421,870.3538,0,0,0,1
491.053,491.05,0.021005,0.018193,501.5881,186.0225,0,870.0553,1.92191,1.92191,1.503325,NaN,NaN,NaN,NaN,0,20.1,13.46414,0,-14.92404,-0.7425,0,0.6699,186.0225,0,1,0,0,-0.6699,0,-0.7425,870.0553,0,0,0,1
491.0694,491.06,0.016379,0.01783,501.604,186.1571,0,869.906,1.924133,1.924133,1.745024,NaN,NaN,NaN,NaN,0,20.1,13.4596,0,-14.92815,-0.7427,0,0.6696,186.1571,0,1,0,0,-0.6696,0,-0.7427,869.906,0,0,0,1
491.0835,491.08,0.014069,0.017078,501.6187,186.4261,0,869.6074,1.928648,1.928648,1.902494,NaN,NaN,NaN,NaN,0,20.1,13.44968,0,-14.93708,-0.7431,0,0.6691,186.4261,0,1,0,0,-0.6691,0,-0.7431,869.6074,0,0,0,1
491.098,491.09,0.01456,0.016575,501.6326,186.5606,0,869.4579,1.931088,1.931088,2.037992,NaN,NaN,NaN,NaN,0,20.1,13.44436,0,-14.94186,-0.7434,0,0.6689,186.5606,0,1,0,0,-0.6689,0,-0.7434,869.4579,0,0,0,1
491.1136,491.11,0.015603,0.01638,501.6487,186.8293,0,869.1589,1.936109,1.936109,2.177153,NaN,NaN,NaN,NaN,0,20.1,13.43301,0,-14.95207,-0.7439,0,0.6683,186.8293,0,1,0,0,-0.6683,0,-0.7439,869.1589,0,0,0,1
491.1298,491.12,0.016209,0.016346,501.6644,186.9635,0,869.0093,1.938808,1.938808,2.327299,NaN,NaN,NaN,NaN,0,20.1,13.42693,0,-14.95753,-0.7442,0,0.668,186.9635,0,1,0,0,-0.668,0,-0.7442,869.0093,0,0,0,1
491.1436,491.14,0.013747,0.015826,501.6784,187.2319,0,868.7098,1.944402,1.944402,2.462811,NaN,NaN,NaN,NaN,0,20.1,13.41407,0,-14.96906,-0.7447,0,0.6674,187.2319,0,1,0,0,-0.6674,0,-0.7447,868.7098,0,0,0,1
491.1637,491.16,0.020089,0.016679,501.6989,187.5,0,868.4103,1.950266,1.950266,2.583661,NaN,NaN,NaN,NaN,0,20.1,13.40056,0,-14.98116,-0.7453,0,0.6667,187.5,0,1,0,0,-0.6667,0,-0.7453,868.4103,0,0,0,1
491.1787,491.17,0.015049,0.016353,501.7132,187.6339,0,868.2604,1.953397,1.953397,2.75578,NaN,NaN,NaN,NaN,0,20.1,13.39336,0,-14.9876,-0.7457,0,0.6663,187.6339,0,1,0,0,-0.6663,0,-0.7457,868.2604,0,0,0,1
491.1932,491.19,0.01451,0.015984,501.7283,187.9016,0,867.9604,1.959876,1.959876,2.865644,NaN,NaN,NaN,NaN,0,20.1,13.37836,0,-15.00099,-0.7463,0,0.6656,187.9016,0,1,0,0,-0.6656,0,-0.7463,867.9604,0,0,0,1
491.2075,491.2,0.014277,0.015643,501.7422,188.0352,0,867.8103,1.963247,1.963247,3.004804,NaN,NaN,NaN,NaN,0,20.1,13.37049,0,-15.008,-0.7467,0,0.6652,188.0352,0,1,0,0,-0.6652,0,-0.7467,867.8103,0,0,0,1
491.2207,491.22,0.013207,0.015156,501.7558,188.3024,0,867.5099,1.970363,1.970363,3.13664,NaN,NaN,NaN,NaN,0,20.1,13.35405,0,-15.02263,-0.7474,0,0.6644,188.3024,0,1,0,0,-0.6644,0,-0.7474,867.5099,0,0,0,1
491.2413,491.24,0.020606,0.016246,501.7762,188.5692,0,867.2092,1.977922,1.977922,3.272138,NaN,NaN,NaN,NaN,0,20.1,13.33688,0,-15.03787,-0.7482,0,0.6635,188.5692,0,1,0,0,-0.6635,0,-0.7482,867.2092,0,0,0,1
491.2639,491.26,0.022569,0.01751,501.799,188.8357,0,866.9082,1.985998,1.985998,3.466244,NaN,NaN,NaN,NaN,0,20.1,13.31868,0,-15.054,-0.749,0,0.6626,188.8357,0,1,0,0,-0.6626,0,-0.749,866.9082,0,0,0,1
491.2786,491.27,0.014684,0.016945,501.813,188.9688,0,866.7576,1.990167,1.990167,3.689632,NaN,NaN,NaN,NaN,0,20.1,13.30898,0,-15.06257,-0.7494,0,0.6621,188.9688,0,1,0,0,-0.6621,0,-0.7494,866.7576,0,0,0,1
491.2925,491.29,0.01393,0.016342,501.8277,189.2347,0,866.4561,1.998978,1.998978,3.843441,NaN,NaN,NaN,NaN,0,20.1,13.28876,0,-15.08041,-0.7503,0,0.6611,189.2347,0,1,0,0,-0.6611,0,-0.7503,866.4561,0,0,0,1
491.3062,491.3,0.013699,0.015813,501.8406,189.3674,0,866.3052,2.00359,2.00359,3.993587,NaN,NaN,NaN,NaN,0,20.1,13.27824,0,-15.08967,-0.7507,0,0.6606,189.3674,0,1,0,0,-0.6606,0,-0.7507,866.3052,0,0,0,1
491.3195,491.31,0.01325,0.015301,501.854,189.5001,0,866.1542,2.008352,2.008352,4.132748,NaN,NaN,NaN,NaN,0,20.1,13.26736,0,-15.09925,-0.7512,0,0.6601,189.5001,0,1,0,0,-0.6601,0,-0.7512,866.1542,0,0,0,1
491.3404,491.34,0.020978,0.016436,501.8759,189.8975,0,865.7007,2.023492,2.023492,4.286571,NaN,NaN,NaN,NaN,0,20.1,13.23344,0,-15.12899,-0.7527,0,0.6584,189.8975,0,1,0,0,-0.6584,0,-0.7527,865.7007,0,0,0,1
491.3649,491.36,0.024479,0.018045,501.9003,190.1618,0,865.3978,2.034399,2.034399,4.509959,NaN,NaN,NaN,NaN,0,20.1,13.2096,0,-15.1498,-0.7537,0,0.6572,190.1618,0,1,0,0,-0.6572,0,-0.7537,865.3978,0,0,0,1
491.3796,491.37,0.014735,0.017383,501.9142,190.2937,0,865.2462,2.040131,2.040131,4.751658,NaN,NaN,NaN,NaN,0,20.1,13.19703,0,-15.16075,-0.7543,0,0.6566,190.2937,0,1,0,0,-0.6566,0,-0.7543,865.2462,0,0,0,1
491.3937,491.39,0.01403,0.016712,501.9286,190.5573,0,864.9426,2.052043,2.052043,4.887156,NaN,NaN,NaN,NaN,0,20.1,13.17115,0,-15.18324,-0.7554,0,0.6553,190.5573,0,1,0,0,-0.6553,0,-0.7554,864.9426,0,0,0,1
491.4087,491.4,0.015041,0.016378,501.9435,190.6889,0,864.7906,2.058275,2.058275,5.008006,NaN,NaN,NaN,NaN,0,20.1,13.15788,0,-15.19475,-0.756,0,0.6546,190.6889,0,1,0,0,-0.6546,0,-0.756,864.7906,0,0,0,1
491.4227,491.42,0.014008,0.015904,501.9582,190.9516,0,864.4865,2.071232,2.071232,5.125194,NaN,NaN,NaN,NaN,0,20.1,13.13067,0,-15.21826,-0.7571,0,0.6533,190.9516,0,1,0,0,-0.6533,0,-0.7571,864.4865,0,0,0,1
491.4408,491.44,0.018067,0.016336,501.9759,191.2138,0,864.1818,2.084914,2.084914,5.24972,NaN,NaN,NaN,NaN,0,20.1,13.10276,0,-15.2423,-0.7583,0,0.6519,191.2138,0,1,0,0,-0.6519,0,-0.7583,864.1818,0,0,0,1
491.4557,491.45,0.01486,0.016041,501.9907,191.3447,0,864.0292,2.09203,2.09203,5.38888,NaN,NaN,NaN,NaN,0,20.1,13.08842,0,-15.25461,-0.7589,0,0.6512,191.3447,0,1,0,0,-0.6512,0,-0.7589,864.0292,0,0,0,1
491.4738,491.47,0.018181,0.016469,502.0124,191.606,0,863.7238,2.106889,2.106889,5.502405,NaN,NaN,NaN,NaN,0,20.1,13.0591,0,-15.27973,-0.7602,0,0.6497,191.606,0,1,0,0,-0.6497,0,-0.7602,863.7238,0,0,0,1
491.4972,491.49,0.023357,0.017846,502.0322,191.8667,0,863.4178,2.122494,2.122494,5.674524,NaN,NaN,NaN,NaN,0,20.1,13.02881,0,-15.30557,-0.7615,0,0.6482,191.8667,0,1,0,0,-0.6482,0,-0.7615,863.4178,0,0,0,1
491.5102,491.51,0.01302,0.016881,502.0451,192.1268,0,863.1113,2.138961,2.138961,5.835657,NaN,NaN,NaN,NaN,0,20.1,12.9976,0,-15.33207,-0.7628,0,0.6466,192.1268,0,1,0,0,-0.6466,0,-0.7628,863.1113,0,0,0,1
491.524,491.52,0.013851,0.016275,502.0587,192.2567,0,862.9579,2.147438,2.147438,5.952845,NaN,NaN,NaN,NaN,0,20.1,12.98166,0,-15.34557,-0.7635,0,0.6459,192.2567,0,1,0,0,-0.6459,0,-0.7635,862.9579,0,0,0,1
491.5438,491.54,0.019764,0.016973,502.079,192.5158,0,862.6505,2.16518,2.16518,6.077356,NaN,NaN,NaN,NaN,0,20.1,12.94908,0,-15.37308,-0.7648,0,0.6442,192.5158,0,1,0,0,-0.6442,0,-0.7648,862.6505,0,0,0,1
491.5644,491.56,0.020552,0.017689,502.0995,192.7743,0,862.3427,2.183732,2.183732,6.282449,NaN,NaN,NaN,NaN,0,20.1,12.91534,0,-15.40143,-0.7662,0,0.6426,192.7743,0,1,0,0,-0.6426,0,-0.7662,862.3427,0,0,0,1
491.579,491.57,0.014597,0.01707,502.1136,192.9033,0,862.1885,2.193376,2.193376,6.520486,NaN,NaN,NaN,NaN,0,20.1,12.8978,0,-15.41612,-0.767,0,0.6417,192.9033,0,1,0,0,-0.6417,0,-0.767,862.1885,0,0,0,1
491.5922,491.59,0.013203,0.016297,502.1271,193.1607,0,861.8798,2.213319,2.213319,6.707253,NaN,NaN,NaN,NaN,0,20.1,12.86167,0,-15.44627,-0.7685,0,0.6399,193.1607,0,1,0,0,-0.6399,0,-0.7685,861.8798,0,0,0,1
491.6061,491.6,0.013902,0.015818,502.1408,193.2891,0,861.7251,2.223686,2.223686,6.883035,NaN,NaN,NaN,NaN,0,20.1,12.84311,0,-15.46171,-0.7692,0,0.639,193.2891,0,1,0,0,-0.639,0,-0.7692,861.7251,0,0,0,1
491.6201,491.62,0.013991,0.015452,502.155,193.5454,0,861.4154,2.245151,2.245151,7.084465,NaN,NaN,NaN,NaN,0,20.1,12.80483,0,-15.49343,-0.7708,0,0.6371,193.5454,0,1,0,0,-0.6371,0,-0.7708,861.4154,0,0,0,1
491.64,491.64,0.019961,0.016354,502.1752,193.8009,0,861.105,2.267591,2.267591,7.260246,NaN,NaN,NaN,NaN,0,20.1,12.76553,0,-15.52583,-0.7724,0,0.6351,193.8009,0,1,0,0,-0.6351,0,-0.7724,861.105,0,0,0,1
491.6537,491.65,0.013666,0.015816,502.1884,193.9284,0,860.9496,2.27921,2.27921,7.501945,NaN,NaN,NaN,NaN,0,20.1,12.74519,0,-15.54253,-0.7733,0,0.6341,193.9284,0,1,0,0,-0.6341,0,-0.7733,860.9496,0,0,0,1
491.6753,491.67,0.021576,0.016968,502.2106,194.1826,0,860.6383,2.303173,2.303173,7.652092,NaN,NaN,NaN,NaN,0,20.1,12.70363,0,-15.57652,-0.775,0,0.632,194.1826,0,1,0,0,-0.632,0,-0.775,860.6383,0,0,0,1
491.6886,491.68,0.013309,0.016237,502.2238,194.3094,0,860.4824,2.315538,2.315538,7.930412,NaN,NaN,NaN,NaN,0,20.1,12.68206,0,-15.59409,-0.7758,0,0.6309,194.3094,0,1,0,0,-0.6309,0,-0.7758,860.4824,0,0,0,1
491.7025,491.7,0.013943,0.015778,502.2375,194.5624,0,860.1699,2.341292,2.341292,8.065925,NaN,NaN,NaN,NaN,0,20.1,12.6381,0,-15.62973,-0.7776,0,0.6288,194.5624,0,1,0,0,-0.6288,0,-0.7776,860.1699,0,0,0,1
491.7153,491.71,0.012795,0.015181,502.2499,194.6886,0,860.0134,2.354595,2.354595,8.241706,NaN,NaN,NaN,NaN,0,20.1,12.61561,0,-15.6479,-0.7785,0,0.6276,194.6886,0,1,0,0,-0.6276,0,-0.7785,860.0134,0,0,0,1
491.7307,491.73,0.015352,0.015215,502.2658,194.9402,0,859.6999,2.382003,2.382003,8.413825,NaN,NaN,NaN,NaN,0,20.1,12.56959,0,-15.68488,-0.7803,0,0.6254,194.9402,0,1,0,0,-0.6254,0,-0.7803,859.6999,0,0,0,1
491.7435,491.74,0.012834,0.014739,502.2783,195.0657,0,859.5428,2.396202,2.396202,8.615241,NaN,NaN,NaN,NaN,0,20.1,12.54599,0,-15.70376,-0.7813,0,0.6242,195.0657,0,1,0,0,-0.6242,0,-0.7813,859.5428,0,0,0,1
491.7626,491.76,0.019076,0.015606,502.2975,195.3159,0,859.2282,2.425425,2.425425,8.765388,NaN,NaN,NaN,NaN,0,20.1,12.49789,0,-15.74207,-0.7832,0,0.6218,195.3159,0,1,0,0,-0.6218,0,-0.7832,859.2282,0,0,0,1
491.7767,491.77,0.014121,0.015309,502.3112,195.4406,0,859.0707,2.440467,2.440467,9.062033,NaN,NaN,NaN,NaN,0,20.1,12.47297,0,-15.76182,-0.7842,0,0.6205,195.4406,0,1,0,0,-0.6205,0,-0.7842,859.0707,0,0,0,1
491.7951,491.79,0.018387,0.015925,502.3301,195.6893,0,858.7548,2.471696,2.471696,9.325705,NaN,NaN,NaN,NaN,0,20.1,12.4216,0,-15.80234,-0.7862,0,0.618,195.6893,0,1,0,0,-0.618,0,-0.7862,858.7548,0,0,0,1
491.8081,491.8,0.013007,0.015341,502.3427,195.8132,0,858.5965,2.487818,2.487818,9.750509,NaN,NaN,NaN,NaN,0,20.1,12.39469,0,-15.82346,-0.7872,0,0.6167,195.8132,0,1,0,0,-0.6167,0,-0.7872,858.5965,0,0,0,1
491.8224,491.82,0.014356,0.015144,502.3578,196.0603,0,858.2794,2.520981,2.520981,10.01053,NaN,NaN,NaN,NaN,0,20.1,12.33932,0,-15.86667,-0.7894,0,0.6139,196.0603,0,1,0,0,-0.6139,0,-0.7894,858.2794,0,0,0,1
491.8361,491.83,0.013611,0.014838,502.3708,196.1834,0,858.1205,2.538172,2.538172,10.34745,NaN,NaN,NaN,NaN,0,20.1,12.31064,0,-15.88893,-0.7905,0,0.6125,196.1834,0,1,0,0,-0.6125,0,-0.7905,858.1205,0,0,0,1
491.8494,491.84,0.013383,0.014547,502.384,196.3062,0,857.9614,2.555719,2.555719,10.69169,NaN,NaN,NaN,NaN,0,20.1,12.28097,0,-15.91188,-0.7916,0,0.611,196.3062,0,1,0,0,-0.611,0,-0.7916,857.9614,0,0,0,1
491.8643,491.86,0.014891,0.014615,502.3997,196.5509,0,857.6424,2.591938,2.591938,11.00664,NaN,NaN,NaN,NaN,0,20.1,12.21975,0,-15.95894,-0.794,0,0.6079,196.5509,0,1,0,0,-0.6079,0,-0.794,857.6424,0,0,0,1
491.8785,491.87,0.014179,0.014528,502.413,196.6728,0,857.4825,2.610259,2.610259,11.30693,NaN,NaN,NaN,NaN,0,20.1,12.18823,0,-15.98303,-0.7952,0,0.6064,196.6728,0,1,0,0,-0.6064,0,-0.7952,857.4825,0,0,0,1
491.8968,491.89,0.018302,0.015283,502.4319,196.9156,0,857.1621,2.645768,2.645768,11.61089,NaN,NaN,NaN,NaN,0,20.1,12.12335,0,-16.0323,-0.7976,0,0.6032,196.9156,0,1,0,0,-0.6032,0,-0.7976,857.1621,0,0,0,1
491.9106,491.91,0.01375,0.014976,502.4456,197.157,0,856.8407,2.682802,2.682802,12.06501,NaN,NaN,NaN,NaN,0,20.1,12.05573,0,-16.08321,-0.8002,0,0.5998,197.157,0,1,0,0,-0.5998,0,-0.8002,856.8407,0,0,0,1
491.9291,491.92,0.018566,0.015694,502.4637,197.2773,0,856.6796,2.700853,2.700853,12.32502,NaN,NaN,NaN,NaN,0,20.1,12.0211,0,-16.10911,-0.8014,0,0.5981,197.2773,0,1,0,0,-0.5981,0,-0.8014,856.6796,0,0,0,1
491.9434,491.94,0.01428,0.015411,502.4784,197.5166,0,856.3566,2.734286,2.734286,12.77547,NaN,NaN,NaN,NaN,0,20.1,11.94914,0,-16.16255,-0.8041,0,0.5945,197.5166,0,1,0,0,-0.5945,0,-0.8041,856.3566,0,0,0,1
491.9564,491.95,0.012968,0.014923,502.491,197.6357,0,856.1947,2.751658,2.751658,13.1014,NaN,NaN,NaN,NaN,0,20.1,11.91215,0,-16.18983,-0.8055,0,0.5926,197.6357,0,1,0,0,-0.5926,0,-0.8055,856.1947,0,0,0,1
491.97,491.96,0.013578,0.014654,502.5047,197.7545,0,856.0325,2.769446,2.769446,13.36873,NaN,NaN,NaN,NaN,0,20.1,11.87434,0,-16.21759,-0.8068,0,0.5908,197.7545,0,1,0,0,-0.5908,0,-0.8068,856.0325,0,0,0,1
491.9841,491.98,0.014156,0.014554,502.5196,197.9908,0,855.7073,2.801579,2.801579,13.66171,NaN,NaN,NaN,NaN,0,20.1,11.79687,0,-16.27403,-0.8097,0,0.5869,197.9908,0,1,0,0,-0.5869,0,-0.8097,855.7073,0,0,0,1
491.9991,491.99,0.015035,0.014651,502.5338,198.1084,0,855.5443,2.817694,2.817694,13.96201,NaN,NaN,NaN,NaN,0,20.1,11.75718,0,-16.30272,-0.8111,0,0.5849,198.1084,0,1,0,0,-0.5849,0,-0.8111,855.5443,0,0,0,1
492.0187,492.01,0.019574,0.015635,502.5536,198.3423,0,855.2173,2.851356,2.851356,14.28427,NaN,NaN,NaN,NaN,0,20.1,11.67575,0,-16.36115,-0.814,0,0.5809,198.3423,0,1,0,0,-0.5809,0,-0.814,855.2173,0,0,0,1
492.0421,492.04,0.023376,0.017183,502.5779,198.69,0,854.7248,2.896865,2.896865,14.62486,NaN,NaN,NaN,NaN,0,20.1,11.55012,0,-16.45007,-0.8184,0,0.5746,198.69,0,1,0,0,-0.5746,0,-0.8184,854.7248,0,0,0,1
492.057,492.05,0.014942,0.016735,502.5918,198.8051,0,854.56,2.912847,2.912847,14.99107,NaN,NaN,NaN,NaN,0,20.1,11.50704,0,-16.48024,-0.8199,0,0.5725,198.8051,0,1,0,0,-0.5725,0,-0.8199,854.56,0,0,0,1
492.0701,492.07,0.013064,0.016001,502.6051,199.0339,0,854.2295,2.943093,2.943093,15.1815,NaN,NaN,NaN,NaN,0,20.1,11.41954,0,-16.54098,-0.8229,0,0.5681,199.0339,0,1,0,0,-0.5681,0,-0.8229,854.2295,0,0,0,1
492.0844,492.08,0.014277,0.015656,502.619,199.1477,0,854.0638,2.957454,2.957454,15.33165,NaN,NaN,NaN,NaN,0,20.1,11.37524,0,-16.57148,-0.8245,0,0.5659,199.1477,0,1,0,0,-0.5659,0,-0.8245,854.0638,0,0,0,1
492.0995,492.09,0.015126,0.01555,502.6342,199.261,0,853.8978,2.972421,2.972421,15.4525,NaN,NaN,NaN,NaN,0,20.1,11.33051,0,-16.6021,-0.826,0,0.5637,199.261,0,1,0,0,-0.5637,0,-0.826,853.8978,0,0,0,1
492.1179,492.11,0.018351,0.01611,502.6527,199.4863,0,853.5648,3.002987,3.002987,15.53674,NaN,NaN,NaN,NaN,0,20.1,11.2403,0,-16.66331,-0.829,0,0.5592,199.4863,0,1,0,0,-0.5592,0,-0.829,853.5648,0,0,0,1
492.1314,492.13,0.01355,0.015598,502.6662,199.7097,0,853.2306,3.030436,3.030436,15.55505,NaN,NaN,NaN,NaN,0,20.1,11.14966,0,-16.72409,-0.832,0,0.5547,199.7097,0,1,0,0,-0.5547,0,-0.832,853.2306,0,0,0,1
492.1511,492.15,0.019673,0.016413,502.686,199.9313,0,852.8953,3.059874,3.059874,15.55505,NaN,NaN,NaN,NaN,0,20.1,11.05869,0,-16.78439,-0.835,0,0.5502,199.9313,0,1,0,0,-0.5502,0,-0.835,852.8953,0,0,0,1
492.1652,492.16,0.014071,0.015945,502.6997,200.0415,0,852.7271,3.073757,3.073757,15.53308,NaN,NaN,NaN,NaN,0,20.1,11.01315,0,-16.8143,-0.8365,0,0.5479,200.0415,0,1,0,0,-0.5479,0,-0.8365,852.7271,0,0,0,1
492.1784,492.17,0.013225,0.015401,502.713,200.1512,0,852.5586,3.086811,3.086811,15.50012,NaN,NaN,NaN,NaN,0,20.1,10.96762,0,-16.84403,-0.838,0,0.5457,200.1512,0,1,0,0,-0.5457,0,-0.838,852.5586,0,0,0,1
492.1925,492.19,0.014169,0.015154,502.728,200.3691,0,852.2208,3.114327,3.114327,15.44884,NaN,NaN,NaN,NaN,0,20.1,10.87663,0,-16.90294,-0.8409,0,0.5411,200.3691,0,1,0,0,-0.5411,0,-0.8409,852.2208,0,0,0,1
492.2061,492.2,0.013513,0.014826,502.7406,200.4774,0,852.0516,3.128788,3.128788,15.33165,NaN,NaN,NaN,NaN,0,20.1,10.83136,0,-16.93198,-0.8424,0,0.5389,200.4774,0,1,0,0,-0.5389,0,-0.8424,852.0516,0,0,0,1
492.2207,492.22,0.014605,0.014782,502.7561,200.6927,0,851.712,3.153894,3.153894,15.21446,NaN,NaN,NaN,NaN,0,20.1,10.74128,0,-16.98926,-0.8452,0,0.5344,200.6927,0,1,0,0,-0.5344,0,-0.8452,851.712,0,0,0,1
492.2402,492.24,0.019528,0.015731,502.7751,200.9062,0,851.3714,3.18036,3.18036,15.05699,NaN,NaN,NaN,NaN,0,20.1,10.65184,0,-17.04548,-0.848,0,0.5299,200.9062,0,1,0,0,-0.5299,0,-0.848,851.3714,0,0,0,1
492.254,492.25,0.013788,0.015342,502.7888,201.0123,0,851.2007,3.19413,3.19413,14.84825,NaN,NaN,NaN,NaN,0,20.1,10.60763,0,-17.07302,-0.8494,0,0.5277,201.0123,0,1,0,0,-0.5277,0,-0.8494,851.2007,0,0,0,1
492.2734,492.27,0.019413,0.016157,502.8084,201.2231,0,850.8584,3.21747,3.21747,14.67979,NaN,NaN,NaN,NaN,0,20.1,10.52,0,-17.12716,-0.8521,0,0.5234,201.2231,0,1,0,0,-0.5234,0,-0.8521,850.8584,0,0,0,1
492.2864,492.28,0.012977,0.015521,502.8209,201.3279,0,850.6869,3.229871,3.229871,14.44907,NaN,NaN,NaN,NaN,0,20.1,10.47678,0,-17.15364,-0.8534,0,0.5212,201.3279,0,1,0,0,-0.5212,0,-0.8534,850.6869,0,0,0,1
492.2993,492.29,0.012976,0.015012,502.8339,201.4322,0,850.5151,3.24273,3.24273,14.33188,NaN,NaN,NaN,NaN,0,20.1,10.43384,0,-17.17979,-0.8547,0,0.5191,201.4322,0,1,0,0,-0.5191,0,-0.8547,850.5151,0,0,0,1
492.3116,492.31,0.01231,0.014471,502.8467,201.6396,0,850.1707,3.265776,3.265776,14.21103,NaN,NaN,NaN,NaN,0,20.1,10.34849,0,-17.23133,-0.8573,0,0.5149,201.6396,0,1,0,0,-0.5149,0,-0.8573,850.1707,0,0,0,1
492.3261,492.32,0.014445,0.014466,502.8606,201.7427,0,849.9982,3.276966,3.276966,14.10849,NaN,NaN,NaN,NaN,0,20.1,10.30603,0,-17.25676,-0.8585,0,0.5127,201.7427,0,1,0,0,-0.5127,0,-0.8585,849.9982,0,0,0,1
492.3379,492.33,0.011783,0.013929,502.8726,201.8453,0,849.8254,3.288669,3.288669,14.00961,NaN,NaN,NaN,NaN,0,20.1,10.2638,0,-17.28191,-0.8598,0,0.5106,201.8453,0,1,0,0,-0.5106,0,-0.8598,849.8254,0,0,0,1
492.3518,492.35,0.013895,0.013923,502.8866,202.0493,0,849.4789,3.311552,3.311552,13.94003,NaN,NaN,NaN,NaN,0,20.1,10.17959,0,-17.33165,-0.8623,0,0.5064,202.0493,0,1,0,0,-0.5064,0,-0.8623,849.4789,0,0,0,1
492.3733,492.37,0.021554,0.015449,502.9084,202.2516,0,849.1315,3.332069,3.332069,13.90707,NaN,NaN,NaN,NaN,0,20.1,10.09533,0,-17.38086,-0.8647,0,0.5023,202.2516,0,1,0,0,-0.5023,0,-0.8647,849.1315,0,0,0,1
492.3868,492.38,0.013463,0.015052,502.9214,202.3522,0,848.9575,3.342992,3.342992,13.90341,NaN,NaN,NaN,NaN,0,20.1,10.05313,0,-17.40531,-0.8659,0,0.5002,202.3522,0,1,0,0,-0.5002,0,-0.8659,848.9575,0,0,0,1
492.4068,492.4,0.019999,0.016041,502.9417,202.552,0,848.6086,3.363508,3.363508,13.90341,NaN,NaN,NaN,NaN,0,20.1,9.968536,0,-17.45389,-0.8684,0,0.4959,202.552,0,1,0,0,-0.4959,0,-0.8684,848.6086,0,0,0,1
492.4204,492.42,0.01359,0.015551,502.9554,202.7501,0,848.2587,3.382548,3.382548,13.90341,NaN,NaN,NaN,NaN,0,20.1,9.883713,0,-17.50207,-0.8707,0,0.4917,202.7501,0,1,0,0,-0.4917,0,-0.8707,848.2587,0,0,0,1
492.433,492.43,0.012647,0.01497,502.9674,202.8485,0,848.0835,3.39269,3.39269,13.90341,NaN,NaN,NaN,NaN,0,20.1,9.841213,0,-17.526,-0.8719,0,0.4896,202.8485,0,1,0,0,-0.4896,0,-0.8719,848.0835,0,0,0,1
492.4455,492.44,0.012485,0.014473,502.98,202.9465,0,847.908,3.402779,3.402779,13.90341,NaN,NaN,NaN,NaN,0,20.1,9.798656,0,-17.54983,-0.8731,0,0.4875,202.9465,0,1,0,0,-0.4875,0,-0.8731,847.908,0,0,0,1
492.4586,492.45,0.013118,0.014202,502.993,203.044,0,847.7323,3.410821,3.410821,13.90341,NaN,NaN,NaN,NaN,0,20.1,9.756042,0,-17.57355,-0.8743,0,0.4854,203.044,0,1,0,0,-0.4854,0,-0.8743,847.7323,0,0,0,1
492.4704,492.47,0.011764,0.013715,503.0051,203.2379,0,847.3801,3.428309,3.428309,13.90341,NaN,NaN,NaN,NaN,0,20.1,9.670637,0,-17.62069,-0.8767,0,0.4811,203.2379,0,1,0,0,-0.4811,0,-0.8767,847.3801,0,0,0,1
492.4831,492.48,0.012697,0.013511,503.0177,203.3342,0,847.2036,3.437755,3.437755,13.90341,NaN,NaN,NaN,NaN,0,20.1,9.627851,0,-17.64411,-0.8778,0,0.479,203.3342,0,1,0,0,-0.479,0,-0.8778,847.2036,0,0,0,1
492.4961,492.49,0.013004,0.01341,503.0306,203.43,0,847.027,3.446187,3.446187,13.90341,NaN,NaN,NaN,NaN,0,20.1,9.585008,0,-17.66742,-0.879,0,0.4769,203.43,0,1,0,0,-0.4769,0,-0.879,847.027,0,0,0,1
492.5099,492.5,0.013835,0.013495,503.0445,203.5255,0,846.8501,3.453471,3.453471,13.90341,NaN,NaN,NaN,NaN,0,20.1,9.542107,0,-17.69062,-0.8801,0,0.4747,203.5255,0,1,0,0,-0.4747,0,-0.8801,846.8501,0,0,0,1
492.5284,492.52,0.018407,0.014477,503.0633,203.715,0,846.4956,3.469424,3.469424,13.90341,NaN,NaN,NaN,NaN,0,20.1,9.45614,0,-17.73673,-0.8824,0,0.4705,203.715,0,1,0,0,-0.4705,0,-0.8824,846.4956,0,0,0,1
492.5418,492.54,0.01343,0.014268,503.0765,203.9028,0,846.1402,3.484895,3.484895,13.90341,NaN,NaN,NaN,NaN,0,20.1,9.369947,0,-17.78241,-0.8847,0,0.4662,203.9028,0,1,0,0,-0.4662,0,-0.8847,846.1402,0,0,0,1
492.555,492.55,0.013217,0.014058,503.0894,203.9961,0,845.9622,3.491454,3.491454,13.90341,NaN,NaN,NaN,NaN,0,20.1,9.32677,0,-17.8051,-0.8858,0,0.464,203.9961,0,1,0,0,-0.464,0,-0.8858,845.9622,0,0,0,1
492.5681,492.56,0.013123,0.013871,503.1025,204.0889,0,845.7839,3.498452,3.498452,13.90341,NaN,NaN,NaN,NaN,0,20.1,9.283537,0,-17.82768,-0.8869,0,0.4619,204.0889,0,1,0,0,-0.4619,0,-0.8869,845.7839,0,0,0,1
492.5806,492.58,0.012494,0.013595,503.1154,204.2733,0,845.4266,3.513617,3.513617,13.90341,NaN,NaN,NaN,NaN,0,20.1,9.196907,0,-17.87252,-0.8892,0,0.4576,204.2733,0,1,0,0,-0.4576,0,-0.8892,845.4266,0,0,0,1
492.5935,492.59,0.012925,0.013461,503.1281,204.3649,0,845.2477,3.51898,3.51898,13.90341,NaN,NaN,NaN,NaN,0,20.1,9.15351,0,-17.89479,-0.8903,0,0.4554,204.3649,0,1,0,0,-0.4554,0,-0.8903,845.2477,0,0,0,1
492.6054,492.6,0.011891,0.013147,503.1401,204.4559,0,845.0685,3.524798,3.524798,13.90707,NaN,NaN,NaN,NaN,0,20.1,9.110047,0,-17.91695,-0.8914,0,0.4532,204.4559,0,1,0,0,-0.4532,0,-0.8914,845.0685,0,0,0,1
492.618,492.61,0.012515,0.013021,503.1524,204.5466,0,844.8891,3.531031,3.531031,13.92172,NaN,NaN,NaN,NaN,0,20.1,9.066485,0,-17.93903,-0.8925,0,0.4511,204.5466,0,1,0,0,-0.4511,0,-0.8925,844.8891,0,0,0,1
492.6321,492.63,0.014177,0.013252,503.1671,204.7266,0,844.5297,3.543791,3.543791,13.92539,NaN,NaN,NaN,NaN,0,20.1,8.97918,0,-17.98289,-0.8947,0,0.4467,204.7266,0,1,0,0,-0.4467,0,-0.8947,844.5297,0,0,0,1
492.6516,492.65,0.019481,0.014498,503.1864,204.9049,0,844.1694,3.553431,3.553431,13.95468,NaN,NaN,NaN,NaN,0,20.1,8.891479,0,-18.02642,-0.8968,0,0.4424,204.9049,0,1,0,0,-0.4424,0,-0.8968,844.1694,0,0,0,1
492.666,492.66,0.014351,0.014468,503.2006,204.9934,0,843.9889,3.55894,3.55894,14.00595,NaN,NaN,NaN,NaN,0,20.1,8.847385,0,-18.0481,-0.8979,0,0.4402,204.9934,0,1,0,0,-0.4402,0,-0.8979,843.9889,0,0,0,1
492.6801,492.68,0.014124,0.014399,503.215,205.169,0,843.6273,3.569317,3.569317,14.06088,NaN,NaN,NaN,NaN,0,20.1,8.758697,0,-18.09131,-0.9001,0,0.4358,205.169,0,1,0,0,-0.4358,0,-0.9001,843.6273,0,0,0,1
492.6932,492.69,0.013153,0.01415,503.2278,205.2561,0,843.4461,3.573181,3.573181,14.14511,NaN,NaN,NaN,NaN,0,20.1,8.714005,0,-18.11287,-0.9011,0,0.4335,205.2561,0,1,0,0,-0.4335,0,-0.9011,843.4461,0,0,0,1
492.7063,492.7,0.013075,0.013935,503.241,205.3428,0,843.2648,3.577514,3.577514,14.2623,NaN,NaN,NaN,NaN,0,20.1,8.668892,0,-18.13451,-0.9022,0,0.4313,205.3428,0,1,0,0,-0.4313,0,-0.9022,843.2648,0,0,0,1
492.7205,492.72,0.014196,0.013987,503.2557,205.5148,0,842.9014,3.587627,3.587627,14.35019,NaN,NaN,NaN,NaN,0,20.1,8.577946,0,-18.17771,-0.9044,0,0.4268,205.5148,0,1,0,0,-0.4268,0,-0.9044,842.9014,0,0,0,1
492.7395,492.73,0.019049,0.015,503.2742,205.6001,0,842.7194,3.590383,3.590383,14.45639,NaN,NaN,NaN,NaN,0,20.1,8.532053,0,-18.19929,-0.9054,0,0.4245,205.6001,0,1,0,0,-0.4245,0,-0.9054,842.7194,0,0,0,1
492.7513,492.75,0.011802,0.01436,503.2864,205.7694,0,842.3549,3.597193,3.597193,14.60655,NaN,NaN,NaN,NaN,0,20.1,8.439151,0,-18.24256,-0.9076,0,0.4199,205.7694,0,1,0,0,-0.4199,0,-0.9076,842.3549,0,0,0,1
492.7658,492.76,0.014422,0.014373,503.3004,205.8533,0,842.1722,3.60137,3.60137,14.67613,NaN,NaN,NaN,NaN,0,20.1,8.392394,0,-18.26411,-0.9087,0,0.4175,205.8533,0,1,0,0,-0.4175,0,-0.9087,842.1722,0,0,0,1
492.7845,492.78,0.018718,0.015242,503.3195,206.0197,0,841.8063,3.607263,3.607263,14.71275,NaN,NaN,NaN,NaN,0,20.1,8.298485,0,-18.30697,-0.9108,0,0.4129,206.0197,0,1,0,0,-0.4129,0,-0.9108,841.8063,0,0,0,1
492.8,492.8,0.015553,0.015304,503.3349,206.1843,0,841.4395,3.612879,3.612879,14.7274,NaN,NaN,NaN,NaN,0,20.1,8.204263,0,-18.34939,-0.9129,0,0.4082,206.1843,0,1,0,0,-0.4082,0,-0.9129,841.4395,0,0,0,1
492.8126,492.81,0.01258,0.014759,503.347,206.2659,0,841.2558,3.616431,3.616431,14.7274,NaN,NaN,NaN,NaN,0,20.1,8.157069,0,-18.37042,-0.914,0,0.4058,206.2659,0,1,0,0,-0.4058,0,-0.914,841.2558,0,0,0,1
492.8282,492.82,0.015623,0.014932,503.3627,206.347,0,841.0719,3.618661,3.618661,14.7274,NaN,NaN,NaN,NaN,0,20.1,8.109822,0,-18.39132,-0.915,0,0.4035,206.347,0,1,0,0,-0.4035,0,-0.915,841.0719,0,0,0,1
492.8433,492.84,0.015039,0.014953,503.3784,206.5078,0,840.7034,3.622103,3.622103,14.7274,NaN,NaN,NaN,NaN,0,20.1,8.015169,0,-18.43278,-0.9171,0,0.3988,206.5078,0,1,0,0,-0.3988,0,-0.9171,840.7034,0,0,0,1
492.863,492.86,0.0197,0.015903,503.3982,206.6667,0,840.3342,3.627488,3.627488,14.7274,NaN,NaN,NaN,NaN,0,20.1,7.920304,0,-18.47374,-0.9191,0,0.394,206.6667,0,1,0,0,-0.394,0,-0.9191,840.3342,0,0,0,1
492.8763,492.87,0.01332,0.015386,503.4108,206.7454,0,840.1492,3.628165,3.628165,14.7274,NaN,NaN,NaN,NaN,0,20.1,7.872792,0,-18.49403,-0.9201,0,0.3917,206.7454,0,1,0,0,-0.3917,0,-0.9201,840.1492,0,0,0,1
492.8967,492.89,0.020415,0.016392,503.4316,206.9014,0,839.7787,3.630399,3.630399,14.7274,NaN,NaN,NaN,NaN,0,20.1,7.777614,0,-18.53426,-0.9221,0,0.3869,206.9014,0,1,0,0,-0.3869,0,-0.9221,839.7787,0,0,0,1
492.9108,492.91,0.014049,0.015923,503.446,207.0555,0,839.4075,3.63391,3.63391,14.7274,NaN,NaN,NaN,NaN,0,20.1,7.68223,0,-18.574,-0.9241,0,0.3822,207.0555,0,1,0,0,-0.3822,0,-0.9241,839.4075,0,0,0,1
492.9272,492.92,0.01644,0.016027,503.4617,207.1319,0,839.2216,3.63367,3.63367,14.71642,NaN,NaN,NaN,NaN,0,20.1,7.634496,0,-18.59367,-0.9251,0,0.3798,207.1319,0,1,0,0,-0.3798,0,-0.9251,839.2216,0,0,0,1
492.9418,492.94,0.014644,0.01575,503.4767,207.2831,0,838.8491,3.634703,3.634703,14.71642,NaN,NaN,NaN,NaN,0,20.1,7.53888,0,-18.63264,-0.927,0,0.3751,207.2831,0,1,0,0,-0.3751,0,-0.927,838.8491,0,0,0,1
492.9543,492.95,0.012486,0.015097,503.489,207.358,0,838.6625,3.635939,3.635939,14.71642,NaN,NaN,NaN,NaN,0,20.1,7.490997,0,-18.65195,-0.928,0,0.3727,207.358,0,1,0,0,-0.3727,0,-0.928,838.6625,0,0,0,1
492.9745,492.97,0.020204,0.016119,503.5096,207.5064,0,838.2889,3.635229,3.635229,14.71642,NaN,NaN,NaN,NaN,0,20.1,7.395084,0,-18.69018,-0.9299,0,0.3679,207.5064,0,1,0,0,-0.3679,0,-0.9299,838.2889,0,0,0,1
492.995,492.99,0.020458,0.016986,503.5304,207.6529,0,837.9146,3.634995,3.634995,14.71642,NaN,NaN,NaN,NaN,0,20.1,7.298975,0,-18.72792,-0.9317,0,0.3631,207.6529,0,1,0,0,-0.3631,0,-0.9317,837.9146,0,0,0,1
493.0112,493.01,0.016186,0.016826,503.5463,207.7974,0,837.5395,3.634207,3.634207,14.71642,NaN,NaN,NaN,NaN,0,20.1,7.202674,0,-18.76517,-0.9336,0,0.3583,207.7974,0,1,0,0,-0.3583,0,-0.9336,837.5395,0,0,0,1
493.0266,493.02,0.015409,0.016543,503.5612,207.869,0,837.3517,3.632723,3.632723,14.71642,NaN,NaN,NaN,NaN,0,20.1,7.154451,0,-18.78361,-0.9345,0,0.3559,207.869,0,1,0,0,-0.3559,0,-0.9345,837.3517,0,0,0,1
493.0385,493.03,0.011878,0.01561,503.5729,207.94,0,837.1636,3.631752,3.631752,14.71642,NaN,NaN,NaN,NaN,0,20.1,7.106183,0,-18.80192,-0.9354,0,0.3535,207.94,0,1,0,0,-0.3535,0,-0.9354,837.1636,0,0,0,1
493.0506,493.05,0.012134,0.014915,503.5854,208.0807,0,836.7871,3.630822,3.630822,14.71642,NaN,NaN,NaN,NaN,0,20.1,7.009504,0,-18.83818,-0.9372,0,0.3487,208.0807,0,1,0,0,-0.3487,0,-0.9372,836.7871,0,0,0,1
493.0635,493.06,0.012946,0.014521,503.598,208.1503,0,836.5986,3.628263,3.628263,14.71642,NaN,NaN,NaN,NaN,0,20.1,6.961095,0,-18.85612,-0.9381,0,0.3463,208.1503,0,1,0,0,-0.3463,0,-0.9381,836.5986,0,0,0,1
493.0833,493.08,0.019798,0.015576,503.6182,208.2881,0,836.2209,3.62462,3.62462,14.71642,NaN,NaN,NaN,NaN,0,20.1,6.864139,0,-18.89163,-0.9399,0,0.3415,208.2881,0,1,0,0,-0.3415,0,-0.9399,836.2209,0,0,0,1
493.0966,493.09,0.013316,0.015124,503.6311,208.3562,0,836.0319,3.623521,3.623521,14.71642,NaN,NaN,NaN,NaN,0,20.1,6.815593,0,-18.9092,-0.9408,0,0.3391,208.3562,0,1,0,0,-0.3391,0,-0.9408,836.0319,0,0,0,1
493.1089,493.1,0.012182,0.014536,503.6433,208.4239,0,835.8426,3.621541,3.621541,14.71642,NaN,NaN,NaN,NaN,0,20.1,6.767003,0,-18.92664,-0.9416,0,0.3367,208.4239,0,1,0,0,-0.3367,0,-0.9416,835.8426,0,0,0,1
493.1231,493.12,0.014242,0.014477,503.6579,208.5578,0,835.4635,3.615724,3.615724,14.71642,NaN,NaN,NaN,NaN,0,20.1,6.669687,0,-18.96115,-0.9433,0,0.3318,208.5578,0,1,0,0,-0.3318,0,-0.9433,835.4635,0,0,0,1
493.1375,493.13,0.014365,0.014455,503.672,208.624,0,835.2737,3.613516,3.613516,14.71642,NaN,NaN,NaN,NaN,0,20.1,6.620964,0,-18.97822,-0.9442,0,0.3294,208.624,0,1,0,0,-0.3294,0,-0.9442,835.2737,0,0,0,1
493.1495,493.14,0.012069,0.013978,503.6838,208.6897,0,835.0838,3.611812,3.611812,14.71642,NaN,NaN,NaN,NaN,0,20.1,6.572197,0,-18.99516,-0.945,0,0.327,208.6897,0,1,0,0,-0.327,0,-0.945,835.0838,0,0,0,1
493.1611,493.16,0.011539,0.01349,503.6958,208.8197,0,834.7034,3.604499,3.604499,14.71642,NaN,NaN,NaN,NaN,0,20.1,6.474533,0,-19.02868,-0.9467,0,0.3221,208.8197,0,1,0,0,-0.3221,0,-0.9467,834.7034,0,0,0,1
493.1727,493.17,0.011652,0.013122,503.7071,208.8839,0,834.5129,3.601226,3.601226,14.71642,NaN,NaN,NaN,NaN,0,20.1,6.425636,0,-19.04524,-0.9475,0,0.3197,208.8839,0,1,0,0,-0.3197,0,-0.9475,834.5129,0,0,0,1
493.1853,493.18,0.01255,0.013008,503.7196,208.9477,0,834.3223,3.598403,3.598403,14.71642,NaN,NaN,NaN,NaN,0,20.1,6.376698,0,-19.06168,-0.9483,0,0.3172,208.9477,0,1,0,0,-0.3172,0,-0.9483,834.3223,0,0,0,1
493.2093,493.2,0.024077,0.015222,503.7442,209.0738,0,833.9406,3.590985,3.590985,14.71642,NaN,NaN,NaN,NaN,0,20.1,6.278695,0,-19.09419,-0.95,0,0.3124,209.0738,0,1,0,0,-0.3124,0,-0.95,833.9406,0,0,0,1
493.2221,493.22,0.012728,0.014723,503.7569,209.1979,0,833.5582,3.582721,3.582721,14.73473,NaN,NaN,NaN,NaN,0,20.1,6.180403,0,-19.12623,-0.9516,0,0.3075,209.1979,0,1,0,0,-0.3075,0,-0.9516,833.5582,0,0,0,1
493.2345,493.23,0.012416,0.014261,503.769,209.2592,0,833.3668,3.579298,3.579298,14.76402,NaN,NaN,NaN,NaN,0,20.1,6.131099,0,-19.14209,-0.9523,0,0.305,209.2592,0,1,0,0,-0.305,0,-0.9523,833.3668,0,0,0,1
493.2473,493.24,0.012831,0.013975,503.782,209.32,0,833.1752,3.575236,3.575236,14.8336,NaN,NaN,NaN,NaN,0,20.1,6.08152,0,-19.15791,-0.9531,0,0.3026,209.32,0,1,0,0,-0.3026,0,-0.9531,833.1752,0,0,0,1
493.2598,493.25,0.012465,0.013673,503.7943,209.3803,0,832.9835,3.569764,3.569764,14.99474,NaN,NaN,NaN,NaN,0,20.1,6.031361,0,-19.17375,-0.9539,0,0.3001,209.3803,0,1,0,0,-0.3001,0,-0.9539,832.9835,0,0,0,1
493.2721,493.27,0.012359,0.01341,503.8069,209.4994,0,832.5996,3.560312,3.560312,15.19249,NaN,NaN,NaN,NaN,0,20.1,5.929595,0,-19.20547,-0.9555,0,0.295,209.4994,0,1,0,0,-0.295,0,-0.9555,832.5996,0,0,0,1
493.2852,493.28,0.013094,0.013347,503.82,209.5582,0,832.4073,3.556391,3.556391,15.43053,NaN,NaN,NaN,NaN,0,20.1,5.877852,0,-19.22137,-0.9563,0,0.2924,209.5582,0,1,0,0,-0.2924,0,-0.9563,832.4073,0,0,0,1
493.3058,493.3,0.020528,0.014783,503.841,209.6741,0,832.0225,3.544939,3.544939,15.74182,NaN,NaN,NaN,NaN,0,20.1,5.772143,0,-19.25337,-0.9579,0,0.2872,209.6741,0,1,0,0,-0.2872,0,-0.9579,832.0225,0,0,0,1
493.324,493.32,0.018278,0.015482,503.8592,209.7879,0,831.6369,3.53467,3.53467,16.24353,NaN,NaN,NaN,NaN,0,20.1,5.662884,0,-19.28579,-0.9595,0,0.2817,209.7879,0,1,0,0,-0.2817,0,-0.9595,831.6369,0,0,0,1
493.3409,493.34,0.016831,0.015752,503.8759,209.8995,0,831.2507,3.523603,3.523603,16.73427,NaN,NaN,NaN,NaN,0,20.1,5.550133,0,-19.31855,-0.9611,0,0.2761,209.8995,0,1,0,0,-0.2761,0,-0.9611,831.2507,0,0,0,1
493.3557,493.35,0.014805,0.015563,503.8904,209.9544,0,831.0574,3.517402,3.517402,17.20668,NaN,NaN,NaN,NaN,0,20.1,5.492091,0,-19.33513,-0.9619,0,0.2732,209.9544,0,1,0,0,-0.2732,0,-0.9619,831.0574,0,0,0,1
493.3691,493.36,0.01343,0.015136,503.9037,210.0087,0,830.8638,3.511771,3.511771,17.56558,NaN,NaN,NaN,NaN,0,20.1,5.432789,0,-19.35187,-0.9628,0,0.2703,210.0087,0,1,0,0,-0.2703,0,-0.9628,830.8638,0,0,0,1
493.3818,493.38,0.012725,0.014654,503.9167,210.1156,0,830.4763,3.501402,3.501402,17.90249,NaN,NaN,NaN,NaN,0,20.1,5.31175,0,-19.38544,-0.9644,0,0.2643,210.1156,0,1,0,0,-0.2643,0,-0.9644,830.4763,0,0,0,1
493.395,493.39,0.013182,0.014359,503.9296,210.1681,0,830.2823,3.494543,3.494543,18.15152,NaN,NaN,NaN,NaN,0,20.1,5.25031,0,-19.40218,-0.9653,0,0.2612,210.1681,0,1,0,0,-0.2612,0,-0.9653,830.2823,0,0,0,1
493.4071,493.4,0.012137,0.013915,503.9419,210.22,0,830.0881,3.488287,3.488287,18.38957,NaN,NaN,NaN,NaN,0,20.1,5.18801,0,-19.41893,-0.9661,0,0.2581,210.22,0,1,0,0,-0.2581,0,-0.9661,830.0881,0,0,0,1
493.4285,493.42,0.02132,0.015396,503.9634,210.3218,0,829.6992,3.47762,3.47762,18.56535,NaN,NaN,NaN,NaN,0,20.1,5.062057,0,-19.45214,-0.9678,0,0.2518,210.3218,0,1,0,0,-0.2518,0,-0.9678,829.6992,0,0,0,1
493.4416,493.44,0.013117,0.01494,503.9764,210.4212,0,829.3097,3.464656,3.464656,18.75212,NaN,NaN,NaN,NaN,0,20.1,4.934621,0,-19.48486,-0.9694,0,0.2455,210.4212,0,1,0,0,-0.2455,0,-0.9694,829.3097,0,0,0,1
