time,fixedTime,deltaTime,smoothDeltaTime,realtimeSinceStartup,pos_x,pos_y,pos_z,distFromRoadCenter,signedDistFromRoadCenter,wheelAngle,obstacle_pos_x,obstacle_pos_y,obstacle_pos_z,distance_to_obstacle,brake_position,car_speed,car_vel_x,car_vel_y,car_vel_z,simplecar_4x4_R0C0,simplecar_4x4_R0C1,simplecar_4x4_R0C2,simplecar_4x4_R0C3,simplecar_4x4_R1C0,simplecar_4x4_R1C1,simplecar_4x4_R1C2,simplecar_4x4_R1C3,simplecar_4x4_R2C0,simplecar_4x4_R2C1,simplecar_4x4_R2C2,simplecar_4x4_R2C3,simplecar_4x4_R3C0,simplecar_4x4_R3C1,simplecar_4x4_R3C2,simplecar_4x4_R3C3
797.9584,797.95,0.02191,0.01737,808.4991,597.2883,0,462.4896,2.332461,2.332461,-2.122228,NaN,NaN,NaN,NaN,0,20.1,18.14303,0,-8.651048,-0.4304,0,0.9026,597.2883,0,1,0,0,-0.9026,0,-0.4304,462.4896,0,0,0,1
797.9795,797.97,0.02114,0.018124,808.5143,597.6512,0,462.3167,2.334861,2.334861,-2.100248,NaN,NaN,NaN,NaN,0,20.1,18.14937,0,-8.637747,-0.4297,0,0.903,597.6512,0,1,0,0,-0.903,0,-0.4297,462.3167,0,0,0,1
797.9945,797.99,0.014994,0.017498,808.5295,598.0143,0,462.1442,2.337018,2.337018,-2.070951,NaN,NaN,NaN,NaN,0,20.1,18.15561,0,-8.624621,-0.4291,0,0.9033,598.0143,0,1,0,0,-0.9033,0,-0.4291,462.1442,0,0,0,1
798.0126,798.01,0.018075,0.017613,808.5479,598.3776,0,461.9719,2.338847,2.338847,-2.030668,NaN,NaN,NaN,NaN,0,20.1,18.16172,0,-8.611752,-0.4284,0,0.9036,598.3776,0,1,0,0,-0.9036,0,-0.4284,461.9719,0,0,0,1
798.035,798.03,0.02247,0.018585,808.5706,598.7409,0,461.7998,2.340403,2.340403,-1.950102,NaN,NaN,NaN,NaN,0,20.1,18.16757,0,-8.59938,-0.4278,0,0.9039,598.7409,0,1,0,0,-0.9039,0,-0.4278,461.7998,0,0,0,1
798.0502,798.05,0.015231,0.017914,808.5851,599.1043,0,461.628,2.341714,2.341714,-1.829252,NaN,NaN,NaN,NaN,0,20.1,18.17306,0,-8.587781,-0.4273,0,0.9041,599.1043,0,1,0,0,-0.9041,0,-0.4273,461.628,0,0,0,1
798.0653,798.06,0.015032,0.017337,808.5999,599.2861,0,461.5422,2.342288,2.342288,-1.704741,NaN,NaN,NaN,NaN,0,20.1,18.17562,0,-8.582373,-0.427,0,0.9043,599.2861,0,1,0,0,-0.9043,0,-0.427,461.5422,0,0,0,1
798.0801,798.08,0.014875,0.016845,808.6155,599.6496,0,461.3707,2.343298,2.343298,-1.565573,NaN,NaN,NaN,NaN,0,20.1,18.1803,0,-8.572441,-0.4265,0,0.9045,599.6496,0,1,0,0,-0.9045,0,-0.4265,461.3707,0,0,0,1
798.0957,798.09,0.01555,0.016586,808.6304,599.8315,0,461.285,2.343679,2.343679,-1.360495,NaN,NaN,NaN,NaN,0,20.1,18.18234,0,-8.568123,-0.4263,0,0.9046,599.8315,0,1,0,0,-0.9046,0,-0.4263,461.285,0,0,0,1
798.1135,798.11,0.01784,0.016837,808.6492,600.1952,0,461.1138,2.344308,2.344308,-1.15541,NaN,NaN,NaN,NaN,0,20.1,18.18579,0,-8.560791,-0.4259,0,0.9048,600.1952,0,1,0,0,-0.9048,0,-0.4259,461.1138,0,0,0,1
798.1358,798.13,0.022263,0.017922,808.6747,600.559,0,460.9426,2.344882,2.344882,-0.811172,NaN,NaN,NaN,NaN,0,20.1,18.18822,0,-8.555639,-0.4257,0,0.9049,600.559,0,1,0,0,-0.9049,0,-0.4257,460.9426,0,0,0,1
798.1605,798.16,0.024672,0.019272,808.6965,601.1046,0,460.686,2.345672,2.345672,-0.302131,NaN,NaN,NaN,NaN,0,20.1,18.18957,0,-8.552762,-0.4255,0,0.905,601.1046,0,1,0,0,-0.905,0,-0.4255,460.686,0,0,0,1
798.1758,798.17,0.015311,0.01848,808.7104,601.2865,0,460.6005,2.345892,2.345892,0.316773,NaN,NaN,NaN,NaN,0,20.1,18.18909,0,-8.55377,-0.4256,0,0.9049,601.2865,0,1,0,0,-0.9049,0,-0.4256,460.6005,0,0,0,1
798.1897,798.18,0.013885,0.017561,808.7243,601.4684,0,460.5149,2.346165,2.346165,0.661025,NaN,NaN,NaN,NaN,0,20.1,18.18811,0,-8.555869,-0.4257,0,0.9049,601.4684,0,1,0,0,-0.9049,0,-0.4257,460.5149,0,0,0,1
798.2045,798.2,0.014758,0.017,808.7395,601.8321,0,460.3437,2.346793,2.346793,0.986953,NaN,NaN,NaN,NaN,0,20.1,18.18516,0,-8.562133,-0.426,0,0.9047,601.8321,0,1,0,0,-0.9047,0,-0.426,460.3437,0,0,0,1
798.2217,798.22,0.01721,0.017042,808.7565,602.1957,0,460.1723,2.347612,2.347612,1.349502,NaN,NaN,NaN,NaN,0,20.1,18.18112,0,-8.570697,-0.4264,0,0.9045,602.1957,0,1,0,0,-0.9045,0,-0.4264,460.1723,0,0,0,1
798.2357,798.23,0.014071,0.016448,808.7703,602.3775,0,460.0865,2.348104,2.348104,1.675444,NaN,NaN,NaN,NaN,0,20.1,18.17862,0,-8.576014,-0.4267,0,0.9044,602.3775,0,1,0,0,-0.9044,0,-0.4267,460.0865,0,0,0,1
798.2517,798.25,0.015986,0.016355,808.7874,602.741,0,459.9149,2.349278,2.349278,1.939116,NaN,NaN,NaN,NaN,0,20.1,18.17281,0,-8.588315,-0.4273,0,0.9041,602.741,0,1,0,0,-0.9041,0,-0.4273,459.9149,0,0,0,1
798.2675,798.26,0.015822,0.016249,808.8021,602.9227,0,459.8289,2.350016,2.350016,2.228422,NaN,NaN,NaN,NaN,0,20.1,18.16946,0,-8.595382,-0.4276,0,0.904,602.9227,0,1,0,0,-0.904,0,-0.4276,459.8289,0,0,0,1
798.281,798.28,0.013463,0.015691,808.816,603.2859,0,459.6568,2.351653,2.351653,2.415204,NaN,NaN,NaN,NaN,0,20.1,18.16221,0,-8.6107,-0.4284,0,0.9036,603.2859,0,1,0,0,-0.9036,0,-0.4284,459.6568,0,0,0,1
798.3005,798.3,0.019519,0.016457,808.8358,603.649,0,459.4843,2.353701,2.353701,2.583661,NaN,NaN,NaN,NaN,0,20.1,18.15444,0,-8.627074,-0.4292,0,0.9032,603.649,0,1,0,0,-0.9032,0,-0.4292,459.4843,0,0,0,1
798.3144,798.31,0.013908,0.015947,808.849,603.8306,0,459.3979,2.354848,2.354848,2.781415,NaN,NaN,NaN,NaN,0,20.1,18.15025,0,-8.635887,-0.4296,0,0.903,603.8306,0,1,0,0,-0.903,0,-0.4296,459.3979,0,0,0,1
798.3345,798.33,0.020092,0.016776,808.8694,604.1934,0,459.2249,2.357523,2.357523,2.898602,NaN,NaN,NaN,NaN,0,20.1,18.1415,0,-8.654244,-0.4306,0,0.9026,604.1934,0,1,0,0,-0.9026,0,-0.4306,459.2249,0,0,0,1
798.3486,798.34,0.014087,0.016238,808.8833,604.3748,0,459.1383,2.358971,2.358971,3.08537,NaN,NaN,NaN,NaN,0,20.1,18.13684,0,-8.664013,-0.431,0,0.9023,604.3748,0,1,0,0,-0.9023,0,-0.431,459.1383,0,0,0,1
798.3615,798.36,0.012841,0.015559,808.8965,604.7374,0,458.9647,2.362221,2.362221,3.209882,NaN,NaN,NaN,NaN,0,20.1,18.12712,0,-8.684335,-0.4321,0,0.9018,604.7374,0,1,0,0,-0.9018,0,-0.4321,458.9647,0,0,0,1
798.3757,798.37,0.014315,0.01531,808.9105,604.9186,0,458.8777,2.364022,2.364022,3.305111,NaN,NaN,NaN,NaN,0,20.1,18.12211,0,-8.694789,-0.4326,0,0.9016,604.9186,0,1,0,0,-0.9016,0,-0.4326,458.8777,0,0,0,1
798.3895,798.38,0.0137,0.014988,808.9241,605.0998,0,458.7907,2.365988,2.365988,3.429623,NaN,NaN,NaN,NaN,0,20.1,18.1169,0,-8.705636,-0.4331,0,0.9013,605.0998,0,1,0,0,-0.9013,0,-0.4331,458.7907,0,0,0,1
798.403,798.4,0.013495,0.014689,808.938,605.4619,0,458.6163,2.370193,2.370193,3.565121,NaN,NaN,NaN,NaN,0,20.1,18.10605,0,-8.728173,-0.4342,0,0.9008,605.4619,0,1,0,0,-0.9008,0,-0.4342,458.6163,0,0,0,1
798.4228,798.42,0.019819,0.015715,808.9576,605.8239,0,458.4413,2.374971,2.374971,3.68597,NaN,NaN,NaN,NaN,0,20.1,18.0948,0,-8.751461,-0.4354,0,0.9002,605.8239,0,1,0,0,-0.9002,0,-0.4354,458.4413,0,0,0,1
798.4358,798.43,0.013039,0.01518,808.9705,606.0048,0,458.3537,2.37751,2.37751,3.872738,NaN,NaN,NaN,NaN,0,20.1,18.08889,0,-8.763689,-0.436,0,0.8999,606.0048,0,1,0,0,-0.8999,0,-0.436,458.3537,0,0,0,1
798.456,798.45,0.020161,0.016176,808.9911,606.3665,0,458.178,2.38308,2.38308,3.975277,NaN,NaN,NaN,NaN,0,20.1,18.07671,0,-8.788783,-0.4373,0,0.8993,606.3665,0,1,0,0,-0.8993,0,-0.4373,458.178,0,0,0,1
798.4698,798.46,0.013808,0.015703,809.0045,606.5472,0,458.09,2.386057,2.386057,4.13641,NaN,NaN,NaN,NaN,0,20.1,18.07036,0,-8.801832,-0.4379,0,0.899,606.5472,0,1,0,0,-0.899,0,-0.4379,458.09,0,0,0,1
798.4839,798.48,0.014187,0.0154,809.0192,606.9084,0,457.9135,2.392501,2.392501,4.257274,NaN,NaN,NaN,NaN,0,20.1,18.05726,0,-8.828673,-0.4392,0,0.8984,606.9084,0,1,0,0,-0.8984,0,-0.4392,457.9135,0,0,0,1
798.4984,798.49,0.01444,0.015208,809.0332,607.0889,0,457.8251,2.395941,2.395941,4.356151,NaN,NaN,NaN,NaN,0,20.1,18.05054,0,-8.842403,-0.4399,0,0.898,607.0889,0,1,0,0,-0.898,0,-0.4399,457.8251,0,0,0,1
798.5115,798.51,0.01306,0.014778,809.0468,607.4497,0,457.6479,2.403312,2.403312,4.45869,NaN,NaN,NaN,NaN,0,20.1,18.03676,0,-8.870483,-0.4413,0,0.8974,607.4497,0,1,0,0,-0.8974,0,-0.4413,457.6479,0,0,0,1
798.527,798.52,0.01559,0.01494,809.0616,607.63,0,457.559,2.407244,2.407244,4.513621,NaN,NaN,NaN,NaN,0,20.1,18.02977,0,-8.884689,-0.442,0,0.897,607.63,0,1,0,0,-0.897,0,-0.442,457.559,0,0,0,1
798.544,798.54,0.016943,0.015341,809.0793,607.9904,0,457.3809,2.415491,2.415491,4.579539,NaN,NaN,NaN,NaN,0,20.1,18.01554,0,-8.913496,-0.4435,0,0.8963,607.9904,0,1,0,0,-0.8963,0,-0.4435,457.3809,0,0,0,1
798.5618,798.56,0.01775,0.015823,809.0969,608.3505,0,457.2022,2.424528,2.424528,4.630809,NaN,NaN,NaN,NaN,0,20.1,18.00111,0,-8.942608,-0.4449,0,0.8956,608.3505,0,1,0,0,-0.8956,0,-0.4449,457.2022,0,0,0,1
798.5754,798.57,0.013675,0.015393,809.1099,608.5304,0,457.1126,2.429252,2.429252,4.630809,NaN,NaN,NaN,NaN,0,20.1,17.99388,0,-8.957155,-0.4456,0,0.8952,608.5304,0,1,0,0,-0.8952,0,-0.4456,457.1126,0,0,0,1
798.5901,798.59,0.014745,0.015264,809.1251,608.8901,0,456.933,2.439219,2.439219,4.630809,NaN,NaN,NaN,NaN,0,20.1,17.97937,0,-8.986224,-0.4471,0,0.8945,608.8901,0,1,0,0,-0.8945,0,-0.4471,456.933,0,0,0,1
798.6046,798.6,0.014388,0.015088,809.1391,609.0698,0,456.843,2.444379,2.444379,4.630809,NaN,NaN,NaN,NaN,0,20.1,17.9721,0,-9.000754,-0.4478,0,0.8941,609.0698,0,1,0,0,-0.8941,0,-0.4478,456.843,0,0,0,1
798.6248,798.62,0.020189,0.016109,809.1599,609.429,0,456.6625,2.455328,2.455328,4.630809,NaN,NaN,NaN,NaN,0,20.1,17.95753,0,-9.029796,-0.4492,0,0.8934,609.429,0,1,0,0,-0.8934,0,-0.4492,456.6625,0,0,0,1
798.6462,798.64,0.021466,0.01718,809.1812,609.788,0,456.4815,2.466851,2.466851,4.59785,NaN,NaN,NaN,NaN,0,20.1,17.94302,0,-9.058606,-0.4507,0,0.8927,609.788,0,1,0,0,-0.8927,0,-0.4507,456.4815,0,0,0,1
798.662,798.66,0.015765,0.016897,809.1972,610.1466,0,456.2999,2.479056,2.479056,4.575877,NaN,NaN,NaN,NaN,0,20.1,17.92852,0,-9.08725,-0.4521,0,0.892,610.1466,0,1,0,0,-0.892,0,-0.4521,456.2999,0,0,0,1
798.6759,798.67,0.013925,0.016303,809.2105,610.3258,0,456.2089,2.485391,2.485391,4.54658,NaN,NaN,NaN,NaN,0,20.1,17.92131,0,-9.101478,-0.4528,0,0.8916,610.3258,0,1,0,0,-0.8916,0,-0.4528,456.2089,0,0,0,1
798.691,798.69,0.015105,0.016063,809.2258,610.684,0,456.0265,2.498578,2.498578,4.52827,NaN,NaN,NaN,NaN,0,20.1,17.9069,0,-9.129789,-0.4542,0,0.8909,610.684,0,1,0,0,-0.8909,0,-0.4542,456.0265,0,0,0,1
798.7045,798.7,0.013547,0.01556,809.2394,610.863,0,455.935,2.505378,2.505378,4.509959,NaN,NaN,NaN,NaN,0,20.1,17.8997,0,-9.143881,-0.4549,0,0.8905,610.863,0,1,0,0,-0.8905,0,-0.4549,455.935,0,0,0,1
798.723,798.72,0.018481,0.016144,809.2579,611.2208,0,455.7517,2.519466,2.519466,4.491649,NaN,NaN,NaN,NaN,0,20.1,17.88535,0,-9.171935,-0.4563,0,0.8898,611.2208,0,1,0,0,-0.8898,0,-0.4563,455.7517,0,0,0,1
798.7369,798.73,0.013899,0.015695,809.2716,611.3996,0,455.6599,2.526756,2.526756,4.473338,NaN,NaN,NaN,NaN,0,20.1,17.87818,0,-9.185897,-0.457,0,0.8895,611.3996,0,1,0,0,-0.8895,0,-0.457,455.6599,0,0,0,1
798.7559,798.75,0.018956,0.016347,809.2906,611.757,0,455.4757,2.541802,2.541802,4.473338,NaN,NaN,NaN,NaN,0,20.1,17.86382,0,-9.213804,-0.4584,0,0.8887,611.757,0,1,0,0,-0.8887,0,-0.4584,455.4757,0,0,0,1
798.7684,798.76,0.012568,0.015591,809.3029,611.9355,0,455.3835,2.549529,2.549529,4.473338,NaN,NaN,NaN,NaN,0,20.1,17.85662,0,-9.227747,-0.4591,0,0.8884,611.9355,0,1,0,0,-0.8884,0,-0.4591,455.3835,0,0,0,1
798.7805,798.78,0.012057,0.014885,809.3155,612.2924,0,455.1985,2.565583,2.565583,4.473338,NaN,NaN,NaN,NaN,0,20.1,17.84219,0,-9.255621,-0.4605,0,0.8877,612.2924,0,1,0,0,-0.8877,0,-0.4605,455.1985,0,0,0,1
798.7938,798.79,0.013269,0.014561,809.3282,612.4708,0,455.1058,2.573747,2.573747,4.473338,NaN,NaN,NaN,NaN,0,20.1,17.83496,0,-9.269546,-0.4612,0,0.8873,612.4708,0,1,0,0,-0.8873,0,-0.4612,455.1058,0,0,0,1
798.8077,798.8,0.013932,0.014436,809.3423,612.649,0,455.013,2.582185,2.582185,4.473338,NaN,NaN,NaN,NaN,0,20.1,17.82771,0,-9.283466,-0.4619,0,0.887,612.649,0,1,0,0,-0.887,0,-0.4619,455.013,0,0,0,1
798.8217,798.82,0.013923,0.014333,809.3564,613.0054,0,454.8269,2.599386,2.599386,4.473338,NaN,NaN,NaN,NaN,0,20.1,17.8132,0,-9.311295,-0.4632,0,0.8862,613.0054,0,1,0,0,-0.8862,0,-0.4632,454.8269,0,0,0,1
798.835,798.83,0.013321,0.014131,809.3695,613.1835,0,454.7336,2.60826,2.60826,4.473338,NaN,NaN,NaN,NaN,0,20.1,17.80592,0,-9.325202,-0.4639,0,0.8859,613.1835,0,1,0,0,-0.8859,0,-0.4639,454.7336,0,0,0,1
798.8547,798.85,0.019809,0.015266,809.3896,613.5394,0,454.5467,2.626445,2.626445,4.473338,NaN,NaN,NaN,NaN,0,20.1,17.79133,0,-9.352989,-0.4653,0,0.8851,613.5394,0,1,0,0,-0.8851,0,-0.4653,454.5467,0,0,0,1
798.8671,798.86,0.012297,0.014673,809.4015,613.7172,0,454.453,2.635783,2.635783,4.473338,NaN,NaN,NaN,NaN,0,20.1,17.78403,0,-9.366875,-0.466,0,0.8848,613.7172,0,1,0,0,-0.8848,0,-0.466,454.453,0,0,0,1
798.8789,798.87,0.011854,0.014109,809.4134,613.895,0,454.3592,2.645258,2.645258,4.473338,NaN,NaN,NaN,NaN,0,20.1,17.77671,0,-9.380758,-0.4667,0,0.8844,613.895,0,1,0,0,-0.8844,0,-0.4667,454.3592,0,0,0,1
798.8925,798.89,0.013588,0.014005,809.4272,614.2503,0,454.1712,2.664699,2.664699,4.473338,NaN,NaN,NaN,NaN,0,20.1,17.76204,0,-9.408507,-0.4681,0,0.8837,614.2503,0,1,0,0,-0.8837,0,-0.4681,454.1712,0,0,0,1
798.9106,798.91,0.018143,0.014832,809.4456,614.6054,0,453.9826,2.684767,2.684767,4.473338,NaN,NaN,NaN,NaN,0,20.1,17.74733,0,-9.436228,-0.4695,0,0.883,614.6054,0,1,0,0,-0.883,0,-0.4695,453.9826,0,0,0,1
798.9266,798.92,0.015904,0.015047,809.4611,614.7828,0,453.8881,2.695034,2.695034,4.473338,NaN,NaN,NaN,NaN,0,20.1,17.73996,0,-9.45008,-0.4702,0,0.8826,614.7828,0,1,0,0,-0.8826,0,-0.4702,453.8881,0,0,0,1
798.9415,798.94,0.014989,0.015035,809.4767,615.1373,0,453.6987,2.716057,2.716057,4.473338,NaN,NaN,NaN,NaN,0,20.1,17.72518,0,-9.477772,-0.4715,0,0.8818,615.1373,0,1,0,0,-0.8818,0,-0.4715,453.6987,0,0,0,1
798.9575,798.95,0.015931,0.015214,809.4919,615.3145,0,453.6038,2.726789,2.726789,4.473338,NaN,NaN,NaN,NaN,0,20.1,17.71777,0,-9.491609,-0.4722,0,0.8815,615.3145,0,1,0,0,-0.8815,0,-0.4722,453.6038,0,0,0,1
798.9706,798.97,0.013113,0.014794,809.5054,615.6686,0,453.4135,2.748741,2.748741,4.473338,NaN,NaN,NaN,NaN,0,20.1,17.70293,0,-9.51926,-0.4736,0,0.8807,615.6686,0,1,0,0,-0.8807,0,-0.4736,453.4135,0,0,0,1
798.9891,798.98,0.018575,0.01555,809.5236,615.8456,0,453.3182,2.759964,2.759964,4.473338,NaN,NaN,NaN,NaN,0,20.1,17.69549,0,-9.533081,-0.4743,0,0.8804,615.8456,0,1,0,0,-0.8804,0,-0.4743,453.3182,0,0,0,1
799.0045,799,0.015315,0.015503,809.5394,616.1993,0,453.1271,2.782872,2.782872,4.473338,NaN,NaN,NaN,NaN,0,20.1,17.68059,0,-9.560699,-0.4757,0,0.8796,616.1993,0,1,0,0,-0.8796,0,-0.4757,453.1271,0,0,0,1
799.0222,799.02,0.017758,0.015954,809.557,616.5527,0,452.9355,2.806327,2.806327,4.473338,NaN,NaN,NaN,NaN,0,20.1,17.66564,0,-9.588297,-0.477,0,0.8789,616.5527,0,1,0,0,-0.8789,0,-0.477,452.9355,0,0,0,1
799.0361,799.03,0.013887,0.015541,809.5707,616.7292,0,452.8395,2.818287,2.818287,4.473338,NaN,NaN,NaN,NaN,0,20.1,17.65814,0,-9.602086,-0.4777,0,0.8785,616.7292,0,1,0,0,-0.8785,0,-0.4777,452.8395,0,0,0,1
799.0499,799.04,0.013776,0.015188,809.5843,616.9058,0,452.7433,2.830464,2.830464,4.473338,NaN,NaN,NaN,NaN,0,20.1,17.65064,0,-9.615871,-0.4784,0,0.8781,616.9058,0,1,0,0,-0.8781,0,-0.4784,452.7433,0,0,0,1
799.0632,799.06,0.013325,0.014815,809.5982,617.2585,0,452.5506,2.85523,2.85523,4.473338,NaN,NaN,NaN,NaN,0,20.1,17.6356,0,-9.643416,-0.4798,0,0.8774,617.2585,0,1,0,0,-0.8774,0,-0.4798,452.5506,0,0,0,1
799.078,799.07,0.014799,0.014812,809.6127,617.4348,0,452.454,2.86779,2.86779,4.473338,NaN,NaN,NaN,NaN,0,20.1,17.62807,0,-9.657183,-0.4805,0,0.877,617.4348,0,1,0,0,-0.877,0,-0.4805,452.454,0,0,0,1
799.0914,799.09,0.013429,0.014535,809.6264,617.7872,0,452.2605,2.893511,2.893511,4.473338,NaN,NaN,NaN,NaN,0,20.1,17.61297,0,-9.684697,-0.4818,0,0.8763,617.7872,0,1,0,0,-0.8763,0,-0.4818,452.2605,0,0,0,1
799.1107,799.11,0.019246,0.015477,809.6458,618.1392,0,452.0664,2.919832,2.919832,4.473338,NaN,NaN,NaN,NaN,0,20.1,17.59783,0,-9.712188,-0.4832,0,0.8755,618.1392,0,1,0,0,-0.8755,0,-0.4832,452.0664,0,0,0,1
799.1252,799.12,0.014532,0.015288,809.6598,618.3151,0,451.9691,2.933239,2.933239,4.480662,NaN,NaN,NaN,NaN,0,20.1,17.59023,0,-9.725948,-0.4839,0,0.8751,618.3151,0,1,0,0,-0.8751,0,-0.4839,451.9691,0,0,0,1
799.1451,799.14,0.019861,0.016203,809.6803,618.6666,0,451.7742,2.960516,2.960516,4.491649,NaN,NaN,NaN,NaN,0,20.1,17.57495,0,-9.753513,-0.4852,0,0.8744,618.6666,0,1,0,0,-0.8744,0,-0.4852,451.7742,0,0,0,1
799.1597,799.15,0.014562,0.015875,809.6943,618.8423,0,451.6765,2.974413,2.974413,4.579539,NaN,NaN,NaN,NaN,0,20.1,17.56716,0,-9.767559,-0.4859,0,0.874,618.8423,0,1,0,0,-0.874,0,-0.4859,451.6765,0,0,0,1
799.1726,799.17,0.012985,0.015297,809.7078,619.1934,0,451.4807,3.002647,3.002647,4.696727,NaN,NaN,NaN,NaN,0,20.1,17.55112,0,-9.796349,-0.4874,0,0.8732,619.1934,0,1,0,0,-0.8732,0,-0.4874,451.4807,0,0,0,1
799.1868,799.18,0.014203,0.015078,809.7216,619.3688,0,451.3826,3.017009,3.017009,4.854198,NaN,NaN,NaN,NaN,0,20.1,17.54281,0,-9.811212,-0.4881,0,0.8728,619.3688,0,1,0,0,-0.8728,0,-0.4881,451.3826,0,0,0,1
799.2017,799.2,0.014841,0.015031,809.7376,619.7194,0,451.186,3.046306,3.046306,5.062938,NaN,NaN,NaN,NaN,0,20.1,17.52544,0,-9.842197,-0.4897,0,0.8719,619.7194,0,1,0,0,-0.8719,0,-0.4897,451.186,0,0,0,1
799.2159,799.21,0.014253,0.014875,809.7507,619.8946,0,451.0874,3.061188,3.061188,5.366907,NaN,NaN,NaN,NaN,0,20.1,17.51622,0,-9.858611,-0.4905,0,0.8715,619.8946,0,1,0,0,-0.8715,0,-0.4905,451.0874,0,0,0,1
799.2345,799.23,0.018599,0.01562,809.77,620.2446,0,450.8896,3.09166,3.09166,5.630579,NaN,NaN,NaN,NaN,0,20.1,17.49681,0,-9.89302,-0.4922,0,0.8705,620.2446,0,1,0,0,-0.8705,0,-0.4922,450.8896,0,0,0,1
799.2573,799.25,0.022779,0.017052,809.7925,620.5942,0,450.6913,3.122922,3.122922,6.135964,NaN,NaN,NaN,NaN,0,20.1,17.47558,0,-9.930472,-0.4941,0,0.8694,620.5942,0,1,0,0,-0.8694,0,-0.4941,450.6913,0,0,0,1
799.2712,799.27,0.013955,0.016432,809.8062,620.9434,0,450.4921,3.15506,3.15506,6.747537,NaN,NaN,NaN,NaN,0,20.1,17.45214,0,-9.971604,-0.4961,0,0.8683,620.9434,0,1,0,0,-0.8683,0,-0.4961,450.4921,0,0,0,1
799.2853,799.28,0.013988,0.015943,809.8198,621.1177,0,450.3921,3.171579,3.171579,7.157707,NaN,NaN,NaN,NaN,0,20.1,17.43967,0,-9.993402,-0.4972,0,0.8676,621.1177,0,1,0,0,-0.8676,0,-0.4972,450.3921,0,0,0,1
799.2988,799.29,0.013593,0.015473,809.8336,621.292,0,450.2919,3.188316,3.188316,7.567863,NaN,NaN,NaN,NaN,0,20.1,17.42645,0,-10.01643,-0.4983,0,0.867,621.292,0,1,0,0,-0.867,0,-0.4983,450.2919,0,0,0,1
799.3139,799.31,0.01505,0.015389,809.849,621.6401,0,450.0909,3.222556,3.222556,7.981696,NaN,NaN,NaN,NaN,0,20.1,17.39848,0,-10.06494,-0.5007,0,0.8656,621.6401,0,1,0,0,-0.8656,0,-0.5007,450.0909,0,0,0,1
799.3346,799.33,0.020675,0.016446,809.8696,621.9877,0,449.8889,3.257998,3.257998,8.406501,NaN,NaN,NaN,NaN,0,20.1,17.36887,0,-10.11595,-0.5033,0,0.8641,621.9877,0,1,0,0,-0.8641,0,-0.5033,449.8889,0,0,0,1
799.3566,799.35,0.022023,0.017561,809.8917,622.3345,0,449.6857,3.294749,3.294749,9.051046,NaN,NaN,NaN,NaN,0,20.1,17.33682,0,-10.17078,-0.506,0,0.8625,622.3345,0,1,0,0,-0.8625,0,-0.506,449.6857,0,0,0,1
799.3701,799.37,0.013549,0.016759,809.9058,622.6808,0,449.4814,3.33273,3.33273,9.69924,NaN,NaN,NaN,NaN,0,20.1,17.30229,0,-10.22942,-0.5089,0,0.8608,622.6808,0,1,0,0,-0.8608,0,-0.5089,449.4814,0,0,0,1
799.3843,799.38,0.014111,0.016229,809.9191,622.8536,0,449.3788,3.35228,3.35228,10.07645,NaN,NaN,NaN,NaN,0,20.1,17.28427,0,-10.25983,-0.5104,0,0.8599,622.8536,0,1,0,0,-0.8599,0,-0.5104,449.3788,0,0,0,1
799.3972,799.39,0.012886,0.015561,809.9317,623.0263,0,449.2759,3.37213,3.37213,10.40604,NaN,NaN,NaN,NaN,0,20.1,17.26561,0,-10.2912,-0.512,0,0.859,623.0263,0,1,0,0,-0.859,0,-0.512,449.2759,0,0,0,1
799.4111,799.41,0.013975,0.015243,809.9462,623.371,0,449.0691,3.411732,3.411732,10.77591,NaN,NaN,NaN,NaN,0,20.1,17.22678,0,-10.35607,-0.5152,0,0.8571,623.371,0,1,0,0,-0.8571,0,-0.5152,449.0691,0,0,0,1
799.4253,799.42,0.014213,0.015037,809.9598,623.5431,0,448.9652,3.430584,3.430584,11.10918,NaN,NaN,NaN,NaN,0,20.1,17.20667,0,-10.38945,-0.5169,0,0.8561,623.5431,0,1,0,0,-0.8561,0,-0.5169,448.9652,0,0,0,1
799.4441,799.44,0.018786,0.015787,809.9794,623.8866,0,448.7564,3.469304,3.469304,11.43511,NaN,NaN,NaN,NaN,0,20.1,17.16506,0,-10.45805,-0.5203,0,0.854,623.8866,0,1,0,0,-0.854,0,-0.5203,448.7564,0,0,0,1
799.4587,799.45,0.014628,0.015555,809.9932,624.058,0,448.6514,3.489141,3.489141,11.92585,NaN,NaN,NaN,NaN,0,20.1,17.14325,0,-10.49376,-0.5221,0,0.8529,624.058,0,1,0,0,-0.8529,0,-0.5221,448.6514,0,0,0,1
799.4773,799.47,0.018547,0.016154,810.0125,624.4002,0,448.4404,3.522216,3.522216,12.26276,NaN,NaN,NaN,NaN,0,20.1,17.09818,0,-10.56704,-0.5257,0,0.8507,624.4002,0,1,0,0,-0.8507,0,-0.5257,448.4404,0,0,0,1
799.4911,799.49,0.013809,0.015685,810.0263,624.7415,0,448.228,3.555904,3.555904,12.73519,NaN,NaN,NaN,NaN,0,20.1,17.05103,0,-10.64295,-0.5295,0,0.8483,624.7415,0,1,0,0,-0.8483,0,-0.5295,448.228,0,0,0,1
799.5052,799.5,0.014155,0.015379,810.0398,624.9118,0,448.1212,3.572329,3.572329,13.1014,NaN,NaN,NaN,NaN,0,20.1,17.02666,0,-10.68191,-0.5314,0,0.8471,624.9118,0,1,0,0,-0.8471,0,-0.5314,448.1212,0,0,0,1
799.5191,799.51,0.013879,0.015079,810.0537,625.0818,0,448.0139,3.585882,3.585882,13.48958,NaN,NaN,NaN,NaN,0,20.1,17.00146,0,-10.72197,-0.5334,0,0.8458,625.0818,0,1,0,0,-0.8458,0,-0.5334,448.0139,0,0,0,1
799.5337,799.53,0.014594,0.014982,810.0692,625.4211,0,447.7983,3.614321,3.614321,13.90341,NaN,NaN,NaN,NaN,0,20.1,16.94922,0,-10.80435,-0.5375,0,0.8432,625.4211,0,1,0,0,-0.8432,0,-0.5375,447.7983,0,0,0,1
799.5474,799.54,0.01365,0.014715,810.082,625.5903,0,447.6898,3.629122,3.629122,14.33188,NaN,NaN,NaN,NaN,0,20.1,16.92214,0,-10.84671,-0.5396,0,0.8419,625.5903,0,1,0,0,-0.8419,0,-0.5396,447.6898,0,0,0,1
799.5678,799.56,0.020442,0.015861,810.1033,625.9279,0,447.4716,3.653113,3.653113,14.76402,NaN,NaN,NaN,NaN,0,20.1,16.86602,0,-10.93378,-0.544,0,0.8391,625.9279,0,1,0,0,-0.8391,0,-0.544,447.4716,0,0,0,1
799.5886,799.58,0.020821,0.016853,810.1238,626.2643,0,447.2515,3.677523,3.677523,15.4525,NaN,NaN,NaN,NaN,0,20.1,16.8068,0,-11.0246,-0.5485,0,0.8362,626.2643,0,1,0,0,-0.8362,0,-0.5485,447.2515,0,0,0,1
799.6017,799.6,0.013077,0.016098,810.1368,626.5995,0,447.0295,3.699203,3.699203,16.21057,NaN,NaN,NaN,NaN,0,20.1,16.74414,0,-11.11952,-0.5532,0,0.833,626.5995,0,1,0,0,-0.833,0,-0.5532,447.0295,0,0,0,1
799.6172,799.61,0.015507,0.015979,810.152,626.7667,0,446.9179,3.708814,3.708814,16.63539,NaN,NaN,NaN,NaN,0,20.1,16.71179,0,-11.16809,-0.5556,0,0.8314,626.7667,0,1,0,0,-0.8314,0,-0.5556,446.9179,0,0,0,1
799.6329,799.63,0.015687,0.015921,810.1682,627.0999,0,446.693,3.729685,3.729685,17.15541,NaN,NaN,NaN,NaN,0,20.1,16.64461,0,-11.26796,-0.5606,0,0.8281,627.0999,0,1,0,0,-0.8281,0,-0.5606,446.693,0,0,0,1
799.6482,799.64,0.015307,0.015798,810.1832,627.266,0,446.5798,3.738677,3.738677,17.69741,NaN,NaN,NaN,NaN,0,20.1,16.60973,0,-11.31932,-0.5632,0,0.8264,627.266,0,1,0,0,-0.8264,0,-0.5632,446.5798,0,0,0,1
799.6631,799.66,0.014935,0.015625,810.1983,627.5971,0,446.3518,3.754407,3.754407,18.16616,NaN,NaN,NaN,NaN,0,20.1,16.53761,0,-11.42442,-0.5684,0,0.8228,627.5971,0,1,0,0,-0.8228,0,-0.5684,446.3518,0,0,0,1
799.678,799.67,0.014852,0.015471,810.2131,627.7621,0,446.2371,3.763093,3.763093,18.68254,NaN,NaN,NaN,NaN,0,20.1,16.50027,0,-11.47828,-0.5711,0,0.8209,627.7621,0,1,0,0,-0.8209,0,-0.5711,446.2371,0,0,0,1
799.692,799.69,0.014045,0.015186,810.2274,628.0909,0,446.0059,3.778076,3.778076,19.19889,NaN,NaN,NaN,NaN,0,20.1,16.42298,0,-11.5886,-0.5765,0,0.8171,628.0909,0,1,0,0,-0.8171,0,-0.5765,446.0059,0,0,0,1
799.7114,799.71,0.019393,0.016027,810.2468,628.4182,0,445.7724,3.791192,3.791192,19.62371,NaN,NaN,NaN,NaN,0,20.1,16.34322,0,-11.70083,-0.5821,0,0.8131,628.4182,0,1,0,0,-0.8131,0,-0.5821,445.7724,0,0,0,1
799.7263,799.72,0.014802,0.015782,810.261,628.5812,0,445.6548,3.798662,3.798662,20.15472,NaN,NaN,NaN,NaN,0,20.1,16.30196,0,-11.75824,-0.585,0,0.811,628.5812,0,1,0,0,-0.811,0,-0.585,445.6548,0,0,0,1
799.7397,799.73,0.013474,0.01532,810.2742,628.7438,0,445.5367,3.804972,3.804972,20.50263,NaN,NaN,NaN,NaN,0,20.1,16.25978,0,-11.8165,-0.5879,0,0.8089,628.7438,0,1,0,0,-0.8089,0,-0.5879,445.5367,0,0,0,1
799.7541,799.75,0.014401,0.015137,810.2893,629.0677,0,445.2986,3.814648,3.814648,20.81025,NaN,NaN,NaN,NaN,0,20.1,16.17351,0,-11.9343,-0.5937,0,0.8047,629.0677,0,1,0,0,-0.8047,0,-0.5937,445.2986,0,0,0,1
799.7672,799.76,0.013065,0.014722,810.3017,629.2291,0,445.1786,3.820531,3.820531,21.13253,NaN,NaN,NaN,NaN,0,20.1,16.12938,0,-11.99388,-0.5967,0,0.8025,629.2291,0,1,0,0,-0.8025,0,-0.5967,445.1786,0,0,0,1
799.789,799.78,0.021815,0.016141,810.324,629.5503,0,444.937,3.83046,3.83046,21.34493,NaN,NaN,NaN,NaN,0,20.1,16.03957,0,-12.11372,-0.6027,0,0.798,629.5503,0,1,0,0,-0.798,0,-0.6027,444.937,0,0,0,1
799.8023,799.8,0.013324,0.015578,810.3379,629.8697,0,444.6929,3.838359,3.838359,21.61959,NaN,NaN,NaN,NaN,0,20.1,15.9477,0,-12.23442,-0.6087,0,0.7934,629.8697,0,1,0,0,-0.7934,0,-0.6087,444.6929,0,0,0,1
799.8233,799.82,0.020995,0.016661,810.3591,630.1873,0,444.4464,3.847578,3.847578,21.73312,NaN,NaN,NaN,NaN,0,20.1,15.85443,0,-12.35505,-0.6147,0,0.7888,630.1873,0,1,0,0,-0.7888,0,-0.6147,444.4464,0,0,0,1
799.8369,799.83,0.013578,0.016044,810.3713,630.3453,0,444.3222,3.849695,3.849695,21.82467,NaN,NaN,NaN,NaN,0,20.1,15.80725,0,-12.41535,-0.6177,0,0.7864,630.3453,0,1,0,0,-0.7864,0,-0.6177,444.3222,0,0,0,1
799.8484,799.84,0.011512,0.015138,810.3829,630.5029,0,444.1975,3.852489,3.852489,21.84298,NaN,NaN,NaN,NaN,0,20.1,15.7598,0,-12.47553,-0.6207,0,0.7841,630.5029,0,1,0,0,-0.7841,0,-0.6207,444.1975,0,0,0,1
799.8623,799.86,0.01393,0.014896,810.3973,630.8167,0,443.9462,3.860211,3.860211,21.84298,NaN,NaN,NaN,NaN,0,20.1,15.66423,0,-12.59532,-0.6266,0,0.7793,630.8167,0,1,0,0,-0.7793,0,-0.6266,443.9462,0,0,0,1
799.8747,799.87,0.012338,0.014385,810.4092,630.9728,0,443.8196,3.861631,3.861631,21.84298,NaN,NaN,NaN,NaN,0,20.1,15.61609,0,-12.65494,-0.6296,0,0.7769,630.9728,0,1,0,0,-0.7769,0,-0.6296,443.8196,0,0,0,1
799.8894,799.88,0.014746,0.014457,810.4241,631.1285,0,443.6925,3.862906,3.862906,21.84664,NaN,NaN,NaN,NaN,0,20.1,15.56773,0,-12.7144,-0.6326,0,0.7745,631.1285,0,1,0,0,-0.7745,0,-0.6326,443.6925,0,0,0,1
799.9039,799.9,0.014526,0.014471,810.4391,631.4385,0,443.4364,3.86753,3.86753,21.86129,NaN,NaN,NaN,NaN,0,20.1,15.47025,0,-12.83283,-0.6384,0,0.7697,631.4385,0,1,0,0,-0.7697,0,-0.6384,443.4364,0,0,0,1
799.9238,799.92,0.019887,0.015554,810.459,631.7464,0,443.178,3.869595,3.869595,21.9089,NaN,NaN,NaN,NaN,0,20.1,15.37166,0,-12.95076,-0.6443,0,0.7648,631.7464,0,1,0,0,-0.7648,0,-0.6443,443.178,0,0,0,1
799.9441,799.94,0.020266,0.016496,810.4795,632.0523,0,442.9172,3.871305,3.871305,22.04807,NaN,NaN,NaN,NaN,0,20.1,15.27153,0,-13.06868,-0.6502,0,0.7598,632.0523,0,1,0,0,-0.7598,0,-0.6502,442.9172,0,0,0,1
799.9584,799.95,0.014313,0.01606,810.493,632.2045,0,442.7859,3.873236,3.873236,22.3447,NaN,NaN,NaN,NaN,0,20.1,15.22045,0,-13.12814,-0.6531,0,0.7572,632.2045,0,1,0,0,-0.7572,0,-0.6531,442.7859,0,0,0,1
799.9726,799.97,0.014186,0.015685,810.5111,632.5074,0,442.5216,3.871831,3.871831,22.59373,NaN,NaN,NaN,NaN,0,20.1,15.11644,0,-13.24777,-0.6591,0,0.7521,632.5074,0,1,0,0,-0.7521,0,-0.6591,442.5216,0,0,0,1
799.9984,799.99,0.025822,0.017712,810.5336,632.8081,0,442.2548,3.87223,3.87223,22.93797,NaN,NaN,NaN,NaN,0,20.1,15.00988,0,-13.36838,-0.6651,0,0.7468,632.8081,0,1,0,0,-0.7468,0,-0.6651,442.2548,0,0,0,1
800.0139,800.01,0.01551,0.017272,810.5492,633.1067,0,441.9856,3.870434,3.870434,23.39941,NaN,NaN,NaN,NaN,0,20.1,14.90019,0,-13.49053,-0.6712,0,0.7413,633.1067,0,1,0,0,-0.7413,0,-0.6712,441.9856,0,0,0,1
800.0328,800.03,0.018935,0.017605,810.568,633.403,0,441.7139,3.86837,3.86837,23.72533,NaN,NaN,NaN,NaN,0,20.1,14.78796,0,-13.61346,-0.6773,0,0.7357,633.403,0,1,0,0,-0.7357,0,-0.6773,441.7139,0,0,0,1
800.0474,800.04,0.014563,0.016996,810.5823,633.5502,0,441.5771,3.868383,3.868383,24.17212,NaN,NaN,NaN,NaN,0,20.1,14.73039,0,-13.67573,-0.6804,0,0.7329,633.5502,0,1,0,0,-0.7329,0,-0.6804,441.5771,0,0,0,1
800.0672,800.06,0.019793,0.017556,810.6024,633.8431,0,441.3018,3.863794,3.863794,24.46876,NaN,NaN,NaN,NaN,0,20.1,14.61305,0,-13.80104,-0.6866,0,0.727,633.8431,0,1,0,0,-0.727,0,-0.6866,441.3018,0,0,0,1
800.0817,800.08,0.014478,0.01694,810.6171,634.1335,0,441.0238,3.860943,3.860943,24.87893,NaN,NaN,NaN,NaN,0,20.1,14.49265,0,-13.92743,-0.6929,0,0.721,634.1335,0,1,0,0,-0.721,0,-0.6929,441.0238,0,0,0,1
800.0959,800.09,0.014205,0.016393,810.6307,634.2778,0,440.8839,3.860188,3.860188,25.09865,NaN,NaN,NaN,NaN,0,20.1,14.4315,0,-13.99078,-0.6961,0,0.718,634.2778,0,1,0,0,-0.718,0,-0.6961,440.8839,0,0,0,1
800.1115,800.11,0.015554,0.016225,810.6475,634.5645,0,440.6022,3.853683,3.853683,25.27443,NaN,NaN,NaN,NaN,0,20.1,14.30751,0,-14.11755,-0.7024,0,0.7118,634.5645,0,1,0,0,-0.7118,0,-0.7024,440.6022,0,0,0,1
800.1262,800.12,0.014788,0.015938,810.6607,634.707,0,440.4604,3.851624,3.851624,25.39162,NaN,NaN,NaN,NaN,0,20.1,14.2448,0,-14.18082,-0.7055,0,0.7087,634.707,0,1,0,0,-0.7087,0,-0.7055,440.4604,0,0,0,1
800.144,800.14,0.017814,0.016313,810.6789,634.99,0,440.1749,3.847427,3.847427,25.41726,NaN,NaN,NaN,NaN,0,20.1,14.11843,0,-14.30665,-0.7118,0,0.7024,634.99,0,1,0,0,-0.7024,0,-0.7118,440.1749,0,0,0,1
800.1563,800.15,0.012172,0.015485,810.6906,635.1306,0,440.0313,3.843548,3.843548,25.41726,NaN,NaN,NaN,NaN,0,20.1,14.05482,0,-14.36914,-0.7149,0,0.6992,635.1306,0,1,0,0,-0.6992,0,-0.7149,440.0313,0,0,0,1
800.1673,800.16,0.011055,0.014599,810.7018,635.2704,0,439.8869,3.840539,3.840539,25.41726,NaN,NaN,NaN,NaN,0,20.1,13.99094,0,-14.43134,-0.718,0,0.6961,635.2704,0,1,0,0,-0.6961,0,-0.718,439.8869,0,0,0,1
800.1824,800.18,0.015106,0.0147,810.7173,635.5483,0,439.5965,3.836659,3.836659,25.41726,NaN,NaN,NaN,NaN,0,20.1,13.86235,0,-14.55491,-0.7241,0,0.6897,635.5483,0,1,0,0,-0.6897,0,-0.7241,439.5965,0,0,0,1
800.1992,800.19,0.016796,0.015119,810.7336,635.6863,0,439.4503,3.831784,3.831784,25.40993,NaN,NaN,NaN,NaN,0,20.1,13.79767,0,-14.61624,-0.7272,0,0.6865,635.6863,0,1,0,0,-0.6865,0,-0.7272,439.4503,0,0,0,1
800.2107,800.21,0.011504,0.014396,810.7458,635.9603,0,439.1562,3.8246,3.8246,25.39894,NaN,NaN,NaN,NaN,0,20.1,13.66754,0,-14.73799,-0.7332,0,0.68,635.9603,0,1,0,0,-0.68,0,-0.7332,439.1562,0,0,0,1
800.2224,800.22,0.011704,0.013858,810.7569,636.0964,0,439.0082,3.822138,3.822138,25.39894,NaN,NaN,NaN,NaN,0,20.1,13.60207,0,-14.79844,-0.7362,0,0.6767,636.0964,0,1,0,0,-0.6767,0,-0.7362,439.0082,0,0,0,1
800.2352,800.23,0.012862,0.013659,810.7698,636.2318,0,438.8596,3.818298,3.818298,25.39528,NaN,NaN,NaN,NaN,0,20.1,13.53635,0,-14.85858,-0.7392,0,0.6735,636.2318,0,1,0,0,-0.6735,0,-0.7392,438.8596,0,0,0,1
800.2473,800.24,0.01208,0.013343,810.7819,636.3665,0,438.7104,3.813314,3.813314,25.39528,NaN,NaN,NaN,NaN,0,20.1,13.47036,0,-14.91843,-0.7422,0,0.6702,636.3665,0,1,0,0,-0.6702,0,-0.7422,438.7104,0,0,0,1
800.2604,800.26,0.013122,0.013299,810.7953,636.6339,0,438.4103,3.80572,3.80572,25.39162,NaN,NaN,NaN,NaN,0,20.1,13.3376,0,-15.03724,-0.7481,0,0.6636,636.6339,0,1,0,0,-0.6636,0,-0.7481,438.4103,0,0,0,1
800.2722,800.27,0.011784,0.012996,810.8068,636.7665,0,438.2593,3.803156,3.803156,25.39162,NaN,NaN,NaN,NaN,0,20.1,13.27083,0,-15.09619,-0.7511,0,0.6602,636.7665,0,1,0,0,-0.6602,0,-0.7511,438.2593,0,0,0,1
800.2837,800.28,0.011473,0.012691,810.8182,636.8986,0,438.1078,3.797239,3.797239,25.39162,NaN,NaN,NaN,NaN,0,20.1,13.2038,0,-15.15486,-0.754,0,0.6569,636.8986,0,1,0,0,-0.6569,0,-0.754,438.1078,0,0,0,1
800.2954,800.29,0.011705,0.012494,810.8299,637.0299,0,437.9557,3.792031,3.792031,25.39162,NaN,NaN,NaN,NaN,0,20.1,13.13651,0,-15.21322,-0.7569,0,0.6536,637.0299,0,1,0,0,-0.6536,0,-0.7569,437.9557,0,0,0,1
800.3069,800.3,0.011506,0.012296,810.8413,637.1606,0,437.8029,3.787657,3.787657,25.38063,NaN,NaN,NaN,NaN,0,20.1,13.06899,0,-15.27126,-0.7598,0,0.6502,637.1606,0,1,0,0,-0.6502,0,-0.7598,437.8029,0,0,0,1
800.3187,800.31,0.011744,0.012186,810.8532,637.2906,0,437.6497,3.784091,3.784091,25.38063,NaN,NaN,NaN,NaN,0,20.1,13.00121,0,-15.329,-0.7626,0,0.6468,637.2906,0,1,0,0,-0.6468,0,-0.7626,437.6497,0,0,0,1
800.3316,800.33,0.012917,0.012332,810.8663,637.5486,0,437.3413,3.773252,3.773252,25.38063,NaN,NaN,NaN,NaN,0,20.1,12.8649,0,-15.44359,-0.7683,0,0.64,637.5486,0,1,0,0,-0.64,0,-0.7683,437.3413,0,0,0,1
800.3432,800.34,0.011626,0.012191,810.8777,637.6765,0,437.1863,3.767912,3.767912,25.38063,NaN,NaN,NaN,NaN,0,20.1,12.79636,0,-15.50043,-0.7712,0,0.6366,637.6765,0,1,0,0,-0.6366,0,-0.7712,437.1863,0,0,0,1
800.3555,800.35,0.012277,0.012208,810.89,637.8038,0,437.0308,3.763293,3.763293,25.38063,NaN,NaN,NaN,NaN,0,20.1,12.72758,0,-15.55696,-0.774,0,0.6332,637.8038,0,1,0,0,-0.6332,0,-0.774,437.0308,0,0,0,1
800.3667,800.36,0.011221,0.012011,810.9011,637.9304,0,436.8746,3.759529,3.759529,25.38063,NaN,NaN,NaN,NaN,0,20.1,12.65854,0,-15.61318,-0.7768,0,0.6298,637.9304,0,1,0,0,-0.6298,0,-0.7768,436.8746,0,0,0,1
800.3781,800.37,0.011385,0.011886,810.9127,638.0563,0,436.718,3.752757,3.752757,25.38063,NaN,NaN,NaN,NaN,0,20.1,12.58925,0,-15.66911,-0.7796,0,0.6263,638.0563,0,1,0,0,-0.6263,0,-0.7796,436.718,0,0,0,1
800.3891,800.38,0.011026,0.011714,810.9235,638.1815,0,436.5607,3.746436,3.746436,25.38063,NaN,NaN,NaN,NaN,0,20.1,12.51972,0,-15.72472,-0.7823,0,0.6229,638.1815,0,1,0,0,-0.6229,0,-0.7823,436.5607,0,0,0,1
800.4014,800.4,0.012231,0.011817,810.9363,638.4298,0,436.2445,3.736134,3.736134,25.38063,NaN,NaN,NaN,NaN,0,20.1,12.37991,0,-15.83502,-0.7878,0,0.6159,638.4298,0,1,0,0,-0.6159,0,-0.7878,436.2445,0,0,0,1
800.4213,800.42,0.019897,0.013433,810.9562,638.6753,0,435.9262,3.723374,3.723374,25.39528,NaN,NaN,NaN,NaN,0,20.1,12.23906,0,-15.94414,-0.7932,0,0.6089,638.6753,0,1,0,0,-0.6089,0,-0.7932,435.9262,0,0,0,1
800.4332,800.43,0.011928,0.013132,810.9678,638.797,0,435.7662,3.716821,3.716821,25.41726,NaN,NaN,NaN,NaN,0,20.1,12.16821,0,-15.99827,-0.7959,0,0.6054,638.797,0,1,0,0,-0.6054,0,-0.7959,435.7662,0,0,0,1
800.4457,800.44,0.01248,0.013001,810.9803,638.918,0,435.6057,3.711036,3.711036,25.44655,NaN,NaN,NaN,NaN,0,20.1,12.09703,0,-16.05216,-0.7986,0,0.6018,638.918,0,1,0,0,-0.6018,0,-0.7986,435.6057,0,0,0,1
800.4589,800.45,0.013282,0.013058,810.9937,639.0382,0,435.4446,3.706121,3.706121,25.48317,NaN,NaN,NaN,NaN,0,20.1,12.02552,0,-16.10581,-0.8013,0,0.5983,639.0382,0,1,0,0,-0.5983,0,-0.8013,435.4446,0,0,0,1
800.472,800.47,0.013126,0.013071,811.0071,639.2766,0,435.1208,3.691142,3.691142,25.5674,NaN,NaN,NaN,NaN,0,20.1,11.8813,0,-16.21248,-0.8066,0,0.5911,639.2766,0,1,0,0,-0.5911,0,-0.8066,435.1208,0,0,0,1
800.4859,800.48,0.013828,0.013222,811.0205,639.3947,0,434.9582,3.684438,3.684438,25.72121,NaN,NaN,NaN,NaN,0,20.1,11.8084,0,-16.26566,-0.8092,0,0.5875,639.3947,0,1,0,0,-0.5875,0,-0.8092,434.9582,0,0,0,1
800.4991,800.49,0.013255,0.013229,811.0338,639.512,0,434.795,3.678535,3.678535,25.8787,NaN,NaN,NaN,NaN,0,20.1,11.73482,0,-16.31883,-0.8119,0,0.5838,639.512,0,1,0,0,-0.5838,0,-0.8119,434.795,0,0,0,1
800.5121,800.51,0.01302,0.013187,811.0474,639.7444,0,434.467,3.664095,3.664095,26.09842,NaN,NaN,NaN,NaN,0,20.1,11.58566,0,-16.42505,-0.8172,0,0.5764,639.7444,0,1,0,0,-0.5764,0,-0.8172,434.467,0,0,0,1
800.5349,800.53,0.022703,0.01509,811.0699,639.9739,0,434.137,3.649729,3.649729,26.33646,NaN,NaN,NaN,NaN,0,20.1,11.43418,0,-16.53087,-0.8224,0,0.5689,639.9739,0,1,0,0,-0.5689,0,-0.8224,434.137,0,0,0,1
800.5564,800.55,0.021506,0.016373,811.0915,640.2003,0,433.8047,3.635909,3.635909,26.721,NaN,NaN,NaN,NaN,0,20.1,11.2795,0,-16.6368,-0.8277,0,0.5612,640.2003,0,1,0,0,-0.5612,0,-0.8277,433.8047,0,0,0,1
800.5711,800.57,0.01475,0.016049,811.1061,640.4235,0,433.4704,3.619977,3.619977,27.16777,NaN,NaN,NaN,NaN,0,20.1,11.12122,0,-16.74302,-0.833,0,0.5533,640.4235,0,1,0,0,-0.5533,0,-0.833,433.4704,0,0,0,1
800.5841,800.58,0.012997,0.015438,811.1188,640.5339,0,433.3025,3.613388,3.613388,27.45708,NaN,NaN,NaN,NaN,0,20.1,11.04086,0,-16.79612,-0.8356,0,0.5493,640.5339,0,1,0,0,-0.5493,0,-0.8356,433.3025,0,0,0,1
800.5962,800.59,0.012098,0.01477,811.1309,640.6435,0,433.134,3.607166,3.607166,27.68048,NaN,NaN,NaN,NaN,0,20.1,10.95958,0,-16.84927,-0.8383,0,0.5453,640.6435,0,1,0,0,-0.5453,0,-0.8383,433.134,0,0,0,1
800.6072,800.6,0.010992,0.014015,811.1418,640.7523,0,432.9649,3.59805,3.59805,27.88922,NaN,NaN,NaN,NaN,0,20.1,10.87744,0,-16.90241,-0.8409,0,0.5412,640.7523,0,1,0,0,-0.5412,0,-0.8409,432.9649,0,0,0,1
800.6199,800.61,0.012683,0.013748,811.1546,640.8602,0,432.7954,3.589842,3.589842,28.10895,NaN,NaN,NaN,NaN,0,20.1,10.79438,0,-16.95557,-0.8436,0,0.537,640.8602,0,1,0,0,-0.537,0,-0.8436,432.7954,0,0,0,1
800.6328,800.63,0.012833,0.013565,811.1677,641.0736,0,432.4547,3.576182,3.576182,28.31403,NaN,NaN,NaN,NaN,0,20.1,10.62628,0,-17.06143,-0.8488,0,0.5287,641.0736,0,1,0,0,-0.5287,0,-0.8488,432.4547,0,0,0,1
800.6447,800.64,0.011968,0.013246,811.1793,641.179,0,432.2835,3.568536,3.568536,28.51911,NaN,NaN,NaN,NaN,0,20.1,10.54123,0,-17.11411,-0.8514,0,0.5244,641.179,0,1,0,0,-0.5244,0,-0.8514,432.2835,0,0,0,1
800.6669,800.66,0.022208,0.015038,811.2018,641.3873,0,431.9397,3.551878,3.551878,28.66194,NaN,NaN,NaN,NaN,0,20.1,10.36948,0,-17.21871,-0.8567,0,0.5159,641.3873,0,1,0,0,-0.5159,0,-0.8567,431.9397,0,0,0,1
800.6805,800.68,0.013553,0.014741,811.2157,641.592,0,431.5938,3.53907,3.53907,28.86336,NaN,NaN,NaN,NaN,0,20.1,10.19547,0,-17.32231,-0.8618,0,0.5072,641.592,0,1,0,0,-0.5072,0,-0.8618,431.5938,0,0,0,1
800.701,800.7,0.020532,0.015899,811.2359,641.7933,0,431.2458,3.521598,3.521598,28.93294,NaN,NaN,NaN,NaN,0,20.1,10.02001,0,-17.4244,-0.8669,0,0.4985,641.7933,0,1,0,0,-0.4985,0,-0.8669,431.2458,0,0,0,1
800.7141,800.71,0.013117,0.015343,811.2486,641.8926,0,431.071,3.514242,3.514242,28.95491,NaN,NaN,NaN,NaN,0,20.1,9.931824,0,-17.47481,-0.8694,0,0.4941,641.8926,0,1,0,0,-0.4941,0,-0.8694,431.071,0,0,0,1
800.7264,800.72,0.012286,0.014732,811.2609,641.9911,0,430.8958,3.507753,3.507753,28.95491,NaN,NaN,NaN,NaN,0,20.1,9.843387,0,-17.52478,-0.8719,0,0.4897,641.9911,0,1,0,0,-0.4897,0,-0.8719,430.8958,0,0,0,1
800.7382,800.73,0.01178,0.014141,811.2726,642.0886,0,430.72,3.500632,3.500632,28.95491,NaN,NaN,NaN,NaN,0,20.1,9.754699,0,-17.5743,-0.8743,0,0.4853,642.0886,0,1,0,0,-0.4853,0,-0.8743,430.72,0,0,0,1
800.7501,800.75,0.011912,0.013695,811.2849,642.2811,0,430.3671,3.483896,3.483896,28.95491,NaN,NaN,NaN,NaN,0,20.1,9.576577,0,-17.67199,-0.8792,0,0.4764,642.2811,0,1,0,0,-0.4764,0,-0.8792,430.3671,0,0,0,1
800.7634,800.76,0.013288,0.013614,811.2979,642.3759,0,430.1898,3.476988,3.476988,28.95491,NaN,NaN,NaN,NaN,0,20.1,9.487149,0,-17.72016,-0.8816,0,0.472,642.3759,0,1,0,0,-0.472,0,-0.8816,430.1898,0,0,0,1
800.7747,800.77,0.011262,0.013143,811.3091,642.4699,0,430.0122,3.470948,3.470948,28.95491,NaN,NaN,NaN,NaN,0,20.1,9.397477,0,-17.76788,-0.884,0,0.4675,642.4699,0,1,0,0,-0.4675,0,-0.884,430.0122,0,0,0,1
800.7867,800.78,0.012088,0.012932,811.3211,642.563,0,429.834,3.462467,3.462467,28.95491,NaN,NaN,NaN,NaN,0,20.1,9.307567,0,-17.81514,-0.8863,0,0.4631,642.563,0,1,0,0,-0.4631,0,-0.8863,429.834,0,0,0,1
800.798,800.79,0.01129,0.012604,811.3325,642.6552,0,429.6554,3.454116,3.454116,28.95491,NaN,NaN,NaN,NaN,0,20.1,9.217417,0,-17.86195,-0.8887,0,0.4586,642.6552,0,1,0,0,-0.4586,0,-0.8887,429.6554,0,0,0,1
800.8134,800.81,0.01533,0.013149,811.3481,642.8368,0,429.2968,3.440127,3.440127,28.95491,NaN,NaN,NaN,NaN,0,20.1,9.036416,0,-17.9542,-0.8932,0,0.4496,642.8368,0,1,0,0,-0.4496,0,-0.8932,429.2968,0,0,0,1
800.826,800.82,0.012629,0.013045,811.3605,642.9263,0,429.1168,3.433632,3.433632,28.95491,NaN,NaN,NaN,NaN,0,20.1,8.945568,0,-17.99963,-0.8955,0,0.4451,642.9263,0,1,0,0,-0.4451,0,-0.8955,429.1168,0,0,0,1
800.8439,800.84,0.017925,0.014021,811.3791,643.1025,0,428.7555,3.416801,3.416801,28.95125,NaN,NaN,NaN,NaN,0,20.1,8.763212,0,-18.08912,-0.9,0,0.436,643.1025,0,1,0,0,-0.436,0,-0.9,428.7555,0,0,0,1
800.8574,800.85,0.013439,0.013905,811.3919,643.1892,0,428.5741,3.409786,3.409786,28.92928,NaN,NaN,NaN,NaN,0,20.1,8.671767,0,-18.13313,-0.9021,0,0.4314,643.1892,0,1,0,0,-0.4314,0,-0.9021,428.5741,0,0,0,1
800.8774,800.87,0.020087,0.015141,811.4124,643.3599,0,428.2102,3.395876,3.395876,28.89998,NaN,NaN,NaN,NaN,0,20.1,8.488403,0,-18.21969,-0.9065,0,0.4223,643.3599,0,1,0,0,-0.4223,0,-0.9065,428.2102,0,0,0,1
800.8912,800.89,0.013751,0.014863,811.4262,643.527,0,427.8445,3.380001,3.380001,28.83406,NaN,NaN,NaN,NaN,0,20.1,8.304595,0,-18.3042,-0.9107,0,0.4132,643.527,0,1,0,0,-0.4132,0,-0.9107,427.8445,0,0,0,1
800.9036,800.9,0.012399,0.01437,811.4382,643.6091,0,427.661,3.373413,3.373413,28.78279,NaN,NaN,NaN,NaN,0,20.1,8.212538,0,-18.34569,-0.9127,0,0.4086,643.6091,0,1,0,0,-0.4086,0,-0.9127,427.661,0,0,0,1
800.9162,800.91,0.012631,0.014022,811.4508,643.6903,0,427.4772,3.367617,3.367617,28.74251,NaN,NaN,NaN,NaN,0,20.1,8.120403,0,-18.38666,-0.9148,0,0.404,643.6903,0,1,0,0,-0.404,0,-0.9148,427.4772,0,0,0,1
