time,fixedTime,deltaTime,smoothDeltaTime,realtimeSinceStartup,pos_x,pos_y,pos_z,distFromRoadCenter,signedDistFromRoadCenter,wheelAngle,obstacle_pos_x,obstacle_pos_y,obstacle_pos_z,distance_to_obstacle,brake_position,car_speed,car_vel_x,car_vel_y,car_vel_z,simplecar_4x4_R0C0,simplecar_4x4_R0C1,simplecar_4x4_R0C2,simplecar_4x4_R0C3,simplecar_4x4_R1C0,simplecar_4x4_R1C1,simplecar_4x4_R1C2,simplecar_4x4_R1C3,simplecar_4x4_R2C0,simplecar_4x4_R2C1,simplecar_4x4_R2C2,simplecar_4x4_R2C3,simplecar_4x4_R3C0,simplecar_4x4_R3C1,simplecar_4x4_R3C2,simplecar_4x4_R3C3
676.477,676.47,0.013278,0.014463,687.0173,-465.0829,0,-428.151,2.117126,2.117126,0.47792,NaN,NaN,NaN,NaN,0,20.1,16.03201,0,12.12372,0.6032,0,0.7976,-465.0829,0,1,0,0,-0.7976,0,0.6032,-428.151,0,0,0,1
676.4957,676.49,0.0187,0.015311,687.0304,-464.7623,0,-427.9086,2.123492,2.123492,0.47792,NaN,NaN,NaN,NaN,0,20.1,16.03403,0,12.12105,0.603,0,0.7977,-464.7623,0,1,0,0,-0.7977,0,0.603,-427.9086,0,0,0,1
676.5103,676.51,0.014557,0.01516,687.045,-464.4416,0,-427.6662,2.129908,2.129908,0.47792,NaN,NaN,NaN,NaN,0,20.1,16.03606,0,12.11837,0.6029,0,0.7978,-464.4416,0,1,0,0,-0.7978,0,0.6029,-427.6662,0,0,0,1
676.5236,676.52,0.013391,0.014806,687.0582,-464.2812,0,-427.545,2.133107,2.133107,0.47792,NaN,NaN,NaN,NaN,0,20.1,16.03707,0,12.11703,0.6028,0,0.7979,-464.2812,0,1,0,0,-0.7979,0,0.6028,-427.545,0,0,0,1
676.5479,676.54,0.024304,0.016706,687.0828,-463.9604,0,-427.3027,2.139627,2.139627,0.47792,NaN,NaN,NaN,NaN,0,20.1,16.03909,0,12.11435,0.6027,0,0.798,-463.9604,0,1,0,0,-0.798,0,0.6027,-427.3027,0,0,0,1
676.5654,676.56,0.017495,0.016864,687.1005,-463.6396,0,-427.0605,2.146214,2.146214,0.47792,NaN,NaN,NaN,NaN,0,20.1,16.04111,0,12.11168,0.6026,0,0.7981,-463.6396,0,1,0,0,-0.7981,0,0.6026,-427.0605,0,0,0,1
676.5794,676.57,0.013972,0.016285,687.1139,-463.4792,0,-426.9394,2.149541,2.149541,0.47792,NaN,NaN,NaN,NaN,0,20.1,16.04212,0,12.11034,0.6025,0,0.7981,-463.4792,0,1,0,0,-0.7981,0,0.6025,-426.9394,0,0,0,1
676.593,676.59,0.013637,0.015756,687.1281,-463.1583,0,-426.6973,2.156238,2.156238,0.47792,NaN,NaN,NaN,NaN,0,20.1,16.04414,0,12.10766,0.6024,0,0.7982,-463.1583,0,1,0,0,-0.7982,0,0.6024,-426.6973,0,0,0,1
676.6102,676.61,0.017209,0.016046,687.1451,-462.8374,0,-426.4551,2.162977,2.162977,0.47792,NaN,NaN,NaN,NaN,0,20.1,16.04616,0,12.10499,0.6022,0,0.7983,-462.8374,0,1,0,0,-0.7983,0,0.6022,-426.4551,0,0,0,1
676.6319,676.63,0.021618,0.017161,687.1666,-462.5164,0,-426.213,2.16976,2.16976,0.47792,NaN,NaN,NaN,NaN,0,20.1,16.04818,0,12.10231,0.6021,0,0.7984,-462.5164,0,1,0,0,-0.7984,0,0.6021,-426.213,0,0,0,1
676.646,676.64,0.014112,0.016551,687.1805,-462.356,0,-426.092,2.173196,2.173196,0.47792,NaN,NaN,NaN,NaN,0,20.1,16.04919,0,12.10097,0.602,0,0.7985,-462.356,0,1,0,0,-0.7985,0,0.602,-426.092,0,0,0,1
676.6588,676.65,0.012789,0.015798,687.1935,-462.1955,0,-425.971,2.176609,2.176609,0.47792,NaN,NaN,NaN,NaN,0,20.1,16.0502,0,12.09963,0.602,0,0.7985,-462.1955,0,1,0,0,-0.7985,0,0.602,-425.971,0,0,0,1
676.6728,676.67,0.014041,0.015447,687.2075,-461.8744,0,-425.7291,2.183587,2.183587,0.47792,NaN,NaN,NaN,NaN,0,20.1,16.05222,0,12.09695,0.6018,0,0.7986,-461.8744,0,1,0,0,-0.7986,0,0.6018,-425.7291,0,0,0,1
676.6863,676.68,0.013483,0.015054,687.2208,-461.7139,0,-425.6082,2.187067,2.187067,0.47792,NaN,NaN,NaN,NaN,0,20.1,16.05323,0,12.09561,0.6018,0,0.7987,-461.7139,0,1,0,0,-0.7987,0,0.6018,-425.6082,0,0,0,1
676.701,676.7,0.014673,0.014978,687.2358,-461.3928,0,-425.3663,2.194154,2.194154,0.47792,NaN,NaN,NaN,NaN,0,20.1,16.05524,0,12.09294,0.6016,0,0.7988,-461.3928,0,1,0,0,-0.7988,0,0.6016,-425.3663,0,0,0,1
676.7236,676.72,0.022668,0.016516,687.2586,-461.0717,0,-425.1245,2.201241,2.201241,0.47792,NaN,NaN,NaN,NaN,0,20.1,16.05726,0,12.09026,0.6015,0,0.7989,-461.0717,0,1,0,0,-0.7989,0,0.6015,-425.1245,0,0,0,1
676.7438,676.74,0.020127,0.017238,687.2786,-460.7505,0,-424.8827,2.208439,2.208439,0.47792,NaN,NaN,NaN,NaN,0,20.1,16.05928,0,12.08758,0.6014,0,0.799,-460.7505,0,1,0,0,-0.799,0,0.6014,-424.8827,0,0,0,1
676.7579,676.75,0.014087,0.016608,687.2925,-460.5898,0,-424.7618,2.21209,2.21209,0.492568,NaN,NaN,NaN,NaN,0,20.1,16.06032,0,12.0862,0.6013,0,0.799,-460.5898,0,1,0,0,-0.799,0,0.6013,-424.7618,0,0,0,1
676.7729,676.77,0.015082,0.016303,687.3082,-460.2686,0,-424.5201,2.219354,2.219354,0.521865,NaN,NaN,NaN,NaN,0,20.1,16.06252,0,12.08328,0.6012,0,0.7991,-460.2686,0,1,0,0,-0.7991,0,0.6012,-424.5201,0,0,0,1
676.788,676.78,0.015126,0.016067,687.3226,-460.108,0,-424.3994,2.223029,2.223029,0.56581,NaN,NaN,NaN,NaN,0,20.1,16.06371,0,12.08169,0.6011,0,0.7992,-460.108,0,1,0,0,-0.7992,0,0.6011,-424.3994,0,0,0,1
676.8013,676.8,0.013221,0.015498,687.3362,-459.7867,0,-424.1578,2.23044,2.23044,0.613418,NaN,NaN,NaN,NaN,0,20.1,16.0663,0,12.07825,0.6009,0,0.7993,-459.7867,0,1,0,0,-0.7993,0,0.6009,-424.1578,0,0,0,1
676.822,676.82,0.020751,0.016549,687.3571,-459.4653,0,-423.9163,2.237919,2.237919,0.668349,NaN,NaN,NaN,NaN,0,20.1,16.06911,0,12.0745,0.6007,0,0.7995,-459.4653,0,1,0,0,-0.7995,0,0.6007,-423.9163,0,0,0,1
676.8433,676.84,0.021322,0.017503,687.3784,-459.1439,0,-423.6749,2.245592,2.245592,0.737929,NaN,NaN,NaN,NaN,0,20.1,16.07222,0,12.07036,0.6005,0,0.7996,-459.1439,0,1,0,0,-0.7996,0,0.6005,-423.6749,0,0,0,1
676.8576,676.85,0.014236,0.01685,687.3923,-458.9831,0,-423.5542,2.24942,2.24942,0.814834,NaN,NaN,NaN,NaN,0,20.1,16.07394,0,12.06808,0.6004,0,0.7997,-458.9831,0,1,0,0,-0.7997,0,0.6004,-423.5542,0,0,0,1
676.8725,676.87,0.014935,0.016467,687.4075,-458.6616,0,-423.3128,2.257161,2.257161,0.851455,NaN,NaN,NaN,NaN,0,20.1,16.07753,0,12.0633,0.6002,0,0.7999,-458.6616,0,1,0,0,-0.7999,0,0.6002,-423.3128,0,0,0,1
676.8878,676.88,0.01522,0.016217,687.4223,-458.5008,0,-423.1923,2.261117,2.261117,0.902724,NaN,NaN,NaN,NaN,0,20.1,16.07943,0,12.06077,0.6,0,0.8,-458.5008,0,1,0,0,-0.8,0,0.6,-423.1923,0,0,0,1
676.9019,676.9,0.014142,0.015802,687.4367,-458.1791,0,-422.9511,2.26912,2.26912,0.953994,NaN,NaN,NaN,NaN,0,20.1,16.08344,0,12.05541,0.5998,0,0.8002,-458.1791,0,1,0,0,-0.8002,0,0.5998,-422.9511,0,0,0,1
676.9206,676.92,0.018706,0.016383,687.4554,-457.8574,0,-422.7101,2.277251,2.277251,1.005263,NaN,NaN,NaN,NaN,0,20.1,16.08767,0,12.04977,0.5995,0,0.8004,-457.8574,0,1,0,0,-0.8004,0,0.5995,-422.7101,0,0,0,1
676.9347,676.93,0.014132,0.015933,687.4694,-457.6965,0,-422.5897,2.281341,2.281341,1.111465,NaN,NaN,NaN,NaN,0,20.1,16.09001,0,12.04665,0.5993,0,0.8005,-457.6965,0,1,0,0,-0.8005,0,0.5993,-422.5897,0,0,0,1
676.9547,676.95,0.019991,0.016745,687.4897,-457.3746,0,-422.3489,2.289686,2.289686,1.214004,NaN,NaN,NaN,NaN,0,20.1,16.09511,0,12.03982,0.599,0,0.8008,-457.3746,0,1,0,0,-0.8008,0,0.599,-422.3489,0,0,0,1
676.9688,676.96,0.014121,0.01622,687.5035,-457.2137,0,-422.2285,2.293947,2.293947,1.415434,NaN,NaN,NaN,NaN,0,20.1,16.09809,0,12.03585,0.5988,0,0.8009,-457.2137,0,1,0,0,-0.8009,0,0.5988,-422.2285,0,0,0,1
676.9828,676.98,0.01399,0.015774,687.5178,-456.8916,0,-421.9879,2.302598,2.302598,1.591215,NaN,NaN,NaN,NaN,0,20.1,16.10477,0,12.0269,0.5984,0,0.8012,-456.8916,0,1,0,0,-0.8012,0,0.5984,-421.9879,0,0,0,1
676.998,676.99,0.015176,0.015654,687.5327,-456.7305,0,-421.8677,2.307036,2.307036,1.810942,NaN,NaN,NaN,NaN,0,20.1,16.10857,0,12.02181,0.5981,0,0.8014,-456.7305,0,1,0,0,-0.8014,0,0.5981,-421.8677,0,0,0,1
677.0125,677.01,0.014511,0.015426,687.5475,-456.4082,0,-421.6275,2.316083,2.316083,2.037992,NaN,NaN,NaN,NaN,0,20.1,16.11712,0,12.01035,0.5975,0,0.8018,-456.4082,0,1,0,0,-0.8018,0,0.5975,-421.6275,0,0,0,1
677.0322,677.03,0.019724,0.016285,687.5674,-456.0858,0,-421.3875,2.325453,2.325453,2.345624,NaN,NaN,NaN,NaN,0,20.1,16.12695,0,11.99715,0.5969,0,0.8023,-456.0858,0,1,0,0,-0.8023,0,0.5969,-421.3875,0,0,0,1
677.0483,677.04,0.016128,0.016254,687.5831,-455.9244,0,-421.2676,2.330258,2.330258,2.744794,NaN,NaN,NaN,NaN,0,20.1,16.13269,0,11.98942,0.5965,0,0.8026,-455.9244,0,1,0,0,-0.8026,0,0.5965,-421.2676,0,0,0,1
677.066,677.06,0.017681,0.016539,687.6019,-455.6016,0,-421.028,2.340215,2.340215,3.037763,NaN,NaN,NaN,NaN,0,20.1,16.1454,0,11.97231,0.5956,0,0.8033,-455.6016,0,1,0,0,-0.8033,0,0.5956,-421.028,0,0,0,1
677.0805,677.08,0.014481,0.016128,687.6155,-455.2785,0,-420.7889,2.350672,2.350672,3.447933,NaN,NaN,NaN,NaN,0,20.1,16.1598,0,11.95287,0.5947,0,0.804,-455.2785,0,1,0,0,-0.804,0,0.5947,-420.7889,0,0,0,1
677.0941,677.09,0.013603,0.015623,687.6287,-455.1168,0,-420.6694,2.356044,2.356044,3.722591,NaN,NaN,NaN,NaN,0,20.1,16.16756,0,11.94237,0.5941,0,0.8044,-455.1168,0,1,0,0,-0.8044,0,0.5941,-420.6694,0,0,0,1
677.1082,677.1,0.014093,0.015317,687.6431,-454.955,0,-420.5501,2.361606,2.361606,3.942318,NaN,NaN,NaN,NaN,0,20.1,16.17577,0,11.93124,0.5936,0,0.8048,-454.955,0,1,0,0,-0.8048,0,0.5936,-420.5501,0,0,0,1
677.1214,677.12,0.013206,0.014895,687.6563,-454.6313,0,-420.3119,2.373131,2.373131,4.165707,NaN,NaN,NaN,NaN,0,20.1,16.1931,0,11.90771,0.5924,0,0.8056,-454.6313,0,1,0,0,-0.8056,0,0.5924,-420.3119,0,0,0,1
677.1359,677.13,0.014472,0.01481,687.6705,-454.4693,0,-420.1929,2.379108,2.379108,4.374461,NaN,NaN,NaN,NaN,0,20.1,16.20219,0,11.89534,0.5918,0,0.8061,-454.4693,0,1,0,0,-0.8061,0,0.5918,-420.1929,0,0,0,1
677.1546,677.15,0.018723,0.015593,687.6899,-454.145,0,-419.9554,2.391567,2.391567,4.557567,NaN,NaN,NaN,NaN,0,20.1,16.22109,0,11.86955,0.5905,0,0.807,-454.145,0,1,0,0,-0.807,0,0.5905,-419.9554,0,0,0,1
677.1692,677.16,0.014568,0.015388,687.7037,-453.9826,0,-419.8368,2.398069,2.398069,4.73701,NaN,NaN,NaN,NaN,0,20.1,16.2309,0,11.85613,0.5899,0,0.8075,-453.9826,0,1,0,0,-0.8075,0,0.5899,-419.8368,0,0,0,1
677.1891,677.18,0.019921,0.016294,687.7241,-453.6577,0,-419.6001,2.411529,2.411529,4.824901,NaN,NaN,NaN,NaN,0,20.1,16.25084,0,11.82878,0.5885,0,0.8085,-453.6577,0,1,0,0,-0.8085,0,0.5885,-419.6001,0,0,0,1
677.2026,677.2,0.013505,0.015737,687.7374,-453.3324,0,-419.3639,2.42568,2.42568,4.890819,NaN,NaN,NaN,NaN,0,20.1,16.27102,0,11.80102,0.5871,0,0.8095,-453.3324,0,1,0,0,-0.8095,0,0.5871,-419.3639,0,0,0,1
677.2159,677.21,0.013246,0.015238,687.7505,-453.1696,0,-419.2461,2.433006,2.433006,4.901805,NaN,NaN,NaN,NaN,0,20.1,16.28111,0,11.78709,0.5864,0,0.81,-453.1696,0,1,0,0,-0.81,0,0.5864,-419.2461,0,0,0,1
677.2288,677.22,0.012935,0.014778,687.7632,-453.0067,0,-419.1283,2.440509,2.440509,4.901805,NaN,NaN,NaN,NaN,0,20.1,16.29119,0,11.77316,0.5857,0,0.8105,-453.0067,0,1,0,0,-0.8105,0,0.5857,-419.1283,0,0,0,1
677.2422,677.24,0.013452,0.014513,687.7775,-452.6805,0,-418.8932,2.456009,2.456009,4.901805,NaN,NaN,NaN,NaN,0,20.1,16.31131,0,11.74527,0.5843,0,0.8115,-452.6805,0,1,0,0,-0.8115,0,0.5843,-418.8932,0,0,0,1
677.2569,677.25,0.014634,0.014537,687.7915,-452.5173,0,-418.776,2.464054,2.464054,4.901805,NaN,NaN,NaN,NaN,0,20.1,16.32135,0,11.73131,0.5836,0,0.812,-452.5173,0,1,0,0,-0.812,0,0.5836,-418.776,0,0,0,1
677.2778,677.27,0.020863,0.015802,687.8132,-452.1906,0,-418.5417,2.480598,2.480598,4.890819,NaN,NaN,NaN,NaN,0,20.1,16.34135,0,11.70343,0.5823,0,0.813,-452.1906,0,1,0,0,-0.813,0,0.5823,-418.5417,0,0,0,1
677.2988,677.29,0.021111,0.016864,687.8337,-451.8635,0,-418.3081,2.497819,2.497819,4.887156,NaN,NaN,NaN,NaN,0,20.1,16.3613,0,11.67553,0.5809,0,0.814,-451.8635,0,1,0,0,-0.814,0,0.5809,-418.3081,0,0,0,1
677.3124,677.31,0.01355,0.016201,687.8473,-451.5359,0,-418.075,2.515755,2.515755,4.87617,NaN,NaN,NaN,NaN,0,20.1,16.38114,0,11.64767,0.5795,0,0.815,-451.5359,0,1,0,0,-0.815,0,0.5795,-418.075,0,0,0,1
677.3251,677.32,0.012688,0.015498,687.8597,-451.372,0,-417.9587,2.524973,2.524973,4.87617,NaN,NaN,NaN,NaN,0,20.1,16.39105,0,11.63372,0.5788,0,0.8155,-451.372,0,1,0,0,-0.8155,0,0.5788,-417.9587,0,0,0,1
677.3388,677.33,0.013728,0.015144,687.8733,-451.208,0,-417.8425,2.534344,2.534344,4.87617,NaN,NaN,NaN,NaN,0,20.1,16.40095,0,11.61977,0.5781,0,0.816,-451.208,0,1,0,0,-0.816,0,0.5781,-417.8425,0,0,0,1
677.3528,677.35,0.013943,0.014904,687.8875,-450.8797,0,-417.6105,2.553629,2.553629,4.87617,NaN,NaN,NaN,NaN,0,20.1,16.4207,0,11.59184,0.5767,0,0.817,-450.8797,0,1,0,0,-0.817,0,0.5767,-417.6105,0,0,0,1
677.3663,677.36,0.013569,0.014637,687.9011,-450.7154,0,-417.4947,2.5635,2.5635,4.890819,NaN,NaN,NaN,NaN,0,20.1,16.43059,0,11.57781,0.576,0,0.8174,-450.7154,0,1,0,0,-0.8174,0,0.576,-417.4947,0,0,0,1
677.3808,677.38,0.014441,0.014598,687.9157,-450.3865,0,-417.2636,2.583847,2.583847,4.901805,NaN,NaN,NaN,NaN,0,20.1,16.45037,0,11.54968,0.5746,0,0.8184,-450.3865,0,1,0,0,-0.8184,0,0.5746,-417.2636,0,0,0,1
677.3989,677.39,0.018142,0.015307,687.9335,-450.2219,0,-417.1482,2.594286,2.594286,4.923778,NaN,NaN,NaN,NaN,0,20.1,16.46029,0,11.53554,0.5739,0,0.8189,-450.2219,0,1,0,0,-0.8189,0,0.5739,-417.1482,0,0,0,1
677.4135,677.41,0.014528,0.015151,687.9482,-449.8925,0,-416.918,2.615634,2.615634,4.956737,NaN,NaN,NaN,NaN,0,20.1,16.48023,0,11.50704,0.5725,0,0.8199,-449.8925,0,1,0,0,-0.8199,0,0.5725,-416.918,0,0,0,1
677.4326,677.43,0.019187,0.015958,687.9677,-449.5625,0,-416.6882,2.637702,2.637702,4.986033,NaN,NaN,NaN,NaN,0,20.1,16.50023,0,11.47834,0.5711,0,0.8209,-449.5625,0,1,0,0,-0.8209,0,0.5711,-416.6882,0,0,0,1
677.4474,677.44,0.014771,0.015721,687.9819,-449.3974,0,-416.5736,2.648966,2.648966,5.022655,NaN,NaN,NaN,NaN,0,20.1,16.51029,0,11.46388,0.5703,0,0.8214,-449.3974,0,1,0,0,-0.8214,0,0.5703,-416.5736,0,0,0,1
677.4623,677.46,0.014938,0.015564,687.9976,-449.0669,0,-416.3447,2.672054,2.672054,5.044627,NaN,NaN,NaN,NaN,0,20.1,16.53045,0,11.43478,0.5689,0,0.8224,-449.0669,0,1,0,0,-0.8224,0,0.5689,-416.3447,0,0,0,1
677.4782,677.47,0.015882,0.015628,688.013,-448.9015,0,-416.2306,2.683903,2.683903,5.073924,NaN,NaN,NaN,NaN,0,20.1,16.54057,0,11.42014,0.5682,0,0.8229,-448.9015,0,1,0,0,-0.8229,0,0.5682,-416.2306,0,0,0,1
677.4924,677.49,0.01424,0.01535,688.0274,-448.5704,0,-416.0026,2.708059,2.708059,5.073924,NaN,NaN,NaN,NaN,0,20.1,16.56077,0,11.39083,0.5667,0,0.8239,-448.5704,0,1,0,0,-0.8239,0,0.5667,-416.0026,0,0,0,1
677.5121,677.51,0.019665,0.016213,688.0474,-448.2389,0,-415.7752,2.732954,2.732954,5.081248,NaN,NaN,NaN,NaN,0,20.1,16.58094,0,11.36144,0.5652,0,0.8249,-448.2389,0,1,0,0,-0.8249,0,0.5652,-415.7752,0,0,0,1
677.5341,677.53,0.02199,0.017369,688.069,-447.907,0,-415.5485,2.758587,2.758587,5.081248,NaN,NaN,NaN,NaN,0,20.1,16.60107,0,11.33201,0.5638,0,0.8259,-447.907,0,1,0,0,-0.8259,0,0.5638,-415.5485,0,0,0,1
677.55,677.55,0.015944,0.017084,688.085,-447.5746,0,-415.3223,2.784893,2.784893,5.081248,NaN,NaN,NaN,NaN,0,20.1,16.62115,0,11.30255,0.5623,0,0.8269,-447.5746,0,1,0,0,-0.8269,0,0.5623,-415.3223,0,0,0,1
677.5657,677.56,0.015693,0.016805,688.1003,-447.4083,0,-415.2094,2.798329,2.798329,5.081248,NaN,NaN,NaN,NaN,0,20.1,16.63116,0,11.2878,0.5616,0,0.8274,-447.4083,0,1,0,0,-0.8274,0,0.5616,-415.2094,0,0,0,1
677.5817,677.58,0.015974,0.016639,688.1166,-447.0754,0,-414.9841,2.825702,2.825702,5.081248,NaN,NaN,NaN,NaN,0,20.1,16.65116,0,11.25828,0.5601,0,0.8284,-447.0754,0,1,0,0,-0.8284,0,0.5601,-414.9841,0,0,0,1
677.5982,677.59,0.016501,0.016611,688.1327,-446.9088,0,-414.8716,2.839639,2.839639,5.081248,NaN,NaN,NaN,NaN,0,20.1,16.66113,0,11.24352,0.5594,0,0.8289,-446.9088,0,1,0,0,-0.8289,0,0.5594,-414.8716,0,0,0,1
677.611,677.61,0.012775,0.015844,688.146,-446.5752,0,-414.6472,2.868075,2.868075,5.081248,NaN,NaN,NaN,NaN,0,20.1,16.68105,0,11.21395,0.5579,0,0.8299,-446.5752,0,1,0,0,-0.8299,0,0.5579,-414.6472,0,0,0,1
677.6317,677.63,0.02064,0.016803,688.1667,-446.2413,0,-414.4233,2.897207,2.897207,5.081248,NaN,NaN,NaN,NaN,0,20.1,16.70091,0,11.18434,0.5564,0,0.8309,-446.2413,0,1,0,0,-0.8309,0,0.5564,-414.4233,0,0,0,1
677.6475,677.64,0.015877,0.016618,688.1821,-446.0742,0,-414.3116,2.912102,2.912102,5.106883,NaN,NaN,NaN,NaN,0,20.1,16.71088,0,11.16945,0.5557,0,0.8314,-446.0742,0,1,0,0,-0.8314,0,0.5557,-414.3116,0,0,0,1
677.6627,677.66,0.015172,0.016329,688.1981,-445.7397,0,-414.0887,2.942321,2.942321,5.147166,NaN,NaN,NaN,NaN,0,20.1,16.73092,0,11.13941,0.5542,0,0.8324,-445.7397,0,1,0,0,-0.8324,0,0.5542,-414.0887,0,0,0,1
677.6769,677.67,0.01425,0.015913,688.2117,-445.5723,0,-413.9775,2.957716,2.957716,5.216761,NaN,NaN,NaN,NaN,0,20.1,16.74105,0,11.12417,0.5534,0,0.8329,-445.5723,0,1,0,0,-0.8329,0,0.5534,-413.9775,0,0,0,1
677.691,677.69,0.014029,0.015536,688.2263,-445.2372,0,-413.7554,2.989027,2.989027,5.315638,NaN,NaN,NaN,NaN,0,20.1,16.76167,0,11.09309,0.5519,0,0.8339,-445.2372,0,1,0,0,-0.8339,0,0.5519,-413.7554,0,0,0,1
677.7115,677.71,0.02051,0.016531,688.2469,-444.9016,0,-413.5341,3.021138,3.021138,5.469446,NaN,NaN,NaN,NaN,0,20.1,16.78281,0,11.06106,0.5503,0,0.835,-444.9016,0,1,0,0,-0.835,0,0.5503,-413.5341,0,0,0,1
677.7336,677.73,0.022105,0.017646,688.2691,-444.5656,0,-413.3134,3.05403,3.05403,5.733118,NaN,NaN,NaN,NaN,0,20.1,16.80492,0,11.02746,0.5486,0,0.8361,-444.5656,0,1,0,0,-0.8361,0,0.5486,-413.3134,0,0,0,1
677.7484,677.74,0.014816,0.01708,688.2831,-444.3975,0,-413.2033,3.070775,3.070775,6.11033,NaN,NaN,NaN,NaN,0,20.1,16.81667,0,11.00953,0.5477,0,0.8367,-444.3975,0,1,0,0,-0.8367,0,0.5477,-413.2033,0,0,0,1
677.7626,677.76,0.014228,0.016509,688.2977,-444.0607,0,-412.9837,3.104992,3.104992,6.384988,NaN,NaN,NaN,NaN,0,20.1,16.84117,0,10.97202,0.5459,0,0.8379,-444.0607,0,1,0,0,-0.8379,0,0.5459,-412.9837,0,0,0,1
677.7778,677.77,0.015232,0.016254,688.3126,-443.8922,0,-412.8741,3.122452,3.122452,6.740212,NaN,NaN,NaN,NaN,0,20.1,16.85406,0,10.9522,0.5449,0,0.8385,-443.8922,0,1,0,0,-0.8385,0,0.5449,-412.8741,0,0,0,1
677.7921,677.79,0.014179,0.015839,688.3276,-443.5547,0,-412.6557,3.158042,3.158042,7.051506,NaN,NaN,NaN,NaN,0,20.1,16.88097,0,10.91068,0.5428,0,0.8398,-443.5547,0,1,0,0,-0.8398,0,0.5428,-412.6557,0,0,0,1
677.8129,677.81,0.020814,0.016834,688.348,-443.2167,0,-412.4382,3.194676,3.194676,7.381096,NaN,NaN,NaN,NaN,0,20.1,16.90902,0,10.86715,0.5407,0,0.8412,-443.2167,0,1,0,0,-0.8412,0,0.5407,-412.4382,0,0,0,1
677.8321,677.83,0.019211,0.017309,688.3671,-442.878,0,-412.2215,3.232421,3.232421,7.776604,NaN,NaN,NaN,NaN,0,20.1,16.93846,0,10.82121,0.5384,0,0.8427,-442.878,0,1,0,0,-0.8427,0,0.5384,-412.2215,0,0,0,1
677.8455,677.84,0.013441,0.016536,688.3801,-442.7085,0,-412.1136,3.251706,3.251706,8.102546,NaN,NaN,NaN,NaN,0,20.1,16.95374,0,10.79725,0.5372,0,0.8435,-442.7085,0,1,0,0,-0.8435,0,0.5372,-412.1136,0,0,0,1
677.8594,677.85,0.013865,0.016002,688.3942,-442.5388,0,-412.0058,3.271253,3.271253,8.329597,NaN,NaN,NaN,NaN,0,20.1,16.96943,0,10.77259,0.5359,0,0.8443,-442.5388,0,1,0,0,-0.8443,0,0.5359,-412.0058,0,0,0,1
677.8734,677.87,0.01405,0.015611,688.4083,-442.1989,0,-411.7911,3.311276,3.311276,8.512702,NaN,NaN,NaN,NaN,0,20.1,17.00136,0,10.72212,0.5334,0,0.8458,-442.1989,0,1,0,0,-0.8458,0,0.5334,-411.7911,0,0,0,1
677.8874,677.88,0.013957,0.01528,688.422,-442.0287,0,-411.6841,3.331714,3.331714,8.651862,NaN,NaN,NaN,NaN,0,20.1,17.01753,0,10.69643,0.5322,0,0.8466,-442.0287,0,1,0,0,-0.8466,0,0.5322,-411.6841,0,0,0,1
677.9004,677.9,0.013022,0.014829,688.4354,-441.6879,0,-411.471,3.373587,3.373587,8.758063,NaN,NaN,NaN,NaN,0,20.1,17.05015,0,10.64436,0.5296,0,0.8483,-441.6879,0,1,0,0,-0.8483,0,0.5296,-411.471,0,0,0,1
677.9209,677.92,0.020488,0.015961,688.4561,-441.3464,0,-411.2589,3.416636,3.416636,8.816657,NaN,NaN,NaN,NaN,0,20.1,17.08283,0,10.59184,0.527,0,0.8499,-441.3464,0,1,0,0,-0.8499,0,0.527,-411.2589,0,0,0,1
677.9349,677.93,0.014021,0.015573,688.4696,-441.1754,0,-411.1533,3.438681,3.438681,8.886237,NaN,NaN,NaN,NaN,0,20.1,17.09924,0,10.56533,0.5256,0,0.8507,-441.1754,0,1,0,0,-0.8507,0,0.5256,-411.1533,0,0,0,1
677.9556,677.95,0.020707,0.0166,688.4905,-440.8329,0,-410.9428,3.480303,3.480303,8.926535,NaN,NaN,NaN,NaN,0,20.1,17.13207,0,10.512,0.523,0,0.8523,-440.8329,0,1,0,0,-0.8523,0,0.523,-410.9428,0,0,0,1
677.9698,677.96,0.014205,0.016121,688.5044,-440.6615,0,-410.8379,3.501317,3.501317,8.974142,NaN,NaN,NaN,NaN,0,20.1,17.14852,0,10.48515,0.5216,0,0.8532,-440.6615,0,1,0,0,-0.8532,0,0.5216,-410.8379,0,0,0,1
677.9832,677.98,0.013342,0.015565,688.518,-440.318,0,-410.629,3.544179,3.544179,8.996115,NaN,NaN,NaN,NaN,0,20.1,17.18136,0,10.43125,0.519,0,0.8548,-440.318,0,1,0,0,-0.8548,0,0.519,-410.629,0,0,0,1
677.9974,677.99,0.014208,0.015293,688.5319,-440.146,0,-410.525,3.562559,3.562559,9.025412,NaN,NaN,NaN,NaN,0,20.1,17.19777,0,10.40417,0.5176,0,0.8556,-440.146,0,1,0,0,-0.8556,0,0.5176,-410.525,0,0,0,1
678.0095,678,0.012101,0.014655,688.5443,-439.9739,0,-410.4212,3.581092,3.581092,9.04006,NaN,NaN,NaN,NaN,0,20.1,17.21416,0,10.37702,0.5163,0,0.8564,-439.9739,0,1,0,0,-0.8564,0,0.5163,-410.4212,0,0,0,1
678.0322,678.03,0.022774,0.016279,688.5681,-439.4565,0,-410.1116,3.637139,3.637139,9.062033,NaN,NaN,NaN,NaN,0,20.1,17.26321,0,10.29523,0.5122,0,0.8589,-439.4565,0,1,0,0,-0.8589,0,0.5122,-410.1116,0,0,0,1
678.0464,678.04,0.014156,0.015854,688.5811,-439.2837,0,-410.0089,3.653156,3.653156,9.113302,NaN,NaN,NaN,NaN,0,20.1,17.27956,0,10.26776,0.5108,0,0.8597,-439.2837,0,1,0,0,-0.8597,0,0.5108,-410.0089,0,0,0,1
678.0646,678.06,0.018149,0.016313,688.5997,-438.9376,0,-409.8044,3.685976,3.685976,9.149923,NaN,NaN,NaN,NaN,0,20.1,17.31227,0,10.21251,0.5081,0,0.8613,-438.9376,0,1,0,0,-0.8613,0,0.5081,-409.8044,0,0,0,1
678.079,678.07,0.014428,0.015936,688.6136,-438.7643,0,-409.7025,3.702779,3.702779,9.252462,NaN,NaN,NaN,NaN,0,20.1,17.32874,0,10.18454,0.5067,0,0.8621,-438.7643,0,1,0,0,-0.8621,0,0.5067,-409.7025,0,0,0,1
678.0919,678.09,0.012959,0.015341,688.6268,-438.4172,0,-409.4997,3.731243,3.731243,9.373312,NaN,NaN,NaN,NaN,0,20.1,17.36197,0,10.12779,0.5039,0,0.8638,-438.4172,0,1,0,0,-0.8638,0,0.5039,-409.4997,0,0,0,1
678.105,678.1,0.013106,0.014894,688.6395,-438.2434,0,-409.3987,3.745319,3.745319,9.50881,NaN,NaN,NaN,NaN,0,20.1,17.37875,0,10.09896,0.5024,0,0.8646,-438.2434,0,1,0,0,-0.8646,0,0.5024,-409.3987,0,0,0,1
678.1194,678.11,0.014395,0.014794,688.654,-438.0695,0,-409.298,3.759637,3.759637,9.695578,NaN,NaN,NaN,NaN,0,20.1,17.39582,0,10.06954,0.501,0,0.8655,-438.0695,0,1,0,0,-0.8655,0,0.501,-409.298,0,0,0,1
678.132,678.13,0.012496,0.014334,688.6671,-437.721,0,-409.0975,3.785516,3.785516,9.904332,NaN,NaN,NaN,NaN,0,20.1,17.43052,0,10.00934,0.498,0,0.8672,-437.721,0,1,0,0,-0.8672,0,0.498,-409.0975,0,0,0,1
678.1461,678.14,0.014197,0.014307,688.6807,-437.5466,0,-408.9977,3.797138,3.797138,10.0911,NaN,NaN,NaN,NaN,0,20.1,17.44813,0,9.978623,0.4964,0,0.8681,-437.5466,0,1,0,0,-0.8681,0,0.4964,-408.9977,0,0,0,1
678.1647,678.16,0.018574,0.01516,688.6998,-437.1971,0,-408.7991,3.821385,3.821385,10.35477,NaN,NaN,NaN,NaN,0,20.1,17.48408,0,9.915494,0.4933,0,0.8699,-437.1971,0,1,0,0,-0.8699,0,0.4933,-408.7991,0,0,0,1
678.179,678.17,0.014224,0.014973,688.7139,-437.022,0,-408.7003,3.832538,3.832538,10.74662,NaN,NaN,NaN,NaN,0,20.1,17.50265,0,9.882679,0.4917,0,0.8708,-437.022,0,1,0,0,-0.8708,0,0.4917,-408.7003,0,0,0,1
678.1981,678.19,0.019118,0.015802,688.7333,-436.6714,0,-408.5037,3.851556,3.851556,10.98833,NaN,NaN,NaN,NaN,0,20.1,17.54042,0,9.815473,0.4883,0,0.8727,-436.6714,0,1,0,0,-0.8727,0,0.4883,-408.5037,0,0,0,1
678.2121,678.21,0.014034,0.015448,688.7473,-436.3201,0,-408.3084,3.871914,3.871914,11.29595,NaN,NaN,NaN,NaN,0,20.1,17.57899,0,9.746235,0.4849,0,0.8746,-436.3201,0,1,0,0,-0.8746,0,0.4849,-408.3084,0,0,0,1
678.2252,678.22,0.013159,0.014991,688.7598,-436.1441,0,-408.2113,3.879769,3.879769,11.5523,NaN,NaN,NaN,NaN,0,20.1,17.59861,0,9.710772,0.4831,0,0.8756,-436.1441,0,1,0,0,-0.8756,0,0.4831,-408.2113,0,0,0,1
678.2376,678.23,0.012393,0.014471,688.7721,-435.9679,0,-408.1145,3.887285,3.887285,11.79401,NaN,NaN,NaN,NaN,0,20.1,17.61856,0,9.674525,0.4813,0,0.8765,-435.9679,0,1,0,0,-0.8765,0,0.4813,-408.1145,0,0,0,1
678.2509,678.25,0.013197,0.014216,688.7858,-435.6149,0,-407.9221,3.903338,3.903338,11.98444,NaN,NaN,NaN,NaN,0,20.1,17.65888,0,9.600735,0.4776,0,0.8786,-435.6149,0,1,0,0,-0.8786,0,0.4776,-407.9221,0,0,0,1
678.2659,678.26,0.015092,0.014391,688.8005,-435.4381,0,-407.8265,3.911248,3.911248,12.20783,NaN,NaN,NaN,NaN,0,20.1,17.67929,0,9.563088,0.4758,0,0.8796,-435.4381,0,1,0,0,-0.8796,0,0.4758,-407.8265,0,0,0,1
678.28,678.27,0.014032,0.01432,688.8147,-435.2611,0,-407.7313,3.916686,3.916686,12.41291,NaN,NaN,NaN,NaN,0,20.1,17.69997,0,9.524765,0.4739,0,0.8806,-435.2611,0,1,0,0,-0.8806,0,0.4739,-407.7313,0,0,0,1
678.2987,678.29,0.018725,0.015201,688.8337,-434.9065,0,-407.542,3.928661,3.928661,12.64728,NaN,NaN,NaN,NaN,0,20.1,17.74185,0,9.44653,0.47,0,0.8827,-434.9065,0,1,0,0,-0.8827,0,0.47,-407.542,0,0,0,1
678.3126,678.31,0.013874,0.014935,688.8475,-434.551,0,-407.3542,3.940133,3.940133,13.00984,NaN,NaN,NaN,NaN,0,20.1,17.78456,0,9.365863,0.466,0,0.8848,-434.551,0,1,0,0,-0.8848,0,0.466,-407.3542,0,0,0,1
678.3312,678.33,0.018626,0.015673,688.866,-434.1946,0,-407.1682,3.948178,3.948178,13.2845,NaN,NaN,NaN,NaN,0,20.1,17.8278,0,9.283293,0.4619,0,0.887,-434.1946,0,1,0,0,-0.887,0,0.4619,-407.1682,0,0,0,1
678.3447,678.34,0.013522,0.015243,688.8794,-434.0161,0,-407.0758,3.952831,3.952831,13.66904,NaN,NaN,NaN,NaN,0,20.1,17.8499,0,9.240735,0.4597,0,0.8881,-434.0161,0,1,0,0,-0.8881,0,0.4597,-407.0758,0,0,0,1
678.3572,678.35,0.012493,0.014693,688.8919,-433.8374,0,-406.9838,3.957903,3.957903,14.02792,NaN,NaN,NaN,NaN,0,20.1,17.87247,0,9.197005,0.4576,0,0.8892,-433.8374,0,1,0,0,-0.8892,0,0.4576,-406.9838,0,0,0,1
678.371,678.37,0.013761,0.014507,688.9062,-433.4793,0,-406.8012,3.962311,3.962311,14.37216,NaN,NaN,NaN,NaN,0,20.1,17.91838,0,9.107224,0.4531,0,0.8915,-433.4793,0,1,0,0,-0.8915,0,0.4531,-406.8012,0,0,0,1
678.3854,678.38,0.014447,0.014495,688.9201,-433.2999,0,-406.7106,3.96518,3.96518,14.786,NaN,NaN,NaN,NaN,0,20.1,17.94183,0,9.060953,0.4508,0,0.8926,-433.2999,0,1,0,0,-0.8926,0,0.4508,-406.7106,0,0,0,1
678.4,678.4,0.014595,0.014515,688.9356,-432.9404,0,-406.5308,3.970962,3.970962,15.25841,NaN,NaN,NaN,NaN,0,20.1,17.98983,0,8.965263,0.446,0,0.895,-432.9404,0,1,0,0,-0.895,0,0.446,-406.5308,0,0,0,1
678.4141,678.41,0.014114,0.014435,688.9487,-432.7602,0,-406.4417,3.971713,3.971713,15.74548,NaN,NaN,NaN,NaN,0,20.1,18.0144,0,8.915793,0.4436,0,0.8962,-432.7602,0,1,0,0,-0.8962,0,0.4436,-406.4417,0,0,0,1
678.4308,678.43,0.016758,0.014899,688.9659,-432.3992,0,-406.2649,3.974706,3.974706,16.24353,NaN,NaN,NaN,NaN,0,20.1,18.06467,0,8.813507,0.4385,0,0.8987,-432.3992,0,1,0,0,-0.8987,0,0.4385,-406.2649,0,0,0,1
678.443,678.44,0.01211,0.014341,688.9776,-432.2183,0,-406.1772,3.977002,3.977002,16.89174,NaN,NaN,NaN,NaN,0,20.1,18.09057,0,8.760212,0.4358,0,0.9,-432.2183,0,1,0,0,-0.9,0,0.4358,-406.1772,0,0,0,1
678.4554,678.45,0.012477,0.013968,688.9901,-432.0371,0,-406.0902,3.977051,3.977051,17.32387,NaN,NaN,NaN,NaN,0,20.1,18.11698,0,8.705473,0.4331,0,0.9013,-432.0371,0,1,0,0,-0.9013,0,0.4331,-406.0902,0,0,0,1
678.4769,678.47,0.021393,0.015453,689.0123,-431.674,0,-405.9178,3.977316,3.977316,17.76699,NaN,NaN,NaN,NaN,0,20.1,18.17062,0,8.592947,0.4275,0,0.904,-431.674,0,1,0,0,-0.904,0,0.4275,-405.9178,0,0,0,1
678.4908,678.49,0.013999,0.015162,689.0264,-431.3097,0,-405.7477,3.979313,3.979313,18.51042,NaN,NaN,NaN,NaN,0,20.1,18.22576,0,8.47536,0.4217,0,0.9068,-431.3097,0,1,0,0,-0.9068,0,0.4217,-405.7477,0,0,0,1
678.5044,678.5,0.013519,0.014834,689.0391,-431.1272,0,-405.6635,3.977932,3.977932,18.98649,NaN,NaN,NaN,NaN,0,20.1,18.25374,0,8.414919,0.4187,0,0.9081,-431.1272,0,1,0,0,-0.9081,0,0.4187,-405.6635,0,0,0,1
678.5178,678.51,0.013444,0.014556,689.0524,-430.9444,0,-405.58,3.97723,3.97723,19.3637,NaN,NaN,NaN,NaN,0,20.1,18.28208,0,8.353181,0.4156,0,0.9096,-430.9444,0,1,0,0,-0.9096,0,0.4156,-405.58,0,0,0,1
678.5305,678.53,0.012632,0.014171,689.0688,-430.5779,0,-405.4149,3.97766,3.97766,19.79583,NaN,NaN,NaN,NaN,0,20.1,18.33937,0,8.22665,0.4093,0,0.9124,-430.5779,0,1,0,0,-0.9124,0,0.4093,-405.4149,0,0,0,1
678.5526,678.55,0.02212,0.015761,689.0878,-430.2102,0,-405.2522,3.974991,3.974991,20.19135,NaN,NaN,NaN,NaN,0,20.1,18.39689,0,8.097189,0.4028,0,0.9153,-430.2102,0,1,0,0,-0.9153,0,0.4028,-405.2522,0,0,0,1
678.5657,678.56,0.013187,0.015246,689.1004,-430.026,0,-405.172,3.973938,3.973938,20.74433,NaN,NaN,NaN,NaN,0,20.1,18.42608,0,8.03053,0.3995,0,0.9167,-430.026,0,1,0,0,-0.9167,0,0.3995,-405.172,0,0,0,1
678.5795,678.57,0.013745,0.014946,689.114,-429.8414,0,-405.0923,3.973563,3.973563,21.02998,NaN,NaN,NaN,NaN,0,20.1,18.45544,0,7.962844,0.3962,0,0.9182,-429.8414,0,1,0,0,-0.9182,0,0.3962,-405.0923,0,0,0,1
678.5982,678.59,0.018696,0.015696,689.1332,-429.4714,0,-404.9352,3.971336,3.971336,21.35592,NaN,NaN,NaN,NaN,0,20.1,18.51428,0,7.825045,0.3893,0,0.9211,-429.4714,0,1,0,0,-0.9211,0,0.3893,-404.9352,0,0,0,1
678.6106,678.61,0.01242,0.015041,689.1458,-429.1003,0,-404.7808,3.968346,3.968346,21.68917,NaN,NaN,NaN,NaN,0,20.1,18.573,0,7.684651,0.3823,0,0.924,-429.1003,0,1,0,0,-0.924,0,0.3823,-404.7808,0,0,0,1
678.6245,678.62,0.013914,0.014815,689.1591,-428.9142,0,-404.7046,3.967879,3.967879,21.90524,NaN,NaN,NaN,NaN,0,20.1,18.60224,0,7.613588,0.3788,0,0.9255,-428.9142,0,1,0,0,-0.9255,0,0.3788,-404.7046,0,0,0,1
678.6367,678.63,0.012114,0.014275,689.1713,-428.7279,0,-404.6292,3.96674,3.96674,22.06272,NaN,NaN,NaN,NaN,0,20.1,18.63142,0,7.541901,0.3752,0,0.9269,-428.7279,0,1,0,0,-0.9269,0,0.3752,-404.6292,0,0,0,1
678.6499,678.64,0.01326,0.014072,689.1844,-428.5413,0,-404.5545,3.964175,3.964175,22.22019,NaN,NaN,NaN,NaN,0,20.1,18.66053,0,7.469588,0.3716,0,0.9284,-428.5413,0,1,0,0,-0.9284,0,0.3716,-404.5545,0,0,0,1
678.6641,678.66,0.014175,0.014093,689.1992,-428.1672,0,-404.4073,3.961178,3.961178,22.37766,NaN,NaN,NaN,NaN,0,20.1,18.7183,0,7.323601,0.3644,0,0.9313,-428.1672,0,1,0,0,-0.9313,0,0.3644,-404.4073,0,0,0,1
678.6771,678.67,0.012997,0.013873,689.2116,-427.9798,0,-404.3348,3.960796,3.960796,22.52415,NaN,NaN,NaN,NaN,0,20.1,18.74695,0,7.249959,0.3607,0,0.9327,-427.9798,0,1,0,0,-0.9327,0,0.3607,-404.3348,0,0,0,1
678.6984,678.69,0.021314,0.015362,689.2333,-427.604,0,-404.192,3.955803,3.955803,22.64866,NaN,NaN,NaN,NaN,0,20.1,18.80368,0,7.101522,0.3533,0,0.9355,-427.604,0,1,0,0,-0.9355,0,0.3533,-404.192,0,0,0,1
678.7136,678.71,0.01519,0.015327,689.2487,-427.2271,0,-404.0522,3.953092,3.953092,22.75486,NaN,NaN,NaN,NaN,0,20.1,18.8595,0,6.951944,0.3459,0,0.9383,-427.2271,0,1,0,0,-0.9383,0,0.3459,-404.0522,0,0,0,1
678.7313,678.73,0.017669,0.015796,689.2661,-426.849,0,-403.9154,3.949047,3.949047,22.80247,NaN,NaN,NaN,NaN,0,20.1,18.91423,0,6.801611,0.3384,0,0.941,-426.849,0,1,0,0,-0.941,0,0.3384,-403.9154,0,0,0,1
678.7448,678.74,0.013513,0.015339,689.2792,-426.6596,0,-403.8481,3.94667,3.94667,22.83176,NaN,NaN,NaN,NaN,0,20.1,18.94118,0,6.726187,0.3346,0,0.9423,-426.6596,0,1,0,0,-0.9423,0,0.3346,-403.8481,0,0,0,1
678.757,678.75,0.012213,0.014714,689.2916,-426.4699,0,-403.7817,3.945122,3.945122,22.83176,NaN,NaN,NaN,NaN,0,20.1,18.96784,0,6.650654,0.3309,0,0.9437,-426.4699,0,1,0,0,-0.9437,0,0.3309,-403.7817,0,0,0,1
678.7685,678.76,0.011528,0.014077,689.303,-426.28,0,-403.7159,3.944241,3.944241,22.83176,NaN,NaN,NaN,NaN,0,20.1,18.99419,0,6.575017,0.3271,0,0.945,-426.28,0,1,0,0,-0.945,0,0.3271,-403.7159,0,0,0,1
678.7807,678.78,0.012223,0.013706,689.3156,-425.8993,0,-403.5867,3.939068,3.939068,22.83176,NaN,NaN,NaN,NaN,0,20.1,19.04599,0,6.423431,0.3196,0,0.9476,-425.8993,0,1,0,0,-0.9476,0,0.3196,-403.5867,0,0,0,1
678.7938,678.79,0.013025,0.01357,689.3282,-425.7086,0,-403.5232,3.93687,3.93687,22.83176,NaN,NaN,NaN,NaN,0,20.1,19.07143,0,6.347485,0.3158,0,0.9488,-425.7086,0,1,0,0,-0.9488,0,0.3158,-403.5232,0,0,0,1
678.8049,678.8,0.011154,0.013087,689.3394,-425.5176,0,-403.4605,3.935444,3.935444,22.83176,NaN,NaN,NaN,NaN,0,20.1,19.09657,0,6.271437,0.312,0,0.9501,-425.5176,0,1,0,0,-0.9501,0,0.312,-403.4605,0,0,0,1
678.8168,678.81,0.011903,0.01285,689.3513,-425.3264,0,-403.3986,3.934733,3.934733,22.83176,NaN,NaN,NaN,NaN,0,20.1,19.12141,0,6.195289,0.3082,0,0.9513,-425.3264,0,1,0,0,-0.9513,0,0.3082,-403.3986,0,0,0,1
678.8287,678.82,0.011964,0.012673,689.3632,-425.1349,0,-403.3373,3.931215,3.931215,22.83176,NaN,NaN,NaN,NaN,0,20.1,19.14595,0,6.119046,0.3044,0,0.9525,-425.1349,0,1,0,0,-0.9525,0,0.3044,-403.3373,0,0,0,1
678.8406,678.84,0.011888,0.012516,689.3754,-424.7513,0,-403.2172,3.926376,3.926376,22.83176,NaN,NaN,NaN,NaN,0,20.1,19.19411,0,5.966263,0.2968,0,0.9549,-424.7513,0,1,0,0,-0.9549,0,0.2968,-403.2172,0,0,0,1
678.8535,678.85,0.01282,0.012577,689.3879,-424.5591,0,-403.1584,3.9251,3.9251,22.83176,NaN,NaN,NaN,NaN,0,20.1,19.21773,0,5.889728,0.293,0,0.9561,-424.5591,0,1,0,0,-0.9561,0,0.293,-403.1584,0,0,0,1
678.866,678.86,0.012481,0.012557,689.4005,-424.3667,0,-403.1002,3.923157,3.923157,22.83176,NaN,NaN,NaN,NaN,0,20.1,19.24105,0,5.813101,0.2892,0,0.9573,-424.3667,0,1,0,0,-0.9573,0,0.2892,-403.1002,0,0,0,1
678.8865,678.88,0.020514,0.014149,689.4215,-423.9812,0,-402.9862,3.917079,3.917079,22.83176,NaN,NaN,NaN,NaN,0,20.1,19.28676,0,5.659571,0.2816,0,0.9595,-423.9812,0,1,0,0,-0.9595,0,0.2816,-402.9862,0,0,0,1
678.8997,678.89,0.013191,0.013957,689.4341,-423.7881,0,-402.9304,3.91521,3.91521,22.83176,NaN,NaN,NaN,NaN,0,20.1,19.30917,0,5.582669,0.2777,0,0.9607,-423.7881,0,1,0,0,-0.9607,0,0.2777,-402.9304,0,0,0,1
678.9202,678.92,0.0205,0.015266,689.4553,-423.2075,0,-402.7675,3.907596,3.907596,22.83176,NaN,NaN,NaN,NaN,0,20.1,19.37452,0,5.351437,0.2662,0,0.9639,-423.2075,0,1,0,0,-0.9639,0,0.2662,-402.7675,0,0,0,1
678.9321,678.93,0.011974,0.014608,689.4665,-423.0135,0,-402.7148,3.905073,3.905073,22.83176,NaN,NaN,NaN,NaN,0,20.1,19.39569,0,5.274189,0.2624,0,0.965,-423.0135,0,1,0,0,-0.965,0,0.2624,-402.7148,0,0,0,1
678.9445,678.94,0.012394,0.014165,689.479,-422.8194,0,-402.6628,3.903351,3.903351,22.83176,NaN,NaN,NaN,NaN,0,20.1,19.41656,0,5.196856,0.2586,0,0.966,-422.8194,0,1,0,0,-0.966,0,0.2586,-402.6628,0,0,0,1
678.9554,678.95,0.010849,0.013502,689.4897,-422.625,0,-402.6116,3.901703,3.901703,22.83176,NaN,NaN,NaN,NaN,0,20.1,19.43711,0,5.119442,0.2547,0,0.967,-422.625,0,1,0,0,-0.967,0,0.2547,-402.6116,0,0,0,1
678.9667,678.96,0.011321,0.013066,689.5013,-422.4305,0,-402.5612,3.897873,3.897873,22.83176,NaN,NaN,NaN,NaN,0,20.1,19.45736,0,5.041948,0.2508,0,0.968,-422.4305,0,1,0,0,-0.968,0,0.2508,-402.5612,0,0,0,1
678.9798,678.97,0.013106,0.013074,689.5143,-422.2357,0,-402.5116,3.894747,3.894747,22.83176,NaN,NaN,NaN,NaN,0,20.1,19.4773,0,4.96437,0.247,0,0.969,-422.2357,0,1,0,0,-0.969,0,0.247,-402.5116,0,0,0,1
678.993,678.99,0.013228,0.013105,689.528,-421.8456,0,-402.4146,3.89082,3.89082,22.82078,NaN,NaN,NaN,NaN,0,20.1,19.51623,0,4.809059,0.2393,0,0.971,-421.8456,0,1,0,0,-0.971,0,0.2393,-402.4146,0,0,0,1
679.0054,679,0.01241,0.012966,689.54,-421.6502,0,-402.3673,3.887921,3.887921,22.81712,NaN,NaN,NaN,NaN,0,20.1,19.53522,0,4.7313,0.2354,0,0.9719,-421.6502,0,1,0,0,-0.9719,0,0.2354,-402.3673,0,0,0,1
679.0178,679.01,0.012336,0.01284,689.5524,-421.4547,0,-402.3208,3.884244,3.884244,22.81712,NaN,NaN,NaN,NaN,0,20.1,19.55391,0,4.653468,0.2315,0,0.9728,-421.4547,0,1,0,0,-0.9728,0,0.2315,-402.3208,0,0,0,1
679.0306,679.03,0.012806,0.012833,689.5653,-421.0631,0,-402.23,3.879089,3.879089,22.80247,NaN,NaN,NaN,NaN,0,20.1,19.59033,0,4.497682,0.2238,0,0.9746,-421.0631,0,1,0,0,-0.9746,0,0.2238,-402.23,0,0,0,1
679.0438,679.04,0.013212,0.012909,689.5783,-420.867,0,-402.1859,3.877647,3.877647,22.79881,NaN,NaN,NaN,NaN,0,20.1,19.60807,0,4.419693,0.2199,0,0.9755,-420.867,0,1,0,0,-0.9755,0,0.2199,-402.1859,0,0,0,1
679.0581,679.05,0.014281,0.013183,689.5927,-420.6707,0,-402.1424,3.873469,3.873469,22.78416,NaN,NaN,NaN,NaN,0,20.1,19.62549,0,4.341683,0.216,0,0.9764,-420.6707,0,1,0,0,-0.9764,0,0.216,-402.1424,0,0,0,1
679.0762,679.07,0.018184,0.014183,689.6116,-420.2777,0,-402.0579,3.867127,3.867127,22.73655,NaN,NaN,NaN,NaN,0,20.1,19.65933,0,4.185789,0.2082,0,0.9781,-420.2777,0,1,0,0,-0.9781,0,0.2082,-402.0579,0,0,0,1
679.0901,679.09,0.013911,0.014129,689.6254,-419.8841,0,-401.9765,3.862448,3.862448,22.65965,NaN,NaN,NaN,NaN,0,20.1,19.69182,0,4.030162,0.2005,0,0.9797,-419.8841,0,1,0,0,-0.9797,0,0.2005,-401.9765,0,0,0,1
679.1089,679.1,0.018721,0.015047,689.6437,-419.687,0,-401.937,3.858285,3.858285,22.59739,NaN,NaN,NaN,NaN,0,20.1,19.70757,0,3.952466,0.1966,0,0.9805,-419.687,0,1,0,0,-0.9805,0,0.1966,-401.937,0,0,0,1
679.1221,679.12,0.013225,0.014683,689.6572,-419.2924,0,-401.8603,3.852173,3.852173,22.52415,NaN,NaN,NaN,NaN,0,20.1,19.73803,0,3.797397,0.1889,0,0.982,-419.2924,0,1,0,0,-0.982,0,0.1889,-401.8603,0,0,0,1
679.1353,679.13,0.013149,0.014376,689.6697,-419.0948,0,-401.8231,3.850224,3.850224,22.46189,NaN,NaN,NaN,NaN,0,20.1,19.75277,0,3.719989,0.1851,0,0.9827,-419.0948,0,1,0,0,-0.9827,0,0.1851,-401.8231,0,0,0,1
679.1483,679.14,0.012971,0.014095,689.6832,-418.8972,0,-401.7867,3.846305,3.846305,22.39231,NaN,NaN,NaN,NaN,0,20.1,19.76715,0,3.642763,0.1812,0,0.9834,-418.8972,0,1,0,0,-0.9834,0,0.1812,-401.7867,0,0,0,1
679.1617,679.16,0.013441,0.013964,689.6967,-418.5014,0,-401.7161,3.838857,3.838857,22.35203,NaN,NaN,NaN,NaN,0,20.1,19.79497,0,3.488424,0.1736,0,0.9848,-418.5014,0,1,0,0,-0.9848,0,0.1736,-401.7161,0,0,0,1
679.1776,679.17,0.015847,0.014341,689.7121,-418.3033,0,-401.682,3.83624,3.83624,22.30442,NaN,NaN,NaN,NaN,0,20.1,19.8084,0,3.411338,0.1697,0,0.9855,-418.3033,0,1,0,0,-0.9855,0,0.1697,-401.682,0,0,0,1
679.1917,679.19,0.014163,0.014305,689.7269,-417.9068,0,-401.6161,3.829074,3.829074,22.28245,NaN,NaN,NaN,NaN,0,20.1,19.83434,0,3.257164,0.162,0,0.9868,-417.9068,0,1,0,0,-0.9868,0,0.162,-401.6161,0,0,0,1
679.2098,679.2,0.018101,0.015064,689.7443,-417.7083,0,-401.5843,3.825047,3.825047,22.28245,NaN,NaN,NaN,NaN,0,20.1,19.84685,0,3.180006,0.1582,0,0.9874,-417.7083,0,1,0,0,-0.9874,0,0.1582,-401.5843,0,0,0,1
679.2224,679.22,0.012572,0.014566,689.7573,-417.311,0,-401.523,3.819192,3.819192,22.28245,NaN,NaN,NaN,NaN,0,20.1,19.87099,0,3.025541,0.1505,0,0.9886,-417.311,0,1,0,0,-0.9886,0,0.1505,-401.523,0,0,0,1
679.2446,679.24,0.022178,0.016088,689.7795,-416.9133,0,-401.4648,3.810778,3.810778,22.28245,NaN,NaN,NaN,NaN,0,20.1,19.89392,0,2.870895,0.1428,0,0.9897,-416.9133,0,1,0,0,-0.9897,0,0.1428,-401.4648,0,0,0,1
679.258,679.25,0.01346,0.015563,689.7925,-416.7142,0,-401.4369,3.806797,3.806797,22.28245,NaN,NaN,NaN,NaN,0,20.1,19.90493,0,2.793502,0.139,0,0.9903,-416.7142,0,1,0,0,-0.9903,0,0.139,-401.4369,0,0,0,1
679.2714,679.27,0.013342,0.015118,689.8063,-416.3158,0,-401.3833,3.801036,3.801036,22.28245,NaN,NaN,NaN,NaN,0,20.1,19.92606,0,2.638601,0.1313,0,0.9913,-416.3158,0,1,0,0,-0.9913,0,0.1313,-401.3833,0,0,0,1
679.286,679.28,0.014649,0.015025,689.8205,-416.1165,0,-401.3577,3.795998,3.795998,22.28245,NaN,NaN,NaN,NaN,0,20.1,19.93617,0,2.561088,0.1274,0,0.9918,-416.1165,0,1,0,0,-0.9918,0,0.1274,-401.3577,0,0,0,1
679.3001,679.3,0.014122,0.014844,689.8351,-415.7174,0,-401.3088,3.787455,3.787455,22.28245,NaN,NaN,NaN,NaN,0,20.1,19.95549,0,2.405948,0.1197,0,0.9928,-415.7174,0,1,0,0,-0.9928,0,0.1197,-401.3088,0,0,0,1
679.3135,679.31,0.013447,0.014565,689.8481,-415.5178,0,-401.2856,3.784263,3.784263,22.28245,NaN,NaN,NaN,NaN,0,20.1,19.96469,0,2.328322,0.1158,0,0.9933,-415.5178,0,1,0,0,-0.9933,0,0.1158,-401.2856,0,0,0,1
679.3311,679.33,0.017573,0.015166,689.8661,-415.1182,0,-401.2413,3.775431,3.775431,22.28245,NaN,NaN,NaN,NaN,0,20.1,19.9822,0,2.172967,0.1081,0,0.9941,-415.1182,0,1,0,0,-0.9941,0,0.1081,-401.2413,0,0,0,1
679.3445,679.34,0.013415,0.014816,689.8791,-414.9183,0,-401.2204,3.770835,3.770835,22.28245,NaN,NaN,NaN,NaN,0,20.1,19.9905,0,2.09524,0.1042,0,0.9946,-414.9183,0,1,0,0,-0.9946,0,0.1042,-401.2204,0,0,0,1
679.3655,679.36,0.020925,0.016038,689.9003,-414.5183,0,-401.1808,3.763837,3.763837,22.28245,NaN,NaN,NaN,NaN,0,20.1,20.00619,0,1.939689,0.0965,0,0.9953,-414.5183,0,1,0,0,-0.9953,0,0.0965,-401.1808,0,0,0,1
679.3783,679.37,0.012833,0.015397,689.9127,-414.3181,0,-401.1622,3.759012,3.759012,22.28245,NaN,NaN,NaN,NaN,0,20.1,20.01358,0,1.861872,0.0926,0,0.9957,-414.3181,0,1,0,0,-0.9957,0,0.0926,-401.1622,0,0,0,1
679.3908,679.39,0.012489,0.014815,689.9258,-413.9177,0,-401.1273,3.749204,3.749204,22.28245,NaN,NaN,NaN,NaN,0,20.1,20.02746,0,1.706149,0.0849,0,0.9964,-413.9177,0,1,0,0,-0.9964,0,0.0849,-401.1273,0,0,0,1
679.4037,679.4,0.012901,0.014432,689.9382,-413.7173,0,-401.111,3.745366,3.745366,22.28245,NaN,NaN,NaN,NaN,0,20.1,20.03394,0,1.628248,0.081,0,0.9967,-413.7173,0,1,0,0,-0.9967,0,0.081,-401.111,0,0,0,1
679.4171,679.41,0.013339,0.014214,689.9515,-413.5169,0,-401.0955,3.742109,3.742109,22.28245,NaN,NaN,NaN,NaN,0,20.1,20.04012,0,1.550323,0.0771,0,0.997,-413.5169,0,1,0,0,-0.997,0,0.0771,-401.0955,0,0,0,1
679.4306,679.43,0.013577,0.014086,689.9654,-413.1159,0,-401.0668,3.730976,3.730976,22.28245,NaN,NaN,NaN,NaN,0,20.1,20.05158,0,1.394404,0.0694,0,0.9976,-413.1159,0,1,0,0,-0.9976,0,0.0694,-401.0668,0,0,0,1
