time,fixedTime,deltaTime,smoothDeltaTime,realtimeSinceStartup,pos_x,pos_y,pos_z,distFromRoadCenter,signedDistFromRoadCenter,wheelAngle,obstacle_pos_x,obstacle_pos_y,obstacle_pos_z,distance_to_obstacle,brake_position,car_speed,car_vel_x,car_vel_y,car_vel_z,simplecar_4x4_R0C0,simplecar_4x4_R0C1,simplecar_4x4_R0C2,simplecar_4x4_R0C3,simplecar_4x4_R1C0,simplecar_4x4_R1C1,simplecar_4x4_R1C2,simplecar_4x4_R1C3,simplecar_4x4_R2C0,simplecar_4x4_R2C1,simplecar_4x4_R2C2,simplecar_4x4_R2C3,simplecar_4x4_R3C0,simplecar_4x4_R3C1,simplecar_4x4_R3C2,simplecar_4x4_R3C3
983.6921,983.69,0.014835,0.014905,994.2366,-405.2556,0,666.1729,2.199075,2.199075,1.232314,NaN,NaN,NaN,NaN,0,20.1,-19.95592,0,2.402399,0.1195,0,-0.9928,-405.2556,0,1,0,0,0.9928,0,0.1195,666.1729,0,0,0,1
983.7216,983.72,0.029489,0.017822,994.2568,-405.8543,0,666.2452,2.198433,2.198433,1.162734,NaN,NaN,NaN,NaN,0,20.1,-19.95445,0,2.41455,0.1201,0,-0.9928,-405.8543,0,1,0,0,0.9928,0,0.1201,666.2452,0,0,0,1
983.7371,983.73,0.015473,0.017352,994.2718,-406.0538,0,666.2694,2.198372,2.198372,1.071181,NaN,NaN,NaN,NaN,0,20.1,-19.95399,0,2.418282,0.1203,0,-0.9927,-406.0538,0,1,0,0,0.9927,0,0.1203,666.2694,0,0,0,1
983.7587,983.75,0.021695,0.018221,994.2938,-406.4529,0,666.3179,2.19819,2.19819,0.994277,NaN,NaN,NaN,NaN,0,20.1,-19.95316,0,2.425206,0.1207,0,-0.9927,-406.4529,0,1,0,0,0.9927,0,0.1207,666.3179,0,0,0,1
983.7731,983.77,0.014404,0.017457,994.3082,-406.852,0,666.3665,2.198187,2.198187,0.869765,NaN,NaN,NaN,NaN,0,20.1,-19.95242,0,2.431261,0.121,0,-0.9927,-406.852,0,1,0,0,0.9927,0,0.121,666.3665,0,0,0,1
983.7885,983.78,0.015324,0.017031,994.3232,-407.0515,0,666.3908,2.198308,2.198308,0.781875,NaN,NaN,NaN,NaN,0,20.1,-19.95209,0,2.433985,0.1211,0,-0.9926,-407.0515,0,1,0,0,0.9926,0,0.1211,666.3908,0,0,0,1
983.8039,983.8,0.015408,0.016706,994.3394,-407.4505,0,666.4396,2.198493,2.198493,0.682998,NaN,NaN,NaN,NaN,0,20.1,-19.95151,0,2.438743,0.1213,0,-0.9926,-407.4505,0,1,0,0,0.9926,0,0.1213,666.4396,0,0,0,1
983.8185,983.81,0.014567,0.016278,994.353,-407.6501,0,666.464,2.198554,2.198554,0.562148,NaN,NaN,NaN,NaN,0,20.1,-19.95127,0,2.4407,0.1214,0,-0.9926,-407.6501,0,1,0,0,0.9926,0,0.1214,666.464,0,0,0,1
983.8374,983.83,0.018932,0.016809,994.3726,-408.0491,0,666.5128,2.1988,2.1988,0.444946,NaN,NaN,NaN,NaN,0,20.1,-19.95089,0,2.443799,0.1216,0,-0.9926,-408.0491,0,1,0,0,0.9926,0,0.1216,666.5128,0,0,0,1
983.8588,983.85,0.021378,0.017723,994.394,-408.4481,0,666.5618,2.199145,2.199145,0.287476,NaN,NaN,NaN,NaN,0,20.1,-19.95064,0,2.445803,0.1217,0,-0.9926,-408.4481,0,1,0,0,0.9926,0,0.1217,666.5618,0,0,0,1
983.873,983.87,0.014292,0.017037,994.408,-408.847,0,666.6107,2.199538,2.199538,0.100708,NaN,NaN,NaN,NaN,0,20.1,-19.95056,0,2.446502,0.1217,0,-0.9926,-408.847,0,1,0,0,0.9926,0,0.1217,666.6107,0,0,0,1
983.8887,983.88,0.015652,0.01676,994.4233,-409.0466,0,666.6351,2.199663,2.199663,-0.001831,NaN,NaN,NaN,NaN,0,20.1,-19.95056,0,2.446496,0.1217,0,-0.9926,-409.0466,0,1,0,0,0.9926,0,0.1217,666.6351,0,0,0,1
983.903,983.9,0.014221,0.016252,994.4382,-409.4456,0,666.6841,2.200095,2.200095,-0.075073,NaN,NaN,NaN,NaN,0,20.1,-19.95062,0,2.445975,0.1217,0,-0.9926,-409.4456,0,1,0,0,0.9926,0,0.1217,666.6841,0,0,0,1
983.9171,983.91,0.014144,0.01583,994.4515,-409.6451,0,666.7086,2.200276,2.200276,-0.108032,NaN,NaN,NaN,NaN,0,20.1,-19.95066,0,2.4456,0.1217,0,-0.9926,-409.6451,0,1,0,0,0.9926,0,0.1217,666.7086,0,0,0,1
983.9361,983.93,0.019021,0.016468,994.4708,-410.044,0,666.7576,2.200587,2.200587,-0.111694,NaN,NaN,NaN,NaN,0,20.1,-19.95076,0,2.444822,0.1216,0,-0.9926,-410.044,0,1,0,0,0.9926,0,0.1216,666.7576,0,0,0,1
983.9508,983.95,0.01468,0.016111,994.4857,-410.4431,0,666.8064,2.200833,2.200833,-0.111694,NaN,NaN,NaN,NaN,0,20.1,-19.95086,0,2.444047,0.1216,0,-0.9926,-410.4431,0,1,0,0,0.9926,0,0.1216,666.8064,0,0,0,1
983.9697,983.96,0.018872,0.016663,994.5042,-410.6425,0,666.8308,2.200954,2.200954,-0.122681,NaN,NaN,NaN,NaN,0,20.1,-19.95091,0,2.443618,0.1216,0,-0.9926,-410.6425,0,1,0,0,0.9926,0,0.1216,666.8308,0,0,0,1
983.9817,983.98,0.012016,0.015733,994.5166,-411.0416,0,666.8796,2.2012,2.2012,-0.122681,NaN,NaN,NaN,NaN,0,20.1,-19.95101,0,2.442764,0.1215,0,-0.9926,-411.0416,0,1,0,0,0.9926,0,0.1215,666.8796,0,0,0,1
983.9945,983.99,0.012857,0.015158,994.5291,-411.2411,0,666.9041,2.201321,2.201321,-0.122681,NaN,NaN,NaN,NaN,0,20.1,-19.95107,0,2.442335,0.1215,0,-0.9926,-411.2411,0,1,0,0,0.9926,0,0.1215,666.9041,0,0,0,1
984.0087,984,0.01421,0.014969,994.5432,-411.4406,0,666.9285,2.201446,2.201446,-0.122681,NaN,NaN,NaN,NaN,0,20.1,-19.95112,0,2.44191,0.1215,0,-0.9926,-411.4406,0,1,0,0,0.9926,0,0.1215,666.9285,0,0,0,1
984.0212,984.02,0.012518,0.014479,994.5561,-411.8397,0,666.9773,2.201692,2.201692,-0.122681,NaN,NaN,NaN,NaN,0,20.1,-19.95122,0,2.441055,0.1214,0,-0.9926,-411.8397,0,1,0,0,0.9926,0,0.1214,666.9773,0,0,0,1
984.0355,984.03,0.014194,0.014422,994.5699,-412.0392,0,667.0017,2.201753,2.201753,-0.122681,NaN,NaN,NaN,NaN,0,20.1,-19.95128,0,2.440626,0.1214,0,-0.9926,-412.0392,0,1,0,0,0.9926,0,0.1214,667.0017,0,0,0,1
984.0485,984.04,0.012991,0.014135,994.5829,-412.2387,0,667.0261,2.201877,2.201877,-0.122681,NaN,NaN,NaN,NaN,0,20.1,-19.95133,0,2.440201,0.1214,0,-0.9926,-412.2387,0,1,0,0,0.9926,0,0.1214,667.0261,0,0,0,1
984.0699,984.06,0.021455,0.015599,994.6047,-412.6378,0,667.075,2.202123,2.202123,-0.122681,NaN,NaN,NaN,NaN,0,20.1,-19.95143,0,2.439349,0.1214,0,-0.9926,-412.6378,0,1,0,0,0.9926,0,0.1214,667.075,0,0,0,1
984.0834,984.08,0.013526,0.015185,994.6185,-413.0368,0,667.1238,2.202369,2.202369,-0.122681,NaN,NaN,NaN,NaN,0,20.1,-19.95154,0,2.438495,0.1213,0,-0.9926,-413.0368,0,1,0,0,0.9926,0,0.1213,667.1238,0,0,0,1
984.1033,984.1,0.019939,0.016135,994.6389,-413.4359,0,667.1725,2.202491,2.202491,-0.140991,NaN,NaN,NaN,NaN,0,20.1,-19.95166,0,2.43751,0.1213,0,-0.9926,-413.4359,0,1,0,0,0.9926,0,0.1213,667.1725,0,0,0,1
984.1178,984.11,0.014454,0.015799,994.6526,-413.6354,0,667.1968,2.202551,2.202551,-0.2472,NaN,NaN,NaN,NaN,0,20.1,-19.95176,0,2.43665,0.1212,0,-0.9926,-413.6354,0,1,0,0,0.9926,0,0.1212,667.1968,0,0,0,1
984.1315,984.13,0.013728,0.015385,994.6669,-414.0345,0,667.2455,2.202615,2.202615,-0.368049,NaN,NaN,NaN,NaN,0,20.1,-19.95208,0,2.43409,0.1211,0,-0.9926,-414.0345,0,1,0,0,0.9926,0,0.1211,667.2455,0,0,0,1
984.1449,984.14,0.013353,0.014979,994.6794,-414.234,0,667.2698,2.202612,2.202612,-0.569465,NaN,NaN,NaN,NaN,0,20.1,-19.95232,0,2.432107,0.121,0,-0.9927,-414.234,0,1,0,0,0.9927,0,0.121,667.2698,0,0,0,1
984.1578,984.15,0.012886,0.01456,994.6924,-414.4335,0,667.2942,2.202676,2.202676,-0.748916,NaN,NaN,NaN,NaN,0,20.1,-19.95263,0,2.429499,0.1209,0,-0.9927,-414.4335,0,1,0,0,0.9927,0,0.1209,667.2942,0,0,0,1
984.1713,984.17,0.013474,0.014343,994.7062,-414.8326,0,667.3427,2.202551,2.202551,-0.950332,NaN,NaN,NaN,NaN,0,20.1,-19.95344,0,2.42288,0.1205,0,-0.9927,-414.8326,0,1,0,0,0.9927,0,0.1205,667.3427,0,0,0,1
984.1921,984.19,0.020921,0.015658,994.7272,-415.2317,0,667.391,2.202305,2.202305,-1.224997,NaN,NaN,NaN,NaN,0,20.1,-19.95447,0,2.41435,0.1201,0,-0.9928,-415.2317,0,1,0,0,0.9928,0,0.1201,667.391,0,0,0,1
984.2062,984.2,0.014041,0.015335,994.7412,-415.4312,0,667.4151,2.202123,2.202123,-1.668119,NaN,NaN,NaN,NaN,0,20.1,-19.95518,0,2.408539,0.1198,0,-0.9928,-415.4312,0,1,0,0,0.9928,0,0.1198,667.4151,0,0,0,1
984.2252,984.22,0.018981,0.016064,994.7601,-415.8303,0,667.463,2.201446,2.201446,-1.96475,NaN,NaN,NaN,NaN,0,20.1,-19.95682,0,2.394852,0.1191,0,-0.9929,-415.8303,0,1,0,0,0.9929,0,0.1191,667.463,0,0,0,1
984.2389,984.23,0.013687,0.015589,994.7734,-416.0299,0,667.4869,2.201015,2.201015,-2.356603,NaN,NaN,NaN,NaN,0,20.1,-19.95781,0,2.386643,0.1187,0,-0.9929,-416.0299,0,1,0,0,0.9929,0,0.1187,667.4869,0,0,0,1
984.2527,984.25,0.013871,0.015245,994.7876,-416.4291,0,667.5344,2.199849,2.199849,-2.649579,NaN,NaN,NaN,NaN,0,20.1,-19.96,0,2.368182,0.1178,0,-0.993,-416.4291,0,1,0,0,0.993,0,0.1178,667.5344,0,0,0,1
984.2659,984.2599,0.013175,0.014831,994.8007,-416.6287,0,667.5579,2.199111,2.199111,-2.909589,NaN,NaN,NaN,NaN,0,20.1,-19.9612,0,2.358047,0.1173,0,-0.9931,-416.6287,0,1,0,0,0.9931,0,0.1173,667.5579,0,0,0,1
984.2793,984.27,0.013353,0.014535,994.8138,-416.8283,0,667.5814,2.198312,2.198312,-3.100026,NaN,NaN,NaN,NaN,0,20.1,-19.96248,0,2.347247,0.1168,0,-0.9932,-416.8283,0,1,0,0,0.9932,0,0.1168,667.5814,0,0,0,1
984.2927,984.29,0.013458,0.01432,994.8276,-417.2276,0,667.6281,2.196343,2.196343,-3.286793,NaN,NaN,NaN,NaN,0,20.1,-19.96516,0,2.324342,0.1156,0,-0.9933,-417.2276,0,1,0,0,0.9933,0,0.1156,667.6281,0,0,0,1
984.3077,984.3,0.014966,0.014449,994.8422,-417.4273,0,667.6512,2.195178,2.195178,-3.422291,NaN,NaN,NaN,NaN,0,20.1,-19.96654,0,2.312416,0.115,0,-0.9934,-417.4273,0,1,0,0,0.9934,0,0.115,667.6512,0,0,0,1
984.3259,984.32,0.018172,0.015194,994.8611,-417.8267,0,667.6971,2.192471,2.192471,-3.513844,NaN,NaN,NaN,NaN,0,20.1,-19.96936,0,2.287921,0.1138,0,-0.9935,-417.8267,0,1,0,0,0.9935,0,0.1138,667.6971,0,0,0,1
984.35,984.34,0.024103,0.016975,994.8848,-418.2261,0,667.7425,2.189273,2.189273,-3.561459,NaN,NaN,NaN,NaN,0,20.1,-19.97219,0,2.263093,0.1126,0,-0.9936,-418.2261,0,1,0,0,0.9936,0,0.1126,667.7425,0,0,0,1
984.3651,984.36,0.01505,0.01659,994.8997,-418.6255,0,667.7874,2.185582,2.185582,-3.561459,NaN,NaN,NaN,NaN,0,20.1,-19.97499,0,2.238262,0.1114,0,-0.9938,-418.6255,0,1,0,0,0.9938,0,0.1114,667.7874,0,0,0,1
984.3787,984.37,0.013692,0.016011,994.9131,-418.8253,0,667.8097,2.183553,2.183553,-3.561459,NaN,NaN,NaN,NaN,0,20.1,-19.97638,0,2.225847,0.1107,0,-0.9938,-418.8253,0,1,0,0,0.9938,0,0.1107,667.8097,0,0,0,1
984.3922,984.39,0.013467,0.015502,994.9271,-419.2249,0,667.8539,2.179124,2.179124,-3.561459,NaN,NaN,NaN,NaN,0,20.1,-19.97913,0,2.201012,0.1095,0,-0.994,-419.2249,0,1,0,0,0.994,0,0.1095,667.8539,0,0,0,1
984.4139,984.41,0.021719,0.016745,994.9487,-419.6245,0,667.8976,2.174207,2.174207,-3.561459,NaN,NaN,NaN,NaN,0,20.1,-19.98185,0,2.176169,0.1083,0,-0.9941,-419.6245,0,1,0,0,0.9941,0,0.1083,667.8976,0,0,0,1
984.4299,984.42,0.015946,0.016586,994.9642,-419.8243,0,667.9193,2.171504,2.171504,-3.561459,NaN,NaN,NaN,NaN,0,20.1,-19.9832,0,2.163752,0.1076,0,-0.9942,-419.8243,0,1,0,0,0.9942,0,0.1076,667.9193,0,0,0,1
984.4473,984.44,0.017406,0.01675,994.9824,-420.2241,0,667.9621,2.165725,2.165725,-3.561459,NaN,NaN,NaN,NaN,0,20.1,-19.98587,0,2.138904,0.1064,0,-0.9943,-420.2241,0,1,0,0,0.9943,0,0.1064,667.9621,0,0,0,1
984.4613,984.46,0.014055,0.016211,994.9962,-420.6238,0,668.0045,2.159452,2.159452,-3.561459,NaN,NaN,NaN,NaN,0,20.1,-19.98852,0,2.114058,0.1052,0,-0.9945,-420.6238,0,1,0,0,0.9945,0,0.1052,668.0045,0,0,0,1
984.4746,984.47,0.013312,0.015631,995.0091,-420.8237,0,668.0255,2.156133,2.156133,-3.561459,NaN,NaN,NaN,NaN,0,20.1,-19.98983,0,2.10163,0.1046,0,-0.9945,-420.8237,0,1,0,0,0.9945,0,0.1046,668.0255,0,0,0,1
984.4882,984.48,0.013517,0.015208,995.0225,-421.0236,0,668.0463,2.152688,2.152688,-3.561459,NaN,NaN,NaN,NaN,0,20.1,-19.99113,0,2.089206,0.1039,0,-0.9946,-421.0236,0,1,0,0,0.9946,0,0.1039,668.0463,0,0,0,1
984.5012,984.5,0.013062,0.014779,995.0361,-421.4235,0,668.0877,2.145432,2.145432,-3.561459,NaN,NaN,NaN,NaN,0,20.1,-19.99371,0,2.064351,0.1027,0,-0.9947,-421.4235,0,1,0,0,0.9947,0,0.1027,668.0877,0,0,0,1
984.5143,984.5099,0.013071,0.014437,995.0487,-421.6234,0,668.1082,2.14162,2.14162,-3.561459,NaN,NaN,NaN,NaN,0,20.1,-19.99499,0,2.051923,0.1021,0,-0.9948,-421.6234,0,1,0,0,0.9948,0,0.1021,668.1082,0,0,0,1
984.5359,984.53,0.02168,0.015886,995.0707,-422.0234,0,668.1489,2.133626,2.133626,-3.561459,NaN,NaN,NaN,NaN,0,20.1,-19.99752,0,2.027064,0.1008,0,-0.9949,-422.0234,0,1,0,0,0.9949,0,0.1008,668.1489,0,0,0,1
984.5485,984.54,0.012558,0.01522,995.0834,-422.2234,0,668.169,2.129447,2.129447,-3.561459,NaN,NaN,NaN,NaN,0,20.1,-19.99878,0,2.014631,0.1002,0,-0.995,-422.2234,0,1,0,0,0.995,0,0.1002,668.169,0,0,0,1
984.5688,984.56,0.020315,0.016239,995.1036,-422.6234,0,668.2089,2.120714,2.120714,-3.561459,NaN,NaN,NaN,NaN,0,20.1,-20.00127,0,1.989769,0.099,0,-0.9951,-422.6234,0,1,0,0,0.9951,0,0.099,668.2089,0,0,0,1
984.5814,984.58,0.012566,0.015504,995.1163,-423.0234,0,668.2483,2.111433,2.111433,-3.561459,NaN,NaN,NaN,NaN,0,20.1,-20.00373,0,1.964901,0.0978,0,-0.9952,-423.0234,0,1,0,0,0.9952,0,0.0978,668.2483,0,0,0,1
984.5938,984.59,0.012376,0.014879,995.1282,-423.2235,0,668.2679,2.106697,2.106697,-3.561459,NaN,NaN,NaN,NaN,0,20.1,-20.00495,0,1.952468,0.0971,0,-0.9953,-423.2235,0,1,0,0,0.9953,0,0.0971,668.2679,0,0,0,1
984.6068,984.6,0.01298,0.014499,995.1413,-423.4236,0,668.2873,2.10184,2.10184,-3.561459,NaN,NaN,NaN,NaN,0,20.1,-20.00616,0,1.940034,0.0965,0,-0.9953,-423.4236,0,1,0,0,0.9953,0,0.0965,668.2873,0,0,0,1
984.6196,984.61,0.012802,0.01416,995.1539,-423.6236,0,668.3066,2.096738,2.096738,-3.561459,NaN,NaN,NaN,NaN,0,20.1,-20.00736,0,1.927598,0.0959,0,-0.9954,-423.6236,0,1,0,0,0.9954,0,0.0959,668.3066,0,0,0,1
984.6312,984.63,0.011592,0.013646,995.1662,-424.0238,0,668.3447,2.086223,2.086223,-3.561459,NaN,NaN,NaN,NaN,0,20.1,-20.00974,0,1.902723,0.0947,0,-0.9955,-424.0238,0,1,0,0,0.9955,0,0.0947,668.3447,0,0,0,1
984.645,984.64,0.013847,0.013686,995.1794,-424.2239,0,668.3637,2.080874,2.080874,-3.561459,NaN,NaN,NaN,NaN,0,20.1,-20.01092,0,1.890285,0.094,0,-0.9956,-424.2239,0,1,0,0,0.9956,0,0.094,668.3637,0,0,0,1
984.6576,984.65,0.012603,0.01347,995.192,-424.424,0,668.3825,2.07534,2.07534,-3.561459,NaN,NaN,NaN,NaN,0,20.1,-20.01209,0,1.877846,0.0934,0,-0.9956,-424.424,0,1,0,0,0.9956,0,0.0934,668.3825,0,0,0,1
984.6696,984.66,0.011978,0.013171,995.204,-424.6242,0,668.4012,2.069745,2.069745,-3.561459,NaN,NaN,NaN,NaN,0,20.1,-20.01325,0,1.865406,0.0928,0,-0.9957,-424.6242,0,1,0,0,0.9957,0,0.0928,668.4012,0,0,0,1
984.691,984.69,0.02148,0.014833,995.2264,-425.2246,0,668.4565,2.052034,2.052034,-3.561459,NaN,NaN,NaN,NaN,0,20.1,-20.0167,0,1.82808,0.0909,0,-0.9959,-425.2246,0,1,0,0,0.9959,0,0.0909,668.4565,0,0,0,1
984.7042,984.7,0.013126,0.014492,995.2393,-425.4248,0,668.4746,2.045823,2.045823,-3.594418,NaN,NaN,NaN,NaN,0,20.1,-20.01784,0,1.815523,0.0903,0,-0.9959,-425.4248,0,1,0,0,0.9959,0,0.0903,668.4746,0,0,0,1
984.7259,984.72,0.021696,0.015933,995.2609,-425.8252,0,668.5105,2.033036,2.033036,-3.634701,NaN,NaN,NaN,NaN,0,20.1,-20.02013,0,1.790123,0.0891,0,-0.996,-425.8252,0,1,0,0,0.996,0,0.0891,668.5105,0,0,0,1
984.7395,984.73,0.013621,0.01547,995.274,-426.0254,0,668.5283,2.026457,2.026457,-3.718929,NaN,NaN,NaN,NaN,0,20.1,-20.02129,0,1.777129,0.0884,0,-0.9961,-426.0254,0,1,0,0,0.9961,0,0.0884,668.5283,0,0,0,1
984.753,984.75,0.013529,0.015082,995.2878,-426.4259,0,668.5634,2.012993,2.012993,-3.773861,NaN,NaN,NaN,NaN,0,20.1,-20.02361,0,1.750755,0.0871,0,-0.9962,-426.4259,0,1,0,0,0.9962,0,0.0871,668.5634,0,0,0,1
984.7665,984.7599,0.013469,0.014759,995.301,-426.6261,0,668.5808,2.006043,2.006043,-3.854427,NaN,NaN,NaN,NaN,0,20.1,-20.02478,0,1.737284,0.0864,0,-0.9963,-426.6261,0,1,0,0,0.9963,0,0.0864,668.5808,0,0,0,1
984.7797,984.77,0.013212,0.01445,995.3141,-426.8264,0,668.598,1.998912,1.998912,-3.956966,NaN,NaN,NaN,NaN,0,20.1,-20.02598,0,1.723455,0.0857,0,-0.9963,-426.8264,0,1,0,0,0.9963,0,0.0857,668.598,0,0,0,1
984.7924,984.79,0.012653,0.014091,995.3274,-427.227,0,668.6321,1.984339,1.984339,-4.055851,NaN,NaN,NaN,NaN,0,20.1,-20.0284,0,1.695099,0.0843,0,-0.9964,-427.227,0,1,0,0,0.9964,0,0.0843,668.6321,0,0,0,1
984.8132,984.81,0.020872,0.015447,995.348,-427.6276,0,668.6655,1.969092,1.969092,-4.165714,NaN,NaN,NaN,NaN,0,20.1,-20.03084,0,1.665974,0.0829,0,-0.9966,-427.6276,0,1,0,0,0.9966,0,0.0829,668.6655,0,0,0,1
984.8266,984.82,0.013377,0.015033,995.3611,-427.8279,0,668.682,1.961218,1.961218,-4.348819,NaN,NaN,NaN,NaN,0,20.1,-20.0321,0,1.650769,0.0821,0,-0.9966,-427.8279,0,1,0,0,0.9966,0,0.0821,668.682,0,0,0,1
984.848,984.84,0.021346,0.016295,995.3834,-428.2286,0,668.7145,1.945048,1.945048,-4.473338,NaN,NaN,NaN,NaN,0,20.1,-20.03465,0,1.619489,0.0806,0,-0.9967,-428.2286,0,1,0,0,0.9967,0,0.0806,668.7145,0,0,0,1
984.8616,984.86,0.013674,0.015771,995.3966,-428.6293,0,668.7465,1.928324,1.928324,-4.678416,NaN,NaN,NaN,NaN,0,20.1,-20.03727,0,1.586768,0.0789,0,-0.9969,-428.6293,0,1,0,0,0.9969,0,0.0789,668.7465,0,0,0,1
984.8749,984.87,0.013296,0.015276,995.4095,-428.8297,0,668.7621,1.919656,1.919656,-4.799266,NaN,NaN,NaN,NaN,0,20.1,-20.03859,0,1.569983,0.0781,0,-0.9969,-428.8297,0,1,0,0,0.9969,0,0.0781,668.7621,0,0,0,1
984.8896,984.88,0.014697,0.01516,995.4241,-429.0301,0,668.7776,1.910863,1.910863,-4.898143,NaN,NaN,NaN,NaN,0,20.1,-20.03993,0,1.552853,0.0773,0,-0.997,-429.0301,0,1,0,0,0.997,0,0.0773,668.7776,0,0,0,1
984.9026,984.9,0.013028,0.014734,995.4376,-429.4309,0,668.8082,1.892724,1.892724,-5.004351,NaN,NaN,NaN,NaN,0,20.1,-20.04261,0,1.517844,0.0755,0,-0.9971,-429.4309,0,1,0,0,0.9971,0,0.0755,668.8082,0,0,0,1
984.9169,984.91,0.014272,0.014642,995.4517,-429.6314,0,668.8232,1.883439,1.883439,-5.092242,NaN,NaN,NaN,NaN,0,20.1,-20.04395,0,1.500031,0.0746,0,-0.9972,-429.6314,0,1,0,0,0.9972,0,0.0746,668.8232,0,0,0,1
984.936,984.93,0.019069,0.015527,995.4709,-430.0323,0,668.8527,1.864195,1.864195,-5.194781,NaN,NaN,NaN,NaN,0,20.1,-20.04664,0,1.463683,0.0728,0,-0.9973,-430.0323,0,1,0,0,0.9973,0,0.0728,668.8527,0,0,0,1
984.9506,984.95,0.014551,0.015332,995.4854,-430.4333,0,668.8815,1.844273,1.844273,-5.344927,NaN,NaN,NaN,NaN,0,20.1,-20.04934,0,1.426275,0.071,0,-0.9975,-430.4333,0,1,0,0,0.9975,0,0.071,668.8815,0,0,0,1
984.9695,984.96,0.019016,0.016069,995.504,-430.6338,0,668.8956,1.834007,1.834007,-5.451136,NaN,NaN,NaN,NaN,0,20.1,-20.05068,0,1.4072,0.07,0,-0.9975,-430.6338,0,1,0,0,0.9975,0,0.07,668.8956,0,0,0,1
984.987,984.98,0.017421,0.016339,995.5222,-431.0348,0,668.9231,1.812916,1.812916,-5.626917,NaN,NaN,NaN,NaN,0,20.1,-20.05341,0,1.367814,0.0681,0,-0.9977,-431.0348,0,1,0,0,0.9977,0,0.0681,668.9231,0,0,0,1
985.003,985,0.016028,0.016277,995.5392,-431.4359,0,668.9498,1.790965,1.790965,-5.850306,NaN,NaN,NaN,NaN,0,20.1,-20.05616,0,1.326862,0.066,0,-0.9978,-431.4359,0,1,0,0,0.9978,0,0.066,668.9498,0,0,0,1
985.0194,985.0099,0.01643,0.016308,995.5542,-431.6365,0,668.9629,1.779651,1.779651,-6.092012,NaN,NaN,NaN,NaN,0,20.1,-20.05756,0,1.305537,0.065,0,-0.9979,-431.6365,0,1,0,0,0.9979,0,0.065,668.9629,0,0,0,1
985.0361,985.03,0.016687,0.016383,995.5711,-432.0377,0,668.9883,1.756409,1.756409,-6.341043,NaN,NaN,NaN,NaN,0,20.1,-20.0604,0,1.261137,0.0627,0,-0.998,-432.0377,0,1,0,0,0.998,0,0.0627,668.9883,0,0,0,1
985.0519,985.05,0.015738,0.016254,995.5872,-432.439,0,669.0129,1.732309,1.732309,-6.652322,NaN,NaN,NaN,NaN,0,20.1,-20.06327,0,1.214551,0.0604,0,-0.9982,-432.439,0,1,0,0,0.9982,0,0.0604,669.0129,0,0,0,1
985.0711,985.07,0.019275,0.016858,995.6072,-432.8402,0,669.0364,1.707099,1.707099,-6.926987,NaN,NaN,NaN,NaN,0,20.1,-20.06615,0,1.166032,0.058,0,-0.9983,-432.8402,0,1,0,0,0.9983,0,0.058,669.0364,0,0,0,1
985.0871,985.08,0.015946,0.016676,995.6217,-433.0409,0,669.0479,1.694248,1.694248,-7.252915,NaN,NaN,NaN,NaN,0,20.1,-20.06761,0,1.14063,0.0567,0,-0.9984,-433.0409,0,1,0,0,0.9984,0,0.0567,669.0479,0,0,0,1
985.1006,985.1,0.013489,0.016039,995.6356,-433.4423,0,669.0699,1.667562,1.667562,-7.50927,NaN,NaN,NaN,NaN,0,20.1,-20.07053,0,1.088025,0.0541,0,-0.9985,-433.4423,0,1,0,0,0.9985,0,0.0541,669.0699,0,0,0,1
985.1141,985.11,0.013592,0.015549,995.649,-433.643,0,669.0805,1.653852,1.653852,-7.721672,NaN,NaN,NaN,NaN,0,20.1,-20.07198,0,1.060974,0.0528,0,-0.9986,-433.643,0,1,0,0,0.9986,0,0.0528,669.0805,0,0,0,1
985.1364,985.13,0.022241,0.016888,995.6729,-434.0445,0,669.1009,1.625568,1.625568,-7.908447,NaN,NaN,NaN,NaN,0,20.1,-20.07483,0,1.005562,0.05,0,-0.9987,-434.0445,0,1,0,0,0.9987,0,0.05,669.1009,0,0,0,1
985.1525,985.15,0.016058,0.016722,995.6874,-434.4461,0,669.1201,1.596899,1.596899,-8.146484,NaN,NaN,NaN,NaN,0,20.1,-20.07761,0,0.948471,0.0472,0,-0.9989,-434.4461,0,1,0,0,0.9989,0,0.0472,669.1201,0,0,0,1
985.1695,985.16,0.017053,0.016788,995.704,-434.6469,0,669.1293,1.583408,1.583408,-8.303962,NaN,NaN,NaN,NaN,0,20.1,-20.07896,0,0.919372,0.0457,0,-0.999,-434.6469,0,1,0,0,0.999,0,0.0457,669.1293,0,0,0,1
985.1826,985.18,0.013135,0.016057,995.7176,-435.0485,0,669.1469,1.555334,1.555334,-8.417487,NaN,NaN,NaN,NaN,0,20.1,-20.08158,0,0.860372,0.0428,0,-0.9991,-435.0485,0,1,0,0,0.9991,0,0.0428,669.1469,0,0,0,1
985.1965,985.19,0.013901,0.015626,995.7312,-435.2493,0,669.1552,1.540813,1.540813,-8.476081,NaN,NaN,NaN,NaN,0,20.1,-20.08283,0,0.830662,0.0413,0,-0.9991,-435.2493,0,1,0,0,0.9991,0,0.0413,669.1552,0,0,0,1
985.2113,985.21,0.014739,0.015449,995.7463,-435.651,0,669.1708,1.515604,1.515604,-8.512702,NaN,NaN,NaN,NaN,0,20.1,-20.08521,0,0.770985,0.0384,0,-0.9993,-435.651,0,1,0,0,0.9993,0,0.0384,669.1708,0,0,0,1
985.2256,985.22,0.014372,0.015233,995.7607,-435.8519,0,669.1782,1.503344,1.503344,-8.523688,NaN,NaN,NaN,NaN,0,20.1,-20.08634,0,0.741103,0.0369,0,-0.9993,-435.8519,0,1,0,0,0.9993,0,0.0369,669.1782,0,0,0,1
985.2407,985.24,0.01507,0.015201,995.7761,-436.2536,0,669.1922,1.477989,1.477989,-8.52735,NaN,NaN,NaN,NaN,0,20.1,-20.08845,0,0.681313,0.0339,0,-0.9994,-436.2536,0,1,0,0,0.9994,0,0.0339,669.1922,0,0,0,1
985.2584,985.25,0.017677,0.015696,995.7929,-436.4545,0,669.1987,1.466048,1.466048,-8.541999,NaN,NaN,NaN,NaN,0,20.1,-20.08945,0,0.651363,0.0324,0,-0.9995,-436.4545,0,1,0,0,0.9995,0,0.0324,669.1987,0,0,0,1
985.2711,985.27,0.012722,0.015101,995.8064,-436.8564,0,669.2109,1.445138,1.445138,-8.571296,NaN,NaN,NaN,NaN,0,20.1,-20.0913,0,0.591254,0.0294,0,-0.9996,-436.8564,0,1,0,0,0.9996,0,0.0294,669.2109,0,0,0,1
985.2905,985.29,0.019421,0.015965,995.8254,-437.2582,0,669.2218,1.422945,1.422945,-8.611579,NaN,NaN,NaN,NaN,0,20.1,-20.09299,0,0.530855,0.0264,0,-0.9997,-437.2582,0,1,0,0,0.9997,0,0.0264,669.2218,0,0,0,1
985.3032,985.3,0.01268,0.015308,995.8385,-437.4591,0,669.2268,1.41229,1.41229,-8.695814,NaN,NaN,NaN,NaN,0,20.1,-20.09377,0,0.500361,0.0249,0,-0.9997,-437.4591,0,1,0,0,0.9997,0,0.0249,669.2268,0,0,0,1
985.3163,985.31,0.013077,0.014862,995.8511,-437.6601,0,669.2315,1.403567,1.403567,-8.780043,NaN,NaN,NaN,NaN,0,20.1,-20.09452,0,0.469567,0.0234,0,-0.9997,-437.6601,0,1,0,0,0.9997,0,0.0234,669.2315,0,0,0,1
985.3287,985.32,0.012455,0.01438,995.8635,-437.8611,0,669.2359,1.394585,1.394585,-8.886244,NaN,NaN,NaN,NaN,0,20.1,-20.09522,0,0.438401,0.0218,0,-0.9998,-437.8611,0,1,0,0,0.9998,0,0.0218,669.2359,0,0,0,1
985.3412,985.34,0.01244,0.013992,995.8762,-438.2629,0,669.2437,1.37554,1.37554,-8.988783,NaN,NaN,NaN,NaN,0,20.1,-20.0965,0,0.375347,0.0187,0,-0.9998,-438.2629,0,1,0,0,0.9998,0,0.0187,669.2437,0,0,0,1
985.3538,985.35,0.012606,0.013715,995.8885,-438.4639,0,669.2472,1.366192,1.366192,-9.091322,NaN,NaN,NaN,NaN,0,20.1,-20.09707,0,0.34346,0.0171,0,-0.9999,-438.4639,0,1,0,0,0.9999,0,0.0171,669.2472,0,0,0,1
985.3668,985.36,0.013046,0.013581,995.9014,-438.6649,0,669.2502,1.358945,1.358945,-9.215841,NaN,NaN,NaN,NaN,0,20.1,-20.0976,0,0.311132,0.0155,0,-0.9999,-438.6649,0,1,0,0,0.9999,0,0.0155,669.2502,0,0,0,1
985.3785,985.37,0.011707,0.013206,995.9131,-438.8659,0,669.2531,1.351499,1.351499,-9.398947,NaN,NaN,NaN,NaN,0,20.1,-20.09808,0,0.278165,0.0138,0,-0.9999,-438.8659,0,1,0,0,0.9999,0,0.0138,669.2531,0,0,0,1
985.3906,985.39,0.012022,0.01297,995.9255,-439.2679,0,669.2576,1.335533,1.335533,-9.571066,NaN,NaN,NaN,NaN,0,20.1,-20.09889,0,0.211018,0.0105,0,-0.9999,-439.2679,0,1,0,0,0.9999,0,0.0105,669.2576,0,0,0,1
985.4032,985.4,0.012649,0.012906,995.9379,-439.4688,0,669.2594,1.327282,1.327282,-9.743193,NaN,NaN,NaN,NaN,0,20.1,-20.09922,0,0.176841,0.0088,0,-1,-439.4688,0,1,0,0,1,0,0.0088,669.2594,0,0,0,1
985.4232,985.42,0.019934,0.014311,995.9581,-439.8708,0,669.2619,1.315531,1.315531,-9.915312,NaN,NaN,NaN,NaN,0,20.1,-20.09972,0,0.107273,0.0053,0,-1,-439.8708,0,1,0,0,1,0,0.0053,669.2619,0,0,0,1
985.4357,985.43,0.012588,0.013966,995.9702,-440.0718,0,669.2626,1.309057,1.309057,-10.23026,NaN,NaN,NaN,NaN,0,20.1,-20.09987,0,0.071386,0.0036,0,-1,-440.0718,0,1,0,0,1,0,0.0036,669.2626,0,0,0,1
985.448,985.44,0.012224,0.013618,995.9827,-440.2728,0,669.263,1.302264,1.302264,-10.42801,NaN,NaN,NaN,NaN,0,20.1,-20.09997,0,0.0348,0.0017,0,-1,-440.2728,0,1,0,0,1,0,0.0017,669.263,0,0,0,1
985.46,985.46,0.012077,0.01331,995.9952,-440.6748,0,669.2626,1.290712,1.290712,-10.65873,NaN,NaN,NaN,NaN,0,20.1,-20.09996,0,-0.039981,-0.002,0,-1,-440.6748,0,1,0,0,1,0,-0.002,669.2626,0,0,0,1
985.4724,985.47,0.012285,0.013105,996.007,-440.8758,0,669.2617,1.285841,1.285841,-10.85649,NaN,NaN,NaN,NaN,0,20.1,-20.09985,0,-0.078068,-0.0039,0,-1,-440.8758,0,1,0,0,1,0,-0.0039,669.2617,0,0,0,1
985.484,985.48,0.011657,0.012815,996.0189,-441.0768,0,669.2606,1.280713,1.280713,-11.03228,NaN,NaN,NaN,NaN,0,20.1,-20.09966,0,-0.116767,-0.0058,0,-1,-441.0768,0,1,0,0,1,0,-0.0058,669.2606,0,0,0,1
985.4973,985.49,0.013279,0.012908,996.0317,-441.2778,0,669.259,1.275085,1.275085,-11.2044,NaN,NaN,NaN,NaN,0,20.1,-20.09939,0,-0.156073,-0.0078,0,-1,-441.2778,0,1,0,0,1,0,-0.0078,669.259,0,0,0,1
985.51,985.5099,0.012767,0.01288,996.0454,-441.6797,0,669.2547,1.265684,1.265684,-11.38018,NaN,NaN,NaN,NaN,0,20.1,-20.09862,0,-0.235914,-0.0117,0,-0.9999,-441.6797,0,1,0,0,0.9999,0,-0.0117,669.2547,0,0,0,1
985.5231,985.52,0.013016,0.012907,996.0578,-441.8807,0,669.252,1.262035,1.262035,-11.56695,NaN,NaN,NaN,NaN,0,20.1,-20.0981,0,-0.276489,-0.0138,0,-0.9999,-441.8807,0,1,0,0,0.9999,0,-0.0138,669.252,0,0,0,1
985.5353,985.53,0.012271,0.01278,996.0698,-442.0817,0,669.2488,1.257946,1.257946,-11.72442,NaN,NaN,NaN,NaN,0,20.1,-20.09749,0,-0.317614,-0.0158,0,-0.9999,-442.0817,0,1,0,0,0.9999,0,-0.0158,669.2488,0,0,0,1
985.5479,985.54,0.012587,0.012741,996.0826,-442.2827,0,669.2452,1.253419,1.253419,-11.88922,NaN,NaN,NaN,NaN,0,20.1,-20.09679,0,-0.35932,-0.0179,0,-0.9998,-442.2827,0,1,0,0,0.9998,0,-0.0179,669.2452,0,0,0,1
985.5686,985.56,0.020688,0.014331,996.1036,-442.6846,0,669.2367,1.245847,1.245847,-12.04669,NaN,NaN,NaN,NaN,0,20.1,-20.0951,0,-0.443826,-0.0221,0,-0.9998,-442.6846,0,1,0,0,0.9998,0,-0.0221,669.2367,0,0,0,1
985.5817,985.58,0.013103,0.014085,996.1169,-443.0865,0,669.2264,1.240065,1.240065,-12.33966,NaN,NaN,NaN,NaN,0,20.1,-20.093,0,-0.530378,-0.0264,0,-0.9997,-443.0865,0,1,0,0,0.9997,0,-0.0264,669.2264,0,0,0,1
985.6028,985.6,0.021092,0.015486,996.1377,-443.4883,0,669.2146,1.232647,1.232647,-12.54841,NaN,NaN,NaN,NaN,0,20.1,-20.09049,0,-0.618385,-0.0308,0,-0.9995,-443.4883,0,1,0,0,0.9995,0,-0.0308,669.2146,0,0,0,1
985.6169,985.61,0.014072,0.015203,996.1516,-443.6892,0,669.2079,1.230702,1.230702,-12.85603,NaN,NaN,NaN,NaN,0,20.1,-20.08905,0,-0.66346,-0.033,0,-0.9995,-443.6892,0,1,0,0,0.9995,0,-0.033,669.2079,0,0,0,1
985.6318,985.63,0.014923,0.015147,996.1673,-444.0909,0,669.1933,1.226751,1.226751,-13.11238,NaN,NaN,NaN,NaN,0,20.1,-20.0858,0,-0.755401,-0.0376,0,-0.9993,-444.0909,0,1,0,0,0.9993,0,-0.0376,669.1933,0,0,0,1
985.6454,985.64,0.013622,0.014842,996.1807,-444.2917,0,669.1853,1.224117,1.224117,-13.38705,NaN,NaN,NaN,NaN,0,20.1,-20.08398,0,-0.802329,-0.0399,0,-0.9992,-444.2917,0,1,0,0,0.9992,0,-0.0399,669.1853,0,0,0,1
985.6592,985.65,0.013821,0.014638,996.1937,-444.4926,0,669.1768,1.22092,1.22092,-13.61044,NaN,NaN,NaN,NaN,0,20.1,-20.08202,0,-0.850036,-0.0423,0,-0.9991,-444.4926,0,1,0,0,0.9991,0,-0.0423,669.1768,0,0,0,1
985.6724,985.67,0.013164,0.014343,996.2077,-444.8941,0,669.1584,1.218607,1.218607,-13.84848,NaN,NaN,NaN,NaN,0,20.1,-20.07768,0,-0.947104,-0.0471,0,-0.9989,-444.8941,0,1,0,0,0.9989,0,-0.0471,669.1584,0,0,0,1
985.6911,985.69,0.018685,0.015212,996.226,-445.2956,0,669.138,1.215181,1.215181,-14.07553,NaN,NaN,NaN,NaN,0,20.1,-20.07278,0,-1.04574,-0.052,0,-0.9986,-445.2956,0,1,0,0,0.9986,0,-0.052,669.138,0,0,0,1
985.7042,985.7,0.013099,0.014789,996.2396,-445.4963,0,669.127,1.212594,1.212594,-14.36485,NaN,NaN,NaN,NaN,0,20.1,-20.07009,0,-1.096058,-0.0545,0,-0.9985,-445.4963,0,1,0,0,0.9985,0,-0.0545,669.127,0,0,0,1
985.7238,985.72,0.019605,0.015752,996.259,-445.8976,0,669.1036,1.21136,1.21136,-14.55161,NaN,NaN,NaN,NaN,0,20.1,-20.06427,0,-1.197989,-0.0596,0,-0.9982,-445.8976,0,1,0,0,0.9982,0,-0.0596,669.1036,0,0,0,1
985.7368,985.73,0.013009,0.015204,996.2715,-446.0983,0,669.0911,1.210447,1.210447,-14.75669,NaN,NaN,NaN,NaN,0,20.1,-20.06112,0,-1.249661,-0.0622,0,-0.9981,-446.0983,0,1,0,0,0.9981,0,-0.0622,669.0911,0,0,0,1
985.7579,985.75,0.021114,0.016386,996.2934,-446.4994,0,669.0645,1.207058,1.207058,-14.85924,NaN,NaN,NaN,NaN,0,20.1,-20.05437,0,-1.3537,-0.0673,0,-0.9977,-446.4994,0,1,0,0,0.9977,0,-0.0673,669.0645,0,0,0,1
985.7737,985.77,0.015815,0.016271,996.309,-446.9004,0,669.0359,1.206598,1.206598,-14.93248,NaN,NaN,NaN,NaN,0,20.1,-20.04704,0,-1.458211,-0.0725,0,-0.9974,-446.9004,0,1,0,0,0.9974,0,-0.0725,669.0359,0,0,0,1
985.7905,985.79,0.016817,0.01638,996.3257,-447.3012,0,669.0052,1.205312,1.205312,-14.93248,NaN,NaN,NaN,NaN,0,20.1,-20.03917,0,-1.562688,-0.0777,0,-0.997,-447.3012,0,1,0,0,0.997,0,-0.0777,669.0052,0,0,0,1
985.8071,985.8,0.016569,0.016418,996.3417,-447.5015,0,668.989,1.203823,1.203823,-14.93248,NaN,NaN,NaN,NaN,0,20.1,-20.03502,0,-1.614909,-0.0803,0,-0.9968,-447.5015,0,1,0,0,0.9968,0,-0.0803,668.989,0,0,0,1
985.821,985.82,0.013939,0.015922,996.3558,-447.9021,0,668.9551,1.20414,1.20414,-14.93248,NaN,NaN,NaN,NaN,0,20.1,-20.02633,0,-1.719319,-0.0855,0,-0.9963,-447.9021,0,1,0,0,0.9963,0,-0.0855,668.9551,0,0,0,1
985.8369,985.83,0.015787,0.015895,996.3713,-448.1023,0,668.9374,1.204267,1.204267,-14.93248,NaN,NaN,NaN,NaN,0,20.1,-20.02178,0,-1.771504,-0.0881,0,-0.9961,-448.1023,0,1,0,0,0.9961,0,-0.0881,668.9374,0,0,0,1
985.8513,985.85,0.014456,0.015607,996.386,-448.5026,0,668.9005,1.202896,1.202896,-14.93248,NaN,NaN,NaN,NaN,0,20.1,-20.01228,0,-1.875845,-0.0933,0,-0.9956,-448.5026,0,1,0,0,0.9956,0,-0.0933,668.9005,0,0,0,1
985.8634,985.86,0.012099,0.014906,996.3979,-448.7027,0,668.8812,1.202869,1.202869,-14.93248,NaN,NaN,NaN,NaN,0,20.1,-20.00732,0,-1.927991,-0.0959,0,-0.9954,-448.7027,0,1,0,0,0.9954,0,-0.0959,668.8812,0,0,0,1
985.8747,985.87,0.011321,0.014189,996.4092,-448.9027,0,668.8614,1.204054,1.204054,-14.93248,NaN,NaN,NaN,NaN,0,20.1,-20.00223,0,-1.980131,-0.0985,0,-0.9951,-448.9027,0,1,0,0,0.9951,0,-0.0985,668.8614,0,0,0,1
985.8882,985.88,0.013488,0.014049,996.4227,-449.1027,0,668.8411,1.204671,1.204671,-14.93248,NaN,NaN,NaN,NaN,0,20.1,-19.997,0,-2.032256,-0.1011,0,-0.9949,-449.1027,0,1,0,0,0.9949,0,-0.1011,668.8411,0,0,0,1
985.9,985.89,0.011754,0.01359,996.4344,-449.3026,0,668.8202,1.204729,1.204729,-14.93248,NaN,NaN,NaN,NaN,0,20.1,-19.99164,0,-2.084364,-0.1037,0,-0.9946,-449.3026,0,1,0,0,0.9946,0,-0.1037,668.8202,0,0,0,1
985.9135,985.91,0.013536,0.013579,996.4482,-449.7023,0,668.7769,1.204543,1.204543,-14.93248,NaN,NaN,NaN,NaN,0,20.1,-19.9805,0,-2.188537,-0.1089,0,-0.9941,-449.7023,0,1,0,0,0.9941,0,-0.1089,668.7769,0,0,0,1
985.925,985.92,0.011546,0.013172,996.4595,-449.902,0,668.7545,1.20622,1.20622,-14.93248,NaN,NaN,NaN,NaN,0,20.1,-19.97473,0,-2.240604,-0.1115,0,-0.9938,-449.902,0,1,0,0,0.9938,0,-0.1115,668.7545,0,0,0,1
985.9459,985.94,0.020855,0.014709,996.4807,-450.3013,0,668.7081,1.207946,1.207946,-14.93248,NaN,NaN,NaN,NaN,0,20.1,-19.96278,0,-2.344689,-0.1167,0,-0.9932,-450.3013,0,1,0,0,0.9932,0,-0.1167,668.7081,0,0,0,1
985.959,985.95,0.01311,0.014389,996.4934,-450.5009,0,668.6841,1.20799,1.20799,-14.93248,NaN,NaN,NaN,NaN,0,20.1,-19.9566,0,-2.396708,-0.1192,0,-0.9929,-450.5009,0,1,0,0,0.9929,0,-0.1192,668.6841,0,0,0,1
985.9793,985.97,0.020322,0.015576,996.5141,-450.8998,0,668.6346,1.210665,1.210665,-14.93248,NaN,NaN,NaN,NaN,0,20.1,-19.94383,0,-2.500695,-0.1244,0,-0.9922,-450.8998,0,1,0,0,0.9922,0,-0.1244,668.6346,0,0,0,1
985.9916,985.99,0.01234,0.014928,996.5264,-451.2985,0,668.5831,1.213441,1.213441,-14.93248,NaN,NaN,NaN,NaN,0,20.1,-19.93053,0,-2.604618,-0.1296,0,-0.9916,-451.2985,0,1,0,0,0.9916,0,-0.1296,668.5831,0,0,0,1
986.0028,986,0.011143,0.014171,996.5372,-451.4977,0,668.5565,1.213982,1.213982,-14.93248,NaN,NaN,NaN,NaN,0,20.1,-19.92367,0,-2.656552,-0.1322,0,-0.9912,-451.4977,0,1,0,0,0.9912,0,-0.1322,668.5565,0,0,0,1
986.0156,986.0099,0.012732,0.013883,996.55,-451.6969,0,668.5294,1.214841,1.214841,-14.93248,NaN,NaN,NaN,NaN,0,20.1,-19.91669,0,-2.70847,-0.1347,0,-0.9909,-451.6969,0,1,0,0,0.9909,0,-0.1347,668.5294,0,0,0,1
986.0273,986.02,0.011833,0.013473,996.5618,-451.896,0,668.5018,1.217517,1.217517,-14.93248,NaN,NaN,NaN,NaN,0,20.1,-19.90956,0,-2.760368,-0.1373,0,-0.9905,-451.896,0,1,0,0,0.9905,0,-0.1373,668.5018,0,0,0,1
986.0393,986.03,0.011908,0.01316,996.5737,-452.095,0,668.4737,1.219688,1.219688,-14.93248,NaN,NaN,NaN,NaN,0,20.1,-19.9023,0,-2.812243,-0.1399,0,-0.9902,-452.095,0,1,0,0,0.9902,0,-0.1399,668.4737,0,0,0,1
986.0509,986.05,0.011599,0.012848,996.5861,-452.4928,0,668.4159,1.222325,1.222325,-14.93248,NaN,NaN,NaN,NaN,0,20.1,-19.88737,0,-2.915945,-0.1451,0,-0.9894,-452.4928,0,1,0,0,0.9894,0,-0.1451,668.4159,0,0,0,1
986.0627,986.06,0.011856,0.01265,996.5972,-452.6917,0,668.3862,1.223499,1.223499,-14.93248,NaN,NaN,NaN,NaN,0,20.1,-19.8797,0,-2.967765,-0.1477,0,-0.989,-452.6917,0,1,0,0,0.989,0,-0.1477,668.3862,0,0,0,1
986.0738,986.07,0.011065,0.012333,996.6083,-452.8904,0,668.356,1.226681,1.226681,-14.93248,NaN,NaN,NaN,NaN,0,20.1,-19.87189,0,-3.019562,-0.1502,0,-0.9887,-452.8904,0,1,0,0,0.9887,0,-0.1502,668.356,0,0,0,1
986.0858,986.08,0.012023,0.012271,996.6203,-453.089,0,668.3253,1.22935,1.22935,-14.93248,NaN,NaN,NaN,NaN,0,20.1,-19.86396,0,-3.071342,-0.1528,0,-0.9883,-453.089,0,1,0,0,0.9883,0,-0.1528,668.3253,0,0,0,1
986.0978,986.09,0.011933,0.012203,996.6321,-453.2875,0,668.2941,1.231456,1.231456,-14.93248,NaN,NaN,NaN,NaN,0,20.1,-19.85589,0,-3.1231,-0.1554,0,-0.9879,-453.2875,0,1,0,0,0.9879,0,-0.1554,668.2941,0,0,0,1
986.1108,986.11,0.013065,0.012376,996.6457,-453.6844,0,668.23,1.234429,1.234429,-14.93248,NaN,NaN,NaN,NaN,0,20.1,-19.83934,0,-3.226557,-0.1605,0,-0.987,-453.6844,0,1,0,0,0.987,0,-0.1605,668.23,0,0,0,1
986.1225,986.12,0.011674,0.012235,996.6569,-453.8827,0,668.1973,1.23811,1.23811,-14.93248,NaN,NaN,NaN,NaN,0,20.1,-19.83086,0,-3.27825,-0.1631,0,-0.9866,-453.8827,0,1,0,0,0.9866,0,-0.1631,668.1973,0,0,0,1
986.1348,986.13,0.012277,0.012244,996.6692,-454.0809,0,668.1639,1.241227,1.241227,-14.93248,NaN,NaN,NaN,NaN,0,20.1,-19.82225,0,-3.329925,-0.1657,0,-0.9862,-454.0809,0,1,0,0,0.9862,0,-0.1657,668.1639,0,0,0,1
986.1454,986.14,0.010703,0.011936,996.6799,-454.2791,0,668.1301,1.24389,1.24389,-14.93248,NaN,NaN,NaN,NaN,0,20.1,-19.81351,0,-3.381575,-0.1682,0,-0.9857,-454.2791,0,1,0,0,0.9857,0,-0.1682,668.1301,0,0,0,1
986.1574,986.15,0.011938,0.011936,996.6918,-454.4771,0,668.0958,1.24599,1.24599,-14.93248,NaN,NaN,NaN,NaN,0,20.1,-19.80463,0,-3.433202,-0.1708,0,-0.9853,-454.4771,0,1,0,0,0.9853,0,-0.1708,668.0958,0,0,0,1
986.1697,986.16,0.012315,0.012012,996.7042,-454.6751,0,668.061,1.247689,1.247689,-14.93248,NaN,NaN,NaN,NaN,0,20.1,-19.79561,0,-3.484799,-0.1734,0,-0.9849,-454.6751,0,1,0,0,0.9849,0,-0.1734,668.061,0,0,0,1
986.1817,986.18,0.011947,0.011999,996.7166,-455.0707,0,667.9897,1.255584,1.255584,-14.93248,NaN,NaN,NaN,NaN,0,20.1,-19.77718,0,-3.587935,-0.1785,0,-0.9839,-455.0707,0,1,0,0,0.9839,0,-0.1785,667.9897,0,0,0,1
986.2028,986.2,0.021175,0.013834,996.7378,-455.466,0,667.9164,1.261365,1.261365,-14.93248,NaN,NaN,NaN,NaN,0,20.1,-19.75821,0,-3.690972,-0.1836,0,-0.983,-455.466,0,1,0,0,0.983,0,-0.1836,667.9164,0,0,0,1
986.2159,986.21,0.013028,0.013673,996.7505,-455.6635,0,667.879,1.263444,1.263444,-14.93614,NaN,NaN,NaN,NaN,0,20.1,-19.74852,0,-3.742465,-0.1862,0,-0.9825,-455.6635,0,1,0,0,0.9825,0,-0.1862,667.879,0,0,0,1
986.2278,986.22,0.011989,0.013336,996.7626,-455.8609,0,667.8411,1.268016,1.268016,-14.96544,NaN,NaN,NaN,NaN,0,20.1,-19.73868,0,-3.794036,-0.1888,0,-0.982,-455.8609,0,1,0,0,0.982,0,-0.1888,667.8411,0,0,0,1
986.2413,986.24,0.013404,0.01335,996.7761,-456.2553,0,667.7636,1.275835,1.275835,-15.01671,NaN,NaN,NaN,NaN,0,20.1,-19.71852,0,-3.897445,-0.1939,0,-0.981,-456.2553,0,1,0,0,0.981,0,-0.1939,667.7636,0,0,0,1
986.2529,986.25,0.011627,0.013005,996.7876,-456.4525,0,667.7241,1.278882,1.278882,-15.07164,NaN,NaN,NaN,NaN,0,20.1,-19.7082,0,-3.949299,-0.1965,0,-0.9805,-456.4525,0,1,0,0,0.9805,0,-0.1965,667.7241,0,0,0,1
986.2651,986.2599,0.012261,0.012856,996.8002,-456.6494,0,667.6841,1.281419,1.281419,-15.17052,NaN,NaN,NaN,NaN,0,20.1,-19.69767,0,-4.001472,-0.1991,0,-0.98,-456.6494,0,1,0,0,0.98,0,-0.1991,667.6841,0,0,0,1
986.2775,986.27,0.012335,0.012752,996.812,-456.8463,0,667.6436,1.286299,1.286299,-15.27673,NaN,NaN,NaN,NaN,0,20.1,-19.68693,0,-4.053976,-0.2017,0,-0.9794,-456.8463,0,1,0,0,0.9794,0,-0.2017,667.6436,0,0,0,1
986.2905,986.29,0.01295,0.012792,996.8254,-457.2397,0,667.5609,1.295027,1.295027,-15.42687,NaN,NaN,NaN,NaN,0,20.1,-19.66482,0,-4.159931,-0.207,0,-0.9783,-457.2397,0,1,0,0,0.9783,0,-0.207,667.5609,0,0,0,1
986.3027,986.3,0.012277,0.012689,996.8374,-457.4362,0,667.5187,1.298526,1.298526,-15.60265,NaN,NaN,NaN,NaN,0,20.1,-19.65342,0,-4.213465,-0.2096,0,-0.9778,-457.4362,0,1,0,0,0.9778,0,-0.2096,667.5187,0,0,0,1
986.3251,986.32,0.022371,0.014625,996.8601,-457.8289,0,667.4329,1.306482,1.306482,-15.77478,NaN,NaN,NaN,NaN,0,20.1,-19.62992,0,-4.32162,-0.215,0,-0.9766,-457.8289,0,1,0,0,0.9766,0,-0.215,667.4329,0,0,0,1
986.3384,986.33,0.013295,0.014359,996.8729,-458.0251,0,667.3891,1.311472,1.311472,-16.11902,NaN,NaN,NaN,NaN,0,20.1,-19.61768,0,-4.376827,-0.2178,0,-0.976,-458.0251,0,1,0,0,0.976,0,-0.2178,667.3891,0,0,0,1
986.3573,986.35,0.018937,0.015275,996.8923,-458.4171,0,667.2999,1.319769,1.319769,-16.35706,NaN,NaN,NaN,NaN,0,20.1,-19.59237,0,-4.488766,-0.2233,0,-0.9747,-458.4171,0,1,0,0,0.9747,0,-0.2233,667.2999,0,0,0,1
986.3691,986.36,0.011744,0.014569,996.9036,-458.6129,0,667.2545,1.322951,1.322951,-16.66102,NaN,NaN,NaN,NaN,0,20.1,-19.57924,0,-4.545719,-0.2262,0,-0.9741,-458.6129,0,1,0,0,0.9741,0,-0.2262,667.2545,0,0,0,1
986.3816,986.38,0.012527,0.01416,996.9169,-459.004,0,667.1618,1.333157,1.333157,-16.85512,NaN,NaN,NaN,NaN,0,20.1,-19.55215,0,-4.660837,-0.2319,0,-0.9727,-459.004,0,1,0,0,0.9727,0,-0.2319,667.1618,0,0,0,1
986.3943,986.39,0.012728,0.013874,996.929,-459.1994,0,667.1146,1.337773,1.337773,-17.02724,NaN,NaN,NaN,NaN,0,20.1,-19.53821,0,-4.718919,-0.2348,0,-0.9721,-459.1994,0,1,0,0,0.9721,0,-0.2348,667.1146,0,0,0,1
986.4068,986.4,0.012506,0.0136,996.9415,-459.3947,0,667.0668,1.341739,1.341739,-17.19936,NaN,NaN,NaN,NaN,0,20.1,-19.52396,0,-4.777552,-0.2377,0,-0.9713,-459.3947,0,1,0,0,0.9713,0,-0.2377,667.0668,0,0,0,1
986.4197,986.41,0.012919,0.013464,996.9544,-459.5898,0,667.0185,1.345188,1.345188,-17.32021,NaN,NaN,NaN,NaN,0,20.1,-19.50943,0,-4.836551,-0.2406,0,-0.9706,-459.5898,0,1,0,0,0.9706,0,-0.2406,667.0185,0,0,0,1
986.4312,986.43,0.011437,0.013058,996.9662,-459.9795,0,666.92,1.355338,1.355338,-17.41909,NaN,NaN,NaN,NaN,0,20.1,-19.47966,0,-4.955081,-0.2465,0,-0.9691,-459.9795,0,1,0,0,0.9691,0,-0.2465,666.92,0,0,0,1
986.4442,986.44,0.013061,0.013059,996.9789,-460.1741,0,666.8698,1.359979,1.359979,-17.48867,NaN,NaN,NaN,NaN,0,20.1,-19.46445,0,-5.01452,-0.2495,0,-0.9684,-460.1741,0,1,0,0,0.9684,0,-0.2495,666.8698,0,0,0,1
986.4575,986.45,0.013205,0.013088,996.9918,-460.3686,0,666.8191,1.364087,1.364087,-17.52529,NaN,NaN,NaN,NaN,0,20.1,-19.44902,0,-5.074034,-0.2524,0,-0.9676,-460.3686,0,1,0,0,0.9676,0,-0.2524,666.8191,0,0,0,1
986.4684,986.46,0.011005,0.012671,997.0029,-460.563,0,666.7678,1.367494,1.367494,-17.52895,NaN,NaN,NaN,NaN,0,20.1,-19.4334,0,-5.133508,-0.2554,0,-0.9668,-460.563,0,1,0,0,0.9668,0,-0.2554,666.7678,0,0,0,1
986.4797,986.47,0.011302,0.012397,997.0143,-460.7571,0,666.7158,1.372173,1.372173,-17.52895,NaN,NaN,NaN,NaN,0,20.1,-19.4176,0,-5.192936,-0.2584,0,-0.9661,-460.7571,0,1,0,0,0.9661,0,-0.2584,666.7158,0,0,0,1
986.4916,986.49,0.011843,0.012287,997.0263,-461.145,0,666.6102,1.382268,1.382268,-17.53994,NaN,NaN,NaN,NaN,0,20.1,-19.38545,0,-5.311728,-0.2643,0,-0.9645,-461.145,0,1,0,0,0.9645,0,-0.2643,666.6102,0,0,0,1
986.5048,986.5,0.013196,0.012468,997.0397,-461.3387,0,666.5565,1.386403,1.386403,-17.53994,NaN,NaN,NaN,NaN,0,20.1,-19.3691,0,-5.371046,-0.2672,0,-0.9636,-461.3387,0,1,0,0,0.9636,0,-0.2672,666.5565,0,0,0,1
986.5236,986.52,0.018801,0.013735,997.0583,-461.7256,0,666.4473,1.394322,1.394322,-17.53994,NaN,NaN,NaN,NaN,0,20.1,-19.33585,0,-5.489536,-0.2731,0,-0.962,-461.7256,0,1,0,0,0.962,0,-0.2731,666.4473,0,0,0,1
986.5367,986.53,0.013138,0.013615,997.0712,-461.9188,0,666.3918,1.399777,1.399777,-17.53994,NaN,NaN,NaN,NaN,0,20.1,-19.31895,0,-5.548703,-0.2761,0,-0.9611,-461.9188,0,1,0,0,0.9611,0,-0.2761,666.3918,0,0,0,1
