time,fixedTime,deltaTime,smoothDeltaTime,realtimeSinceStartup,pos_x,pos_y,pos_z,distFromRoadCenter,signedDistFromRoadCenter,wheelAngle,obstacle_pos_x,obstacle_pos_y,obstacle_pos_z,distance_to_obstacle,brake_position,car_speed,car_vel_x,car_vel_y,car_vel_z,simplecar_4x4_R0C0,simplecar_4x4_R0C1,simplecar_4x4_R0C2,simplecar_4x4_R0C3,simplecar_4x4_R1C0,simplecar_4x4_R1C1,simplecar_4x4_R1C2,simplecar_4x4_R1C3,simplecar_4x4_R2C0,simplecar_4x4_R2C1,simplecar_4x4_R2C2,simplecar_4x4_R2C3,simplecar_4x4_R3C0,simplecar_4x4_R3C1,simplecar_4x4_R3C2,simplecar_4x4_R3C3
1079.48,1079.48,0.012852,0.014853,1090.023,-915.1226,0,-147.4363,1.372772,1.372772,-0.195923,NaN,NaN,NaN,NaN,0,20.1,-8.74016,0,18.10027,0.9005,0,-0.4348,-915.1226,0,1,0,0,0.4348,0,0.9005,-147.4363,0,0,0,1
1079.508,1079.5,0.027507,0.017384,1090.042,-915.2974,0,-147.0743,1.374764,1.374764,-0.195923,NaN,NaN,NaN,NaN,0,20.1,-8.741397,0,18.09967,0.9005,0,-0.4349,-915.2974,0,1,0,0,0.4349,0,0.9005,-147.0743,0,0,0,1
1079.521,1079.52,0.013282,0.016564,1090.056,-915.4722,0,-146.7123,1.376729,1.376729,-0.195923,NaN,NaN,NaN,NaN,0,20.1,-8.742635,0,18.09907,0.9005,0,-0.435,-915.4722,0,1,0,0,0.435,0,0.9005,-146.7123,0,0,0,1
1079.537,1079.53,0.016067,0.016464,1090.071,-915.5596,0,-146.5313,1.377692,1.377692,-0.195923,NaN,NaN,NaN,NaN,0,20.1,-8.743254,0,18.09877,0.9004,0,-0.435,-915.5596,0,1,0,0,0.435,0,0.9004,-146.5313,0,0,0,1
1079.55,1079.54,0.012916,0.015754,1090.084,-915.647,0,-146.3504,1.378633,1.378633,-0.195923,NaN,NaN,NaN,NaN,0,20.1,-8.743873,0,18.09847,0.9004,0,-0.435,-915.647,0,1,0,0,0.435,0,0.9004,-146.3504,0,0,0,1
1079.566,1079.56,0.015982,0.0158,1090.101,-915.822,0,-145.9884,1.380408,1.380408,-0.195923,NaN,NaN,NaN,NaN,0,20.1,-8.74511,0,18.09788,0.9004,0,-0.4351,-915.822,0,1,0,0,0.4351,0,0.9004,-145.9884,0,0,0,1
1079.58,1079.58,0.014675,0.015575,1090.115,-915.9969,0,-145.6264,1.382236,1.382236,-0.195923,NaN,NaN,NaN,NaN,0,20.1,-8.746347,0,18.09728,0.9004,0,-0.4351,-915.9969,0,1,0,0,0.4351,0,0.9004,-145.6264,0,0,0,1
1079.594,1079.59,0.013976,0.015255,1090.129,-916.0844,0,-145.4455,1.383192,1.383192,-0.195923,NaN,NaN,NaN,NaN,0,20.1,-8.746965,0,18.09698,0.9003,0,-0.4352,-916.0844,0,1,0,0,0.4352,0,0.9003,-145.4455,0,0,0,1
1079.609,1079.6,0.014161,0.015036,1090.143,-916.1718,0,-145.2645,1.384079,1.384079,-0.195923,NaN,NaN,NaN,NaN,0,20.1,-8.747584,0,18.09668,0.9003,0,-0.4352,-916.1718,0,1,0,0,0.4352,0,0.9003,-145.2645,0,0,0,1
1079.626,1079.62,0.016983,0.015426,1090.16,-916.3467,0,-144.9026,1.385915,1.385915,-0.195923,NaN,NaN,NaN,NaN,0,20.1,-8.748821,0,18.09608,0.9003,0,-0.4353,-916.3467,0,1,0,0,0.4353,0,0.9003,-144.9026,0,0,0,1
1079.641,1079.64,0.015013,0.015343,1090.175,-916.5218,0,-144.5407,1.387669,1.387669,-0.195923,NaN,NaN,NaN,NaN,0,20.1,-8.750058,0,18.09548,0.9003,0,-0.4353,-916.5218,0,1,0,0,0.4353,0,0.9003,-144.5407,0,0,0,1
1079.661,1079.66,0.019932,0.016261,1090.196,-916.6968,0,-144.1788,1.389374,1.389374,-0.195923,NaN,NaN,NaN,NaN,0,20.1,-8.751296,0,18.09488,0.9002,0,-0.4354,-916.6968,0,1,0,0,0.4354,0,0.9002,-144.1788,0,0,0,1
1079.674,1079.67,0.013375,0.015684,1090.208,-916.7844,0,-143.9978,1.390132,1.390132,-0.195923,NaN,NaN,NaN,NaN,0,20.1,-8.751914,0,18.09459,0.9002,0,-0.4354,-916.7844,0,1,0,0,0.4354,0,0.9002,-143.9978,0,0,0,1
1079.688,1079.68,0.014509,0.015449,1090.223,-916.8719,0,-143.8169,1.391019,1.391019,-0.195923,NaN,NaN,NaN,NaN,0,20.1,-8.752533,0,18.09429,0.9002,0,-0.4354,-916.8719,0,1,0,0,0.4354,0,0.9002,-143.8169,0,0,0,1
1079.701,1079.7,0.012995,0.014958,1090.236,-917.0469,0,-143.455,1.392711,1.392711,-0.177612,NaN,NaN,NaN,NaN,0,20.1,-8.753654,0,18.09374,0.9002,0,-0.4355,-917.0469,0,1,0,0,0.4355,0,0.9002,-143.455,0,0,0,1
1079.716,1079.71,0.014301,0.014827,1090.25,-917.1345,0,-143.2741,1.393592,1.393592,-0.166626,NaN,NaN,NaN,NaN,0,20.1,-8.754179,0,18.09349,0.9002,0,-0.4355,-917.1345,0,1,0,0,0.4355,0,0.9002,-143.2741,0,0,0,1
1079.729,1079.72,0.013716,0.014604,1090.264,-917.222,0,-143.0931,1.394411,1.394411,-0.140991,NaN,NaN,NaN,NaN,0,20.1,-8.754624,0,18.09328,0.9002,0,-0.4356,-917.222,0,1,0,0,0.4356,0,0.9002,-143.0931,0,0,0,1
1079.749,1079.74,0.019155,0.015515,1090.283,-917.397,0,-142.7313,1.396103,1.396103,-0.093384,NaN,NaN,NaN,NaN,0,20.1,-8.755215,0,18.09299,0.9001,0,-0.4356,-917.397,0,1,0,0,0.4356,0,0.9001,-142.7313,0,0,0,1
1079.763,1079.76,0.014727,0.015357,1090.298,-917.572,0,-142.3694,1.397864,1.397864,-0.027466,NaN,NaN,NaN,NaN,0,20.1,-8.75539,0,18.0929,0.9001,0,-0.4356,-917.572,0,1,0,0,0.4356,0,0.9001,-142.3694,0,0,0,1
1079.782,1079.78,0.018961,0.016078,1090.317,-917.7471,0,-142.0076,1.399495,1.399495,0.045776,NaN,NaN,NaN,NaN,0,20.1,-8.755101,0,18.09304,0.9002,0,-0.4356,-917.7471,0,1,0,0,0.4356,0,0.9002,-142.0076,0,0,0,1
1079.796,1079.79,0.013773,0.015617,1090.331,-917.8347,0,-141.8266,1.400375,1.400375,0.162964,NaN,NaN,NaN,NaN,0,20.1,-8.754586,0,18.09329,0.9002,0,-0.4356,-917.8347,0,1,0,0,0.4356,0,0.9002,-141.8266,0,0,0,1
1079.81,1079.81,0.014256,0.015345,1090.345,-918.0098,0,-141.4648,1.402006,1.402006,0.250855,NaN,NaN,NaN,NaN,0,20.1,-8.753001,0,18.09406,0.9002,0,-0.4355,-918.0098,0,1,0,0,0.4355,0,0.9002,-141.4648,0,0,0,1
1079.824,1079.82,0.013642,0.015004,1090.359,-918.0972,0,-141.2838,1.402893,1.402893,0.342407,NaN,NaN,NaN,NaN,0,20.1,-8.75192,0,18.09458,0.9002,0,-0.4354,-918.0972,0,1,0,0,0.4354,0,0.9002,-141.2838,0,0,0,1
1079.838,1079.83,0.013671,0.014737,1090.372,-918.1848,0,-141.1029,1.403651,1.403651,0.444946,NaN,NaN,NaN,NaN,0,20.1,-8.750515,0,18.09526,0.9003,0,-0.4353,-918.1848,0,1,0,0,0.4353,0,0.9003,-141.1029,0,0,0,1
1079.854,1079.85,0.015926,0.014975,1090.389,-918.3597,0,-140.741,1.405548,1.405548,0.5475,NaN,NaN,NaN,NaN,0,20.1,-8.747057,0,18.09693,0.9003,0,-0.4352,-918.3597,0,1,0,0,0.4352,0,0.9003,-140.741,0,0,0,1
1079.872,1079.87,0.018614,0.015703,1090.407,-918.5345,0,-140.379,1.407445,1.407445,0.715957,NaN,NaN,NaN,NaN,0,20.1,-8.742534,0,18.09912,0.9005,0,-0.435,-918.5345,0,1,0,0,0.435,0,0.9005,-140.379,0,0,0,1
1079.894,1079.89,0.021737,0.01691,1090.429,-918.7092,0,-140.017,1.409554,1.409554,0.888076,NaN,NaN,NaN,NaN,0,20.1,-8.736922,0,18.10183,0.9006,0,-0.4347,-918.7092,0,1,0,0,0.4347,0,0.9006,-140.017,0,0,0,1
1079.91,1079.9,0.015708,0.016669,1090.445,-918.7966,0,-139.8359,1.410564,1.410564,1.111465,NaN,NaN,NaN,NaN,0,20.1,-8.733411,0,18.10352,0.9007,0,-0.4345,-918.7966,0,1,0,0,0.4345,0,0.9007,-139.8359,0,0,0,1
1079.925,1079.92,0.015726,0.016481,1090.461,-918.9712,0,-139.4738,1.412754,1.412754,1.279922,NaN,NaN,NaN,NaN,0,20.1,-8.725322,0,18.10742,0.9009,0,-0.4341,-918.9712,0,1,0,0,0.4341,0,0.9009,-139.4738,0,0,0,1
1079.94,1079.94,0.015082,0.016201,1090.476,-919.1455,0,-139.1116,1.415265,1.415265,1.452055,NaN,NaN,NaN,NaN,0,20.1,-8.716144,0,18.11184,0.9011,0,-0.4336,-919.1455,0,1,0,0,0.4336,0,0.9011,-139.1116,0,0,0,1
1079.956,1079.95,0.015246,0.01601,1090.49,-919.2327,0,-138.9305,1.416555,1.416555,1.591215,NaN,NaN,NaN,NaN,0,20.1,-8.711113,0,18.11426,0.9012,0,-0.4334,-919.2327,0,1,0,0,0.4334,0,0.9012,-138.9305,0,0,0,1
1079.974,1079.97,0.018675,0.016543,1090.51,-919.4067,0,-138.5681,1.419339,1.419339,1.734037,NaN,NaN,NaN,NaN,0,20.1,-8.700148,0,18.11953,0.9015,0,-0.4328,-919.4067,0,1,0,0,0.4328,0,0.9015,-138.5681,0,0,0,1
1079.995,1079.99,0.020168,0.017268,1090.53,-919.5804,0,-138.2056,1.422527,1.422527,1.920805,NaN,NaN,NaN,NaN,0,20.1,-8.687996,0,18.12536,0.9018,0,-0.4322,-919.5804,0,1,0,0,0.4322,0,0.9018,-138.2056,0,0,0,1
1080.01,1080.01,0.015583,0.016931,1090.545,-919.754,0,-137.843,1.425918,1.425918,2.089262,NaN,NaN,NaN,NaN,0,20.1,-8.674774,0,18.13169,0.9021,0,-0.4316,-919.754,0,1,0,0,0.4316,0,0.9021,-137.843,0,0,0,1
1080.025,1080.02,0.014805,0.016506,1090.559,-919.8406,0,-137.6616,1.427693,1.427693,2.228422,NaN,NaN,NaN,NaN,0,20.1,-8.667722,0,18.13507,0.9022,0,-0.4312,-919.8406,0,1,0,0,0.4312,0,0.9022,-137.6616,0,0,0,1
1080.039,1080.03,0.014039,0.016013,1090.573,-919.9272,0,-137.4803,1.42959,1.42959,2.345624,NaN,NaN,NaN,NaN,0,20.1,-8.660297,0,18.13861,0.9024,0,-0.4309,-919.9272,0,1,0,0,0.4309,0,0.9024,-137.4803,0,0,0,1
1080.055,1080.05,0.015758,0.015962,1090.59,-920.1002,0,-137.1174,1.433596,1.433596,2.444501,NaN,NaN,NaN,NaN,0,20.1,-8.644817,0,18.146,0.9028,0,-0.4301,-920.1002,0,1,0,0,0.4301,0,0.9028,-137.1174,0,0,0,1
1080.073,1080.07,0.018021,0.016373,1090.608,-920.2729,0,-136.7543,1.437888,1.437888,2.565351,NaN,NaN,NaN,NaN,0,20.1,-8.628564,0,18.15373,0.9032,0,-0.4293,-920.2729,0,1,0,0,0.4293,0,0.9032,-136.7543,0,0,0,1
1080.092,1080.09,0.019648,0.017028,1090.627,-920.4452,0,-136.3911,1.442644,1.442644,2.708173,NaN,NaN,NaN,NaN,0,20.1,-8.611399,0,18.16188,0.9036,0,-0.4284,-920.4452,0,1,0,0,0.4284,0,0.9036,-136.3911,0,0,0,1
1080.107,1080.1,0.014612,0.016545,1090.642,-920.5312,0,-136.2095,1.445162,1.445162,2.87663,NaN,NaN,NaN,NaN,0,20.1,-8.602279,0,18.1662,0.9038,0,-0.428,-920.5312,0,1,0,0,0.428,0,0.9038,-136.2095,0,0,0,1
1080.12,1080.11,0.01254,0.015744,1090.654,-920.6171,0,-136.0278,1.447803,1.447803,3.01579,NaN,NaN,NaN,NaN,0,20.1,-8.592716,0,18.17072,0.904,0,-0.4275,-920.6171,0,1,0,0,0.4275,0,0.904,-136.0278,0,0,0,1
1080.133,1080.13,0.013737,0.015343,1090.668,-920.7887,0,-135.6642,1.453372,1.453372,3.151288,NaN,NaN,NaN,NaN,0,20.1,-8.572722,0,18.18017,0.9045,0,-0.4265,-920.7887,0,1,0,0,0.4265,0,0.9045,-135.6642,0,0,0,1
1080.148,1080.14,0.014694,0.015213,1090.683,-920.8743,0,-135.4824,1.456293,1.456293,3.305111,NaN,NaN,NaN,NaN,0,20.1,-8.562234,0,18.18511,0.9047,0,-0.426,-920.8743,0,1,0,0,0.426,0,0.9047,-135.4824,0,0,0,1
1080.162,1080.16,0.013843,0.014939,1090.697,-921.0453,0,-135.1185,1.462544,1.462544,3.499203,NaN,NaN,NaN,NaN,0,20.1,-8.540015,0,18.19555,0.9053,0,-0.4249,-921.0453,0,1,0,0,0.4249,0,0.9053,-135.1185,0,0,0,1
1080.182,1080.18,0.020575,0.016066,1090.717,-921.2156,0,-134.7544,1.469409,1.469409,3.66766,NaN,NaN,NaN,NaN,0,20.1,-8.516712,0,18.20647,0.9058,0,-0.4237,-921.2156,0,1,0,0,0.4237,0,0.9058,-134.7544,0,0,0,1
1080.197,1080.19,0.014743,0.015802,1090.732,-921.3007,0,-134.5723,1.473019,1.473019,3.924007,NaN,NaN,NaN,NaN,0,20.1,-8.504242,0,18.2123,0.9061,0,-0.4231,-921.3007,0,1,0,0,0.4231,0,0.9061,-134.5723,0,0,0,1
1080.216,1080.21,0.019012,0.016444,1090.751,-921.4703,0,-134.2079,1.480689,1.480689,4.099789,NaN,NaN,NaN,NaN,0,20.1,-8.47817,0,18.22445,0.9067,0,-0.4218,-921.4703,0,1,0,0,0.4218,0,0.9067,-134.2079,0,0,0,1
1080.23,1080.23,0.014153,0.015986,1090.765,-921.6395,0,-133.8432,1.488844,1.488844,4.367137,NaN,NaN,NaN,NaN,0,20.1,-8.450378,0,18.23736,0.9073,0,-0.4204,-921.6395,0,1,0,0,0.4204,0,0.9073,-133.8432,0,0,0,1
1080.248,1080.24,0.017735,0.016335,1090.783,-921.7239,0,-133.6607,1.493246,1.493246,4.54658,NaN,NaN,NaN,NaN,0,20.1,-8.435903,0,18.24405,0.9077,0,-0.4197,-921.7239,0,1,0,0,0.4197,0,0.9077,-133.6607,0,0,0,1
1080.262,1080.26,0.013802,0.015829,1090.797,-921.8922,0,-133.2956,1.502424,1.502424,4.762645,NaN,NaN,NaN,NaN,0,20.1,-8.405561,0,18.25805,0.9084,0,-0.4182,-921.8922,0,1,0,0,0.4182,0,0.9084,-133.2956,0,0,0,1
1080.284,1080.28,0.022476,0.017158,1090.82,-922.0598,0,-132.9303,1.512279,1.512279,4.923778,NaN,NaN,NaN,NaN,0,20.1,-8.374169,0,18.27247,0.9091,0,-0.4166,-922.0598,0,1,0,0,0.4166,0,0.9091,-132.9303,0,0,0,1
1080.306,1080.3,0.021542,0.018035,1090.841,-922.2268,0,-132.5646,1.522883,1.522883,5.147166,NaN,NaN,NaN,NaN,0,20.1,-8.341325,0,18.28749,0.9098,0,-0.415,-922.2268,0,1,0,0,0.415,0,0.9098,-132.5646,0,0,0,1
1080.321,1080.32,0.015543,0.017537,1090.856,-922.3931,0,-132.1986,1.534225,1.534225,5.333948,NaN,NaN,NaN,NaN,0,20.1,-8.307261,0,18.30299,0.9106,0,-0.4133,-922.3931,0,1,0,0,0.4133,0,0.9106,-132.1986,0,0,0,1
1080.336,1080.33,0.014582,0.016946,1090.871,-922.476,0,-132.0155,1.540203,1.540203,5.454798,NaN,NaN,NaN,NaN,0,20.1,-8.289832,0,18.31089,0.911,0,-0.4124,-922.476,0,1,0,0,0.4124,0,0.911,-132.0155,0,0,0,1
1080.35,1080.35,0.014531,0.016463,1090.886,-922.6412,0,-131.649,1.552712,1.552712,5.575647,NaN,NaN,NaN,NaN,0,20.1,-8.254178,0,18.32699,0.9118,0,-0.4107,-922.6412,0,1,0,0,0.4107,0,0.9118,-131.649,0,0,0,1
1080.365,1080.36,0.014221,0.016014,1090.899,-922.7236,0,-131.4657,1.559297,1.559297,5.674524,NaN,NaN,NaN,NaN,0,20.1,-8.236023,0,18.33516,0.9122,0,-0.4098,-922.7236,0,1,0,0,0.4098,0,0.9122,-131.4657,0,0,0,1
1080.385,1080.38,0.019812,0.016774,1090.921,-922.8877,0,-131.0987,1.573021,1.573021,5.766077,NaN,NaN,NaN,NaN,0,20.1,-8.199103,0,18.3517,0.913,0,-0.4079,-922.8877,0,1,0,0,0.4079,0,0.913,-131.0987,0,0,0,1
1080.404,1080.4,0.019739,0.017367,1090.939,-923.0511,0,-130.7314,1.587618,1.587618,5.901575,NaN,NaN,NaN,NaN,0,20.1,-8.16128,0,18.36855,0.9139,0,-0.406,-923.0511,0,1,0,0,0.406,0,0.9139,-130.7314,0,0,0,1
1080.42,1080.42,0.015931,0.01708,1090.955,-923.2137,0,-130.3638,1.602972,1.602972,6.055384,NaN,NaN,NaN,NaN,0,20.1,-8.122436,0,18.38576,0.9147,0,-0.4041,-923.2137,0,1,0,0,0.4041,0,0.9147,-130.3638,0,0,0,1
1080.435,1080.43,0.014693,0.016602,1090.969,-923.2948,0,-130.1799,1.610929,1.610929,6.17991,NaN,NaN,NaN,NaN,0,20.1,-8.1026,0,18.39451,0.9151,0,-0.4031,-923.2948,0,1,0,0,0.4031,0,0.9151,-130.1799,0,0,0,1
1080.452,1080.45,0.017223,0.016726,1090.988,-923.4562,0,-129.8117,1.627635,1.627635,6.300759,NaN,NaN,NaN,NaN,0,20.1,-8.062124,0,18.41228,0.916,0,-0.4011,-923.4562,0,1,0,0,0.4011,0,0.916,-129.8117,0,0,0,1
1080.468,1080.46,0.01607,0.016595,1091.003,-923.5366,0,-129.6275,1.636336,1.636336,6.472878,NaN,NaN,NaN,NaN,0,20.1,-8.041318,0,18.42138,0.9165,0,-0.4001,-923.5366,0,1,0,0,0.4001,0,0.9165,-129.6275,0,0,0,1
1080.484,1080.48,0.015484,0.016373,1091.019,-923.6968,0,-129.2588,1.654406,1.654406,6.674294,NaN,NaN,NaN,NaN,0,20.1,-7.998379,0,18.44006,0.9174,0,-0.3979,-923.6968,0,1,0,0,0.3979,0,0.9174,-129.2588,0,0,0,1
1080.505,1080.5,0.020871,0.017272,1091.04,-923.8561,0,-128.8897,1.673371,1.673371,6.868386,NaN,NaN,NaN,NaN,0,20.1,-7.954145,0,18.45919,0.9184,0,-0.3957,-923.8561,0,1,0,0,0.3957,0,0.9184,-128.8897,0,0,0,1
1080.519,1080.51,0.014973,0.016813,1091.054,-923.9354,0,-128.705,1.683286,1.683286,7.154045,NaN,NaN,NaN,NaN,0,20.1,-7.931091,0,18.4691,0.9189,0,-0.3946,-923.9354,0,1,0,0,0.3946,0,0.9189,-128.705,0,0,0,1
1080.535,1080.53,0.015497,0.016549,1091.071,-924.0934,0,-128.3353,1.703732,1.703732,7.344475,NaN,NaN,NaN,NaN,0,20.1,-7.883717,0,18.48938,0.9199,0,-0.3922,-924.0934,0,1,0,0,0.3922,0,0.9199,-128.3353,0,0,0,1
1080.55,1080.55,0.015258,0.016291,1091.086,-924.2504,0,-127.9652,1.725265,1.725265,7.571526,NaN,NaN,NaN,NaN,0,20.1,-7.834822,0,18.51015,0.9209,0,-0.3898,-924.2504,0,1,0,0,0.3898,0,0.9209,-127.9652,0,0,0,1
1080.565,1080.56,0.014781,0.015989,1091.101,-924.3284,0,-127.78,1.736481,1.736481,7.809563,NaN,NaN,NaN,NaN,0,20.1,-7.809585,0,18.52081,0.9214,0,-0.3885,-924.3284,0,1,0,0,0.3885,0,0.9214,-127.78,0,0,0,1
1080.582,1080.58,0.017215,0.016234,1091.118,-924.4838,0,-127.4093,1.759717,1.759717,8.014655,NaN,NaN,NaN,NaN,0,20.1,-7.757739,0,18.54259,0.9225,0,-0.386,-924.4838,0,1,0,0,0.386,0,0.9225,-127.4093,0,0,0,1
1080.597,1080.59,0.014397,0.015867,1091.131,-924.5612,0,-127.2237,1.771742,1.771742,8.292975,NaN,NaN,NaN,NaN,0,20.1,-7.730892,0,18.55379,0.9231,0,-0.3846,-924.5612,0,1,0,0,0.3846,0,0.9231,-127.2237,0,0,0,1
1080.616,1080.61,0.019025,0.016499,1091.151,-924.715,0,-126.8523,1.796684,1.796684,8.501716,NaN,NaN,NaN,NaN,0,20.1,-7.675797,0,18.57666,0.9242,0,-0.3819,-924.715,0,1,0,0,0.3819,0,0.9242,-126.8523,0,0,0,1
1080.63,1080.62,0.014168,0.016032,1091.164,-924.7914,0,-126.6664,1.809654,1.809654,8.78736,NaN,NaN,NaN,NaN,0,20.1,-7.647297,0,18.58841,0.9248,0,-0.3805,-924.7914,0,1,0,0,0.3805,0,0.9248,-126.6664,0,0,0,1
1080.644,1080.64,0.014487,0.015723,1091.18,-924.9434,0,-126.2943,1.836561,1.836561,8.974142,NaN,NaN,NaN,NaN,0,20.1,-7.589031,0,18.61227,0.926,0,-0.3776,-924.9434,0,1,0,0,0.3776,0,0.926,-126.2943,0,0,0,1
1080.659,1080.65,0.014589,0.015496,1091.194,-925.019,0,-126.108,1.850479,1.850479,9.212179,NaN,NaN,NaN,NaN,0,20.1,-7.559095,0,18.62445,0.9266,0,-0.3761,-925.019,0,1,0,0,0.3761,0,0.9266,-126.108,0,0,0,1
1080.672,1080.67,0.012891,0.014975,1091.207,-925.1692,0,-125.7352,1.879356,1.879356,9.435568,NaN,NaN,NaN,NaN,0,20.1,-7.497712,0,18.64924,0.9278,0,-0.373,-925.1692,0,1,0,0,0.373,0,0.9278,-125.7352,0,0,0,1
1080.693,1080.69,0.021168,0.016214,1091.228,-925.3182,0,-125.3618,1.909454,1.909454,9.644308,NaN,NaN,NaN,NaN,0,20.1,-7.434886,0,18.67438,0.9291,0,-0.3699,-925.3182,0,1,0,0,0.3699,0,0.9291,-125.3618,0,0,0,1
1080.707,1080.7,0.013823,0.015736,1091.241,-925.3923,0,-125.1749,1.925013,1.925013,9.937291,NaN,NaN,NaN,NaN,0,20.1,-7.402487,0,18.68725,0.9297,0,-0.3683,-925.3923,0,1,0,0,0.3683,0,0.9297,-125.1749,0,0,0,1
1080.727,1080.72,0.020051,0.016599,1091.262,-925.5393,0,-124.8008,1.957282,1.957282,10.14603,NaN,NaN,NaN,NaN,0,20.1,-7.336257,0,18.71335,0.931,0,-0.365,-925.5393,0,1,0,0,0.365,0,0.931,-124.8008,0,0,0,1
1080.741,1080.74,0.013905,0.01606,1091.276,-925.685,0,-124.4261,1.990925,1.990925,10.44999,NaN,NaN,NaN,NaN,0,20.1,-7.267947,0,18.73998,0.9323,0,-0.3616,-925.685,0,1,0,0,0.3616,0,0.9323,-124.4261,0,0,0,1
1080.756,1080.75,0.01526,0.0159,1091.291,-925.7573,0,-124.2386,2.008316,2.008316,10.66239,NaN,NaN,NaN,NaN,0,20.1,-7.23306,0,18.75348,0.933,0,-0.3599,-925.7573,0,1,0,0,0.3599,0,0.933,-124.2386,0,0,0,1
1080.77,1080.76,0.013651,0.01545,1091.304,-925.8293,0,-124.0509,2.026117,2.026117,10.86748,NaN,NaN,NaN,NaN,0,20.1,-7.197476,0,18.76716,0.9337,0,-0.3581,-925.8293,0,1,0,0,0.3581,0,0.9337,-124.0509,0,0,0,1
1080.783,1080.78,0.013166,0.014994,1091.318,-925.9721,0,-123.6752,2.062869,2.062869,11.05425,NaN,NaN,NaN,NaN,0,20.1,-7.125006,0,18.79479,0.9351,0,-0.3545,-925.9721,0,1,0,0,0.3545,0,0.9351,-123.6752,0,0,0,1
1080.797,1080.79,0.013912,0.014777,1091.331,-926.043,0,-123.4871,2.081823,2.081823,11.18608,NaN,NaN,NaN,NaN,0,20.1,-7.088299,0,18.80867,0.9358,0,-0.3527,-926.043,0,1,0,0,0.3527,0,0.9358,-123.4871,0,0,0,1
1080.815,1080.81,0.018047,0.015431,1091.35,-926.1836,0,-123.1105,2.120892,2.120892,11.34356,NaN,NaN,NaN,NaN,0,20.1,-7.013768,0,18.83659,0.9371,0,-0.3489,-926.1836,0,1,0,0,0.3489,0,0.9371,-123.1105,0,0,0,1
1080.828,1080.82,0.013707,0.015086,1091.363,-926.2534,0,-122.922,2.141061,2.141061,11.56694,NaN,NaN,NaN,NaN,0,20.1,-6.975726,0,18.85071,0.9378,0,-0.3471,-926.2534,0,1,0,0,0.3471,0,0.9378,-122.922,0,0,0,1
1080.851,1080.85,0.022162,0.016501,1091.387,-926.4603,0,-122.3556,2.20385,2.20385,11.72809,NaN,NaN,NaN,NaN,0,20.1,-6.859836,0,18.89319,0.94,0,-0.3413,-926.4603,0,1,0,0,0.3413,0,0.94,-122.3556,0,0,0,1
1080.867,1080.86,0.016206,0.016442,1091.401,-926.5285,0,-122.1665,2.225657,2.225657,11.98078,NaN,NaN,NaN,NaN,0,20.1,-6.820313,0,18.90749,0.9407,0,-0.3393,-926.5285,0,1,0,0,0.3393,0,0.9407,-122.1665,0,0,0,1
1080.88,1080.87,0.012917,0.015737,1091.414,-926.5963,0,-121.9773,2.24787,2.24787,12.18585,NaN,NaN,NaN,NaN,0,20.1,-6.780086,0,18.92196,0.9414,0,-0.3373,-926.5963,0,1,0,0,0.3373,0,0.9414,-121.9773,0,0,0,1
1080.892,1080.89,0.012079,0.015006,1091.427,-926.7306,0,-121.5985,2.29366,2.29366,12.35797,NaN,NaN,NaN,NaN,0,20.1,-6.698399,0,18.95103,0.9428,0,-0.3333,-926.7306,0,1,0,0,0.3333,0,0.9428,-121.5985,0,0,0,1
1080.905,1080.9,0.013232,0.014651,1091.44,-926.7972,0,-121.4088,2.317098,2.317098,12.54474,NaN,NaN,NaN,NaN,0,20.1,-6.65689,0,18.96565,0.9436,0,-0.3312,-926.7972,0,1,0,0,0.3312,0,0.9436,-121.4088,0,0,0,1
1080.926,1080.92,0.020771,0.015875,1091.461,-926.9292,0,-121.0291,2.365393,2.365393,12.7535,NaN,NaN,NaN,NaN,0,20.1,-6.572394,0,18.9951,0.945,0,-0.327,-926.9292,0,1,0,0,0.327,0,0.945,-121.0291,0,0,0,1
1080.939,1080.93,0.013012,0.015302,1091.473,-926.9944,0,-120.839,2.390264,2.390264,13.19661,NaN,NaN,NaN,NaN,0,20.1,-6.528626,0,19.01018,0.9458,0,-0.3248,-926.9944,0,1,0,0,0.3248,0,0.9458,-120.839,0,0,0,1
1080.952,1080.95,0.012965,0.014835,1091.487,-927.1237,0,-120.4583,2.439551,2.439551,13.45662,NaN,NaN,NaN,NaN,0,20.1,-6.43926,0,19.04064,0.9473,0,-0.3204,-927.1237,0,1,0,0,0.3204,0,0.9473,-120.4583,0,0,0,1
1080.972,1080.97,0.019925,0.015853,1091.507,-927.251,0,-120.077,2.488134,2.488134,13.80454,NaN,NaN,NaN,NaN,0,20.1,-6.347434,0,19.07145,0.9488,0,-0.3158,-927.251,0,1,0,0,0.3158,0,0.9488,-120.077,0,0,0,1
1080.985,1080.98,0.013441,0.015371,1091.52,-927.314,0,-119.8861,2.51302,2.51302,14.33554,NaN,NaN,NaN,NaN,0,20.1,-6.299697,0,19.08727,0.9496,0,-0.3134,-927.314,0,1,0,0,0.3134,0,0.9496,-119.8861,0,0,0,1
1080.998,1080.99,0.013019,0.0149,1091.533,-927.3765,0,-119.6951,2.538395,2.538395,14.65782,NaN,NaN,NaN,NaN,0,20.1,-6.250846,0,19.10332,0.9504,0,-0.311,-927.3765,0,1,0,0,0.311,0,0.9504,-119.6951,0,0,0,1
1081.011,1081.01,0.012774,0.014475,1091.546,-927.5001,0,-119.3126,2.582033,2.582033,15.0753,NaN,NaN,NaN,NaN,0,20.1,-6.150233,0,19.13595,0.952,0,-0.306,-927.5001,0,1,0,0,0.306,0,0.952,-119.3126,0,0,0,1
1081.024,1081.02,0.013002,0.014181,1091.559,-927.561,0,-119.121,2.604554,2.604554,15.47082,NaN,NaN,NaN,NaN,0,20.1,-6.09854,0,19.15249,0.9529,0,-0.3034,-927.561,0,1,0,0,0.3034,0,0.9529,-119.121,0,0,0,1
1081.037,1081.03,0.012624,0.013869,1091.571,-927.6215,0,-118.9293,2.627562,2.627562,15.91028,NaN,NaN,NaN,NaN,0,20.1,-6.045334,0,19.16935,0.9537,0,-0.3008,-927.6215,0,1,0,0,0.3008,0,0.9537,-118.9293,0,0,0,1
1081.049,1081.04,0.012682,0.013632,1091.584,-927.6814,0,-118.7375,2.649896,2.649896,16.30945,NaN,NaN,NaN,NaN,0,20.1,-5.990743,0,19.18648,0.9546,0,-0.298,-927.6814,0,1,0,0,0.298,0,0.9546,-118.7375,0,0,0,1
1081.07,1081.06,0.020503,0.015006,1091.605,-927.7995,0,-118.3532,2.689929,2.689929,16.70497,NaN,NaN,NaN,NaN,0,20.1,-5.878763,0,19.22109,0.9563,0,-0.2925,-927.7995,0,1,0,0,0.2925,0,0.9563,-118.3532,0,0,0,1
1081.083,1081.08,0.012959,0.014597,1091.618,-927.9153,0,-117.9683,2.732064,2.732064,17.43008,NaN,NaN,NaN,NaN,0,20.1,-5.76171,0,19.2565,0.958,0,-0.2867,-927.9153,0,1,0,0,0.2867,0,0.958,-117.9683,0,0,0,1
1081.095,1081.09,0.01223,0.014123,1091.63,-927.9723,0,-117.7755,2.751569,2.751569,17.82193,NaN,NaN,NaN,NaN,0,20.1,-5.701784,0,19.27433,0.9589,0,-0.2837,-927.9723,0,1,0,0,0.2837,0,0.9589,-117.7755,0,0,0,1
1081.116,1081.11,0.021505,0.0156,1091.652,-928.0845,0,-117.3895,2.788449,2.788449,18.21377,NaN,NaN,NaN,NaN,0,20.1,-5.579127,0,19.31019,0.9607,0,-0.2776,-928.0845,0,1,0,0,0.2776,0,0.9607,-117.3895,0,0,0,1
1081.13,1081.12,0.013364,0.015153,1091.664,-928.1397,0,-117.1962,2.807816,2.807816,18.92424,NaN,NaN,NaN,NaN,0,20.1,-5.515316,0,19.32851,0.9616,0,-0.2744,-928.1397,0,1,0,0,0.2744,0,0.9616,-117.1962,0,0,0,1
1081.143,1081.14,0.013012,0.014724,1091.678,-928.248,0,-116.8091,2.844587,2.844587,19.36737,NaN,NaN,NaN,NaN,0,20.1,-5.384522,0,19.36535,0.9635,0,-0.2679,-928.248,0,1,0,0,0.2679,0,0.9635,-116.8091,0,0,0,1
1081.157,1081.15,0.013926,0.014565,1091.691,-928.3012,0,-116.6152,2.86149,2.86149,19.73358,NaN,NaN,NaN,NaN,0,20.1,-5.317793,0,19.38378,0.9644,0,-0.2646,-928.3012,0,1,0,0,0.2646,0,0.9644,-116.6152,0,0,0,1
1081.17,1081.17,0.013387,0.014329,1091.705,-928.4055,0,-116.227,2.897306,2.897306,20.1584,NaN,NaN,NaN,NaN,0,20.1,-5.181267,0,19.42072,0.9662,0,-0.2578,-928.4055,0,1,0,0,0.2578,0,0.9662,-116.227,0,0,0,1
1081.182,1081.18,0.012257,0.013915,1091.717,-928.4565,0,-116.0326,2.915264,2.915264,20.5539,NaN,NaN,NaN,NaN,0,20.1,-5.111565,0,19.43919,0.9671,0,-0.2543,-928.4565,0,1,0,0,0.2543,0,0.9671,-116.0326,0,0,0,1
1081.204,1081.2,0.02159,0.01545,1091.739,-928.5566,0,-115.6433,2.946417,2.946417,20.87617,NaN,NaN,NaN,NaN,0,20.1,-4.969774,0,19.47592,0.969,0,-0.2473,-928.5566,0,1,0,0,0.2473,0,0.969,-115.6433,0,0,0,1
1081.218,1081.21,0.013975,0.015155,1091.753,-928.6057,0,-115.4483,2.962968,2.962968,21.4255,NaN,NaN,NaN,NaN,0,20.1,-4.896911,0,19.49437,0.9699,0,-0.2436,-928.6057,0,1,0,0,0.2436,0,0.9699,-115.4483,0,0,0,1
1081.238,1081.23,0.01959,0.016042,1091.772,-928.7013,0,-115.0579,2.995872,2.995872,21.71847,NaN,NaN,NaN,NaN,0,20.1,-4.748981,0,19.53093,0.9717,0,-0.2363,-928.7013,0,1,0,0,0.2363,0,0.9717,-115.0579,0,0,0,1
1081.251,1081.25,0.013204,0.015474,1091.786,-928.794,0,-114.6667,3.025354,3.025354,22.05906,NaN,NaN,NaN,NaN,0,20.1,-4.598452,0,19.56692,0.9735,0,-0.2288,-928.794,0,1,0,0,0.2288,0,0.9735,-114.6667,0,0,0,1
1081.263,1081.26,0.012082,0.014796,1091.797,-928.8392,0,-114.4709,3.041178,3.041178,22.2385,NaN,NaN,NaN,NaN,0,20.1,-4.522471,0,19.58462,0.9744,0,-0.225,-928.8392,0,1,0,0,0.225,0,0.9744,-114.4709,0,0,0,1
1081.276,1081.27,0.013501,0.014537,1091.811,-928.8837,0,-114.2749,3.057708,3.057708,22.374,NaN,NaN,NaN,NaN,0,20.1,-4.445959,0,19.60213,0.9752,0,-0.2212,-928.8837,0,1,0,0,0.2212,0,0.9752,-114.2749,0,0,0,1
1081.29,1081.29,0.013901,0.01441,1091.826,-928.9703,0,-113.8823,3.084695,3.084695,22.49485,NaN,NaN,NaN,NaN,0,20.1,-4.291904,0,19.63643,0.9769,0,-0.2135,-928.9703,0,1,0,0,0.2135,0,0.9769,-113.8823,0,0,0,1
1081.303,1081.3,0.013226,0.014173,1091.838,-929.0125,0,-113.6858,3.099114,3.099114,22.57542,NaN,NaN,NaN,NaN,0,20.1,-4.2145,0,19.65319,0.9778,0,-0.2097,-929.0125,0,1,0,0,0.2097,0,0.9778,-113.6858,0,0,0,1
1081.315,1081.31,0.011498,0.013638,1091.849,-929.0539,0,-113.4891,3.114234,3.114234,22.59739,NaN,NaN,NaN,NaN,0,20.1,-4.136956,0,19.66966,0.9786,0,-0.2058,-929.0539,0,1,0,0,0.2058,0,0.9786,-113.4891,0,0,0,1
1081.328,1081.32,0.012997,0.01351,1091.862,-929.0945,0,-113.2922,3.128878,3.128878,22.60838,NaN,NaN,NaN,NaN,0,20.1,-4.059309,0,19.68583,0.9794,0,-0.202,-929.0945,0,1,0,0,0.202,0,0.9794,-113.2922,0,0,0,1
1081.348,1081.34,0.020456,0.014899,1091.883,-929.1733,0,-112.898,3.154276,3.154276,22.60838,NaN,NaN,NaN,NaN,0,20.1,-3.903828,0,19.71725,0.981,0,-0.1942,-929.1733,0,1,0,0,0.1942,0,0.981,-112.898,0,0,0,1
1081.361,1081.36,0.012552,0.01443,1091.896,-929.2491,0,-112.5032,3.182506,3.182506,22.60838,NaN,NaN,NaN,NaN,0,20.1,-3.748103,0,19.74745,0.9825,0,-0.1865,-929.2491,0,1,0,0,0.1865,0,0.9825,-112.5032,0,0,0,1
1081.375,1081.37,0.013739,0.014291,1091.909,-929.2858,0,-112.3056,3.194864,3.194864,22.60838,NaN,NaN,NaN,NaN,0,20.1,-3.670153,0,19.76208,0.9832,0,-0.1826,-929.2858,0,1,0,0,0.1826,0,0.9832,-112.3056,0,0,0,1
1081.388,1081.38,0.012855,0.014004,1091.922,-929.3218,0,-112.1078,3.206433,3.206433,22.60838,NaN,NaN,NaN,NaN,0,20.1,-3.592145,0,19.77641,0.9839,0,-0.1787,-929.3218,0,1,0,0,0.1787,0,0.9839,-112.1078,0,0,0,1
1081.402,1081.4,0.014664,0.014136,1091.938,-929.3912,0,-111.7119,3.232002,3.232002,22.59739,NaN,NaN,NaN,NaN,0,20.1,-3.436039,0,19.80413,0.9853,0,-0.1709,-929.3912,0,1,0,0,0.1709,0,0.9853,-111.7119,0,0,0,1
1081.416,1081.41,0.014028,0.014114,1091.951,-929.4248,0,-111.5137,3.245607,3.245607,22.59739,NaN,NaN,NaN,NaN,0,20.1,-3.357906,0,19.81753,0.9859,0,-0.1671,-929.4248,0,1,0,0,0.1671,0,0.9859,-111.5137,0,0,0,1
1081.437,1081.43,0.021083,0.015508,1091.972,-929.4896,0,-111.117,3.266893,3.266893,22.57542,NaN,NaN,NaN,NaN,0,20.1,-3.201634,0,19.84337,0.9872,0,-0.1593,-929.4896,0,1,0,0,0.1593,0,0.9872,-111.117,0,0,0,1
1081.452,1081.45,0.015007,0.015408,1091.988,-929.5513,0,-110.7198,3.29109,3.29109,22.51316,NaN,NaN,NaN,NaN,0,20.1,-3.045597,0,19.86792,0.9885,0,-0.1515,-929.5513,0,1,0,0,0.1515,0,0.9885,-110.7198,0,0,0,1
1081.472,1081.47,0.019311,0.016189,1092.007,-929.6099,0,-110.322,3.311946,3.311946,22.46189,NaN,NaN,NaN,NaN,0,20.1,-2.889726,0,19.89119,0.9896,0,-0.1438,-929.6099,0,1,0,0,0.1438,0,0.9896,-110.322,0,0,0,1
1081.485,1081.48,0.01343,0.015637,1092.02,-929.638,0,-110.123,3.32223,3.32223,22.38499,NaN,NaN,NaN,NaN,0,20.1,-2.811991,0,19.90233,0.9902,0,-0.1399,-929.638,0,1,0,0,0.1399,0,0.9902,-110.123,0,0,0,1
1081.508,1081.5,0.023028,0.017115,1092.043,-929.6919,0,-109.7247,3.345011,3.345011,22.34104,NaN,NaN,NaN,NaN,0,20.1,-2.656699,0,19.92365,0.9912,0,-0.1322,-929.6919,0,1,0,0,0.1322,0,0.9912,-109.7247,0,0,0,1
1081.522,1081.52,0.014065,0.016505,1092.057,-929.7427,0,-109.3259,3.362705,3.362705,22.28245,NaN,NaN,NaN,NaN,0,20.1,-2.501654,0,19.94371,0.9922,0,-0.1245,-929.7427,0,1,0,0,0.1245,0,0.9922,-109.3259,0,0,0,1
1081.537,1081.53,0.01455,0.016114,1092.071,-929.767,0,-109.1263,3.3723,3.3723,22.2678,NaN,NaN,NaN,NaN,0,20.1,-2.424124,0,19.95329,0.9927,0,-0.1206,-929.767,0,1,0,0,0.1206,0,0.9927,-109.1263,0,0,0,1
1081.551,1081.55,0.014599,0.015811,1092.086,-929.8131,0,-108.727,3.392639,3.392639,22.25315,NaN,NaN,NaN,NaN,0,20.1,-2.269059,0,19.97151,0.9936,0,-0.1129,-929.8131,0,1,0,0,0.1129,0,0.9936,-108.727,0,0,0,1
1081.571,1081.57,0.019954,0.01664,1092.106,-929.8561,0,-108.3273,3.408275,3.408275,22.25315,NaN,NaN,NaN,NaN,0,20.1,-2.113858,0,19.98854,0.9945,0,-0.1052,-929.8561,0,1,0,0,0.1052,0,0.9945,-108.3273,0,0,0,1
1081.585,1081.58,0.014212,0.016154,1092.12,-929.8766,0,-108.1274,3.417065,3.417065,22.25315,NaN,NaN,NaN,NaN,0,20.1,-2.036208,0,19.9966,0.9949,0,-0.1013,-929.8766,0,1,0,0,0.1013,0,0.9949,-108.1274,0,0,0,1
1081.599,1081.59,0.012961,0.015516,1092.133,-929.8961,0,-107.9273,3.426707,3.426707,22.25315,NaN,NaN,NaN,NaN,0,20.1,-1.958528,0,20.00435,0.9952,0,-0.0974,-929.8961,0,1,0,0,0.0974,0,0.9952,-107.9273,0,0,0,1
1081.61,1081.61,0.011779,0.014768,1092.145,-929.9329,0,-107.527,3.440966,3.440966,22.25315,NaN,NaN,NaN,NaN,0,20.1,-1.803081,0,20.01896,0.996,0,-0.0897,-929.9329,0,1,0,0,0.0897,0,0.996,-107.527,0,0,0,1
1081.622,1081.62,0.01225,0.014265,1092.157,-929.9503,0,-107.3268,3.448356,3.448356,22.25315,NaN,NaN,NaN,NaN,0,20.1,-1.725315,0,20.02582,0.9963,0,-0.0858,-929.9503,0,1,0,0,0.0858,0,0.9963,-107.3268,0,0,0,1
1081.634,1081.63,0.011928,0.013797,1092.169,-929.9667,0,-107.1264,3.456536,3.456536,22.25315,NaN,NaN,NaN,NaN,0,20.1,-1.647524,0,20.03237,0.9966,0,-0.082,-929.9667,0,1,0,0,0.082,0,0.9966,-107.1264,0,0,0,1
1081.647,1081.64,0.012539,0.013545,1092.181,-929.9824,0,-106.926,3.465123,3.465123,22.25315,NaN,NaN,NaN,NaN,0,20.1,-1.569708,0,20.03861,0.9969,0,-0.0781,-929.9824,0,1,0,0,0.0781,0,0.9969,-106.926,0,0,0,1
1081.658,1081.65,0.011228,0.013082,1092.193,-929.9973,0,-106.7256,3.470464,3.470464,22.25315,NaN,NaN,NaN,NaN,0,20.1,-1.491868,0,20.04456,0.9972,0,-0.0742,-929.9973,0,1,0,0,0.0742,0,0.9972,-106.7256,0,0,0,1
1081.669,1081.66,0.011147,0.012695,1092.204,-930.0114,0,-106.5251,3.476406,3.476406,22.25315,NaN,NaN,NaN,NaN,0,20.1,-1.414006,0,20.0502,0.9975,0,-0.0703,-930.0114,0,1,0,0,0.0703,0,0.9975,-106.5251,0,0,0,1
1081.681,1081.68,0.011256,0.012407,1092.215,-930.0374,0,-106.1239,3.490525,3.490525,22.25315,NaN,NaN,NaN,NaN,0,20.1,-1.258219,0,20.06058,0.998,0,-0.0626,-930.0374,0,1,0,0,0.0626,0,0.998,-106.1239,0,0,0,1
1081.693,1081.69,0.012106,0.012347,1092.227,-930.0492,0,-105.9233,3.496594,3.496594,22.25315,NaN,NaN,NaN,NaN,0,20.1,-1.180296,0,20.06532,0.9983,0,-0.0587,-930.0492,0,1,0,0,0.0587,0,0.9983,-105.9233,0,0,0,1
1081.705,1081.7,0.012672,0.012412,1092.24,-930.0602,0,-105.7226,3.501159,3.501159,22.25315,NaN,NaN,NaN,NaN,0,20.1,-1.102355,0,20.06975,0.9985,0,-0.0548,-930.0602,0,1,0,0,0.0548,0,0.9985,-105.7226,0,0,0,1
1081.725,1081.72,0.020101,0.01395,1092.26,-930.0799,0,-105.3211,3.512395,3.512395,22.25315,NaN,NaN,NaN,NaN,0,20.1,-0.946426,0,20.07771,0.9989,0,-0.0471,-930.0799,0,1,0,0,0.0471,0,0.9989,-105.3211,0,0,0,1
1081.738,1081.73,0.012784,0.013717,1092.273,-930.0886,0,-105.1203,3.519126,3.519126,22.25315,NaN,NaN,NaN,NaN,0,20.1,-0.868439,0,20.08123,0.9991,0,-0.0432,-930.0886,0,1,0,0,0.0432,0,0.9991,-105.1203,0,0,0,1
1081.75,1081.74,0.01149,0.013271,1092.284,-930.0965,0,-104.9194,3.522681,3.522681,22.25315,NaN,NaN,NaN,NaN,0,20.1,-0.790439,0,20.08445,0.9992,0,-0.0393,-930.0965,0,1,0,0,0.0393,0,0.9992,-104.9194,0,0,0,1
1081.761,1081.76,0.011011,0.012819,1092.296,-930.11,0,-104.5176,3.530991,3.530991,22.25315,NaN,NaN,NaN,NaN,0,20.1,-0.634404,0,20.08999,0.9995,0,-0.0316,-930.11,0,1,0,0,0.0316,0,0.9995,-104.5176,0,0,0,1
1081.773,1081.77,0.012723,0.0128,1092.308,-930.1155,0,-104.3167,3.536347,3.536347,22.25315,NaN,NaN,NaN,NaN,0,20.1,-0.556372,0,20.0923,0.9996,0,-0.0277,-930.1155,0,1,0,0,0.0277,0,0.9996,-104.3167,0,0,0,1
1081.786,1081.78,0.012638,0.012768,1092.321,-930.1203,0,-104.1158,3.540838,3.540838,22.25315,NaN,NaN,NaN,NaN,0,20.1,-0.478331,0,20.09431,0.9997,0,-0.0238,-930.1203,0,1,0,0,0.0238,0,0.9997,-104.1158,0,0,0,1
1081.797,1081.79,0.011077,0.01243,1092.332,-930.1243,0,-103.9148,3.543268,3.543268,22.25315,NaN,NaN,NaN,NaN,0,20.1,-0.400283,0,20.09601,0.9998,0,-0.0199,-930.1243,0,1,0,0,0.0199,0,0.9998,-103.9148,0,0,0,1
1081.809,1081.8,0.011611,0.012266,1092.343,-930.1276,0,-103.7138,3.546355,3.546355,22.25315,NaN,NaN,NaN,NaN,0,20.1,-0.322229,0,20.09742,0.9999,0,-0.016,-930.1276,0,1,0,0,0.016,0,0.9999,-103.7138,0,0,0,1
1081.821,1081.82,0.011927,0.012198,1092.355,-930.1317,0,-103.3119,3.554688,3.554688,22.24949,NaN,NaN,NaN,NaN,0,20.1,-0.166134,0,20.09931,1,0,-0.0083,-930.1317,0,1,0,0,0.0083,0,1,-103.3119,0,0,0,1
1081.833,1081.83,0.011878,0.012134,1092.367,-930.1325,0,-103.1109,3.55674,3.55674,22.24949,NaN,NaN,NaN,NaN,0,20.1,-0.088082,0,20.09981,1,0,-0.0044,-930.1325,0,1,0,0,0.0044,0,1,-103.1109,0,0,0,1
1081.845,1081.84,0.012045,0.012116,1092.379,-930.1326,0,-102.9099,3.558405,3.558405,22.24949,NaN,NaN,NaN,NaN,0,20.1,-0.010028,0,20.1,1,0,-0.0005,-930.1326,0,1,0,0,0.0005,0,1,-102.9099,0,0,0,1
1081.857,1081.85,0.012095,0.012112,1092.391,-930.132,0,-102.7089,3.560726,3.560726,22.2385,NaN,NaN,NaN,NaN,0,20.1,0.067987,0,20.09989,1,0,0.0034,-930.132,0,1,0,0,-0.0034,0,1,-102.7089,0,0,0,1
1081.868,1081.86,0.010903,0.01187,1092.402,-930.1305,0,-102.5079,3.563827,3.563827,22.2385,NaN,NaN,NaN,NaN,0,20.1,0.146001,0,20.09947,1,0,0.0073,-930.1305,0,1,0,0,-0.0073,0,1,-102.5079,0,0,0,1
1081.881,1081.88,0.013245,0.012145,1092.416,-930.1252,0,-102.1059,3.567039,3.567039,22.23118,NaN,NaN,NaN,NaN,0,20.1,0.301969,0,20.09773,0.9999,0,0.015,-930.1252,0,1,0,0,-0.015,0,0.9999,-102.1059,0,0,0,1
1081.893,1081.89,0.012569,0.01223,1092.428,-930.1215,0,-101.9049,3.567938,3.567938,22.21653,NaN,NaN,NaN,NaN,0,20.1,0.379896,0,20.09641,0.9998,0,0.0189,-930.1215,0,1,0,0,-0.0189,0,0.9998,-101.9049,0,0,0,1
1081.916,1081.91,0.022154,0.014215,1092.451,-930.1115,0,-101.5031,3.571953,3.571953,22.18723,NaN,NaN,NaN,NaN,0,20.1,0.535526,0,20.09286,0.9996,0,0.0266,-930.1115,0,1,0,0,-0.0266,0,0.9996,-101.5031,0,0,0,1
1081.929,1081.92,0.013016,0.013975,1092.463,-930.1054,0,-101.3022,3.572332,3.572332,22.1323,NaN,NaN,NaN,NaN,0,20.1,0.613137,0,20.09065,0.9995,0,0.0305,-930.1054,0,1,0,0,-0.0305,0,0.9995,-101.3022,0,0,0,1
1081.949,1081.94,0.020867,0.015353,1092.485,-930.0908,0,-100.9004,3.572006,3.572006,22.09568,NaN,NaN,NaN,NaN,0,20.1,0.768073,0,20.08532,0.9993,0,0.0382,-930.0908,0,1,0,0,-0.0382,0,0.9993,-100.9004,0,0,0,1
1081.963,1081.96,0.013226,0.014928,1092.498,-930.0731,0,-100.4988,3.574286,3.574286,22.04441,NaN,NaN,NaN,NaN,0,20.1,0.922605,0,20.07882,0.9989,0,0.0459,-930.0731,0,1,0,0,-0.0459,0,0.9989,-100.4988,0,0,0,1
1081.975,1081.97,0.012612,0.014465,1092.51,-930.0631,0,-100.2981,3.572339,3.572339,22.0151,NaN,NaN,NaN,NaN,0,20.1,0.999748,0,20.07512,0.9988,0,0.0497,-930.0631,0,1,0,0,-0.0497,0,0.9988,-100.2981,0,0,0,1
1081.988,1081.98,0.012409,0.014054,1092.522,-930.0524,0,-100.0974,3.571049,3.571049,21.98946,NaN,NaN,NaN,NaN,0,20.1,1.076786,0,20.07114,0.9986,0,0.0536,-930.0524,0,1,0,0,-0.0536,0,0.9986,-100.0974,0,0,0,1
1082,1081.99,0.012022,0.013647,1092.534,-930.0408,0,-99.89668,3.570479,3.570479,21.96017,NaN,NaN,NaN,NaN,0,20.1,1.153706,0,20.06686,0.9984,0,0.0574,-930.0408,0,1,0,0,-0.0574,0,0.9984,-99.8967,0,0,0,1
1082.011,1082.01,0.011453,0.013208,1092.546,-930.0155,0,-99.49548,3.569268,3.569268,21.94552,NaN,NaN,NaN,NaN,0,20.1,1.307392,0,20.05744,0.9979,0,0.065,-930.0155,0,1,0,0,-0.065,0,0.9979,-99.4955,0,0,0,1
1082.023,1082.02,0.011866,0.01294,1092.558,-930.0016,0,-99.29496,3.56661,3.56661,21.94552,NaN,NaN,NaN,NaN,0,20.1,1.384206,0,20.05228,0.9976,0,0.0689,-930.0016,0,1,0,0,-0.0689,0,0.9976,-99.295,0,0,0,1
1082.035,1082.03,0.011587,0.012669,1092.569,-929.9869,0,-99.09448,3.564551,3.564551,21.94552,NaN,NaN,NaN,NaN,0,20.1,1.461,0,20.04683,0.9974,0,0.0727,-929.9869,0,1,0,0,-0.0727,0,0.9974,-99.0945,0,0,0,1
1082.047,1082.04,0.012395,0.012614,1092.582,-929.9716,0,-98.89408,3.563152,3.563152,21.94552,NaN,NaN,NaN,NaN,0,20.1,1.537773,0,20.04109,0.9971,0,0.0765,-929.9716,0,1,0,0,-0.0765,0,0.9971,-98.8941,0,0,0,1
1082.059,1082.05,0.011491,0.01239,1092.593,-929.9554,0,-98.69373,3.562534,3.562534,21.94552,NaN,NaN,NaN,NaN,0,20.1,1.614523,0,20.03505,0.9968,0,0.0803,-929.9554,0,1,0,0,-0.0803,0,0.9968,-98.6937,0,0,0,1
1082.07,1082.06,0.011219,0.012156,1092.604,-929.9385,0,-98.49345,3.558664,3.558664,21.94552,NaN,NaN,NaN,NaN,0,20.1,1.69125,0,20.02872,0.9965,0,0.0841,-929.9385,0,1,0,0,-0.0841,0,0.9965,-98.4935,0,0,0,1
1082.082,1082.08,0.012093,0.012143,1092.617,-929.9025,0,-98.09308,3.552215,3.552215,21.94552,NaN,NaN,NaN,NaN,0,20.1,1.844627,0,20.01518,0.9958,0,0.0918,-929.9025,0,1,0,0,-0.0918,0,0.9958,-98.0931,0,0,0,1
1082.094,1082.09,0.012319,0.012178,1092.629,-929.8832,0,-97.89301,3.550105,3.550105,21.94552,NaN,NaN,NaN,NaN,0,20.1,1.921276,0,20.00797,0.9954,0,0.0956,-929.8832,0,1,0,0,-0.0956,0,0.9954,-97.893,0,0,0,1
1082.114,1082.11,0.019662,0.013675,1092.649,-929.8425,0,-97.49306,3.542109,3.542109,21.94552,NaN,NaN,NaN,NaN,0,20.1,2.074488,0,19.99266,0.9947,0,0.1032,-929.8425,0,1,0,0,-0.1032,0,0.9947,-97.4931,0,0,0,1
1082.125,1082.12,0.011514,0.013243,1092.66,-929.821,0,-97.29322,3.537834,3.537834,21.94552,NaN,NaN,NaN,NaN,0,20.1,2.151048,0,19.98457,0.9943,0,0.107,-929.821,0,1,0,0,-0.107,0,0.9943,-97.2932,0,0,0,1
1082.137,1082.13,0.011295,0.012853,1092.671,-929.7987,0,-97.09346,3.534222,3.534222,21.94552,NaN,NaN,NaN,NaN,0,20.1,2.227578,0,19.97618,0.9938,0,0.1108,-929.7987,0,1,0,0,-0.1108,0,0.9938,-97.0935,0,0,0,1
1082.148,1082.14,0.011743,0.012631,1092.683,-929.7757,0,-96.89378,3.531275,3.531275,21.94552,NaN,NaN,NaN,NaN,0,20.1,2.304074,0,19.9675,0.9934,0,0.1146,-929.7757,0,1,0,0,-0.1146,0,0.9934,-96.8938,0,0,0,1
1082.161,1082.16,0.012388,0.012583,1092.696,-929.7272,0,-96.49471,3.520018,3.520018,21.96017,NaN,NaN,NaN,NaN,0,20.1,2.457067,0,19.94926,0.9925,0,0.1222,-929.7272,0,1,0,0,-0.1222,0,0.9925,-96.4947,0,0,0,1
1082.173,1082.17,0.012186,0.012503,1092.708,-929.7019,0,-96.29531,3.514895,3.514895,21.97848,NaN,NaN,NaN,NaN,0,20.1,2.533573,0,19.93968,0.992,0,0.126,-929.7019,0,1,0,0,-0.126,0,0.992,-96.2953,0,0,0,1
1082.185,1082.18,0.011743,0.012351,1092.72,-929.6758,0,-96.09602,3.510499,3.510499,22.03342,NaN,NaN,NaN,NaN,0,20.1,2.610234,0,19.92979,0.9915,0,0.1299,-929.6758,0,1,0,0,-0.1299,0,0.9915,-96.096,0,0,0,1
1082.198,1082.19,0.012753,0.012431,1092.732,-929.649,0,-95.89682,3.505946,3.505946,22.14695,NaN,NaN,NaN,NaN,0,20.1,2.68725,0,19.91956,0.991,0,0.1337,-929.649,0,1,0,0,-0.1337,0,0.991,-95.8968,0,0,0,1
1082.21,1082.2,0.012072,0.01236,1092.744,-929.6213,0,-95.69773,3.49869,3.49869,22.28977,NaN,NaN,NaN,NaN,0,20.1,2.764723,0,19.90895,0.9905,0,0.1375,-929.6213,0,1,0,0,-0.1375,0,0.9905,-95.6977,0,0,0,1
1082.222,1082.22,0.012331,0.012354,1092.757,-929.5637,0,-95.29988,3.486308,3.486308,22.46189,NaN,NaN,NaN,NaN,0,20.1,2.920736,0,19.88666,0.9894,0,0.1453,-929.5637,0,1,0,0,-0.1453,0,0.9894,-95.2999,0,0,0,1
1082.235,1082.23,0.012707,0.012425,1092.769,-929.5337,0,-95.10114,3.481246,3.481246,22.69627,NaN,NaN,NaN,NaN,0,20.1,2.999489,0,19.87494,0.9888,0,0.1492,-929.5337,0,1,0,0,-0.1492,0,0.9888,-95.1011,0,0,0,1
1082.246,1082.24,0.011347,0.012209,1092.781,-929.5029,0,-94.9025,3.47422,3.47422,22.92332,NaN,NaN,NaN,NaN,0,20.1,3.078982,0,19.86278,0.9882,0,0.1532,-929.5029,0,1,0,0,-0.1532,0,0.9882,-94.9025,0,0,0,1
1082.259,1082.25,0.012604,0.012288,1092.793,-929.4713,0,-94.704,3.466341,3.466341,23.14672,NaN,NaN,NaN,NaN,0,20.1,3.159199,0,19.85018,0.9876,0,0.1572,-929.4713,0,1,0,0,-0.1572,0,0.9876,-94.704,0,0,0,1
1082.27,1082.27,0.011621,0.012154,1092.805,-929.4057,0,-94.3074,3.452786,3.452786,23.40307,NaN,NaN,NaN,NaN,0,20.1,3.321253,0,19.82371,0.9863,0,0.1652,-929.4057,0,1,0,0,-0.1652,0,0.9863,-94.3074,0,0,0,1
1082.282,1082.28,0.011653,0.012054,1092.816,-929.3716,0,-94.1093,3.447133,3.447133,23.67773,NaN,NaN,NaN,NaN,0,20.1,3.403147,0,19.80981,0.9856,0,0.1693,-929.3716,0,1,0,0,-0.1693,0,0.9856,-94.1093,0,0,0,1
1082.293,1082.29,0.011487,0.011941,1092.828,-929.3368,0,-93.91135,3.437881,3.437881,23.90112,NaN,NaN,NaN,NaN,0,20.1,3.485754,0,19.79544,0.9848,0,0.1734,-929.3368,0,1,0,0,-0.1734,0,0.9848,-93.9114,0,0,0,1
1082.306,1082.3,0.012243,0.012001,1092.84,-929.3011,0,-93.71354,3.429554,3.429554,24.16114,NaN,NaN,NaN,NaN,0,20.1,3.569198,0,19.78057,0.9841,0,0.1776,-929.3011,0,1,0,0,-0.1776,0,0.9841,-93.7135,0,0,0,1
1082.327,1082.32,0.021471,0.013895,1092.862,-929.2272,0,-93.31839,3.415126,3.415126,24.41749,NaN,NaN,NaN,NaN,0,20.1,3.737663,0,19.74943,0.9826,0,0.186,-929.2272,0,1,0,0,-0.186,0,0.9826,-93.3184,0,0,0,1
