time,fixedTime,deltaTime,smoothDeltaTime,realtimeSinceStartup,pos_x,pos_y,pos_z,distFromRoadCenter,signedDistFromRoadCenter,wheelAngle,obstacle_pos_x,obstacle_pos_y,obstacle_pos_z,distance_to_obstacle,brake_position,car_speed,car_vel_x,car_vel_y,car_vel_z,simplecar_4x4_R0C0,simplecar_4x4_R0C1,simplecar_4x4_R0C2,simplecar_4x4_R0C3,simplecar_4x4_R1C0,simplecar_4x4_R1C1,simplecar_4x4_R1C2,simplecar_4x4_R1C3,simplecar_4x4_R2C0,simplecar_4x4_R2C1,simplecar_4x4_R2C2,simplecar_4x4_R2C3,simplecar_4x4_R3C0,simplecar_4x4_R3C1,simplecar_4x4_R3C2,simplecar_4x4_R3C3
589.0731,589.07,0.012343,0.013968,599.6128,-254.7568,0,304.1797,1.032851,1.032851,0.144653,NaN,NaN,NaN,NaN,0,20.1,-15.20736,0,-13.1433,-0.6539,0,-0.7566,-254.7568,0,1,0,0,0.7566,0,-0.6539,304.1797,0,0,0,1
589.0905,589.09,0.017462,0.014667,599.6254,-255.061,0,303.9168,1.043883,1.043883,0.144653,NaN,NaN,NaN,NaN,0,20.1,-15.20802,0,-13.14253,-0.6539,0,-0.7566,-255.061,0,1,0,0,0.7566,0,-0.6539,303.9168,0,0,0,1
589.1025,589.1,0.011975,0.014128,599.637,-255.2131,0,303.7854,1.049434,1.049434,0.144653,NaN,NaN,NaN,NaN,0,20.1,-15.20836,0,-13.14215,-0.6538,0,-0.7566,-255.2131,0,1,0,0,0.7566,0,-0.6538,303.7854,0,0,0,1
589.1186,589.11,0.016097,0.014522,599.653,-255.3652,0,303.654,1.054965,1.054965,0.144653,NaN,NaN,NaN,NaN,0,20.1,-15.20869,0,-13.14176,-0.6538,0,-0.7567,-255.3652,0,1,0,0,0.7567,0,-0.6538,303.654,0,0,0,1
589.1308,589.13,0.012195,0.014057,599.6655,-255.6694,0,303.3911,1.066046,1.066046,0.144653,NaN,NaN,NaN,NaN,0,20.1,-15.20935,0,-13.141,-0.6538,0,-0.7567,-255.6694,0,1,0,0,0.7567,0,-0.6538,303.3911,0,0,0,1
589.1442,589.14,0.013375,0.01392,599.6786,-255.8215,0,303.2597,1.071587,1.071587,0.144653,NaN,NaN,NaN,NaN,0,20.1,-15.20968,0,-13.14061,-0.6538,0,-0.7567,-255.8215,0,1,0,0,0.7567,0,-0.6538,303.2597,0,0,0,1
589.1638,589.16,0.019619,0.01506,599.6985,-256.1257,0,302.9969,1.082701,1.082701,0.144653,NaN,NaN,NaN,NaN,0,20.1,-15.21035,0,-13.13984,-0.6537,0,-0.7567,-256.1257,0,1,0,0,0.7567,0,-0.6537,302.9969,0,0,0,1
589.1776,589.17,0.013782,0.014804,599.7119,-256.2778,0,302.8655,1.088252,1.088252,0.144653,NaN,NaN,NaN,NaN,0,20.1,-15.21068,0,-13.13946,-0.6537,0,-0.7568,-256.2778,0,1,0,0,0.7568,0,-0.6537,302.8655,0,0,0,1
589.1902,589.19,0.012634,0.01437,599.7252,-256.582,0,302.6028,1.099398,1.099398,0.144653,NaN,NaN,NaN,NaN,0,20.1,-15.21134,0,-13.13869,-0.6537,0,-0.7568,-256.582,0,1,0,0,0.7568,0,-0.6537,302.6028,0,0,0,1
589.2028,589.2,0.012642,0.014025,599.7374,-256.7341,0,302.4714,1.104993,1.104993,0.144653,NaN,NaN,NaN,NaN,0,20.1,-15.21167,0,-13.13831,-0.6536,0,-0.7568,-256.7341,0,1,0,0,0.7568,0,-0.6536,302.4714,0,0,0,1
589.2153,589.21,0.012529,0.013726,599.7497,-256.8862,0,302.34,1.110566,1.110566,0.144653,NaN,NaN,NaN,NaN,0,20.1,-15.212,0,-13.13793,-0.6536,0,-0.7568,-256.8862,0,1,0,0,0.7568,0,-0.6536,302.34,0,0,0,1
589.228,589.22,0.012616,0.013504,599.7624,-257.0384,0,302.2086,1.11616,1.11616,0.144653,NaN,NaN,NaN,NaN,0,20.1,-15.21234,0,-13.13754,-0.6536,0,-0.7568,-257.0384,0,1,0,0,0.7568,0,-0.6536,302.2086,0,0,0,1
589.2403,589.24,0.012322,0.013267,599.7751,-257.3426,0,301.9459,1.12735,1.12735,0.144653,NaN,NaN,NaN,NaN,0,20.1,-15.213,0,-13.13678,-0.6536,0,-0.7569,-257.3426,0,1,0,0,0.7569,0,-0.6536,301.9459,0,0,0,1
589.2535,589.25,0.013165,0.013247,599.7878,-257.4948,0,301.8145,1.132923,1.132923,0.144653,NaN,NaN,NaN,NaN,0,20.1,-15.21333,0,-13.13639,-0.6536,0,-0.7569,-257.4948,0,1,0,0,0.7569,0,-0.6536,301.8145,0,0,0,1
589.2751,589.27,0.021667,0.014931,599.8099,-257.799,0,301.5518,1.144157,1.144157,0.144653,NaN,NaN,NaN,NaN,0,20.1,-15.21399,0,-13.13562,-0.6535,0,-0.7569,-257.799,0,1,0,0,0.7569,0,-0.6535,301.5518,0,0,0,1
589.2874,589.28,0.012214,0.014388,599.8217,-257.9511,0,301.4204,1.149773,1.149773,0.144653,NaN,NaN,NaN,NaN,0,20.1,-15.21432,0,-13.13523,-0.6535,0,-0.7569,-257.9511,0,1,0,0,0.7569,0,-0.6535,301.4204,0,0,0,1
589.3071,589.3,0.019772,0.015464,599.8418,-258.2555,0,301.1577,1.161027,1.161027,0.144653,NaN,NaN,NaN,NaN,0,20.1,-15.21499,0,-13.13447,-0.6535,0,-0.757,-258.2555,0,1,0,0,0.757,0,-0.6535,301.1577,0,0,0,1
589.3188,589.31,0.011728,0.014717,599.8533,-258.4076,0,301.0264,1.166686,1.166686,0.144653,NaN,NaN,NaN,NaN,0,20.1,-15.21532,0,-13.13409,-0.6534,0,-0.757,-258.4076,0,1,0,0,0.757,0,-0.6534,301.0264,0,0,0,1
589.3319,589.33,0.013104,0.014395,599.8668,-258.7119,0,300.7637,1.17794,1.17794,0.144653,NaN,NaN,NaN,NaN,0,20.1,-15.21598,0,-13.13332,-0.6534,0,-0.757,-258.7119,0,1,0,0,0.757,0,-0.6534,300.7637,0,0,0,1
589.3439,589.34,0.011906,0.013897,599.8783,-258.8641,0,300.6324,1.18362,1.18362,0.144653,NaN,NaN,NaN,NaN,0,20.1,-15.21631,0,-13.13294,-0.6534,0,-0.757,-258.8641,0,1,0,0,0.757,0,-0.6534,300.6324,0,0,0,1
589.3559,589.35,0.012064,0.01353,599.8903,-259.0163,0,300.5011,1.18928,1.18928,0.144653,NaN,NaN,NaN,NaN,0,20.1,-15.21664,0,-13.13255,-0.6534,0,-0.757,-259.0163,0,1,0,0,0.757,0,-0.6534,300.5011,0,0,0,1
589.3685,589.36,0.012604,0.013345,599.903,-259.1684,0,300.3698,1.19494,1.19494,0.144653,NaN,NaN,NaN,NaN,0,20.1,-15.21698,0,-13.13216,-0.6533,0,-0.7571,-259.1684,0,1,0,0,0.7571,0,-0.6533,300.3698,0,0,0,1
589.381,589.38,0.012478,0.013172,599.9159,-259.4728,0,300.1071,1.206282,1.206282,0.144653,NaN,NaN,NaN,NaN,0,20.1,-15.21764,0,-13.1314,-0.6533,0,-0.7571,-259.4728,0,1,0,0,0.7571,0,-0.6533,300.1071,0,0,0,1
589.3945,589.39,0.013506,0.013238,599.9291,-259.625,0,299.9758,1.211984,1.211984,0.144653,NaN,NaN,NaN,NaN,0,20.1,-15.21797,0,-13.13101,-0.6533,0,-0.7571,-259.625,0,1,0,0,0.7571,0,-0.6533,299.9758,0,0,0,1
589.4064,589.4,0.011917,0.012974,599.9409,-259.7772,0,299.8445,1.217622,1.217622,0.144653,NaN,NaN,NaN,NaN,0,20.1,-15.2183,0,-13.13063,-0.6533,0,-0.7571,-259.7772,0,1,0,0,0.7571,0,-0.6533,299.8445,0,0,0,1
589.4179,589.41,0.011487,0.012677,599.9523,-259.9294,0,299.7132,1.223304,1.223304,0.144653,NaN,NaN,NaN,NaN,0,20.1,-15.21863,0,-13.13025,-0.6532,0,-0.7571,-259.9294,0,1,0,0,0.7571,0,-0.6532,299.7132,0,0,0,1
589.4298,589.42,0.011884,0.012518,599.9642,-260.0815,0,299.5819,1.228984,1.228984,0.144653,NaN,NaN,NaN,NaN,0,20.1,-15.21896,0,-13.12986,-0.6532,0,-0.7572,-260.0815,0,1,0,0,0.7572,0,-0.6532,299.5819,0,0,0,1
589.4413,589.44,0.01153,0.012321,599.9763,-260.3859,0,299.3193,1.240367,1.240367,0.144653,NaN,NaN,NaN,NaN,0,20.1,-15.21962,0,-13.12909,-0.6532,0,-0.7572,-260.3859,0,1,0,0,0.7572,0,-0.6532,299.3193,0,0,0,1
589.4536,589.45,0.012238,0.012304,599.9882,-260.5381,0,299.188,1.246092,1.246092,0.144653,NaN,NaN,NaN,NaN,0,20.1,-15.21996,0,-13.12871,-0.6532,0,-0.7572,-260.5381,0,1,0,0,0.7572,0,-0.6532,299.188,0,0,0,1
589.4742,589.47,0.020686,0.01398,600.0092,-260.8425,0,298.9254,1.257498,1.257498,0.144653,NaN,NaN,NaN,NaN,0,20.1,-15.22062,0,-13.12794,-0.6531,0,-0.7572,-260.8425,0,1,0,0,0.7572,0,-0.6531,298.9254,0,0,0,1
589.4864,589.48,0.012129,0.01361,600.0208,-260.9947,0,298.7942,1.263201,1.263201,0.119019,NaN,NaN,NaN,NaN,0,20.1,-15.22089,0,-13.12763,-0.6531,0,-0.7573,-260.9947,0,1,0,0,0.7573,0,-0.6531,298.7942,0,0,0,1
589.4998,589.49,0.013422,0.013572,600.0345,-261.1469,0,298.6629,1.268947,1.268947,0.111694,NaN,NaN,NaN,NaN,0,20.1,-15.22115,0,-13.12733,-0.6531,0,-0.7573,-261.1469,0,1,0,0,0.7573,0,-0.6531,298.6629,0,0,0,1
589.5128,589.51,0.012979,0.013454,600.048,-261.4514,0,298.4003,1.280395,1.280395,0.093384,NaN,NaN,NaN,NaN,0,20.1,-15.22158,0,-13.12683,-0.6531,0,-0.7573,-261.4514,0,1,0,0,0.7573,0,-0.6531,298.4003,0,0,0,1
589.527,589.52,0.014299,0.013623,600.0615,-261.6036,0,298.2691,1.286184,1.286184,0.064087,NaN,NaN,NaN,NaN,0,20.1,-15.22172,0,-13.12666,-0.6531,0,-0.7573,-261.6036,0,1,0,0,0.7573,0,-0.6531,298.2691,0,0,0,1
589.5408,589.54,0.013747,0.013648,600.0757,-261.9081,0,298.0066,1.297676,1.297676,0.056763,NaN,NaN,NaN,NaN,0,20.1,-15.22198,0,-13.12636,-0.6531,0,-0.7573,-261.9081,0,1,0,0,0.7573,0,-0.6531,298.0066,0,0,0,1
589.554,589.55,0.013214,0.013561,600.0886,-262.0603,0,297.8753,1.303422,1.303422,0.045776,NaN,NaN,NaN,NaN,0,20.1,-15.22209,0,-13.12624,-0.653,0,-0.7573,-262.0603,0,1,0,0,0.7573,0,-0.653,297.8753,0,0,0,1
589.5756,589.57,0.021558,0.01516,600.1105,-262.3647,0,297.6128,1.314914,1.314914,0.027466,NaN,NaN,NaN,NaN,0,20.1,-15.22221,0,-13.12609,-0.653,0,-0.7573,-262.3647,0,1,0,0,0.7573,0,-0.653,297.6128,0,0,0,1
589.5887,589.58,0.013137,0.014756,600.1234,-262.5169,0,297.4816,1.320639,1.320639,-0.009155,NaN,NaN,NaN,NaN,0,20.1,-15.22219,0,-13.12611,-0.653,0,-0.7573,-262.5169,0,1,0,0,0.7573,0,-0.653,297.4816,0,0,0,1
589.6069,589.6,0.018166,0.015438,600.1418,-262.8214,0,297.2191,1.332131,1.332131,-0.027466,NaN,NaN,NaN,NaN,0,20.1,-15.22207,0,-13.12626,-0.653,0,-0.7573,-262.8214,0,1,0,0,0.7573,0,-0.653,297.2191,0,0,0,1
589.6192,589.61,0.012295,0.014809,600.1537,-262.9736,0,297.0878,1.337854,1.337854,-0.056763,NaN,NaN,NaN,NaN,0,20.1,-15.22194,0,-13.12641,-0.6531,0,-0.7573,-262.9736,0,1,0,0,0.7573,0,-0.6531,297.0878,0,0,0,1
589.6313,589.63,0.012135,0.014274,600.1663,-263.278,0,296.8253,1.349346,1.349346,-0.089722,NaN,NaN,NaN,NaN,0,20.1,-15.22153,0,-13.12689,-0.6531,0,-0.7573,-263.278,0,1,0,0,0.7573,0,-0.6531,296.8253,0,0,0,1
589.6436,589.64,0.01221,0.013861,600.1782,-263.4303,0,296.694,1.355049,1.355049,-0.111694,NaN,NaN,NaN,NaN,0,20.1,-15.22127,0,-13.12719,-0.6531,0,-0.7573,-263.4303,0,1,0,0,0.7573,0,-0.6531,296.694,0,0,0,1
589.6573,589.65,0.013768,0.013843,600.192,-263.5825,0,296.5627,1.360795,1.360795,-0.166626,NaN,NaN,NaN,NaN,0,20.1,-15.22089,0,-13.12763,-0.6531,0,-0.7573,-263.5825,0,1,0,0,0.7573,0,-0.6531,296.5627,0,0,0,1
589.6693,589.66,0.011974,0.013469,600.2039,-263.7347,0,296.4314,1.366498,1.366498,-0.250862,NaN,NaN,NaN,NaN,0,20.1,-15.22031,0,-13.1283,-0.6531,0,-0.7572,-263.7347,0,1,0,0,0.7572,0,-0.6531,296.4314,0,0,0,1
589.6813,589.68,0.011997,0.013174,600.2163,-264.0391,0,296.1688,1.37786,1.37786,-0.338752,NaN,NaN,NaN,NaN,0,20.1,-15.21876,0,-13.1301,-0.6532,0,-0.7572,-264.0391,0,1,0,0,0.7572,0,-0.6532,296.1688,0,0,0,1
589.6945,589.69,0.013251,0.01319,600.2293,-264.1913,0,296.0375,1.383563,1.383563,-0.452278,NaN,NaN,NaN,NaN,0,20.1,-15.21772,0,-13.1313,-0.6533,0,-0.7571,-264.1913,0,1,0,0,0.7571,0,-0.6533,296.0375,0,0,0,1
589.7077,589.7,0.013174,0.013187,600.2422,-264.3434,0,295.9062,1.389223,1.389223,-0.576789,NaN,NaN,NaN,NaN,0,20.1,-15.2164,0,-13.13283,-0.6534,0,-0.757,-264.3434,0,1,0,0,0.757,0,-0.6534,295.9062,0,0,0,1
589.72,589.72,0.012313,0.013012,600.2549,-264.6477,0,295.6435,1.400456,1.400456,-0.748916,NaN,NaN,NaN,NaN,0,20.1,-15.21297,0,-13.13681,-0.6536,0,-0.7569,-264.6477,0,1,0,0,0.7569,0,-0.6536,295.6435,0,0,0,1
589.7406,589.74,0.020619,0.014533,600.2756,-264.9519,0,295.3807,1.41158,1.41158,-0.928359,NaN,NaN,NaN,NaN,0,20.1,-15.20871,0,-13.14174,-0.6538,0,-0.7567,-264.9519,0,1,0,0,0.7567,0,-0.6538,295.3807,0,0,0,1
589.7541,589.75,0.01345,0.014316,600.2887,-265.1039,0,295.2493,1.417065,1.417065,-1.309226,NaN,NaN,NaN,NaN,0,20.1,-15.20571,0,-13.14521,-0.654,0,-0.7565,-265.1039,0,1,0,0,0.7565,0,-0.654,295.2493,0,0,0,1
589.7734,589.77,0.019277,0.015309,600.3085,-265.408,0,294.9862,1.427867,1.427867,-1.528952,NaN,NaN,NaN,NaN,0,20.1,-15.19869,0,-13.15333,-0.6544,0,-0.7562,-265.408,0,1,0,0,0.7562,0,-0.6544,294.9862,0,0,0,1
589.7863,589.78,0.012927,0.014832,600.3209,-265.5599,0,294.8546,1.433203,1.433203,-1.931791,NaN,NaN,NaN,NaN,0,20.1,-15.19425,0,-13.15845,-0.6546,0,-0.7559,-265.5599,0,1,0,0,0.7559,0,-0.6546,294.8546,0,0,0,1
589.8001,589.8,0.013826,0.014631,600.3356,-265.8636,0,294.5913,1.443571,1.443571,-2.17716,NaN,NaN,NaN,NaN,0,20.1,-15.18425,0,-13.16999,-0.6552,0,-0.7554,-265.8636,0,1,0,0,0.7554,0,-0.6552,294.5913,0,0,0,1
589.8171,589.81,0.016997,0.015104,600.3516,-266.0154,0,294.4595,1.448648,1.448648,-2.462804,NaN,NaN,NaN,NaN,0,20.1,-15.17858,0,-13.17652,-0.6555,0,-0.7552,-266.0154,0,1,0,0,0.7552,0,-0.6555,294.4595,0,0,0,1
589.8332,589.83,0.016094,0.015302,600.3687,-266.3188,0,294.1957,1.458498,1.458498,-2.821698,NaN,NaN,NaN,NaN,0,20.1,-15.1656,0,-13.19146,-0.6563,0,-0.7545,-266.3188,0,1,0,0,0.7545,0,-0.6563,294.1957,0,0,0,1
589.8503,589.85,0.017178,0.015677,600.386,-266.6219,0,293.9317,1.467959,1.467959,-3.114674,NaN,NaN,NaN,NaN,0,20.1,-15.15125,0,-13.20794,-0.6571,0,-0.7538,-266.6219,0,1,0,0,0.7538,0,-0.6571,293.9317,0,0,0,1
589.8663,589.86,0.015941,0.01573,600.4009,-266.7733,0,293.7995,1.472453,1.472453,-3.440602,NaN,NaN,NaN,NaN,0,20.1,-15.14331,0,-13.21704,-0.6576,0,-0.7534,-266.7733,0,1,0,0,0.7534,0,-0.6576,293.7995,0,0,0,1
589.8884,589.88,0.022142,0.017012,600.4255,-267.076,0,293.5349,1.481136,1.481136,-3.663998,NaN,NaN,NaN,NaN,0,20.1,-15.12639,0,-13.2364,-0.6585,0,-0.7526,-267.076,0,1,0,0,0.7526,0,-0.6585,293.5349,0,0,0,1
589.9061,589.9,0.017627,0.017135,600.4418,-267.3782,0,293.2698,1.48928,1.48928,-4.022892,NaN,NaN,NaN,NaN,0,20.1,-15.10779,0,-13.25763,-0.6596,0,-0.7516,-267.3782,0,1,0,0,0.7516,0,-0.6596,293.2698,0,0,0,1
589.9238,589.92,0.017671,0.017242,600.4595,-267.6801,0,293.0043,1.496818,1.496818,-4.279239,NaN,NaN,NaN,NaN,0,20.1,-15.08797,0,-13.28018,-0.6607,0,-0.7506,-267.6801,0,1,0,0,0.7506,0,-0.6607,293.0043,0,0,0,1
589.9391,589.93,0.0154,0.016874,600.4741,-267.8309,0,292.8714,1.500361,1.500361,-4.484324,NaN,NaN,NaN,NaN,0,20.1,-15.07757,0,-13.29199,-0.6613,0,-0.7501,-267.8309,0,1,0,0,0.7501,0,-0.6613,292.8714,0,0,0,1
589.9539,589.95,0.014764,0.016452,600.4889,-268.1321,0,292.6052,1.506949,1.506949,-4.663768,NaN,NaN,NaN,NaN,0,20.1,-15.05591,0,-13.31651,-0.6625,0,-0.7491,-268.1321,0,1,0,0,0.7491,0,-0.6625,292.6052,0,0,0,1
589.968,589.96,0.014062,0.015974,600.5028,-268.2826,0,292.4719,1.509995,1.509995,-4.799266,NaN,NaN,NaN,NaN,0,20.1,-15.04475,0,-13.32912,-0.6631,0,-0.7485,-268.2826,0,1,0,0,0.7485,0,-0.6631,292.4719,0,0,0,1
589.9861,589.98,0.018092,0.016398,600.5215,-268.5831,0,292.2049,1.515546,1.515546,-4.920115,NaN,NaN,NaN,NaN,0,20.1,-15.02184,0,-13.35494,-0.6644,0,-0.7474,-268.5831,0,1,0,0,0.7474,0,-0.6644,292.2049,0,0,0,1
590.0027,590,0.016665,0.016451,600.5381,-268.8832,0,291.9374,1.520407,1.520407,-5.051959,NaN,NaN,NaN,NaN,0,20.1,-14.99827,0,-13.38141,-0.6657,0,-0.7462,-268.8832,0,1,0,0,0.7462,0,-0.6657,291.9374,0,0,0,1
590.0167,590.01,0.013963,0.015953,600.5515,-269.0331,0,291.8035,1.522589,1.522589,-5.15816,NaN,NaN,NaN,NaN,0,20.1,-14.98621,0,-13.39491,-0.6664,0,-0.7456,-269.0331,0,1,0,0,0.7456,0,-0.6664,291.8035,0,0,0,1
590.0302,590.03,0.013463,0.015455,600.5654,-269.3324,0,291.5352,1.526391,1.526391,-5.22774,NaN,NaN,NaN,NaN,0,20.1,-14.96175,0,-13.42223,-0.6678,0,-0.7444,-269.3324,0,1,0,0,0.7444,0,-0.6678,291.5352,0,0,0,1
590.0449,590.04,0.014708,0.015306,600.5796,-269.4819,0,291.4008,1.528011,1.528011,-5.29732,NaN,NaN,NaN,NaN,0,20.1,-14.94933,0,-13.43605,-0.6685,0,-0.7437,-269.4819,0,1,0,0,0.7437,0,-0.6685,291.4008,0,0,0,1
590.064,590.06,0.019151,0.016075,600.5991,-269.7805,0,291.1317,1.530647,1.530647,-5.363238,NaN,NaN,NaN,NaN,0,20.1,-14.92415,0,-13.46402,-0.6699,0,-0.7425,-269.7805,0,1,0,0,0.7425,0,-0.6699,291.1317,0,0,0,1
590.0785,590.07,0.014493,0.015759,600.6138,-269.9296,0,290.9969,1.531661,1.531661,-5.418177,NaN,NaN,NaN,NaN,0,20.1,-14.91141,0,-13.47813,-0.6706,0,-0.7419,-269.9296,0,1,0,0,0.7419,0,-0.6706,290.9969,0,0,0,1
590.098,590.09,0.019536,0.016514,600.6329,-270.2275,0,290.7269,1.533174,1.533174,-5.484095,NaN,NaN,NaN,NaN,0,20.1,-14.88558,0,-13.50665,-0.672,0,-0.7406,-270.2275,0,1,0,0,0.7406,0,-0.672,290.7269,0,0,0,1
590.1123,590.11,0.014277,0.016067,600.6474,-270.5248,0,290.4563,1.533907,1.533907,-5.539026,NaN,NaN,NaN,NaN,0,20.1,-14.85944,0,-13.5354,-0.6734,0,-0.7393,-270.5248,0,1,0,0,0.7393,0,-0.6734,290.4563,0,0,0,1
590.1279,590.12,0.015596,0.015972,600.6626,-270.6732,0,290.3208,1.533972,1.533972,-5.601282,NaN,NaN,NaN,NaN,0,20.1,-14.8462,0,-13.54992,-0.6741,0,-0.7386,-270.6732,0,1,0,0,0.7386,0,-0.6741,290.3208,0,0,0,1
590.1419,590.14,0.01401,0.01558,600.6769,-270.9698,0,290.0493,1.533519,1.533519,-5.678186,NaN,NaN,NaN,NaN,0,20.1,-14.81931,0,-13.57932,-0.6756,0,-0.7373,-270.9698,0,1,0,0,0.7373,0,-0.6756,290.0493,0,0,0,1
590.1545,590.15,0.012611,0.014986,600.6893,-271.1178,0,289.9134,1.533022,1.533022,-5.758753,NaN,NaN,NaN,NaN,0,20.1,-14.80566,0,-13.59421,-0.6763,0,-0.7366,-271.1178,0,1,0,0,0.7366,0,-0.6763,289.9134,0,0,0,1
590.1746,590.17,0.019997,0.015988,600.7095,-271.4135,0,289.6411,1.531337,1.531337,-5.831995,NaN,NaN,NaN,NaN,0,20.1,-14.77796,0,-13.62432,-0.6778,0,-0.7352,-271.4135,0,1,0,0,0.7352,0,-0.6778,289.6411,0,0,0,1
590.1879,590.18,0.013317,0.015454,600.7225,-271.5612,0,289.5047,1.530214,1.530214,-5.982149,NaN,NaN,NaN,NaN,0,20.1,-14.76372,0,-13.63974,-0.6786,0,-0.7345,-271.5612,0,1,0,0,0.7345,0,-0.6786,289.5047,0,0,0,1
590.2085,590.2,0.020624,0.016488,600.7437,-271.856,0,289.2314,1.527276,1.527276,-6.055391,NaN,NaN,NaN,NaN,0,20.1,-14.73486,0,-13.67092,-0.6801,0,-0.7331,-271.856,0,1,0,0,0.7331,0,-0.6801,289.2314,0,0,0,1
590.2212,590.22,0.01271,0.015732,600.7563,-272.1502,0,288.9575,1.523474,1.523474,-6.17624,NaN,NaN,NaN,NaN,0,20.1,-14.70535,0,-13.70266,-0.6817,0,-0.7316,-272.1502,0,1,0,0,0.7316,0,-0.6817,288.9575,0,0,0,1
590.2343,590.23,0.013136,0.015213,600.769,-272.2971,0,288.8203,1.521271,1.521271,-6.238496,NaN,NaN,NaN,NaN,0,20.1,-14.69042,0,-13.71866,-0.6825,0,-0.7309,-272.2971,0,1,0,0,0.7309,0,-0.6825,288.8203,0,0,0,1
590.2466,590.24,0.012241,0.014619,600.7812,-272.4439,0,288.683,1.518831,1.518831,-6.27878,NaN,NaN,NaN,NaN,0,20.1,-14.67538,0,-13.73475,-0.6833,0,-0.7301,-272.4439,0,1,0,0,0.7301,0,-0.6833,288.683,0,0,0,1
590.2587,590.25,0.012188,0.014133,600.7935,-272.5905,0,288.5455,1.516152,1.516152,-6.344705,NaN,NaN,NaN,NaN,0,20.1,-14.66016,0,-13.75099,-0.6841,0,-0.7294,-272.5905,0,1,0,0,0.7294,0,-0.6841,288.5455,0,0,0,1
590.2702,590.27,0.011473,0.013601,600.805,-272.8833,0,288.27,1.510168,1.510168,-6.432595,NaN,NaN,NaN,NaN,0,20.1,-14.62925,0,-13.78387,-0.6858,0,-0.7278,-272.8833,0,1,0,0,0.7278,0,-0.6858,288.27,0,0,0,1
590.2828,590.28,0.012559,0.013392,600.8173,-273.0294,0,288.132,1.506819,1.506819,-6.498513,NaN,NaN,NaN,NaN,0,20.1,-14.6136,0,-13.80046,-0.6866,0,-0.727,-273.0294,0,1,0,0,0.727,0,-0.6866,288.132,0,0,0,1
590.2952,590.29,0.012411,0.013196,600.8297,-273.1754,0,287.9938,1.503213,1.503213,-6.604714,NaN,NaN,NaN,NaN,0,20.1,-14.59768,0,-13.81729,-0.6874,0,-0.7263,-273.1754,0,1,0,0,0.7263,0,-0.6874,287.9938,0,0,0,1
590.3079,590.3,0.012684,0.013094,600.8423,-273.3212,0,287.8554,1.499411,1.499411,-6.754861,NaN,NaN,NaN,NaN,0,20.1,-14.58138,0,-13.83449,-0.6883,0,-0.7254,-273.3212,0,1,0,0,0.7254,0,-0.6883,287.8554,0,0,0,1
590.319,590.31,0.011174,0.01271,600.8537,-273.4669,0,287.7169,1.495371,1.495371,-6.908677,NaN,NaN,NaN,NaN,0,20.1,-14.56469,0,-13.85207,-0.6892,0,-0.7246,-273.4669,0,1,0,0,0.7246,0,-0.6892,287.7169,0,0,0,1
590.3312,590.33,0.012128,0.012593,600.866,-273.7576,0,287.4393,1.486535,1.486535,-7.113755,NaN,NaN,NaN,NaN,0,20.1,-14.53025,0,-13.88819,-0.691,0,-0.7229,-273.7576,0,1,0,0,0.7229,0,-0.691,287.4393,0,0,0,1
590.3431,590.34,0.011963,0.012467,600.8777,-273.9027,0,287.3003,1.481697,1.481697,-7.340813,NaN,NaN,NaN,NaN,0,20.1,-14.51245,0,-13.9068,-0.6919,0,-0.722,-273.9027,0,1,0,0,0.722,0,-0.6919,287.3003,0,0,0,1
590.3632,590.36,0.020006,0.013975,600.8982,-274.1924,0,287.0215,1.471264,1.471264,-7.582512,NaN,NaN,NaN,NaN,0,20.1,-14.47559,0,-13.94516,-0.6938,0,-0.7202,-274.1924,0,1,0,0,0.7202,0,-0.6938,287.0215,0,0,0,1
590.3763,590.37,0.013174,0.013815,600.911,-274.337,0,286.8819,1.465648,1.465648,-8.025635,NaN,NaN,NaN,NaN,0,20.1,-14.45604,0,-13.96542,-0.6948,0,-0.7192,-274.337,0,1,0,0,0.7192,0,-0.6948,286.8819,0,0,0,1
590.3887,590.38,0.012323,0.013516,600.9234,-274.4813,0,286.742,1.459729,1.459729,-8.303962,NaN,NaN,NaN,NaN,0,20.1,-14.43579,0,-13.98636,-0.6958,0,-0.7182,-274.4813,0,1,0,0,0.7182,0,-0.6958,286.742,0,0,0,1
590.4002,590.4,0.011535,0.01312,600.9352,-274.7694,0,286.4617,1.447006,1.447006,-8.57862,NaN,NaN,NaN,NaN,0,20.1,-14.39384,0,-14.02952,-0.698,0,-0.7161,-274.7694,0,1,0,0,0.7161,0,-0.698,286.4617,0,0,0,1
590.4126,590.41,0.012445,0.012985,600.9473,-274.9131,0,286.3212,1.440158,1.440158,-8.856947,NaN,NaN,NaN,NaN,0,20.1,-14.37213,0,-14.05175,-0.6991,0,-0.715,-274.9131,0,1,0,0,0.715,0,-0.6991,286.3212,0,0,0,1
590.4246,590.42,0.011962,0.01278,600.9593,-275.0566,0,286.1804,1.43303,1.43303,-9.113295,NaN,NaN,NaN,NaN,0,20.1,-14.34976,0,-14.0746,-0.7002,0,-0.7139,-275.0566,0,1,0,0,0.7139,0,-0.7002,286.1804,0,0,0,1
590.4363,590.43,0.011715,0.012567,600.9709,-275.1999,0,286.0394,1.425556,1.425556,-9.36965,NaN,NaN,NaN,NaN,0,20.1,-14.32673,0,-14.09805,-0.7014,0,-0.7128,-275.1999,0,1,0,0,0.7128,0,-0.7014,286.0394,0,0,0,1
590.4482,590.44,0.011967,0.012447,600.9828,-275.3429,0,285.8982,1.417737,1.417737,-9.611357,NaN,NaN,NaN,NaN,0,20.1,-14.30306,0,-14.12206,-0.7026,0,-0.7116,-275.3429,0,1,0,0,0.7116,0,-0.7026,285.8982,0,0,0,1
590.4606,590.46,0.012323,0.012422,600.9955,-275.6283,0,285.615,1.401039,1.401039,-9.831083,NaN,NaN,NaN,NaN,0,20.1,-14.25451,0,-14.17106,-0.705,0,-0.7092,-275.6283,0,1,0,0,0.7092,0,-0.705,285.615,0,0,0,1
590.4727,590.47,0.012037,0.012345,601.0073,-275.7706,0,285.473,1.392203,1.392203,-10.06546,NaN,NaN,NaN,NaN,0,20.1,-14.2296,0,-14.19608,-0.7063,0,-0.7079,-275.7706,0,1,0,0,0.7079,0,-0.7063,285.473,0,0,0,1
590.4844,590.48,0.011766,0.01223,601.0225,-275.9126,0,285.3308,1.382957,1.382957,-10.21195,NaN,NaN,NaN,NaN,0,20.1,-14.20427,0,-14.22142,-0.7075,0,-0.7067,-275.9126,0,1,0,0,0.7067,0,-0.7075,285.3308,0,0,0,1
590.5042,590.5,0.019783,0.01374,601.0391,-276.1959,0,285.0456,1.363431,1.363431,-10.42069,NaN,NaN,NaN,NaN,0,20.1,-14.15245,0,-14.27299,-0.7101,0,-0.7041,-276.1959,0,1,0,0,0.7041,0,-0.7101,285.0456,0,0,0,1
590.5166,590.51,0.012393,0.013471,601.0511,-276.3372,0,284.9026,1.353105,1.353105,-10.58549,NaN,NaN,NaN,NaN,0,20.1,-14.12605,0,-14.29912,-0.7114,0,-0.7028,-276.3372,0,1,0,0,0.7028,0,-0.7114,284.9026,0,0,0,1
590.5295,590.52,0.012921,0.013361,601.0641,-276.4781,0,284.7593,1.342434,1.342434,-10.67338,NaN,NaN,NaN,NaN,0,20.1,-14.09939,0,-14.32541,-0.7127,0,-0.7015,-276.4781,0,1,0,0,0.7015,0,-0.7127,284.7593,0,0,0,1
590.5445,590.54,0.015023,0.013693,601.0794,-276.7593,0,284.472,1.320228,1.320228,-10.71,NaN,NaN,NaN,NaN,0,20.1,-14.04574,0,-14.37802,-0.7153,0,-0.6988,-276.7593,0,1,0,0,0.6988,0,-0.7153,284.472,0,0,0,1
590.5636,590.56,0.019101,0.014775,601.0984,-277.0395,0,284.1837,1.300113,1.300113,-10.72099,NaN,NaN,NaN,NaN,0,20.1,-13.99183,0,-14.43048,-0.7179,0,-0.6961,-277.0395,0,1,0,0,0.6961,0,-0.7179,284.1837,0,0,0,1
590.575,590.57,0.011383,0.014096,601.1095,-277.1791,0,284.0391,1.289443,1.289443,-10.72099,NaN,NaN,NaN,NaN,0,20.1,-13.96481,0,-14.45663,-0.7192,0,-0.6948,-277.1791,0,1,0,0,0.6948,0,-0.7192,284.0391,0,0,0,1
590.5857,590.58,0.010697,0.013416,601.1201,-277.3185,0,283.8943,1.278386,1.278386,-10.72099,NaN,NaN,NaN,NaN,0,20.1,-13.93773,0,-14.48274,-0.7205,0,-0.6934,-277.3185,0,1,0,0,0.6934,0,-0.7205,283.8943,0,0,0,1
590.5968,590.59,0.01109,0.012951,601.1312,-277.4576,0,283.7492,1.267383,1.267383,-10.72099,NaN,NaN,NaN,NaN,0,20.1,-13.91061,0,-14.50879,-0.7218,0,-0.6921,-277.4576,0,1,0,0,0.6921,0,-0.7218,283.7492,0,0,0,1
590.6097,590.6,0.012888,0.012938,601.144,-277.5964,0,283.6039,1.259433,1.259433,-10.72099,NaN,NaN,NaN,NaN,0,20.1,-13.88344,0,-14.5348,-0.7231,0,-0.6907,-277.5964,0,1,0,0,0.6907,0,-0.7231,283.6039,0,0,0,1
590.6201,590.62,0.010449,0.012441,601.1554,-277.8732,0,283.3124,1.242356,1.242356,-10.72099,NaN,NaN,NaN,NaN,0,20.1,-13.82895,0,-14.58665,-0.7257,0,-0.688,-277.8732,0,1,0,0,0.688,0,-0.7257,283.3124,0,0,0,1
590.632,590.63,0.011818,0.012316,601.1664,-278.0113,0,283.1663,1.23325,1.23325,-10.72465,NaN,NaN,NaN,NaN,0,20.1,-13.80162,0,-14.61251,-0.727,0,-0.6866,-278.0113,0,1,0,0,0.6866,0,-0.727,283.1663,0,0,0,1
590.6435,590.64,0.011547,0.012162,601.178,-278.149,0,283.0199,1.223893,1.223893,-10.77592,NaN,NaN,NaN,NaN,0,20.1,-13.77411,0,-14.63844,-0.7283,0,-0.6853,-278.149,0,1,0,0,0.6853,0,-0.7283,283.0199,0,0,0,1
590.6559,590.65,0.012463,0.012222,601.1905,-278.2865,0,282.8732,1.217804,1.217804,-10.86381,NaN,NaN,NaN,NaN,0,20.1,-13.74633,0,-14.66453,-0.7296,0,-0.6839,-278.2865,0,1,0,0,0.6839,0,-0.7296,282.8732,0,0,0,1
590.6674,590.66,0.011382,0.012054,601.2022,-278.4236,0,282.7263,1.211391,1.211391,-10.96269,NaN,NaN,NaN,NaN,0,20.1,-13.71825,0,-14.6908,-0.7309,0,-0.6825,-278.4236,0,1,0,0,0.6825,0,-0.7309,282.7263,0,0,0,1
590.6807,590.68,0.013329,0.012309,601.2158,-278.6972,0,282.4317,1.197392,1.197392,-11.10186,NaN,NaN,NaN,NaN,0,20.1,-13.66121,0,-14.74386,-0.7335,0,-0.6797,-278.6972,0,1,0,0,0.6797,0,-0.7335,282.4317,0,0,0,1
590.6945,590.69,0.013836,0.012614,601.2292,-278.8335,0,282.284,1.18974,1.18974,-11.32158,NaN,NaN,NaN,NaN,0,20.1,-13.63206,0,-14.77083,-0.7349,0,-0.6782,-278.8335,0,1,0,0,0.6782,0,-0.7349,282.284,0,0,0,1
590.7066,590.7,0.012086,0.012509,601.2415,-278.9695,0,282.136,1.185266,1.185266,-11.54498,NaN,NaN,NaN,NaN,0,20.1,-13.60226,0,-14.79826,-0.7362,0,-0.6767,-278.9695,0,1,0,0,0.6767,0,-0.7362,282.136,0,0,0,1
590.7206,590.72,0.013976,0.012802,601.2557,-279.2406,0,281.8392,1.175683,1.175683,-11.81964,NaN,NaN,NaN,NaN,0,20.1,-13.54109,0,-14.85425,-0.739,0,-0.6737,-279.2406,0,1,0,0,0.6737,0,-0.739,281.8392,0,0,0,1
590.7412,590.74,0.020625,0.014367,601.2761,-279.5105,0,281.5413,1.164325,1.164325,-12.21881,NaN,NaN,NaN,NaN,0,20.1,-13.47761,0,-14.91187,-0.7419,0,-0.6705,-279.5105,0,1,0,0,0.6705,0,-0.7419,281.5413,0,0,0,1
590.754,590.75,0.012796,0.014053,601.2886,-279.6449,0,281.3919,1.161207,1.161207,-12.7718,NaN,NaN,NaN,NaN,0,20.1,-13.44434,0,-14.94188,-0.7434,0,-0.6689,-279.6449,0,1,0,0,0.6689,0,-0.7434,281.3919,0,0,0,1
590.7742,590.77,0.020232,0.015288,601.3092,-279.9128,0,281.0921,1.154838,1.154838,-13.13069,NaN,NaN,NaN,NaN,0,20.1,-13.37571,0,-15.00334,-0.7464,0,-0.6655,-279.9128,0,1,0,0,0.6655,0,-0.7464,281.0921,0,0,0,1
590.7886,590.78,0.014443,0.015119,601.3235,-280.0462,0,280.9418,1.150936,1.150936,-13.72762,NaN,NaN,NaN,NaN,0,20.1,-13.33973,0,-15.03535,-0.748,0,-0.6637,-280.0462,0,1,0,0,0.6637,0,-0.748,280.9418,0,0,0,1
590.8025,590.8,0.013833,0.014862,601.338,-280.3118,0,280.6401,1.144469,1.144469,-14.12314,NaN,NaN,NaN,NaN,0,20.1,-13.26544,0,-15.10093,-0.7513,0,-0.66,-280.3118,0,1,0,0,0.66,0,-0.7513,280.6401,0,0,0,1
590.816,590.81,0.013506,0.014591,601.3506,-280.4441,0,280.4887,1.142912,1.142912,-14.55161,NaN,NaN,NaN,NaN,0,20.1,-13.22705,0,-15.13457,-0.753,0,-0.6581,-280.4441,0,1,0,0,0.6581,0,-0.753,280.4887,0,0,0,1
590.8301,590.83,0.014136,0.0145,601.3654,-280.7075,0,280.185,1.138194,1.138194,-14.82994,NaN,NaN,NaN,NaN,0,20.1,-13.14853,0,-15.20284,-0.7564,0,-0.6542,-280.7075,0,1,0,0,0.6542,0,-0.7564,280.185,0,0,0,1
590.8435,590.84,0.013354,0.014271,601.3782,-280.8386,0,280.0327,1.134944,1.134944,-15.1046,NaN,NaN,NaN,NaN,0,20.1,-13.1084,0,-15.23745,-0.7581,0,-0.6522,-280.8386,0,1,0,0,0.6522,0,-0.7581,280.0327,0,0,0,1
590.864,590.86,0.020499,0.015516,601.3992,-281.0995,0,279.7269,1.133412,1.133412,-15.34264,NaN,NaN,NaN,NaN,0,20.1,-13.02661,0,-15.30743,-0.7616,0,-0.6481,-281.0995,0,1,0,0,0.6481,0,-0.7616,279.7269,0,0,0,1
590.8772,590.87,0.013236,0.01506,601.4119,-281.2294,0,279.5734,1.132488,1.132488,-15.56969,NaN,NaN,NaN,NaN,0,20.1,-12.98497,0,-15.34278,-0.7633,0,-0.646,-281.2294,0,1,0,0,0.646,0,-0.7633,279.5734,0,0,0,1
590.8975,590.89,0.020289,0.016106,601.4326,-281.4878,0,279.2655,1.128856,1.128856,-15.65392,NaN,NaN,NaN,NaN,0,20.1,-12.90094,0,-15.4135,-0.7668,0,-0.6418,-281.4878,0,1,0,0,0.6418,0,-0.7668,279.2655,0,0,0,1
590.9098,590.9,0.012304,0.015346,601.4442,-281.6164,0,279.111,1.128498,1.128498,-15.67223,NaN,NaN,NaN,NaN,0,20.1,-12.85873,0,-15.44873,-0.7686,0,-0.6397,-281.6164,0,1,0,0,0.6397,0,-0.7686,279.111,0,0,0,1
590.9224,590.92,0.012617,0.0148,601.4578,-281.8723,0,278.801,1.129307,1.129307,-15.67223,NaN,NaN,NaN,NaN,0,20.1,-12.77402,0,-15.51884,-0.7721,0,-0.6355,-281.8723,0,1,0,0,0.6355,0,-0.7721,278.801,0,0,0,1
590.9359,590.93,0.013467,0.014533,601.4705,-281.9996,0,278.6454,1.128821,1.128821,-15.67223,NaN,NaN,NaN,NaN,0,20.1,-12.73152,0,-15.55373,-0.7738,0,-0.6334,-281.9996,0,1,0,0,0.6334,0,-0.7738,278.6454,0,0,0,1
590.9501,590.95,0.014191,0.014465,601.485,-282.253,0,278.3333,1.128183,1.128183,-15.67223,NaN,NaN,NaN,NaN,0,20.1,-12.64624,0,-15.62314,-0.7773,0,-0.6292,-282.253,0,1,0,0,0.6292,0,-0.7773,278.3333,0,0,0,1
590.965,590.96,0.014855,0.014543,601.4995,-282.379,0,278.1768,1.129947,1.129947,-15.67223,NaN,NaN,NaN,NaN,0,20.1,-12.60346,0,-15.65767,-0.779,0,-0.627,-282.379,0,1,0,0,0.627,0,-0.779,278.1768,0,0,0,1
590.9794,590.97,0.014455,0.014525,601.5142,-282.5046,0,278.0198,1.131153,1.131153,-15.67223,NaN,NaN,NaN,NaN,0,20.1,-12.56059,0,-15.69209,-0.7807,0,-0.6249,-282.5046,0,1,0,0,0.6249,0,-0.7807,278.0198,0,0,0,1
590.9998,590.99,0.020344,0.015689,601.5348,-282.7546,0,277.705,1.13186,1.13186,-15.7052,NaN,NaN,NaN,NaN,0,20.1,-12.47437,0,-15.76071,-0.7841,0,-0.6206,-282.7546,0,1,0,0,0.6206,0,-0.7841,277.705,0,0,0,1
591.0197,591.01,0.019896,0.01653,601.5553,-283.0027,0,277.3887,1.135757,1.135757,-15.85535,NaN,NaN,NaN,NaN,0,20.1,-12.38695,0,-15.82951,-0.7875,0,-0.6163,-283.0027,0,1,0,0,0.6163,0,-0.7875,277.3887,0,0,0,1
591.0338,591.03,0.014142,0.016053,601.5696,-283.2491,0,277.0711,1.139612,1.139612,-16.16296,NaN,NaN,NaN,NaN,0,20.1,-12.29745,0,-15.89915,-0.791,0,-0.6118,-283.2491,0,1,0,0,0.6118,0,-0.791,277.0711,0,0,0,1
591.0491,591.04,0.015317,0.015906,601.5837,-283.3717,0,276.9118,1.140658,1.140658,-16.45594,NaN,NaN,NaN,NaN,0,20.1,-12.25173,0,-15.9344,-0.7928,0,-0.6095,-283.3717,0,1,0,0,0.6095,0,-0.7928,276.9118,0,0,0,1
591.0635,591.06,0.01441,0.015606,601.5986,-283.6153,0,276.592,1.146175,1.146175,-16.84047,NaN,NaN,NaN,NaN,0,20.1,-12.15785,0,-16.00614,-0.7963,0,-0.6049,-283.6153,0,1,0,0,0.6049,0,-0.7963,276.592,0,0,0,1
591.0781,591.07,0.014545,0.015394,601.6126,-283.7364,0,276.4316,1.149269,1.149269,-17.20302,NaN,NaN,NaN,NaN,0,20.1,-12.10974,0,-16.04258,-0.7981,0,-0.6025,-283.7364,0,1,0,0,0.6025,0,-0.7981,276.4316,0,0,0,1
591.0975,591.09,0.019456,0.016206,601.6325,-283.9771,0,276.1096,1.153607,1.153607,-17.59488,NaN,NaN,NaN,NaN,0,20.1,-12.01098,0,-16.11665,-0.8018,0,-0.5976,-283.9771,0,1,0,0,0.5976,0,-0.8018,276.1096,0,0,0,1
591.1129,591.11,0.01536,0.016037,601.6482,-284.2158,0,275.7861,1.160205,1.160205,-18.17716,NaN,NaN,NaN,NaN,0,20.1,-11.90848,0,-16.19254,-0.8056,0,-0.5925,-284.2158,0,1,0,0,0.5925,0,-0.8056,275.7861,0,0,0,1
591.1306,591.13,0.017713,0.016372,601.6655,-284.4524,0,275.4611,1.16709,1.16709,-18.64592,NaN,NaN,NaN,NaN,0,20.1,-11.80284,0,-16.2697,-0.8094,0,-0.5872,-284.4524,0,1,0,0,0.5872,0,-0.8094,275.4611,0,0,0,1
591.143,591.14,0.012426,0.015583,601.6777,-284.5699,0,275.298,1.169499,1.169499,-19.19158,NaN,NaN,NaN,NaN,0,20.1,-11.74827,0,-16.30914,-0.8114,0,-0.5845,-284.5699,0,1,0,0,0.5845,0,-0.8114,275.298,0,0,0,1
591.1573,591.15,0.014295,0.015326,601.6923,-284.6868,0,275.1346,1.171858,1.171858,-19.53949,NaN,NaN,NaN,NaN,0,20.1,-11.69259,0,-16.34911,-0.8134,0,-0.5817,-284.6868,0,1,0,0,0.5817,0,-0.8134,275.1346,0,0,0,1
591.1702,591.17,0.012892,0.014839,601.7057,-284.919,0,274.8064,1.180962,1.180962,-19.92768,NaN,NaN,NaN,NaN,0,20.1,-11.57858,0,-16.43005,-0.8174,0,-0.576,-284.919,0,1,0,0,0.576,0,-0.8174,274.8064,0,0,0,1
591.1827,591.18,0.012489,0.014369,601.7172,-285.0342,0,274.6416,1.184388,1.184388,-20.23895,NaN,NaN,NaN,NaN,0,20.1,-11.52047,0,-16.47085,-0.8194,0,-0.5732,-285.0342,0,1,0,0,0.5732,0,-0.8194,274.6416,0,0,0,1
591.1945,591.19,0.011829,0.013861,601.7295,-285.1488,0,274.4765,1.18711,1.18711,-20.52827,NaN,NaN,NaN,NaN,0,20.1,-11.46139,0,-16.51202,-0.8215,0,-0.5702,-285.1488,0,1,0,0,0.5702,0,-0.8215,274.4765,0,0,0,1
591.2063,591.2,0.011806,0.01345,601.7408,-285.2628,0,274.311,1.189387,1.189387,-20.78828,NaN,NaN,NaN,NaN,0,20.1,-11.4014,0,-16.55349,-0.8236,0,-0.5672,-285.2628,0,1,0,0,0.5672,0,-0.8236,274.311,0,0,0,1
591.2181,591.21,0.011773,0.013115,601.7527,-285.3762,0,274.145,1.1945,1.1945,-21.01534,NaN,NaN,NaN,NaN,0,20.1,-11.34061,0,-16.5952,-0.8256,0,-0.5642,-285.3762,0,1,0,0,0.5642,0,-0.8256,274.145,0,0,0,1
591.2302,591.23,0.012138,0.012919,601.7655,-285.6012,0,273.8118,1.20244,1.20244,-21.21675,NaN,NaN,NaN,NaN,0,20.1,-11.21739,0,-16.67873,-0.8298,0,-0.5581,-285.6012,0,1,0,0,0.5581,0,-0.8298,273.8118,0,0,0,1
591.2427,591.24,0.012454,0.012826,601.7773,-285.7127,0,273.6447,1.205291,1.205291,-21.37423,NaN,NaN,NaN,NaN,0,20.1,-11.1551,0,-16.72047,-0.8319,0,-0.555,-285.7127,0,1,0,0,0.555,0,-0.8319,273.6447,0,0,0,1
591.263,591.26,0.020328,0.014327,601.798,-285.9339,0,273.309,1.212523,1.212523,-21.49874,NaN,NaN,NaN,NaN,0,20.1,-11.02931,0,-16.80371,-0.836,0,-0.5487,-285.9339,0,1,0,0,0.5487,0,-0.836,273.309,0,0,0,1
591.2752,591.27,0.012214,0.013904,601.8096,-286.0436,0,273.1405,1.216912,1.216912,-21.61227,NaN,NaN,NaN,NaN,0,20.1,-10.96584,0,-16.84519,-0.8381,0,-0.5456,-286.0436,0,1,0,0,0.5456,0,-0.8381,273.1405,0,0,0,1
591.2864,591.28,0.011141,0.013352,601.8208,-286.1526,0,272.9717,1.220546,1.220546,-21.61227,NaN,NaN,NaN,NaN,0,20.1,-10.90222,0,-16.88643,-0.8401,0,-0.5424,-286.1526,0,1,0,0,0.5424,0,-0.8401,272.9717,0,0,0,1
591.2971,591.29,0.010693,0.01282,601.8315,-286.261,0,272.8024,1.223408,1.223408,-21.61227,NaN,NaN,NaN,NaN,0,20.1,-10.83845,0,-16.92743,-0.8422,0,-0.5392,-286.261,0,1,0,0,0.5392,0,-0.8422,272.8024,0,0,0,1
591.3078,591.3,0.010768,0.012409,601.8422,-286.3687,0,272.6327,1.225525,1.225525,-21.61227,NaN,NaN,NaN,NaN,0,20.1,-10.77452,0,-16.9682,-0.8442,0,-0.536,-286.3687,0,1,0,0,0.536,0,-0.8442,272.6327,0,0,0,1
591.3198,591.31,0.011975,0.012322,601.8541,-286.4759,0,272.4626,1.230388,1.230388,-21.61227,NaN,NaN,NaN,NaN,0,20.1,-10.71044,0,-17.00872,-0.8462,0,-0.5329,-286.4759,0,1,0,0,0.5329,0,-0.8462,272.4626,0,0,0,1
591.3313,591.33,0.011496,0.012157,601.8665,-286.6881,0,272.1212,1.238471,1.238471,-21.61227,NaN,NaN,NaN,NaN,0,20.1,-10.58182,0,-17.08904,-0.8502,0,-0.5265,-286.6881,0,1,0,0,0.5265,0,-0.8502,272.1212,0,0,0,1
591.3439,591.34,0.012658,0.012257,601.8783,-286.7933,0,271.95,1.24137,1.24137,-21.61227,NaN,NaN,NaN,NaN,0,20.1,-10.51729,0,-17.12883,-0.8522,0,-0.5232,-286.7933,0,1,0,0,0.5232,0,-0.8522,271.95,0,0,0,1
591.3562,591.35,0.01223,0.012252,601.8907,-286.8978,0,271.7783,1.243457,1.243457,-21.61227,NaN,NaN,NaN,NaN,0,20.1,-10.4526,0,-17.16838,-0.8541,0,-0.52,-286.8978,0,1,0,0,0.52,0,-0.8541,271.7783,0,0,0,1
591.3679,591.36,0.011728,0.012147,601.9024,-287.0017,0,271.6062,1.247976,1.247976,-21.63058,NaN,NaN,NaN,NaN,0,20.1,-10.38771,0,-17.20772,-0.8561,0,-0.5168,-287.0017,0,1,0,0,0.5168,0,-0.8561,271.6062,0,0,0,1
591.3805,591.38,0.0126,0.012238,601.9156,-287.2075,0,271.2608,1.256122,1.256122,-21.6672,NaN,NaN,NaN,NaN,0,20.1,-10.25727,0,-17.28579,-0.86,0,-0.5103,-287.2075,0,1,0,0,0.5103,0,-0.86,271.2608,0,0,0,1
591.3927,591.39,0.012187,0.012227,601.9275,-287.3094,0,271.0876,1.259046,1.259046,-21.76974,NaN,NaN,NaN,NaN,0,20.1,-10.19152,0,-17.32463,-0.8619,0,-0.507,-287.3094,0,1,0,0,0.507,0,-0.8619,271.0876,0,0,0,1
591.4046,591.4,0.011922,0.012166,601.9393,-287.4107,0,270.914,1.261159,1.261159,-21.88693,NaN,NaN,NaN,NaN,0,20.1,-10.12526,0,-17.36344,-0.8639,0,-0.5037,-287.4107,0,1,0,0,0.5037,0,-0.8639,270.914,0,0,0,1
591.4172,591.41,0.012644,0.012262,601.9517,-287.5113,0,270.74,1.265323,1.265323,-22.0737,NaN,NaN,NaN,NaN,0,20.1,-10.05829,0,-17.40232,-0.8658,0,-0.5004,-287.5113,0,1,0,0,0.5004,0,-0.8658,270.74,0,0,0,1
591.4294,591.42,0.012128,0.012235,601.964,-287.6112,0,270.5656,1.269758,1.269758,-22.31907,NaN,NaN,NaN,NaN,0,20.1,-9.990429,0,-17.44137,-0.8677,0,-0.497,-287.6112,0,1,0,0,0.497,0,-0.8677,270.5656,0,0,0,1
591.441,591.44,0.011674,0.012123,601.9761,-287.8089,0,270.2155,1.276184,1.276184,-22.57175,NaN,NaN,NaN,NaN,0,20.1,-9.852699,0,-17.51954,-0.8716,0,-0.4902,-287.8089,0,1,0,0,0.4902,0,-0.8716,270.2155,0,0,0,1
591.4526,591.45,0.011486,0.011995,601.9872,-287.9068,0,270.0399,1.278228,1.278228,-22.83177,NaN,NaN,NaN,NaN,0,20.1,-9.782808,0,-17.55867,-0.8736,0,-0.4867,-287.9068,0,1,0,0,0.4867,0,-0.8736,270.0399,0,0,0,1
591.4659,591.46,0.013327,0.012262,602.0004,-288.0039,0,269.864,1.281806,1.281806,-23.03685,NaN,NaN,NaN,NaN,0,20.1,-9.712132,0,-17.59786,-0.8755,0,-0.4832,-288.0039,0,1,0,0,0.4832,0,-0.8755,269.864,0,0,0,1
591.485,591.48,0.019129,0.013635,602.02,-288.196,0,269.5109,1.289471,1.289471,-23.31152,NaN,NaN,NaN,NaN,0,20.1,-9.568613,0,-17.67631,-0.8794,0,-0.4761,-288.196,0,1,0,0,0.4761,0,-0.8794,269.5109,0,0,0,1
591.497,591.49,0.011978,0.013304,602.0315,-288.2909,0,269.3337,1.29204,1.29204,-23.67773,NaN,NaN,NaN,NaN,0,20.1,-9.495483,0,-17.71569,-0.8814,0,-0.4724,-288.2909,0,1,0,0,0.4724,0,-0.8814,269.3337,0,0,0,1
591.5092,591.5,0.01219,0.013081,602.0436,-288.3851,0,269.1562,1.29373,1.29373,-23.84985,NaN,NaN,NaN,NaN,0,20.1,-9.421659,0,-17.75507,-0.8833,0,-0.4687,-288.3851,0,1,0,0,0.4687,0,-0.8833,269.1562,0,0,0,1
591.5208,591.52,0.011586,0.012782,602.0558,-288.5713,0,268.7999,1.300517,1.300517,-23.98169,NaN,NaN,NaN,NaN,0,20.1,-9.272699,0,-17.83331,-0.8872,0,-0.4613,-288.5713,0,1,0,0,0.4613,0,-0.8872,268.7999,0,0,0,1
591.5331,591.53,0.012318,0.012689,602.0677,-288.6633,0,268.6212,1.303571,1.303571,-24.05127,NaN,NaN,NaN,NaN,0,20.1,-9.197758,0,-17.87208,-0.8892,0,-0.4576,-288.6633,0,1,0,0,0.4576,0,-0.8892,268.6212,0,0,0,1
591.5443,591.54,0.011189,0.012389,602.0787,-288.7545,0,268.442,1.305732,1.305732,-24.05127,NaN,NaN,NaN,NaN,0,20.1,-9.122655,0,-17.91054,-0.8911,0,-0.4539,-288.7545,0,1,0,0,0.4539,0,-0.8911,268.442,0,0,0,1
591.5589,591.55,0.014617,0.012835,602.0934,-288.845,0,268.2626,1.307069,1.307069,-24.05127,NaN,NaN,NaN,NaN,0,20.1,-9.047391,0,-17.94867,-0.893,0,-0.4501,-288.845,0,1,0,0,0.4501,0,-0.893,268.2626,0,0,0,1
591.5698,591.56,0.010893,0.012446,602.1041,-288.9347,0,268.0827,1.309172,1.309172,-24.05127,NaN,NaN,NaN,NaN,0,20.1,-8.971967,0,-17.98649,-0.8949,0,-0.4464,-288.9347,0,1,0,0,0.4464,0,-0.8949,268.0827,0,0,0,1
591.5811,591.58,0.011325,0.012222,602.1158,-289.1118,0,267.7219,1.315318,1.315318,-24.05127,NaN,NaN,NaN,NaN,0,20.1,-8.820647,0,-18.06118,-0.8986,0,-0.4388,-289.1118,0,1,0,0,0.4388,0,-0.8986,267.7219,0,0,0,1
591.5925,591.59,0.011363,0.01205,602.1269,-289.1993,0,267.5409,1.317099,1.317099,-24.05127,NaN,NaN,NaN,NaN,0,20.1,-8.744754,0,-18.09805,-0.9004,0,-0.4351,-289.1993,0,1,0,0,0.4351,0,-0.9004,267.5409,0,0,0,1
591.6043,591.6,0.011875,0.012015,602.1388,-289.286,0,267.3596,1.318055,1.318055,-24.05127,NaN,NaN,NaN,NaN,0,20.1,-8.668707,0,-18.1346,-0.9022,0,-0.4313,-289.286,0,1,0,0,0.4313,0,-0.9022,267.3596,0,0,0,1
591.6161,591.61,0.011752,0.011962,602.1505,-289.3719,0,267.1779,1.319374,1.319374,-24.05127,NaN,NaN,NaN,NaN,0,20.1,-8.592506,0,-18.17083,-0.904,0,-0.4275,-289.3719,0,1,0,0,0.4275,0,-0.904,267.1779,0,0,0,1
591.6272,591.62,0.011095,0.011789,602.1617,-289.4571,0,266.9958,1.322521,1.322521,-24.05127,NaN,NaN,NaN,NaN,0,20.1,-8.516154,0,-18.20674,-0.9058,0,-0.4237,-289.4571,0,1,0,0,0.4237,0,-0.9058,266.9958,0,0,0,1
591.6378,591.63,0.010637,0.011559,602.1722,-289.5415,0,266.8134,1.324775,1.324775,-24.05127,NaN,NaN,NaN,NaN,0,20.1,-8.439652,0,-18.24233,-0.9076,0,-0.4199,-289.5415,0,1,0,0,0.4199,0,-0.9076,266.8134,0,0,0,1
591.6498,591.64,0.012041,0.011655,602.1843,-289.6251,0,266.6306,1.326136,1.326136,-24.05127,NaN,NaN,NaN,NaN,0,20.1,-8.363002,0,-18.27759,-0.9093,0,-0.4161,-289.6251,0,1,0,0,0.4161,0,-0.9093,266.6306,0,0,0,1
591.6615,591.66,0.011665,0.011657,602.1964,-289.7901,0,266.264,1.327183,1.327183,-24.05127,NaN,NaN,NaN,NaN,0,20.1,-8.209259,0,-18.34715,-0.9128,0,-0.4084,-289.7901,0,1,0,0,0.4084,0,-0.9128,266.264,0,0,0,1
591.6723,591.67,0.010773,0.01148,602.2067,-289.8714,0,266.0802,1.329883,1.329883,-24.05127,NaN,NaN,NaN,NaN,0,20.1,-8.132171,0,-18.38145,-0.9145,0,-0.4046,-289.8714,0,1,0,0,0.4046,0,-0.9145,266.0802,0,0,0,1
591.6835,591.68,0.011246,0.011433,602.218,-289.9519,0,265.896,1.331718,1.331718,-24.05127,NaN,NaN,NaN,NaN,0,20.1,-8.054938,0,-18.41543,-0.9162,0,-0.4007,-289.9519,0,1,0,0,0.4007,0,-0.9162,265.896,0,0,0,1
591.6951,591.69,0.011513,0.011449,602.2294,-290.0317,0,265.7115,1.332701,1.332701,-24.05127,NaN,NaN,NaN,NaN,0,20.1,-7.977565,0,-18.44908,-0.9179,0,-0.3969,-290.0317,0,1,0,0,0.3969,0,-0.9179,265.7115,0,0,0,1
591.7066,591.7,0.011571,0.011474,602.241,-290.1107,0,265.5267,1.332814,1.332814,-24.05127,NaN,NaN,NaN,NaN,0,20.1,-7.900051,0,-18.4824,-0.9195,0,-0.393,-290.1107,0,1,0,0,0.393,0,-0.9195,265.5267,0,0,0,1
591.7176,591.71,0.010935,0.011366,602.252,-290.1889,0,265.3416,1.332546,1.332546,-24.05127,NaN,NaN,NaN,NaN,0,20.1,-7.822397,0,-18.5154,-0.9212,0,-0.3892,-290.1889,0,1,0,0,0.3892,0,-0.9212,265.3416,0,0,0,1
