time,fixedTime,deltaTime,smoothDeltaTime,realtimeSinceStartup,pos_x,pos_y,pos_z,distFromRoadCenter,signedDistFromRoadCenter,wheelAngle,obstacle_pos_x,obstacle_pos_y,obstacle_pos_z,distance_to_obstacle,brake_position,car_speed,car_vel_x,car_vel_y,car_vel_z,simplecar_4x4_R0C0,simplecar_4x4_R0C1,simplecar_4x4_R0C2,simplecar_4x4_R0C3,simplecar_4x4_R1C0,simplecar_4x4_R1C1,simplecar_4x4_R1C2,simplecar_4x4_R1C3,simplecar_4x4_R2C0,simplecar_4x4_R2C1,simplecar_4x4_R2C2,simplecar_4x4_R2C3,simplecar_4x4_R3C0,simplecar_4x4_R3C1,simplecar_4x4_R3C2,simplecar_4x4_R3C3
94.69154,94.68999,0.019087,0.014699,105.2574,0.186746,0,29.25978,0.186746,0.186746,0.177612,NaN,NaN,NaN,NaN,0,15.27999,0.259424,0,15.27779,0.9999,0,0.017,0.1867,0,1,0,0,-0.017,0,0.9999,29.2598,0,0,0,1
94.74519,94.74,0.05365,0.022489,105.2813,0.19986,0,30.02967,0.19986,0.19986,0.100708,NaN,NaN,NaN,NaN,0,15.47999,0.26418,0,15.47773,0.9999,0,0.0171,0.1999,0,1,0,0,-0.0171,0,0.9999,30.0297,0,0,0,1
94.75823,94.75,0.013034,0.020598,105.2927,0.202511,0,30.18485,0.202511,0.202511,0.093384,NaN,NaN,NaN,NaN,0,15.51999,0.265115,0,15.51772,0.9999,0,0.0171,0.2025,0,1,0,0,-0.0171,0,0.9999,30.1849,0,0,0,1
94.76982,94.75999,0.011587,0.018796,105.3043,0.205172,0,30.34043,0.205172,0.205172,0.093384,NaN,NaN,NaN,NaN,0,15.55999,0.266052,0,15.55771,0.9999,0,0.0171,0.2052,0,1,0,0,-0.0171,0,0.9999,30.3404,0,0,0,1
94.78156,94.78,0.011736,0.017384,105.3164,0.210521,0,30.65278,0.210521,0.210521,0.093384,NaN,NaN,NaN,NaN,0,15.63999,0.26793,0,15.63769,0.9999,0,0.0171,0.2105,0,1,0,0,-0.0171,0,0.9999,30.6528,0,0,0,1
94.79211,94.79,0.010557,0.016019,105.3266,0.21321,0,30.80956,0.21321,0.21321,0.093384,NaN,NaN,NaN,NaN,0,15.67999,0.268871,0,15.67768,0.9999,0,0.0171,0.2132,0,1,0,0,-0.0171,0,0.9999,30.8096,0,0,0,1
94.8033,94.8,0.011188,0.015052,105.3378,0.215908,0,30.96673,0.215908,0.215908,0.093384,NaN,NaN,NaN,NaN,0,15.71999,0.269813,0,15.71767,0.9999,0,0.0172,0.2159,0,1,0,0,-0.0172,0,0.9999,30.9667,0,0,0,1
94.81466,94.81,0.011361,0.014314,105.3493,0.218615,0,31.12431,0.218615,0.218615,0.093384,NaN,NaN,NaN,NaN,0,15.75999,0.270756,0,15.75766,0.9999,0,0.0172,0.2186,0,1,0,0,-0.0172,0,0.9999,31.1243,0,0,0,1
94.82659,94.82,0.011929,0.013837,105.3612,0.221332,0,31.28229,0.221332,0.221332,0.093384,NaN,NaN,NaN,NaN,0,15.79999,0.271701,0,15.79765,0.9999,0,0.0172,0.2213,0,1,0,0,-0.0172,0,0.9999,31.2823,0,0,0,1
94.83829,94.82999,0.011702,0.01341,105.3727,0.224059,0,31.44066,0.224059,0.224059,0.093384,NaN,NaN,NaN,NaN,0,15.83999,0.272647,0,15.83764,0.9999,0,0.0172,0.2241,0,1,0,0,-0.0172,0,0.9999,31.4407,0,0,0,1
94.84909,94.84,0.010799,0.012888,105.3836,0.226795,0,31.59944,0.226795,0.226795,0.093384,NaN,NaN,NaN,NaN,0,15.87999,0.273594,0,15.87763,0.9999,0,0.0172,0.2268,0,1,0,0,-0.0172,0,0.9999,31.5994,0,0,0,1
94.8617,94.86,0.012615,0.012833,105.3971,0.232295,0,31.91819,0.232295,0.232295,0.093384,NaN,NaN,NaN,NaN,0,15.95999,0.275493,0,15.95761,0.9999,0,0.0173,0.2323,0,1,0,0,-0.0173,0,0.9999,31.9182,0,0,0,1
94.88058,94.88,0.018884,0.014043,105.4156,0.237834,0,32.23855,0.237834,0.237834,0.093384,NaN,NaN,NaN,NaN,0,16.03999,0.277396,0,16.03759,0.9999,0,0.0173,0.2378,0,1,0,0,-0.0173,0,0.9999,32.2386,0,0,0,1
94.89365,94.89,0.013058,0.013846,105.4282,0.240617,0,32.39932,0.240617,0.240617,0.093384,NaN,NaN,NaN,NaN,0,16.07999,0.27835,0,16.07758,0.9999,0,0.0173,0.2406,0,1,0,0,-0.0173,0,0.9999,32.3993,0,0,0,1
94.9056,94.9,0.011957,0.013468,105.4402,0.24341,0,32.5605,0.24341,0.24341,0.093384,NaN,NaN,NaN,NaN,0,16.11999,0.279305,0,16.11757,0.9998,0,0.0173,0.2434,0,1,0,0,-0.0173,0,0.9998,32.5605,0,0,0,1
94.91552,94.91,0.009917,0.012758,105.45,0.246213,0,32.72207,0.246213,0.246213,0.093384,NaN,NaN,NaN,NaN,0,16.15999,0.280262,0,16.15756,0.9998,0,0.0173,0.2462,0,1,0,0,-0.0173,0,0.9998,32.7221,0,0,0,1
94.92616,94.92,0.010639,0.012334,105.461,0.249025,0,32.88405,0.249025,0.249025,0.093384,NaN,NaN,NaN,NaN,0,16.19999,0.281219,0,16.19755,0.9998,0,0.0174,0.249,0,1,0,0,-0.0174,0,0.9998,32.8841,0,0,0,1
94.93717,94.93,0.011017,0.012071,105.4716,0.251847,0,33.04642,0.251847,0.251847,0.093384,NaN,NaN,NaN,NaN,0,16.23999,0.282178,0,16.23754,0.9998,0,0.0174,0.2518,0,1,0,0,-0.0174,0,0.9998,33.0464,0,0,0,1
94.94743,94.93999,0.010247,0.011706,105.4818,0.254678,0,33.2092,0.254678,0.254678,0.093384,NaN,NaN,NaN,NaN,0,16.27999,0.283139,0,16.27753,0.9998,0,0.0174,0.2547,0,1,0,0,-0.0174,0,0.9998,33.2092,0,0,0,1
94.95829,94.95,0.010868,0.011538,105.4927,0.257519,0,33.37238,0.257519,0.257519,0.093384,NaN,NaN,NaN,NaN,0,16.31999,0.2841,0,16.31752,0.9998,0,0.0174,0.2575,0,1,0,0,-0.0174,0,0.9998,33.3724,0,0,0,1
94.96915,94.96,0.010854,0.011402,105.5036,0.26037,0,33.53595,0.26037,0.26037,0.093384,NaN,NaN,NaN,NaN,0,16.35999,0.285063,0,16.35751,0.9998,0,0.0174,0.2604,0,1,0,0,-0.0174,0,0.9998,33.536,0,0,0,1
94.98053,94.98,0.011384,0.011398,105.5152,0.2661,0,33.8643,0.2661,0.2661,0.093384,NaN,NaN,NaN,NaN,0,16.44,0.286993,0,16.43749,0.9998,0,0.0175,0.2661,0,1,0,0,-0.0175,0,0.9998,33.8643,0,0,0,1
94.99116,94.99,0.010632,0.011245,105.5256,0.26898,0,34.02908,0.26898,0.26898,0.093384,NaN,NaN,NaN,NaN,0,16.48,0.28796,0,16.47748,0.9998,0,0.0175,0.269,0,1,0,0,-0.0175,0,0.9998,34.0291,0,0,0,1
95.00208,95,0.010915,0.011179,105.5366,0.271869,0,34.19425,0.271869,0.271869,0.093384,NaN,NaN,NaN,NaN,0,16.52,0.288928,0,16.51747,0.9998,0,0.0175,0.2719,0,1,0,0,-0.0175,0,0.9998,34.1943,0,0,0,1
95.01353,95.00999,0.01146,0.011235,105.548,0.274768,0,34.35983,0.274768,0.274768,0.093384,NaN,NaN,NaN,NaN,0,16.56,0.289898,0,16.55746,0.9998,0,0.0175,0.2748,0,1,0,0,-0.0175,0,0.9998,34.3598,0,0,0,1
95.0247,95.02,0.011165,0.011221,105.5591,0.277676,0,34.5258,0.277676,0.277676,0.093384,NaN,NaN,NaN,NaN,0,16.6,0.290868,0,16.59745,0.9998,0,0.0175,0.2777,0,1,0,0,-0.0175,0,0.9998,34.5258,0,0,0,1
95.03628,95.03,0.011581,0.011293,105.5707,0.280595,0,34.69217,0.280595,0.280595,0.093384,NaN,NaN,NaN,NaN,0,16.64,0.29184,0,16.63744,0.9998,0,0.0175,0.2806,0,1,0,0,-0.0175,0,0.9998,34.6922,0,0,0,1
95.04661,95.04,0.010326,0.011099,105.581,0.283523,0,34.85895,0.283523,0.283523,0.093384,NaN,NaN,NaN,NaN,0,16.68,0.292814,0,16.67743,0.9998,0,0.0176,0.2835,0,1,0,0,-0.0176,0,0.9998,34.859,0,0,0,1
95.05744,95.05,0.010835,0.011046,105.5919,0.286461,0,35.02612,0.286461,0.286461,0.093384,NaN,NaN,NaN,NaN,0,16.72,0.293788,0,16.71742,0.9998,0,0.0176,0.2865,0,1,0,0,-0.0176,0,0.9998,35.0261,0,0,0,1
95.06966,95.06,0.012213,0.01128,105.6041,0.289409,0,35.1937,0.289409,0.289409,0.093384,NaN,NaN,NaN,NaN,0,16.76,0.294764,0,16.75741,0.9998,0,0.0176,0.2894,0,1,0,0,-0.0176,0,0.9998,35.1937,0,0,0,1
95.0806,95.07999,0.010942,0.011212,105.6153,0.295333,0,35.53004,0.295333,0.295333,0.093384,NaN,NaN,NaN,NaN,0,16.84001,0.29672,0,16.83739,0.9998,0,0.0176,0.2953,0,1,0,0,-0.0176,0,0.9998,35.53,0,0,0,1
95.09243,95.09,0.011834,0.011337,105.6268,0.29831,0,35.69882,0.29831,0.29831,0.093384,NaN,NaN,NaN,NaN,0,16.88001,0.2977,0,16.87738,0.9998,0,0.0176,0.2983,0,1,0,0,-0.0176,0,0.9998,35.6988,0,0,0,1
95.10331,95.1,0.010879,0.011245,105.6378,0.301297,0,35.86799,0.301297,0.301297,0.093384,NaN,NaN,NaN,NaN,0,16.92001,0.298681,0,16.91737,0.9998,0,0.0177,0.3013,0,1,0,0,-0.0177,0,0.9998,35.868,0,0,0,1
95.11441,95.11,0.011103,0.011217,105.6488,0.304294,0,36.03757,0.304294,0.304294,0.093384,NaN,NaN,NaN,NaN,0,16.96001,0.299664,0,16.95736,0.9998,0,0.0177,0.3043,0,1,0,0,-0.0177,0,0.9998,36.0376,0,0,0,1
95.12378,95.12,0.009364,0.010846,105.6582,0.3073,0,36.20754,0.3073,0.3073,0.093384,NaN,NaN,NaN,NaN,0,17.00001,0.300648,0,16.99735,0.9998,0,0.0177,0.3073,0,1,0,0,-0.0177,0,0.9998,36.2075,0,0,0,1
95.13521,95.13,0.011432,0.010963,105.6696,0.310316,0,36.37791,0.310316,0.310316,0.093384,NaN,NaN,NaN,NaN,0,17.04001,0.301633,0,17.03734,0.9998,0,0.0177,0.3103,0,1,0,0,-0.0177,0,0.9998,36.3779,0,0,0,1
95.14709,95.14,0.011881,0.011147,105.6816,0.313343,0,36.54869,0.313343,0.313343,0.093384,NaN,NaN,NaN,NaN,0,17.08001,0.302619,0,17.07733,0.9998,0,0.0177,0.3133,0,1,0,0,-0.0177,0,0.9998,36.5487,0,0,0,1
95.15763,95.15,0.010542,0.011026,105.6921,0.316379,0,36.71986,0.316379,0.316379,0.093384,NaN,NaN,NaN,NaN,0,17.12001,0.303607,0,17.11732,0.9998,0,0.0177,0.3164,0,1,0,0,-0.0177,0,0.9998,36.7199,0,0,0,1
95.16901,95.16,0.011377,0.011096,105.7034,0.319425,0,36.89143,0.319425,0.319425,0.093384,NaN,NaN,NaN,NaN,0,17.16001,0.304596,0,17.15731,0.9998,0,0.0178,0.3194,0,1,0,0,-0.0178,0,0.9998,36.8914,0,0,0,1
95.18089,95.18,0.011882,0.011253,105.7157,0.325546,0,37.23578,0.325546,0.325546,0.093384,NaN,NaN,NaN,NaN,0,17.24002,0.306578,0,17.23729,0.9998,0,0.0178,0.3255,0,1,0,0,-0.0178,0,0.9998,37.2358,0,0,0,1
95.19041,95.18999,0.009517,0.010906,105.7248,0.328622,0,37.40855,0.328622,0.328622,0.093384,NaN,NaN,NaN,NaN,0,17.28002,0.307571,0,17.27728,0.9998,0,0.0178,0.3286,0,1,0,0,-0.0178,0,0.9998,37.4086,0,0,0,1
95.20223,95.2,0.011828,0.011091,105.7367,0.331708,0,37.58173,0.331708,0.331708,0.093384,NaN,NaN,NaN,NaN,0,17.32002,0.308565,0,17.31727,0.9998,0,0.0178,0.3317,0,1,0,0,-0.0178,0,0.9998,37.5817,0,0,0,1
95.21294,95.21,0.0107,0.011012,105.7474,0.334803,0,37.7553,0.334803,0.334803,0.093384,NaN,NaN,NaN,NaN,0,17.36002,0.309561,0,17.35726,0.9998,0,0.0178,0.3348,0,1,0,0,-0.0178,0,0.9998,37.7553,0,0,0,1
95.2243,95.22,0.011368,0.011083,105.7587,0.337909,0,37.92927,0.337909,0.337909,0.093384,NaN,NaN,NaN,NaN,0,17.40002,0.310557,0,17.39725,0.9998,0,0.0178,0.3379,0,1,0,0,-0.0178,0,0.9998,37.9293,0,0,0,1
95.23508,95.23,0.010778,0.011022,105.7695,0.341024,0,38.10365,0.341024,0.341024,0.093384,NaN,NaN,NaN,NaN,0,17.44002,0.311556,0,17.43724,0.9998,0,0.0179,0.341,0,1,0,0,-0.0179,0,0.9998,38.1037,0,0,0,1
95.2461,95.24,0.011021,0.011022,105.7805,0.34415,0,38.27842,0.34415,0.34415,0.093384,NaN,NaN,NaN,NaN,0,17.48002,0.312555,0,17.47723,0.9998,0,0.0179,0.3441,0,1,0,0,-0.0179,0,0.9998,38.2784,0,0,0,1
95.25759,95.25,0.011487,0.011115,105.792,0.347286,0,38.45359,0.347286,0.347286,0.093384,NaN,NaN,NaN,NaN,0,17.52002,0.313556,0,17.51722,0.9998,0,0.0179,0.3473,0,1,0,0,-0.0179,0,0.9998,38.4536,0,0,0,1
95.26899,95.25999,0.011397,0.011171,105.8034,0.350431,0,38.62916,0.350431,0.350431,0.093384,NaN,NaN,NaN,NaN,0,17.56002,0.314558,0,17.55721,0.9998,0,0.0179,0.3504,0,1,0,0,-0.0179,0,0.9998,38.6292,0,0,0,1
95.27991,95.27,0.010924,0.011122,105.8143,0.353587,0,38.80513,0.353587,0.353587,0.093384,NaN,NaN,NaN,NaN,0,17.60002,0.315561,0,17.59719,0.9998,0,0.0179,0.3536,0,1,0,0,-0.0179,0,0.9998,38.8051,0,0,0,1
95.29073,95.29,0.010821,0.011062,105.8255,0.359928,0,39.15828,0.359928,0.359928,0.093384,NaN,NaN,NaN,NaN,0,17.68003,0.317572,0,17.67717,0.9998,0,0.018,0.3599,0,1,0,0,-0.018,0,0.9998,39.1583,0,0,0,1
95.30236,95.3,0.011632,0.011176,105.8369,0.363114,0,39.33545,0.363114,0.363114,0.093384,NaN,NaN,NaN,NaN,0,17.72003,0.318579,0,17.71716,0.9998,0,0.018,0.3631,0,1,0,0,-0.018,0,0.9998,39.3355,0,0,0,1
95.31367,95.31,0.011304,0.011201,105.8482,0.36631,0,39.51302,0.36631,0.36631,0.093384,NaN,NaN,NaN,NaN,0,17.76003,0.319588,0,17.75715,0.9998,0,0.018,0.3663,0,1,0,0,-0.018,0,0.9998,39.513,0,0,0,1
95.32394,95.32,0.010281,0.011017,105.8584,0.369516,0,39.69099,0.369516,0.369516,0.093384,NaN,NaN,NaN,NaN,0,17.80003,0.320598,0,17.79714,0.9998,0,0.018,0.3695,0,1,0,0,-0.018,0,0.9998,39.691,0,0,0,1
95.33584,95.32999,0.011887,0.011191,105.8702,0.372732,0,39.86936,0.372732,0.372732,0.093384,NaN,NaN,NaN,NaN,0,17.84003,0.321609,0,17.83713,0.9998,0,0.018,0.3727,0,1,0,0,-0.018,0,0.9998,39.8694,0,0,0,1
95.34734,95.34,0.011504,0.011254,105.8818,0.375958,0,40.04813,0.375958,0.375958,0.093384,NaN,NaN,NaN,NaN,0,17.88003,0.322621,0,17.87712,0.9998,0,0.018,0.376,0,1,0,0,-0.018,0,0.9998,40.0481,0,0,0,1
95.35813,95.35,0.01079,0.011161,105.8927,0.379194,0,40.22731,0.379194,0.379194,0.093384,NaN,NaN,NaN,NaN,0,17.92003,0.323635,0,17.91711,0.9998,0,0.0181,0.3792,0,1,0,0,-0.0181,0,0.9998,40.2273,0,0,0,1
95.36951,95.36,0.011387,0.011206,105.904,0.382439,0,40.40688,0.382439,0.382439,0.045776,NaN,NaN,NaN,NaN,0,17.96003,0.324501,0,17.9571,0.9998,0,0.0181,0.3824,0,1,0,0,-0.0181,0,0.9998,40.4069,0,0,0,1
95.3804,95.38,0.010888,0.011143,105.9153,0.38895,0,40.76722,0.38895,0.38895,-0.009155,NaN,NaN,NaN,NaN,0,18.04003,0.325889,0,18.03709,0.9998,0,0.0181,0.389,0,1,0,0,-0.0181,0,0.9998,40.7672,0,0,0,1
95.39066,95.39,0.010251,0.010964,105.9251,0.392213,0,40.94798,0.392213,0.392213,-0.111694,NaN,NaN,NaN,NaN,0,18.08003,0.326259,0,18.07709,0.9998,0,0.018,0.3922,0,1,0,0,-0.018,0,0.9998,40.948,0,0,0,1
95.40208,95.4,0.011418,0.011055,105.9366,0.395477,0,41.12916,0.395477,0.395477,-0.184937,NaN,NaN,NaN,NaN,0,18.12004,0.326396,0,18.1171,0.9998,0,0.018,0.3955,0,1,0,0,-0.018,0,0.9998,41.1292,0,0,0,1
95.41448,95.41,0.01241,0.011326,105.9492,0.398739,0,41.31073,0.398739,0.398739,-0.280159,NaN,NaN,NaN,NaN,0,18.16004,0.326229,0,18.15711,0.9998,0,0.018,0.3987,0,1,0,0,-0.018,0,0.9998,41.3107,0,0,0,1
95.42519,95.42,0.010712,0.011203,105.9598,0.401996,0,41.4927,0.401996,0.401996,-0.38636,NaN,NaN,NaN,NaN,0,18.20004,0.32572,0,18.19712,0.9998,0,0.0179,0.402,0,1,0,0,-0.0179,0,0.9998,41.4927,0,0,0,1
95.43626,95.43,0.011065,0.011176,105.9708,0.405245,0,41.67508,0.405245,0.405245,-0.485237,NaN,NaN,NaN,NaN,0,18.24004,0.324892,0,18.23714,0.9998,0,0.0178,0.4052,0,1,0,0,-0.0178,0,0.9998,41.6751,0,0,0,1
95.44712,95.43999,0.010861,0.011113,105.9817,0.408482,0,41.85785,0.408482,0.408482,-0.613411,NaN,NaN,NaN,NaN,0,18.28004,0.323647,0,18.27717,0.9998,0,0.0177,0.4085,0,1,0,0,-0.0177,0,0.9998,41.8579,0,0,0,1
95.45826,95.45,0.011137,0.011118,105.9929,0.411702,0,42.04102,0.411702,0.411702,-0.723281,NaN,NaN,NaN,NaN,0,18.32004,0.322043,0,18.31721,0.9998,0,0.0176,0.4117,0,1,0,0,-0.0176,0,0.9998,42.041,0,0,0,1
95.46899,95.46,0.010725,0.011039,106.0034,0.414902,0,42.22459,0.414902,0.414902,-0.862441,NaN,NaN,NaN,NaN,0,18.36004,0.319983,0,18.35725,0.9998,0,0.0174,0.4149,0,1,0,0,-0.0174,0,0.9998,42.2246,0,0,0,1
95.48046,95.48,0.011481,0.011128,106.0154,0.421229,0,42.59293,0.421229,0.421229,-0.972304,NaN,NaN,NaN,NaN,0,18.44004,0.31512,0,18.43735,0.9999,0,0.0171,0.4212,0,1,0,0,-0.0171,0,0.9999,42.5929,0,0,0,1
95.49148,95.49,0.011013,0.011105,106.026,0.424351,0,42.77771,0.424351,0.424351,-1.122451,NaN,NaN,NaN,NaN,0,18.48004,0.312184,0,18.47741,0.9999,0,0.0169,0.4244,0,1,0,0,-0.0169,0,0.9999,42.7777,0,0,0,1
95.50365,95.5,0.012176,0.011319,106.0384,0.427439,0,42.96288,0.427439,0.427439,-1.243308,NaN,NaN,NaN,NaN,0,18.52004,0.308841,0,18.51747,0.9999,0,0.0167,0.4274,0,1,0,0,-0.0167,0,0.9999,42.9629,0,0,0,1
95.51434,95.50999,0.010684,0.011192,106.0489,0.430489,0,43.14845,0.430489,0.430489,-1.38613,NaN,NaN,NaN,NaN,0,18.56005,0.305019,0,18.55754,0.9999,0,0.0164,0.4305,0,1,0,0,-0.0164,0,0.9999,43.1485,0,0,0,1
95.52467,95.52,0.010324,0.011018,106.0591,0.433497,0,43.33443,0.433497,0.433497,-1.521628,NaN,NaN,NaN,NaN,0,18.60005,0.300737,0,18.59761,0.9999,0,0.0162,0.4335,0,1,0,0,-0.0162,0,0.9999,43.3344,0,0,0,1
95.53564,95.53,0.010978,0.01101,106.0701,0.436457,0,43.52081,0.436457,0.436457,-1.638815,NaN,NaN,NaN,NaN,0,18.64005,0.296053,0,18.6377,0.9999,0,0.0159,0.4365,0,1,0,0,-0.0159,0,0.9999,43.5208,0,0,0,1
95.54717,95.54,0.011532,0.011115,106.0818,0.439367,0,43.70759,0.439367,0.439367,-1.759672,NaN,NaN,NaN,NaN,0,18.68005,0.290952,0,18.67778,0.9999,0,0.0156,0.4394,0,1,0,0,-0.0156,0,0.9999,43.7076,0,0,0,1
95.5579,95.55,0.010727,0.011037,106.0925,0.44222,0,43.89477,0.44222,0.44222,-1.898832,NaN,NaN,NaN,NaN,0,18.72005,0.285372,0,18.71787,0.9999,0,0.0152,0.4422,0,1,0,0,-0.0152,0,0.9999,43.8948,0,0,0,1
95.56982,95.56,0.011923,0.011214,106.1044,0.445013,0,44.08235,0.445013,0.445013,-2.045317,NaN,NaN,NaN,NaN,0,18.76005,0.279285,0,18.75797,0.9999,0,0.0149,0.445,0,1,0,0,-0.0149,0,0.9999,44.0824,0,0,0,1
95.58006,95.57999,0.010237,0.011019,106.1149,0.450403,0,44.45871,0.450403,0.450403,-2.169836,NaN,NaN,NaN,NaN,0,18.84005,0.266208,0,18.83817,0.9999,0,0.0141,0.4504,0,1,0,0,-0.0141,0,0.9999,44.4587,0,0,0,1
95.59127,95.59,0.011214,0.011058,106.1258,0.452994,0,44.64749,0.452994,0.452994,-2.323644,NaN,NaN,NaN,NaN,0,18.88005,0.259117,0,18.87827,0.9999,0,0.0137,0.453,0,1,0,0,-0.0137,0,0.9999,44.6475,0,0,0,1
95.60172,95.6,0.010452,0.010937,106.1362,0.45551,0,44.83667,0.45551,0.45551,-2.444494,NaN,NaN,NaN,NaN,0,18.92005,0.251595,0,18.91838,0.9999,0,0.0133,0.4555,0,1,0,0,-0.0133,0,0.9999,44.8367,0,0,0,1
95.61362,95.61,0.011893,0.011128,106.1483,0.457946,0,45.02626,0.457946,0.457946,-2.565343,NaN,NaN,NaN,NaN,0,18.96005,0.243638,0,18.95849,0.9999,0,0.0129,0.4579,0,1,0,0,-0.0129,0,0.9999,45.0263,0,0,0,1
95.62428,95.62,0.010667,0.011036,106.1591,0.460299,0,45.21625,0.460299,0.460299,-2.6862,NaN,NaN,NaN,NaN,0,19.00006,0.235245,0,18.9986,0.9999,0,0.0124,0.4603,0,1,0,0,-0.0124,0,0.9999,45.2163,0,0,0,1
95.63595,95.63,0.011663,0.011161,106.1705,0.462562,0,45.40664,0.462562,0.462562,-2.821698,NaN,NaN,NaN,NaN,0,19.04006,0.226364,0,19.03871,0.9999,0,0.0119,0.4626,0,1,0,0,-0.0119,0,0.9999,45.4066,0,0,0,1
95.64764,95.64,0.011699,0.011269,106.1822,0.464733,0,45.59742,0.464733,0.464733,-2.927899,NaN,NaN,NaN,NaN,0,19.08006,0.21709,0,19.07882,0.9999,0,0.0114,0.4647,0,1,0,0,-0.0114,0,0.9999,45.5974,0,0,0,1
95.65831,95.65,0.010663,0.011148,106.1928,0.466808,0,45.78861,0.466808,0.466808,-3.012128,NaN,NaN,NaN,NaN,0,19.12006,0.207494,0,19.11893,0.9999,0,0.0109,0.4668,0,1,0,0,-0.0109,0,0.9999,45.7886,0,0,0,1
95.66843,95.66,0.010127,0.010943,106.2029,0.468784,0,45.9802,0.468784,0.468784,-3.085377,NaN,NaN,NaN,NaN,0,19.16006,0.197611,0,19.15904,0.9999,0,0.0103,0.4688,0,1,0,0,-0.0103,0,0.9999,45.9802,0,0,0,1
95.68051,95.68,0.012077,0.01117,106.2155,0.472433,0,46.36459,0.472433,0.472433,-3.136647,NaN,NaN,NaN,NaN,0,19.24006,0.177372,0,19.23924,1,0,0.0092,0.4724,0,1,0,0,-0.0092,0,1,46.3646,0,0,0,1
95.6909,95.68999,0.010388,0.011014,106.2254,0.474104,0,46.55738,0.474104,0.474104,-3.184254,NaN,NaN,NaN,NaN,0,19.28006,0.167026,0,19.27934,1,0,0.0087,0.4741,0,1,0,0,-0.0087,0,1,46.5574,0,0,0,1
95.70199,95.7,0.011085,0.011028,106.2367,0.475669,0,46.75058,0.475669,0.475669,-3.213551,NaN,NaN,NaN,NaN,0,19.32006,0.156537,0,19.31943,1,0,0.0081,0.4757,0,1,0,0,-0.0081,0,1,46.7506,0,0,0,1
95.71323,95.71,0.011237,0.01107,106.2477,0.477128,0,46.94418,0.477128,0.477128,-3.235524,NaN,NaN,NaN,NaN,0,19.36006,0.145928,0,19.35951,1,0,0.0075,0.4771,0,1,0,0,-0.0075,0,1,46.9442,0,0,0,1
95.72569,95.72,0.012464,0.011349,106.2601,0.478481,0,47.13817,0.478481,0.478481,-3.239186,NaN,NaN,NaN,NaN,0,19.40006,0.135263,0,19.39959,1,0,0.007,0.4785,0,1,0,0,-0.007,0,1,47.1382,0,0,0,1
95.73692,95.73,0.011235,0.011326,106.2715,0.479726,0,47.33257,0.479726,0.479726,-3.239186,NaN,NaN,NaN,NaN,0,19.44007,0.124551,0,19.43967,1,0,0.0064,0.4797,0,1,0,0,-0.0064,0,1,47.3326,0,0,0,1
95.75011,95.75,0.013187,0.011698,106.2848,0.481894,0,47.72256,0.481894,0.481894,-3.239186,NaN,NaN,NaN,NaN,0,19.52007,0.102993,0,19.51979,1,0,0.0053,0.4819,0,1,0,0,-0.0053,0,1,47.7226,0,0,0,1
95.75937,95.75,0.00926,0.011211,106.2934,0.481894,0,47.72256,0.481894,0.481894,-3.239186,NaN,NaN,NaN,NaN,0,19.52007,0.102993,0,19.51979,1,0,0.0053,0.4819,0,1,0,0,-0.0053,0,1,47.7226,0,0,0,1
95.77192,95.77,0.012547,0.011478,106.3066,0.483628,0,48.11416,0.483628,0.483628,-3.239186,NaN,NaN,NaN,NaN,0,19.60007,0.081254,0,19.5999,1,0,0.0041,0.4836,0,1,0,0,-0.0041,0,1,48.1142,0,0,0,1
95.78275,95.78,0.010829,0.011348,106.3172,0.484331,0,48.31056,0.484331,0.484331,-3.239186,NaN,NaN,NaN,NaN,0,19.64007,0.070316,0,19.63994,1,0,0.0036,0.4843,0,1,0,0,-0.0036,0,1,48.3106,0,0,0,1
95.79276,95.79,0.010011,0.011081,106.3273,0.484925,0,48.50735,0.484925,0.484925,-3.239186,NaN,NaN,NaN,NaN,0,19.68007,0.059334,0,19.67998,1,0,0.003,0.4849,0,1,0,0,-0.003,0,1,48.5074,0,0,0,1
95.80425,95.8,0.011496,0.011164,106.3389,0.485408,0,48.70456,0.485408,0.485408,-3.239186,NaN,NaN,NaN,NaN,0,19.72007,0.048306,0,19.72001,1,0,0.0024,0.4854,0,1,0,0,-0.0024,0,1,48.7046,0,0,0,1
95.81664,95.81,0.012387,0.011408,106.3511,0.48578,0,48.90216,0.48578,0.48578,-3.239186,NaN,NaN,NaN,NaN,0,19.76007,0.037232,0,19.76004,1,0,0.0019,0.4858,0,1,0,0,-0.0019,0,1,48.9022,0,0,0,1
95.82681,95.82,0.010176,0.011162,106.3615,0.48604,0,49.10016,0.48604,0.48604,-3.272145,NaN,NaN,NaN,NaN,0,19.80007,0.026,0,19.80006,1,0,0.0013,0.486,0,1,0,0,-0.0013,0,1,49.1002,0,0,0,1
95.83849,95.82999,0.01167,0.011264,106.373,0.486186,0,49.29856,0.486186,0.486186,-3.319752,NaN,NaN,NaN,NaN,0,19.84007,0.014557,0,19.84007,1,0,0.0007,0.4862,0,1,0,0,-0.0007,0,1,49.2986,0,0,0,1
95.84945,95.84,0.010967,0.011204,106.3839,0.486214,0,49.49736,0.486214,0.486214,-3.389332,NaN,NaN,NaN,NaN,0,19.88008,0.002826,0,19.88008,1,0,0.0001,0.4862,0,1,0,0,-0.0001,0,1,49.4974,0,0,0,1
95.86104,95.86,0.011584,0.01128,106.3958,0.485909,0,49.89616,0.485909,0.485909,-3.458912,NaN,NaN,NaN,NaN,0,19.96008,-0.021262,0,19.96007,1,0,-0.0011,0.4859,0,1,0,0,0.0011,0,1,49.8962,0,0,0,1
95.87247,95.87,0.011429,0.01131,106.4074,0.485572,0,50.09616,0.485572,0.485572,-3.557796,NaN,NaN,NaN,NaN,0,20.00008,-0.033724,0,20.00005,1,0,-0.0017,0.4856,0,1,0,0,0.0017,0,1,50.0962,0,0,0,1
95.88399,95.88,0.01152,0.011352,106.4187,0.485106,0,50.29657,0.485106,0.485106,-3.663998,NaN,NaN,NaN,NaN,0,20.04008,-0.046606,0,20.04003,1,0,-0.0023,0.4851,0,1,0,0,0.0023,0,1,50.2966,0,0,0,1
95.89536,95.89,0.011374,0.011356,106.4301,0.484506,0,50.49736,0.484506,0.484506,-3.784847,NaN,NaN,NaN,NaN,0,20.08008,-0.059964,0,20.07999,1,0,-0.003,0.4845,0,1,0,0,0.003,0,1,50.4974,0,0,0,1
95.90601,95.9,0.010646,0.011214,106.4406,0.48377,0,50.69836,0.48377,0.48377,-3.883724,NaN,NaN,NaN,NaN,0,20.1,-0.073648,0,20.09986,1,0,-0.0037,0.4838,0,1,0,0,0.0037,0,1,50.6984,0,0,0,1
95.91718,95.91,0.011173,0.011206,106.4518,0.482893,0,50.89936,0.482893,0.482893,-4.011905,NaN,NaN,NaN,NaN,0,20.1,-0.087722,0,20.09981,1,0,-0.0044,0.4829,0,1,0,0,0.0044,0,1,50.8994,0,0,0,1
95.92887,95.92,0.011694,0.011304,106.4633,0.481871,0,51.10036,0.481871,0.481871,-4.129093,NaN,NaN,NaN,NaN,0,20.1,-0.102207,0,20.09974,1,0,-0.0051,0.4819,0,1,0,0,0.0051,0,1,51.1004,0,0,0,1
95.93895,95.93,0.010073,0.011058,106.4734,0.480699,0,51.30135,0.480699,0.480699,-4.253604,NaN,NaN,NaN,NaN,0,20.1,-0.117129,0,20.09966,1,0,-0.0058,0.4807,0,1,0,0,0.0058,0,1,51.3014,0,0,0,1
95.95106,95.95,0.012114,0.011269,106.4859,0.477899,0,51.70335,0.477899,0.477899,-4.352481,NaN,NaN,NaN,NaN,0,20.1,-0.147666,0,20.09946,1,0,-0.0073,0.4779,0,1,0,0,0.0073,0,1,51.7034,0,0,0,1
95.96179,95.96,0.010729,0.011161,106.4965,0.476266,0,51.90434,0.476266,0.476266,-4.45869,NaN,NaN,NaN,NaN,0,20.1,-0.163307,0,20.09934,1,0,-0.0081,0.4763,0,1,0,0,0.0081,0,1,51.9043,0,0,0,1
95.97257,95.97,0.010781,0.011085,106.5071,0.474473,0,52.10533,0.474473,0.474473,-4.557567,NaN,NaN,NaN,NaN,0,20.1,-0.179295,0,20.0992,1,0,-0.0089,0.4745,0,1,0,0,0.0089,0,1,52.1053,0,0,0,1
95.98425,95.98,0.011675,0.011203,106.5188,0.472517,0,52.30632,0.472517,0.472517,-4.627147,NaN,NaN,NaN,NaN,0,20.1,-0.195527,0,20.09905,1,0,-0.0097,0.4725,0,1,0,0,0.0097,0,1,52.3063,0,0,0,1
95.99477,95.99,0.010527,0.011068,106.5294,0.470397,0,52.50731,0.470397,0.470397,-4.696727,NaN,NaN,NaN,NaN,0,20.1,-0.212003,0,20.09888,0.9999,0,-0.0105,0.4704,0,1,0,0,0.0105,0,0.9999,52.5073,0,0,0,1
96.00611,96,0.011343,0.011123,106.5409,0.468111,0,52.7083,0.468111,0.468111,-4.744334,NaN,NaN,NaN,NaN,0,20.1,-0.228646,0,20.0987,0.9999,0,-0.0114,0.4681,0,1,0,0,0.0114,0,0.9999,52.7083,0,0,0,1
96.01723,96.00999,0.011114,0.011121,106.5518,0.465655,0,52.90928,0.465655,0.465655,-4.817576,NaN,NaN,NaN,NaN,0,20.1,-0.245545,0,20.0985,0.9999,0,-0.0122,0.4657,0,1,0,0,0.0122,0,0.9999,52.9093,0,0,0,1
96.02961,96.02,0.012378,0.011372,106.5643,0.463029,0,53.11026,0.463029,0.463029,-4.883494,NaN,NaN,NaN,NaN,0,20.1,-0.262675,0,20.09828,0.9999,0,-0.0131,0.463,0,1,0,0,0.0131,0,0.9999,53.1103,0,0,0,1
96.03998,96.03,0.010372,0.011172,106.5748,0.460228,0,53.31124,0.460228,0.460228,-4.971392,NaN,NaN,NaN,NaN,0,20.1,-0.280114,0,20.09805,0.9999,0,-0.0139,0.4602,0,1,0,0,0.0139,0,0.9999,53.3112,0,0,0,1
96.05266,96.05,0.012681,0.011474,106.5875,0.454089,0,53.7132,0.454089,0.454089,-5.092242,NaN,NaN,NaN,NaN,0,20.1,-0.315838,0,20.09752,0.9999,0,-0.0157,0.4541,0,1,0,0,0.0157,0,0.9999,53.7132,0,0,0,1
96.06369,96.06,0.01103,0.011385,106.5987,0.450747,0,53.91417,0.450747,0.450747,-5.242388,NaN,NaN,NaN,NaN,0,20.1,-0.334227,0,20.09722,0.9999,0,-0.0166,0.4507,0,1,0,0,0.0166,0,0.9999,53.9142,0,0,0,1
96.07347,96.07,0.009782,0.011065,106.6083,0.447215,0,54.11514,0.447215,0.447215,-5.399866,NaN,NaN,NaN,NaN,0,20.1,-0.353167,0,20.0969,0.9998,0,-0.0176,0.4472,0,1,0,0,0.0176,0,0.9998,54.1151,0,0,0,1
96.08804,96.07999,0.014569,0.011765,106.6233,0.443488,0,54.3161,0.443488,0.443488,-5.586634,NaN,NaN,NaN,NaN,0,20.1,-0.372763,0,20.09654,0.9998,0,-0.0185,0.4435,0,1,0,0,0.0185,0,0.9998,54.3161,0,0,0,1
96.10328,96.1,0.015238,0.01246,106.6385,0.435408,0,54.71803,0.435408,0.435408,-5.934541,NaN,NaN,NaN,NaN,0,20.1,-0.414393,0,20.09573,0.9998,0,-0.0206,0.4354,0,1,0,0,0.0206,0,0.9998,54.718,0,0,0,1
96.11354,96.11,0.01026,0.01202,106.6484,0.431044,0,54.91898,0.431044,0.431044,-6.289766,NaN,NaN,NaN,NaN,0,20.1,-0.436453,0,20.09526,0.9998,0,-0.0217,0.431,0,1,0,0,0.0217,0,0.9998,54.919,0,0,0,1
96.12347,96.12,0.009938,0.011604,106.6583,0.426449,0,55.11993,0.426449,0.426449,-6.564431,NaN,NaN,NaN,NaN,0,20.1,-0.459476,0,20.09475,0.9997,0,-0.0229,0.4264,0,1,0,0,0.0229,0,0.9997,55.1199,0,0,0,1
96.13437,96.13,0.010891,0.011461,106.6691,0.421614,0,55.32087,0.421614,0.421614,-6.846421,NaN,NaN,NaN,NaN,0,20.1,-0.483488,0,20.09418,0.9997,0,-0.0241,0.4216,0,1,0,0,0.0241,0,0.9997,55.3209,0,0,0,1
96.14458,96.14,0.010215,0.011212,106.6794,0.416526,0,55.5218,0.416526,0.416526,-7.219956,NaN,NaN,NaN,NaN,0,20.1,-0.508808,0,20.09356,0.9997,0,-0.0253,0.4165,0,1,0,0,0.0253,0,0.9997,55.5218,0,0,0,1
96.15646,96.15,0.011878,0.011345,106.6912,0.411174,0,55.72273,0.411174,0.411174,-7.516594,NaN,NaN,NaN,NaN,0,20.1,-0.535169,0,20.09287,0.9996,0,-0.0266,0.4112,0,1,0,0,0.0266,0,0.9996,55.7227,0,0,0,1
96.16814,96.16,0.011679,0.011412,106.7028,0.405546,0,55.92365,0.405546,0.405546,-7.875488,NaN,NaN,NaN,NaN,0,20.1,-0.562786,0,20.09212,0.9996,0,-0.028,0.4055,0,1,0,0,0.028,0,0.9996,55.9237,0,0,0,1
96.17948,96.17,0.011341,0.011398,106.7142,0.39963,0,56.12457,0.39963,0.39963,-8.216071,NaN,NaN,NaN,NaN,0,20.1,-0.591597,0,20.09129,0.9996,0,-0.0294,0.3996,0,1,0,0,0.0294,0,0.9996,56.1246,0,0,0,1
96.19044,96.18999,0.010964,0.011311,106.7262,0.386905,0,56.52637,0.386905,0.386905,-8.490729,NaN,NaN,NaN,NaN,0,20.1,-0.651142,0,20.08945,0.9995,0,-0.0324,0.3869,0,1,0,0,0.0324,0,0.9995,56.5264,0,0,0,1
96.20199,96.2,0.011547,0.011358,106.7365,0.380086,0,56.72725,0.380086,0.380086,-8.769056,NaN,NaN,NaN,NaN,0,20.1,-0.681888,0,20.08843,0.9994,0,-0.0339,0.3801,0,1,0,0,0.0339,0,0.9994,56.7273,0,0,0,1
96.21278,96.21,0.010784,0.011243,106.7474,0.372951,0,56.92812,0.372951,0.372951,-9.040052,NaN,NaN,NaN,NaN,0,20.1,-0.713582,0,20.08733,0.9994,0,-0.0355,0.373,0,1,0,0,0.0355,0,0.9994,56.9281,0,0,0,1
96.22243,96.22,0.009652,0.010925,106.7571,0.365491,0,57.12898,0.365491,0.365491,-9.245138,NaN,NaN,NaN,NaN,0,20.1,-0.745994,0,20.08615,0.9993,0,-0.0371,0.3655,0,1,0,0,0.0371,0,0.9993,57.129,0,0,0,1
96.23488,96.23,0.012453,0.011231,106.7695,0.357699,0,57.32983,0.357699,0.357699,-9.453878,NaN,NaN,NaN,NaN,0,20.1,-0.779135,0,20.08489,0.9992,0,-0.0388,0.3577,0,1,0,0,0.0388,0,0.9992,57.3298,0,0,0,1
96.24588,96.24,0.010996,0.011184,106.7808,0.349569,0,57.53067,0.349569,0.349569,-9.680937,NaN,NaN,NaN,NaN,0,20.1,-0.81307,0,20.08355,0.9992,0,-0.0405,0.3496,0,1,0,0,0.0405,0,0.9992,57.5307,0,0,0,1
96.25693,96.25,0.011048,0.011157,106.7914,0.341091,0,57.73149,0.341091,0.341091,-9.900663,NaN,NaN,NaN,NaN,0,20.1,-0.847773,0,20.08211,0.9991,0,-0.0422,0.3411,0,1,0,0,0.0422,0,0.9991,57.7315,0,0,0,1
96.26817,96.25999,0.011246,0.011175,106.8027,0.33226,0,57.9323,0.33226,0.33226,-10.06546,NaN,NaN,NaN,NaN,0,20.1,-0.883051,0,20.08059,0.999,0,-0.0439,0.3323,0,1,0,0,0.0439,0,0.999,57.9323,0,0,0,1
96.27798,96.27,0.009811,0.010902,106.8132,0.32307,0,58.13309,0.32307,0.32307,-10.25589,NaN,NaN,NaN,NaN,0,20.1,-0.918994,0,20.07898,0.999,0,-0.0457,0.3231,0,1,0,0,0.0457,0,0.999,58.1331,0,0,0,1
96.2887,96.28,0.010713,0.010864,106.8232,0.313516,0,58.33386,0.313516,0.313516,-10.39872,NaN,NaN,NaN,NaN,0,20.1,-0.955434,0,20.07728,0.9989,0,-0.0475,0.3135,0,1,0,0,0.0475,0,0.9989,58.3339,0,0,0,1
96.29961,96.29,0.010911,0.010873,106.8341,0.303592,0,58.53461,0.303895,0.303895,-10.54887,NaN,NaN,NaN,NaN,0,20.1,-0.992397,0,20.07549,0.9988,0,-0.0494,0.3036,0,1,0,0,0.0494,0,0.9988,58.5346,0,0,0,1
96.30976,96.3,0.010154,0.01073,106.8446,0.293294,0,58.73535,0.295513,0.295513,-10.67704,NaN,NaN,NaN,NaN,0,20.1,-1.029806,0,20.0736,0.9987,0,-0.0512,0.2933,0,1,0,0,0.0512,0,0.9987,58.7354,0,0,0,1
96.32056,96.32,0.010805,0.010745,106.8555,0.271562,0,59.13676,0.277597,0.277597,-10.80888,NaN,NaN,NaN,NaN,0,20.1,-1.105536,0,20.06957,0.9985,0,-0.055,0.2716,0,1,0,0,0.055,0,0.9985,59.1368,0,0,0,1
96.33113,96.32999,0.010569,0.01071,106.8657,0.260124,0,59.33744,0.268061,0.268061,-10.92607,NaN,NaN,NaN,NaN,0,20.1,-1.143806,0,20.06743,0.9984,0,-0.0569,0.2601,0,1,0,0,0.0569,0,0.9984,59.3374,0,0,0,1
96.34058,96.34,0.009449,0.010458,106.8755,0.248301,0,59.53809,0.258771,0.258771,-10.99931,NaN,NaN,NaN,NaN,0,20.1,-1.182328,0,20.0652,0.9983,0,-0.0588,0.2483,0,1,0,0,0.0588,0,0.9983,59.5381,0,0,0,1
96.35291,96.35,0.012319,0.01083,106.8874,0.23609,0,59.73872,0.252288,0.252288,-11.05425,NaN,NaN,NaN,NaN,0,20.1,-1.221038,0,20.06288,0.9982,0,-0.0607,0.2361,0,1,0,0,0.0607,0,0.9982,59.7387,0,0,0,1
96.36388,96.36,0.010981,0.01086,106.8987,0.22349,0,59.93933,0.245412,0.245412,-11.12017,NaN,NaN,NaN,NaN,0,20.1,-1.259975,0,20.06047,0.998,0,-0.0627,0.2235,0,1,0,0,0.0627,0,0.998,59.9393,0,0,0,1
96.37599,96.37,0.01211,0.01111,106.9108,0.2105,0,60.13991,0.23814,0.23814,-11.16411,NaN,NaN,NaN,NaN,0,20.1,-1.29906,0,20.05798,0.9979,0,-0.0646,0.2105,0,1,0,0,0.0646,0,0.9979,60.1399,0,0,0,1
96.38596,96.38,0.009971,0.010882,106.9206,0.197117,0,60.34046,0.230472,0.230472,-11.2044,NaN,NaN,NaN,NaN,0,20.1,-1.338282,0,20.0554,0.9978,0,-0.0666,0.1971,0,1,0,0,0.0666,0,0.9978,60.3405,0,0,0,1
96.3971,96.39,0.011141,0.010934,106.9316,0.183341,0,60.54099,0.223038,0.223038,-11.23369,NaN,NaN,NaN,NaN,0,20.1,-1.377601,0,20.05274,0.9976,0,-0.0685,0.1833,0,1,0,0,0.0685,0,0.9976,60.541,0,0,0,1
96.40768,96.4,0.010568,0.010861,106.9424,0.169171,0,60.74149,0.21841,0.21841,-11.25566,NaN,NaN,NaN,NaN,0,20.1,-1.416991,0,20.04999,0.9975,0,-0.0705,0.1692,0,1,0,0,0.0705,0,0.9975,60.7415,0,0,0,1
96.41997,96.41,0.012292,0.011147,106.9548,0.154606,0,60.94196,0.213382,0.213382,-11.28862,NaN,NaN,NaN,NaN,0,20.1,-1.456492,0,20.04716,0.9974,0,-0.0725,0.1546,0,1,0,0,0.0725,0,0.9974,60.942,0,0,0,1
96.4315,96.43,0.011539,0.011225,106.9666,0.124284,0,61.34282,0.202122,0.202122,-11.3582,NaN,NaN,NaN,NaN,0,20.1,-1.535963,0,20.04123,0.9971,0,-0.0764,0.1243,0,1,0,0,0.0764,0,0.9971,61.3428,0,0,0,1
96.44267,96.43999,0.011168,0.011214,106.9772,0.108524,0,61.5432,0.19653,0.19653,-11.44976,NaN,NaN,NaN,NaN,0,20.1,-1.576009,0,20.03812,0.9969,0,-0.0784,0.1085,0,1,0,0,0.0784,0,0.9969,61.5432,0,0,0,1
96.45306,96.45,0.010389,0.011049,106.9876,0.09236,0,61.74355,0.193718,0.193718,-11.54498,NaN,NaN,NaN,NaN,0,20.1,-1.616382,0,20.0349,0.9968,0,-0.0804,0.0924,0,1,0,0,0.0804,0,0.9968,61.7436,0,0,0,1
96.46478,96.46,0.011722,0.011184,106.9993,0.075788,0,61.94386,0.190493,0.190493,-11.68414,NaN,NaN,NaN,NaN,0,20.1,-1.657235,0,20.03156,0.9966,0,-0.0824,0.0758,0,1,0,0,0.0824,0,0.9966,61.9439,0,0,0,1
96.47476,96.47,0.009978,0.010943,107.0092,0.058801,0,62.14414,0.186849,0.186849,-11.87457,NaN,NaN,NaN,NaN,0,20.1,-1.698747,0,20.02809,0.9964,0,-0.0845,0.0588,0,1,0,0,0.0845,0,0.9964,62.1441,0,0,0,1
96.48576,96.48,0.010995,0.010953,107.0204,0.041391,0,62.34439,0.182778,0.182778,-12.07965,NaN,NaN,NaN,NaN,0,20.1,-1.740968,0,20.02446,0.9962,0,-0.0866,0.0414,0,1,0,0,0.0866,0,0.9962,62.3444,0,0,0,1
96.49895,96.49,0.01319,0.0114,107.0335,0.023552,0,62.54459,0.178941,0.178941,-12.28473,NaN,NaN,NaN,NaN,0,20.1,-1.783898,0,20.02068,0.9961,0,-0.0888,0.0236,0,1,0,0,0.0888,0,0.9961,62.5446,0,0,0,1
96.5091,96.5,0.010154,0.011151,107.0436,0.005271,0,62.74476,0.177822,0.177822,-12.64363,NaN,NaN,NaN,NaN,0,20.1,-1.828074,0,20.0167,0.9959,0,-0.0909,0.0053,0,1,0,0,0.0909,0,0.9959,62.7448,0,0,0,1
96.51977,96.50999,0.010665,0.011054,107.0542,-0.013461,0,62.94489,0.176247,0.176247,-12.91829,NaN,NaN,NaN,NaN,0,20.1,-1.873201,0,20.01252,0.9956,0,-0.0932,-0.0135,0,1,0,0,0.0932,0,0.9956,62.9449,0,0,0,1
96.53226,96.53,0.012491,0.011341,107.0672,-0.052311,0,63.34501,0.171697,0.171697,-13.22591,NaN,NaN,NaN,NaN,0,20.1,-1.965573,0,20.00366,0.9952,0,-0.0978,-0.0523,0,1,0,0,0.0978,0,0.9952,63.345,0,0,0,1
96.54209,96.54,0.009836,0.01104,107.0767,-0.072443,0,63.545,0.169406,0.169406,-13.66171,NaN,NaN,NaN,NaN,0,20.1,-2.013264,0,19.99892,0.995,0,-0.1002,-0.0724,0,1,0,0,0.1002,0,0.995,63.545,0,0,0,1
96.55344,96.55,0.011348,0.011102,107.0879,-0.093064,0,63.74493,0.169755,0.169755,-13.97299,NaN,NaN,NaN,NaN,0,20.1,-2.062031,0,19.99395,0.9947,0,-0.1026,-0.0931,0,1,0,0,0.1026,0,0.9947,63.7449,0,0,0,1
96.56442,96.56,0.010984,0.011078,107.0991,-0.114183,0,63.94482,0.1696,0.1696,-14.29893,NaN,NaN,NaN,NaN,0,20.1,-2.111922,0,19.98874,0.9945,0,-0.1051,-0.1142,0,1,0,0,0.1051,0,0.9945,63.9448,0,0,0,1
96.57561,96.57,0.011185,0.011099,107.1104,-0.135814,0,64.14465,0.168929,0.168929,-14.67612,NaN,NaN,NaN,NaN,0,20.1,-2.163115,0,19.98327,0.9942,0,-0.1076,-0.1358,0,1,0,0,0.1076,0,0.9942,64.1447,0,0,0,1
96.58713,96.57999,0.01152,0.011184,107.1217,-0.157968,0,64.34443,0.167728,0.167728,-14.9984,NaN,NaN,NaN,NaN,0,20.1,-2.215418,0,19.97754,0.9939,0,-0.1102,-0.158,0,1,0,0,0.1102,0,0.9939,64.3444,0,0,0,1
96.59869,96.59,0.011558,0.011258,107.1332,-0.180658,0,64.54414,0.166718,0.166718,-15.37926,NaN,NaN,NaN,NaN,0,20.1,-2.269033,0,19.97152,0.9936,0,-0.1129,-0.1807,0,1,0,0,0.1129,0,0.9936,64.5441,0,0,0,1
96.60918,96.6,0.010494,0.011106,107.1437,-0.203898,0,64.7438,0.16825,0.16825,-15.75647,NaN,NaN,NaN,NaN,0,20.1,-2.323947,0,19.9652,0.9933,0,-0.1156,-0.2039,0,1,0,0,0.1156,0,0.9933,64.7438,0,0,0,1
96.62009,96.62,0.010914,0.011067,107.1551,-0.252057,0,65.14289,0.169613,0.169613,-16.07874,NaN,NaN,NaN,NaN,0,20.1,-2.435965,0,19.95185,0.9926,0,-0.1212,-0.2521,0,1,0,0,0.1212,0,0.9926,65.1429,0,0,0,1
96.63126,96.63,0.011159,0.011086,107.1658,-0.27699,0,65.34235,0.169432,0.169432,-16.4596,NaN,NaN,NaN,NaN,0,20.1,-2.493271,0,19.94476,0.9923,0,-0.124,-0.277,0,1,0,0,0.124,0,0.9923,65.3424,0,0,0,1
96.64235,96.64,0.011094,0.011087,107.1768,-0.302506,0,65.54172,0.169427,0.169427,-16.77089,NaN,NaN,NaN,NaN,0,20.1,-2.55164,0,19.93738,0.9919,0,-0.1269,-0.3025,0,1,0,0,0.1269,0,0.9919,65.5417,0,0,0,1
96.65327,96.65,0.010917,0.011053,107.1877,-0.328619,0,65.74101,0.171881,0.171881,-17.14809,NaN,NaN,NaN,NaN,0,20.1,-2.611299,0,19.92965,0.9915,0,-0.1299,-0.3286,0,1,0,0,0.1299,0,0.9915,65.741,0,0,0,1
96.66463,96.66,0.011366,0.011116,107.1992,-0.355339,0,65.94023,0.173722,0.173722,-17.45571,NaN,NaN,NaN,NaN,0,20.1,-2.672005,0,19.92161,0.9911,0,-0.1329,-0.3553,0,1,0,0,0.1329,0,0.9911,65.9402,0,0,0,1
96.67548,96.67,0.010849,0.011062,107.21,-0.382678,0,66.13937,0.174936,0.174936,-17.80362,NaN,NaN,NaN,NaN,0,20.1,-2.733895,0,19.91321,0.9907,0,-0.136,-0.3827,0,1,0,0,0.136,0,0.9907,66.1394,0,0,0,1
96.68736,96.68,0.01188,0.011226,107.2219,-0.410646,0,66.33841,0.175511,0.175511,-18.08927,NaN,NaN,NaN,NaN,0,20.1,-2.796751,0,19.90448,0.9903,0,-0.1391,-0.4106,0,1,0,0,0.1391,0,0.9903,66.3384,0,0,0,1
96.69875,96.68999,0.01139,0.011259,107.2333,-0.439252,0,66.53736,0.176238,0.176238,-18.40055,NaN,NaN,NaN,NaN,0,20.1,-2.860659,0,19.89539,0.9898,0,-0.1423,-0.4393,0,1,0,0,0.1423,0,0.9898,66.5374,0,0,0,1
96.71001,96.71,0.011257,0.011258,107.2452,-0.498413,0,66.93498,0.181781,0.181781,-18.69719,NaN,NaN,NaN,NaN,0,20.1,-2.990446,0,19.8763,0.9889,0,-0.1488,-0.4984,0,1,0,0,0.1488,0,0.9889,66.935,0,0,0,1
96.72028,96.72,0.01027,0.011061,107.2548,-0.528976,0,67.13364,0.183554,0.183554,-18.9865,NaN,NaN,NaN,NaN,0,20.1,-3.056295,0,19.86628,0.9884,0,-0.1521,-0.529,0,1,0,0,0.1521,0,0.9884,67.1336,0,0,0,1
96.73188,96.73,0.011604,0.011169,107.2664,-0.560205,0,67.33221,0.184651,0.184651,-19.2282,NaN,NaN,NaN,NaN,0,20.1,-3.122948,0,19.85591,0.9879,0,-0.1554,-0.5602,0,1,0,0,0.1554,0,0.9879,67.3322,0,0,0,1
96.7421,96.74,0.010227,0.010981,107.2766,-0.59211,0,67.53065,0.185889,0.185889,-19.4992,NaN,NaN,NaN,NaN,0,20.1,-3.190504,0,19.84517,0.9873,0,-0.1587,-0.5921,0,1,0,0,0.1587,0,0.9873,67.5307,0,0,0,1
96.75308,96.75,0.010977,0.01098,107.2876,-0.624698,0,67.729,0.189434,0.189434,-19.72625,NaN,NaN,NaN,NaN,0,20.1,-3.258809,0,19.83407,0.9868,0,-0.1621,-0.6247,0,1,0,0,0.1621,0,0.9868,67.729,0,0,0,1
96.76425,96.75999,0.011167,0.011017,107.2988,-0.657977,0,67.92722,0.192278,0.192278,-19.94965,NaN,NaN,NaN,NaN,0,20.1,-3.327849,0,19.8226,0.9862,0,-0.1656,-0.658,0,1,0,0,0.1656,0,0.9862,67.9272,0,0,0,1
96.77629,96.77,0.012041,0.011222,107.3109,-0.691954,0,68.12533,0.194409,0.194409,-20.20966,NaN,NaN,NaN,NaN,0,20.1,-3.397747,0,19.81074,0.9856,0,-0.169,-0.692,0,1,0,0,0.169,0,0.9856,68.1253,0,0,0,1
96.78703,96.78,0.010736,0.011125,107.3215,-0.726639,0,68.32331,0.19582,0.19582,-20.46601,NaN,NaN,NaN,NaN,0,20.1,-3.46849,0,19.79847,0.985,0,-0.1726,-0.7266,0,1,0,0,0.1726,0,0.985,68.3233,0,0,0,1
96.79859,96.79,0.011562,0.011212,107.3331,-0.762038,0,68.52117,0.197358,0.197358,-20.68208,NaN,NaN,NaN,NaN,0,20.1,-3.539934,0,19.78583,0.9844,0,-0.1761,-0.762,0,1,0,0,0.1761,0,0.9844,68.5212,0,0,0,1
96.80871,96.8,0.010122,0.010994,107.3432,-0.79816,0,68.7189,0.201137,0.201137,-20.93111,NaN,NaN,NaN,NaN,0,20.1,-3.612191,0,19.77276,0.9837,0,-0.1797,-0.7982,0,1,0,0,0.1797,0,0.9837,68.7189,0,0,0,1
96.81982,96.81,0.011115,0.011018,107.3545,-0.835012,0,68.9165,0.20417,0.20417,-21.14717,NaN,NaN,NaN,NaN,0,20.1,-3.685145,0,19.75929,0.983,0,-0.1833,-0.835,0,1,0,0,0.1833,0,0.983,68.9165,0,0,0,1
96.83114,96.82999,0.011313,0.011077,107.3662,-0.910928,0,69.31126,0.207977,0.207977,-21.40353,NaN,NaN,NaN,NaN,0,20.1,-3.832667,0,19.73121,0.9817,0,-0.1907,-0.9109,0,1,0,0,0.1907,0,0.9817,69.3113,0,0,0,1
96.84204,96.84,0.010907,0.011043,107.3766,-0.949999,0,69.50843,0.209618,0.209618,-21.63058,NaN,NaN,NaN,NaN,0,20.1,-3.90713,0,19.7166,0.9809,0,-0.1944,-0.95,0,1,0,0,0.1944,0,0.9809,69.5084,0,0,0,1
96.85423,96.85,0.012186,0.011272,107.3888,-0.989824,0,69.70544,0.213441,0.213441,-21.92355,NaN,NaN,NaN,NaN,0,20.1,-3.982544,0,19.70151,0.9802,0,-0.1981,-0.9898,0,1,0,0,0.1981,0,0.9802,69.7054,0,0,0,1
96.86449,96.86,0.010266,0.011071,107.399,-1.030415,0,69.90231,0.216482,0.216482,-22.26413,NaN,NaN,NaN,NaN,0,20.1,-4.059071,0,19.68588,0.9794,0,-0.2019,-1.0304,0,1,0,0,0.2019,0,0.9794,69.9023,0,0,0,1
96.87538,96.87,0.010886,0.011034,107.4099,-1.071781,0,70.09901,0.21873,0.21873,-22.56077,NaN,NaN,NaN,NaN,0,20.1,-4.136554,0,19.66975,0.9786,0,-0.2058,-1.0718,0,1,0,0,0.2058,0,0.9786,70.099,0,0,0,1
96.88718,96.88,0.011796,0.011186,107.4219,-1.113931,0,70.29554,0.220169,0.220169,-22.88304,NaN,NaN,NaN,NaN,0,20.1,-4.215078,0,19.65307,0.9778,0,-0.2097,-1.1139,0,1,0,0,0.2097,0,0.9778,70.2955,0,0,0,1
96.89966,96.89,0.012478,0.011444,107.4344,-1.15688,0,70.4919,0.221683,0.221683,-23.26025,NaN,NaN,NaN,NaN,0,20.1,-4.294828,0,19.6358,0.9769,0,-0.2137,-1.1569,0,1,0,0,0.2137,0,0.9769,70.4919,0,0,0,1
96.91039,96.91,0.010735,0.011303,107.4455,-1.245205,0,70.88408,0.228097,0.228097,-23.64111,NaN,NaN,NaN,NaN,0,20.1,-4.456721,0,19.59969,0.9751,0,-0.2217,-1.2452,0,1,0,0,0.2217,0,0.9751,70.8841,0,0,0,1
96.92233,96.92,0.011931,0.011428,107.4571,-1.290594,0,71.07989,0.230042,0.230042,-24.03662,NaN,NaN,NaN,NaN,0,20.1,-4.538906,0,19.58082,0.9742,0,-0.2258,-1.2906,0,1,0,0,0.2258,0,0.9742,71.0799,0,0,0,1
96.9333,96.93,0.010979,0.011338,107.4678,-1.336817,0,71.2755,0.231127,0.231127,-24.41382,NaN,NaN,NaN,NaN,0,20.1,-4.622299,0,19.5613,0.9732,0,-0.23,-1.3368,0,1,0,0,0.23,0,0.9732,71.2755,0,0,0,1
96.94402,96.93999,0.010718,0.011214,107.4787,-1.383884,0,71.47091,0.232245,0.232245,-24.73976,NaN,NaN,NaN,NaN,0,20.1,-4.706719,0,19.54116,0.9722,0,-0.2342,-1.3839,0,1,0,0,0.2342,0,0.9722,71.4709,0,0,0,1
96.95399,96.95,0.009965,0.010964,107.4889,-1.431808,0,71.66611,0.235407,0.235407,-25.13527,NaN,NaN,NaN,NaN,0,20.1,-4.792399,0,19.52032,0.9712,0,-0.2384,-1.4318,0,1,0,0,0.2384,0,0.9712,71.6661,0,0,0,1
96.96597,96.96,0.011989,0.011169,107.5006,-1.4806,0,71.8611,0.237674,0.237674,-25.47585,NaN,NaN,NaN,NaN,0,20.1,-4.879147,0,19.49882,0.9701,0,-0.2427,-1.4806,0,1,0,0,0.2427,0,0.9701,71.8611,0,0,0,1
