time,fixedTime,deltaTime,smoothDeltaTime,realtimeSinceStartup,pos_x,pos_y,pos_z,distFromRoadCenter,signedDistFromRoadCenter,wheelAngle,obstacle_pos_x,obstacle_pos_y,obstacle_pos_z,distance_to_obstacle,brake_position,car_speed,car_vel_x,car_vel_y,car_vel_z,simplecar_4x4_R0C0,simplecar_4x4_R0C1,simplecar_4x4_R0C2,simplecar_4x4_R0C3,simplecar_4x4_R1C0,simplecar_4x4_R1C1,simplecar_4x4_R1C2,simplecar_4x4_R1C3,simplecar_4x4_R2C0,simplecar_4x4_R2C1,simplecar_4x4_R2C2,simplecar_4x4_R2C3,simplecar_4x4_R3C0,simplecar_4x4_R3C1,simplecar_4x4_R3C2,simplecar_4x4_R3C3
1086.573,1086.57,0.013603,0.01448,1097.113,-870.6998,0,-33.70269,2.078861,2.078861,0.748916,NaN,NaN,NaN,NaN,0,20.1,15.61276,0,12.65906,0.6298,0,0.7768,-870.6998,0,1,0,0,-0.7768,0,0.6298,-33.7027,0,0,0,1
1086.595,1086.59,0.022053,0.015995,1097.13,-870.3875,0,-33.44957,2.076466,2.076466,0.748916,NaN,NaN,NaN,NaN,0,20.1,15.61607,0,12.65498,0.6296,0,0.7769,-870.3875,0,1,0,0,-0.7769,0,0.6296,-33.4496,0,0,0,1
1086.617,1086.61,0.022888,0.017374,1097.153,-870.0751,0,-33.19653,2.074154,2.074154,0.748916,NaN,NaN,NaN,NaN,0,20.1,15.61938,0,12.65089,0.6294,0,0.7771,-870.0751,0,1,0,0,-0.7771,0,0.6294,-33.1965,0,0,0,1
1086.631,1086.63,0.013891,0.016677,1097.166,-869.7626,0,-32.94357,2.07198,2.07198,0.748916,NaN,NaN,NaN,NaN,0,20.1,15.62268,0,12.64681,0.6292,0,0.7772,-869.7626,0,1,0,0,-0.7772,0,0.6292,-32.9436,0,0,0,1
1086.645,1086.64,0.013648,0.016071,1097.179,-869.6064,0,-32.81712,2.070918,2.070918,0.748916,NaN,NaN,NaN,NaN,0,20.1,15.62434,0,12.64477,0.6291,0,0.7773,-869.6064,0,1,0,0,-0.7773,0,0.6291,-32.8171,0,0,0,1
1086.659,1086.65,0.01362,0.015581,1097.193,-869.4501,0,-32.6907,2.069929,2.069929,0.748916,NaN,NaN,NaN,NaN,0,20.1,15.62599,0,12.64272,0.629,0,0.7774,-869.4501,0,1,0,0,-0.7774,0,0.629,-32.6907,0,0,0,1
1086.673,1086.67,0.014482,0.015361,1097.208,-869.1376,0,-32.4379,2.067893,2.067893,0.748916,NaN,NaN,NaN,NaN,0,20.1,15.62929,0,12.63864,0.6288,0,0.7776,-869.1376,0,1,0,0,-0.7776,0,0.6288,-32.4379,0,0,0,1
1086.698,1086.69,0.024534,0.017196,1097.233,-868.825,0,-32.18519,2.06602,2.06602,0.748916,NaN,NaN,NaN,NaN,0,20.1,15.6326,0,12.63455,0.6286,0,0.7777,-868.825,0,1,0,0,-0.7777,0,0.6286,-32.1852,0,0,0,1
1086.716,1086.71,0.018577,0.017472,1097.252,-868.5122,0,-31.93256,2.064271,2.064271,0.748916,NaN,NaN,NaN,NaN,0,20.1,15.6359,0,12.63047,0.6284,0,0.7779,-868.5122,0,1,0,0,-0.7779,0,0.6284,-31.9326,0,0,0,1
1086.732,1086.73,0.015574,0.017092,1097.266,-868.1995,0,-31.68002,2.062598,2.062598,0.748916,NaN,NaN,NaN,NaN,0,20.1,15.6392,0,12.62638,0.6282,0,0.7781,-868.1995,0,1,0,0,-0.7781,0,0.6282,-31.68,0,0,0,1
1086.748,1086.74,0.016186,0.016911,1097.282,-868.043,0,-31.55377,2.061818,2.061818,0.748916,NaN,NaN,NaN,NaN,0,20.1,15.64085,0,12.62433,0.6281,0,0.7782,-868.043,0,1,0,0,-0.7782,0,0.6281,-31.5538,0,0,0,1
1086.765,1086.76,0.016852,0.016899,1097.3,-867.7302,0,-31.30135,2.060327,2.060327,0.748916,NaN,NaN,NaN,NaN,0,20.1,15.64415,0,12.62024,0.6279,0,0.7783,-867.7302,0,1,0,0,-0.7783,0,0.6279,-31.3014,0,0,0,1
1086.781,1086.78,0.015825,0.016684,1097.316,-867.4172,0,-31.049,2.058898,2.058898,0.763564,NaN,NaN,NaN,NaN,0,20.1,15.64752,0,12.61607,0.6277,0,0.7785,-867.4172,0,1,0,0,-0.7785,0,0.6277,-31.049,0,0,0,1
1086.799,1086.79,0.018617,0.017071,1097.334,-867.2607,0,-30.92287,2.058231,2.058231,0.781875,NaN,NaN,NaN,NaN,0,20.1,15.64924,0,12.61394,0.6276,0,0.7786,-867.2607,0,1,0,0,-0.7786,0,0.6276,-30.9229,0,0,0,1
1086.816,1086.81,0.016977,0.017052,1097.352,-866.9476,0,-30.67065,2.057048,2.057048,0.822158,NaN,NaN,NaN,NaN,0,20.1,15.65286,0,12.60944,0.6273,0,0.7787,-866.9476,0,1,0,0,-0.7787,0,0.6273,-30.6707,0,0,0,1
1086.831,1086.83,0.014694,0.016581,1097.366,-866.6346,0,-30.41854,2.055865,2.055865,0.891738,NaN,NaN,NaN,NaN,0,20.1,15.65678,0,12.60457,0.6271,0,0.7789,-866.6346,0,1,0,0,-0.7789,0,0.6271,-30.4185,0,0,0,1
1086.848,1086.84,0.016575,0.016579,1097.382,-866.4779,0,-30.29252,2.055461,2.055461,0.972304,NaN,NaN,NaN,NaN,0,20.1,15.65892,0,12.60192,0.627,0,0.7791,-866.4779,0,1,0,0,-0.7791,0,0.627,-30.2925,0,0,0,1
1086.862,1086.86,0.014876,0.016239,1097.397,-866.1647,0,-30.04057,2.054502,2.054502,1.071181,NaN,NaN,NaN,NaN,0,20.1,15.66363,0,12.59606,0.6267,0,0.7793,-866.1647,0,1,0,0,-0.7793,0,0.6267,-30.0406,0,0,0,1
1086.877,1086.87,0.01491,0.015973,1097.412,-866.0081,0,-29.91464,2.054118,2.054118,1.195693,NaN,NaN,NaN,NaN,0,20.1,15.66626,0,12.59279,0.6265,0,0.7794,-866.0081,0,1,0,0,-0.7794,0,0.6265,-29.9146,0,0,0,1
1086.896,1086.89,0.018648,0.016508,1097.431,-865.6946,0,-29.66289,2.053523,2.053523,1.320205,NaN,NaN,NaN,NaN,0,20.1,15.67206,0,12.58557,0.6261,0,0.7797,-865.6946,0,1,0,0,-0.7797,0,0.6261,-29.6629,0,0,0,1
1086.916,1086.91,0.020141,0.017235,1097.452,-865.3811,0,-29.41131,2.053044,2.053044,1.521635,NaN,NaN,NaN,NaN,0,20.1,15.67874,0,12.57724,0.6257,0,0.78,-865.3811,0,1,0,0,-0.78,0,0.6257,-29.4113,0,0,0,1
1086.93,1086.92,0.013868,0.016561,1097.465,-865.2243,0,-29.28558,2.052918,2.052918,1.745024,NaN,NaN,NaN,NaN,0,20.1,15.68257,0,12.57247,0.6255,0,0.7802,-865.2243,0,1,0,0,-0.7802,0,0.6255,-29.2856,0,0,0,1
1086.944,1086.94,0.014397,0.016128,1097.479,-864.9105,0,-29.03429,2.052885,2.052885,1.902494,NaN,NaN,NaN,NaN,0,20.1,15.69092,0,12.56205,0.625,0,0.7806,-864.9105,0,1,0,0,-0.7806,0,0.625,-29.0343,0,0,0,1
1086.96,1086.96,0.015899,0.016083,1097.496,-864.5965,0,-28.78322,2.053128,2.053128,2.070951,NaN,NaN,NaN,NaN,0,20.1,15.7,0,12.5507,0.6244,0,0.7811,-864.5965,0,1,0,0,-0.7811,0,0.6244,-28.7832,0,0,0,1
1086.975,1086.97,0.015094,0.015885,1097.51,-864.4395,0,-28.65777,2.053319,2.053319,2.257719,NaN,NaN,NaN,NaN,0,20.1,15.70494,0,12.54452,0.6241,0,0.7813,-864.4395,0,1,0,0,-0.7813,0,0.6241,-28.6578,0,0,0,1
1086.994,1086.99,0.018742,0.016456,1097.53,-864.1252,0,-28.40708,2.054024,2.054024,2.415204,NaN,NaN,NaN,NaN,0,20.1,15.71551,0,12.53127,0.6234,0,0.7819,-864.1252,0,1,0,0,-0.7819,0,0.6234,-28.4071,0,0,0,1
1087.009,1087,0.014545,0.016074,1097.543,-863.968,0,-28.28184,2.054559,2.054559,2.642255,NaN,NaN,NaN,NaN,0,20.1,15.72129,0,12.52402,0.6231,0,0.7822,-863.968,0,1,0,0,-0.7822,0,0.6231,-28.2818,0,0,0,1
1087.03,1087.02,0.021265,0.017112,1097.565,-863.6534,0,-28.03159,2.055844,2.055844,2.781415,NaN,NaN,NaN,NaN,0,20.1,15.73344,0,12.50875,0.6223,0,0.7828,-863.6534,0,1,0,0,-0.7828,0,0.6223,-28.0316,0,0,0,1
1087.046,1087.04,0.015611,0.016812,1097.581,-863.3385,0,-27.78166,2.057528,2.057528,2.997479,NaN,NaN,NaN,NaN,0,20.1,15.74652,0,12.49229,0.6215,0,0.7834,-863.3385,0,1,0,0,-0.7834,0,0.6215,-27.7817,0,0,0,1
1087.061,1087.06,0.015253,0.0165,1097.596,-863.0234,0,-27.53207,2.059658,2.059658,3.140302,NaN,NaN,NaN,NaN,0,20.1,15.7602,0,12.47502,0.6206,0,0.7841,-863.0234,0,1,0,0,-0.7841,0,0.6206,-27.5321,0,0,0,1
1087.076,1087.07,0.015189,0.016238,1097.611,-862.8657,0,-27.40741,2.06086,2.06086,3.257489,NaN,NaN,NaN,NaN,0,20.1,15.76729,0,12.46605,0.6202,0,0.7844,-862.8657,0,1,0,0,-0.7844,0,0.6202,-27.4074,0,0,0,1
1087.093,1087.09,0.017159,0.016422,1097.628,-862.5502,0,-27.15837,2.063677,2.063677,3.374691,NaN,NaN,NaN,NaN,0,20.1,15.78197,0,12.44747,0.6193,0,0.7852,-862.5502,0,1,0,0,-0.7852,0,0.6193,-27.1584,0,0,0,1
1087.107,1087.1,0.013462,0.01583,1097.641,-862.3922,0,-27.03399,2.06528,2.06528,3.466244,NaN,NaN,NaN,NaN,0,20.1,15.78949,0,12.43792,0.6188,0,0.7855,-862.3922,0,1,0,0,-0.7855,0,0.6188,-27.034,0,0,0,1
1087.131,1087.13,0.02427,0.017518,1097.666,-861.9181,0,-26.66144,2.070808,2.070808,3.54681,NaN,NaN,NaN,NaN,0,20.1,15.81256,0,12.40858,0.6173,0,0.7867,-861.9181,0,1,0,0,-0.7867,0,0.6173,-26.6614,0,0,0,1
1087.147,1087.14,0.016232,0.017261,1097.682,-861.7599,0,-26.53745,2.072884,2.072884,3.634701,NaN,NaN,NaN,NaN,0,20.1,15.82043,0,12.39855,0.6168,0,0.7871,-861.7599,0,1,0,0,-0.7871,0,0.6168,-26.5375,0,0,0,1
1087.163,1087.16,0.015747,0.016958,1097.698,-861.4432,0,-26.28978,2.077485,2.077485,3.671322,NaN,NaN,NaN,NaN,0,20.1,15.83631,0,12.37826,0.6158,0,0.7879,-861.4432,0,1,0,0,-0.7879,0,0.6158,-26.2898,0,0,0,1
1087.179,1087.17,0.016183,0.016803,1097.714,-861.2848,0,-26.16611,2.079967,2.079967,3.700619,NaN,NaN,NaN,NaN,0,20.1,15.8443,0,12.36803,0.6153,0,0.7883,-861.2848,0,1,0,0,-0.7883,0,0.6153,-26.1661,0,0,0,1
1087.197,1087.19,0.017561,0.016954,1097.731,-860.9677,0,-25.91905,2.085327,2.085327,3.704281,NaN,NaN,NaN,NaN,0,20.1,15.86028,0,12.34753,0.6143,0,0.7891,-860.9677,0,1,0,0,-0.7891,0,0.6143,-25.9191,0,0,0,1
1087.214,1087.21,0.017367,0.017037,1097.749,-860.6502,0,-25.67241,2.091191,2.091191,3.715267,NaN,NaN,NaN,NaN,0,20.1,15.87628,0,12.32695,0.6133,0,0.7899,-860.6502,0,1,0,0,-0.7899,0,0.6133,-25.6724,0,0,0,1
1087.226,1087.22,0.012371,0.016104,1097.761,-860.4913,0,-25.54924,2.094331,2.094331,3.715267,NaN,NaN,NaN,NaN,0,20.1,15.88427,0,12.31666,0.6128,0,0.7903,-860.4913,0,1,0,0,-0.7903,0,0.6128,-25.5492,0,0,0,1
1087.238,1087.23,0.01183,0.015249,1097.773,-860.3325,0,-25.42618,2.097556,2.097556,3.715267,NaN,NaN,NaN,NaN,0,20.1,15.89225,0,12.30635,0.6123,0,0.7907,-860.3325,0,1,0,0,-0.7907,0,0.6123,-25.4262,0,0,0,1
1087.25,1087.25,0.012204,0.01464,1097.785,-860.0144,0,-25.18036,2.104465,2.104465,3.715267,NaN,NaN,NaN,NaN,0,20.1,15.9082,0,12.28573,0.6112,0,0.7915,-860.0144,0,1,0,0,-0.7915,0,0.6112,-25.1804,0,0,0,1
1087.263,1087.26,0.013027,0.014317,1097.798,-859.8552,0,-25.05761,2.108107,2.108107,3.715267,NaN,NaN,NaN,NaN,0,20.1,15.91616,0,12.27542,0.6107,0,0.7918,-859.8552,0,1,0,0,-0.7918,0,0.6107,-25.0576,0,0,0,1
1087.277,1087.27,0.013686,0.014191,1097.812,-859.6959,0,-24.93495,2.111921,2.111921,3.718929,NaN,NaN,NaN,NaN,0,20.1,15.92413,0,12.26508,0.6102,0,0.7922,-859.6959,0,1,0,0,-0.7922,0,0.6102,-24.935,0,0,0,1
1087.29,1087.29,0.013281,0.014009,1097.825,-859.3773,0,-24.68996,2.119814,2.119814,3.73724,NaN,NaN,NaN,NaN,0,20.1,15.94011,0,12.2443,0.6092,0,0.793,-859.3773,0,1,0,0,-0.793,0,0.6092,-24.69,0,0,0,1
1087.303,1087.3,0.012842,0.013776,1097.838,-859.2178,0,-24.56763,2.124024,2.124024,3.773861,NaN,NaN,NaN,NaN,0,20.1,15.94817,0,12.2338,0.6086,0,0.7934,-859.2178,0,1,0,0,-0.7934,0,0.6086,-24.5676,0,0,0,1
1087.315,1087.31,0.012183,0.013457,1097.85,-859.0582,0,-24.4454,2.128323,2.128323,3.82513,NaN,NaN,NaN,NaN,0,20.1,15.95634,0,12.22315,0.6081,0,0.7938,-859.0582,0,1,0,0,-0.7938,0,0.6081,-24.4454,0,0,0,1
1087.338,1087.33,0.022604,0.015287,1097.874,-858.7388,0,-24.20126,2.137341,2.137341,3.894711,NaN,NaN,NaN,NaN,0,20.1,15.97294,0,12.20144,0.607,0,0.7947,-858.7388,0,1,0,0,-0.7947,0,0.607,-24.2013,0,0,0,1
1087.352,1087.35,0.014376,0.015105,1097.887,-858.4191,0,-23.95757,2.146983,2.146983,4.081478,NaN,NaN,NaN,NaN,0,20.1,15.99031,0,12.17867,0.6059,0,0.7955,-858.4191,0,1,0,0,-0.7955,0,0.6059,-23.9576,0,0,0,1
1087.37,1087.37,0.018022,0.015688,1097.905,-858.0991,0,-23.71435,2.157129,2.157129,4.238963,NaN,NaN,NaN,NaN,0,20.1,16.00831,0,12.155,0.6047,0,0.7964,-858.0991,0,1,0,0,-0.7964,0,0.6047,-23.7144,0,0,0,1
1087.383,1087.38,0.012887,0.015128,1097.919,-857.9388,0,-23.59293,2.162487,2.162487,4.480662,NaN,NaN,NaN,NaN,0,20.1,16.01781,0,12.14248,0.6041,0,0.7969,-857.9388,0,1,0,0,-0.7969,0,0.6041,-23.5929,0,0,0,1
1087.398,1087.39,0.014362,0.014975,1097.932,-857.7786,0,-23.47163,2.167967,2.167967,4.652781,NaN,NaN,NaN,NaN,0,20.1,16.02767,0,12.12946,0.6035,0,0.7974,-857.7786,0,1,0,0,-0.7974,0,0.6035,-23.4716,0,0,0,1
1087.411,1087.41,0.013285,0.014637,1097.946,-857.4578,0,-23.22945,2.179406,2.179406,4.868846,NaN,NaN,NaN,NaN,0,20.1,16.04826,0,12.10221,0.6021,0,0.7984,-857.4578,0,1,0,0,-0.7984,0,0.6021,-23.2295,0,0,0,1
1087.425,1087.42,0.014003,0.01451,1097.96,-857.2971,0,-23.10857,2.185453,2.185453,5.095897,NaN,NaN,NaN,NaN,0,20.1,16.05902,0,12.08793,0.6014,0,0.799,-857.2971,0,1,0,0,-0.799,0,0.6014,-23.1086,0,0,0,1
1087.438,1087.43,0.013511,0.01431,1097.974,-857.1365,0,-22.98784,2.191608,2.191608,5.333948,NaN,NaN,NaN,NaN,0,20.1,16.07026,0,12.07297,0.6006,0,0.7995,-857.1365,0,1,0,0,-0.7995,0,0.6006,-22.9878,0,0,0,1
1087.453,1087.45,0.014322,0.014313,1097.988,-856.8147,0,-22.74685,2.204597,2.204597,5.575647,NaN,NaN,NaN,NaN,0,20.1,16.09373,0,12.04167,0.5991,0,0.8007,-856.8147,0,1,0,0,-0.8007,0,0.5991,-22.7469,0,0,0,1
1087.473,1087.47,0.020085,0.015467,1098.008,-856.4924,0,-22.50651,2.218384,2.218384,5.810022,NaN,NaN,NaN,NaN,0,20.1,16.11812,0,12.00901,0.5975,0,0.8019,-856.4924,0,1,0,0,-0.8019,0,0.5975,-22.5065,0,0,0,1
1087.494,1087.49,0.020678,0.016509,1098.029,-856.1697,0,-22.26685,2.233024,2.233024,6.124978,NaN,NaN,NaN,NaN,0,20.1,16.14376,0,11.97452,0.5957,0,0.8032,-856.1697,0,1,0,0,-0.8032,0,0.5957,-22.2669,0,0,0,1
1087.507,1087.5,0.01361,0.015929,1098.042,-856.0081,0,-22.14729,2.240654,2.240654,6.450906,NaN,NaN,NaN,NaN,0,20.1,16.15723,0,11.95634,0.5948,0,0.8038,-856.0081,0,1,0,0,-0.8038,0,0.5948,-22.1473,0,0,0,1
1087.521,1087.52,0.014111,0.015566,1098.056,-855.6846,0,-21.90872,2.256651,2.256651,6.612039,NaN,NaN,NaN,NaN,0,20.1,16.18478,0,11.91901,0.593,0,0.8052,-855.6846,0,1,0,0,-0.8052,0,0.593,-21.9087,0,0,0,1
1087.534,1087.53,0.013162,0.015085,1098.069,-855.5226,0,-21.78972,2.264979,2.264979,6.798806,NaN,NaN,NaN,NaN,0,20.1,16.19892,0,11.8998,0.592,0,0.8059,-855.5226,0,1,0,0,-0.8059,0,0.592,-21.7897,0,0,0,1
1087.547,1087.54,0.013137,0.014695,1098.082,-855.3605,0,-21.67092,2.273565,2.273565,6.967263,NaN,NaN,NaN,NaN,0,20.1,16.21337,0,11.88009,0.591,0,0.8066,-855.3605,0,1,0,0,-0.8066,0,0.591,-21.6709,0,0,0,1
1087.562,1087.56,0.014479,0.014652,1098.098,-855.0358,0,-21.43392,2.291513,2.291513,7.102776,NaN,NaN,NaN,NaN,0,20.1,16.24278,0,11.83986,0.589,0,0.8081,-855.0358,0,1,0,0,-0.8081,0,0.589,-21.4339,0,0,0,1
1087.578,1087.57,0.015651,0.014852,1098.112,-854.8732,0,-21.31573,2.300878,2.300878,7.241936,NaN,NaN,NaN,NaN,0,20.1,16.25773,0,11.81931,0.588,0,0.8088,-854.8732,0,1,0,0,-0.8088,0,0.588,-21.3157,0,0,0,1
1087.594,1087.59,0.016865,0.015254,1098.13,-854.5475,0,-21.07997,2.320361,2.320361,7.377434,NaN,NaN,NaN,NaN,0,20.1,16.28811,0,11.77741,0.5859,0,0.8104,-854.5475,0,1,0,0,-0.8104,0,0.5859,-21.08,0,0,0,1
1087.616,1087.61,0.021615,0.016527,1098.151,-854.2213,0,-20.84506,2.340852,2.340852,7.501945,NaN,NaN,NaN,NaN,0,20.1,16.3189,0,11.73472,0.5838,0,0.8119,-854.2213,0,1,0,0,-0.8119,0,0.5838,-20.8451,0,0,0,1
1087.63,1087.63,0.014064,0.016034,1098.165,-853.8945,0,-20.61102,2.362471,2.362471,7.637444,NaN,NaN,NaN,NaN,0,20.1,16.35012,0,11.69117,0.5817,0,0.8134,-853.8945,0,1,0,0,-0.8134,0,0.5817,-20.611,0,0,0,1
1087.645,1087.64,0.015011,0.015829,1098.18,-853.7308,0,-20.49433,2.373633,2.373633,7.754631,NaN,NaN,NaN,NaN,0,20.1,16.36593,0,11.66903,0.5805,0,0.8142,-853.7308,0,1,0,0,-0.8142,0,0.5805,-20.4943,0,0,0,1
1087.659,1087.65,0.014201,0.015504,1098.194,-853.567,0,-20.37787,2.385123,2.385123,7.871819,NaN,NaN,NaN,NaN,0,20.1,16.38195,0,11.64653,0.5794,0,0.815,-853.567,0,1,0,0,-0.815,0,0.5794,-20.3779,0,0,0,1
1087.674,1087.67,0.014333,0.015269,1098.209,-853.2389,0,-20.14562,2.408883,2.408883,7.992682,NaN,NaN,NaN,NaN,0,20.1,16.41438,0,11.60078,0.5772,0,0.8166,-853.2389,0,1,0,0,-0.8166,0,0.5772,-20.1456,0,0,0,1
1087.693,1087.69,0.019301,0.016076,1098.228,-852.9101,0,-19.9143,2.433801,2.433801,8.135505,NaN,NaN,NaN,NaN,0,20.1,16.44726,0,11.55412,0.5748,0,0.8183,-852.9101,0,1,0,0,-0.8183,0,0.5748,-19.9143,0,0,0,1
1087.707,1087.7,0.01405,0.015671,1098.242,-852.7455,0,-19.799,2.446681,2.446681,8.325934,NaN,NaN,NaN,NaN,0,20.1,16.46403,0,11.53021,0.5736,0,0.8191,-852.7455,0,1,0,0,-0.8191,0,0.5736,-19.799,0,0,0,1
1087.726,1087.72,0.019053,0.016347,1098.261,-852.4157,0,-19.56913,2.473342,2.473342,8.479743,NaN,NaN,NaN,NaN,0,20.1,16.49809,0,11.48143,0.5712,0,0.8208,-852.4157,0,1,0,0,-0.8208,0,0.5712,-19.5691,0,0,0,1
1087.742,1087.74,0.016113,0.0163,1098.277,-852.0852,0,-19.34025,2.501215,2.501215,8.703132,NaN,NaN,NaN,NaN,0,20.1,16.53289,0,11.43125,0.5687,0,0.8225,-852.0852,0,1,0,0,-0.8225,0,0.5687,-19.3403,0,0,0,1
1087.756,1087.75,0.013497,0.01574,1098.29,-851.9197,0,-19.2262,2.515648,2.515648,8.904548,NaN,NaN,NaN,NaN,0,20.1,16.55064,0,11.40555,0.5674,0,0.8234,-851.9197,0,1,0,0,-0.8234,0,0.5674,-19.2262,0,0,0,1
1087.769,1087.76,0.013516,0.015295,1098.304,-851.754,0,-19.1124,2.530388,2.530388,9.065695,NaN,NaN,NaN,NaN,0,20.1,16.56866,0,11.37934,0.5661,0,0.8243,-851.754,0,1,0,0,-0.8243,0,0.5661,-19.1124,0,0,0,1
1087.782,1087.78,0.012949,0.014826,1098.317,-851.422,0,-18.88562,2.560843,2.560843,9.2488,NaN,NaN,NaN,NaN,0,20.1,16.60531,0,11.32579,0.5635,0,0.8261,-851.422,0,1,0,0,-0.8261,0,0.5635,-18.8856,0,0,0,1
1087.795,1087.79,0.013115,0.014484,1098.33,-851.2557,0,-18.77263,2.576562,2.576562,9.43923,NaN,NaN,NaN,NaN,0,20.1,16.62395,0,11.29842,0.5621,0,0.8271,-851.2557,0,1,0,0,-0.8271,0,0.5621,-18.7726,0,0,0,1
1087.815,1087.81,0.019943,0.015575,1098.351,-850.9227,0,-18.5475,2.608985,2.608985,9.582052,NaN,NaN,NaN,NaN,0,20.1,16.66165,0,11.24276,0.5593,0,0.8289,-850.9227,0,1,0,0,-0.8289,0,0.5593,-18.5475,0,0,0,1
1087.829,1087.82,0.013965,0.015253,1098.364,-850.7559,0,-18.43536,2.625694,2.625694,9.805441,NaN,NaN,NaN,NaN,0,20.1,16.68086,0,11.21423,0.5579,0,0.8299,-850.7559,0,1,0,0,-0.8299,0,0.5579,-18.4354,0,0,0,1
1087.849,1087.84,0.019982,0.016199,1098.385,-850.4217,0,-18.21194,2.660153,2.660153,9.937291,NaN,NaN,NaN,NaN,0,20.1,16.71966,0,11.15629,0.555,0,0.8318,-850.4217,0,1,0,0,-0.8318,0,0.555,-18.2119,0,0,0,1
1087.867,1087.86,0.017377,0.016435,1098.402,-850.0867,0,-17.9897,2.696069,2.696069,10.09476,NaN,NaN,NaN,NaN,0,20.1,16.75887,0,11.09731,0.5521,0,0.8338,-850.0867,0,1,0,0,-0.8338,0,0.5521,-17.9897,0,0,0,1
1087.881,1087.88,0.014343,0.016016,1098.416,-849.7509,0,-17.76866,2.733364,2.733364,10.25223,NaN,NaN,NaN,NaN,0,20.1,16.79848,0,11.03727,0.5491,0,0.8357,-849.7509,0,1,0,0,-0.8357,0,0.5491,-17.7687,0,0,0,1
1087.897,1087.89,0.016278,0.016069,1098.432,-849.5827,0,-17.65859,2.752547,2.752547,10.35477,NaN,NaN,NaN,NaN,0,20.1,16.8184,0,11.00689,0.5476,0,0.8367,-849.5827,0,1,0,0,-0.8367,0,0.5476,-17.6586,0,0,0,1
1087.915,1087.91,0.018136,0.016482,1098.45,-849.2457,0,-17.43937,2.792018,2.792018,10.439,NaN,NaN,NaN,NaN,0,20.1,16.85839,0,10.94553,0.5446,0,0.8387,-849.2457,0,1,0,0,-0.8387,0,0.5446,-17.4394,0,0,0,1
1087.93,1087.92,0.014616,0.016109,1098.465,-849.077,0,-17.33022,2.812307,2.812307,10.52689,NaN,NaN,NaN,NaN,0,20.1,16.87848,0,10.91454,0.543,0,0.8397,-849.077,0,1,0,0,-0.8397,0,0.543,-17.3302,0,0,0,1
1087.95,1087.95,0.020258,0.016939,1098.487,-848.5694,0,-17.00466,2.875395,2.875395,10.59281,NaN,NaN,NaN,NaN,0,20.1,16.93875,0,10.82076,0.5383,0,0.8427,-848.5694,0,1,0,0,-0.8427,0,0.5383,-17.0047,0,0,0,1
1087.964,1087.96,0.013909,0.016333,1098.499,-848.3998,0,-16.89677,2.897176,2.897176,10.64774,NaN,NaN,NaN,NaN,0,20.1,16.95883,0,10.78926,0.5368,0,0.8437,-848.3998,0,1,0,0,-0.8437,0,0.5368,-16.8968,0,0,0,1
1087.977,1087.97,0.012753,0.015617,1098.511,-848.23,0,-16.78919,2.919332,2.919332,10.67704,NaN,NaN,NaN,NaN,0,20.1,16.97891,0,10.75764,0.5352,0,0.8447,-848.23,0,1,0,0,-0.8447,0,0.5352,-16.7892,0,0,0,1
1087.989,1087.98,0.012289,0.014951,1098.524,-848.0599,0,-16.68193,2.941883,2.941883,10.69169,NaN,NaN,NaN,NaN,0,20.1,16.99895,0,10.72593,0.5336,0,0.8457,-848.0599,0,1,0,0,-0.8457,0,0.5336,-16.6819,0,0,0,1
1088.001,1088,0.012019,0.014365,1098.536,-847.7195,0,-16.46837,2.987925,2.987925,10.70633,NaN,NaN,NaN,NaN,0,20.1,17.03892,0,10.66233,0.5305,0,0.8477,-847.7195,0,1,0,0,-0.8477,0,0.5305,-16.4684,0,0,0,1
1088.014,1088.01,0.012369,0.013966,1098.548,-847.5488,0,-16.36206,3.011644,3.011644,10.71366,NaN,NaN,NaN,NaN,0,20.1,17.05882,0,10.63045,0.5289,0,0.8487,-847.5488,0,1,0,0,-0.8487,0,0.5289,-16.3621,0,0,0,1
1088.026,1088.02,0.012458,0.013664,1098.56,-847.3781,0,-16.25608,3.035592,3.035592,10.72831,NaN,NaN,NaN,NaN,0,20.1,17.0787,0,10.59849,0.5273,0,0.8497,-847.3781,0,1,0,0,-0.8497,0,0.5273,-16.2561,0,0,0,1
1088.039,1088.03,0.012725,0.013476,1098.573,-847.2071,0,-16.15041,3.059976,3.059976,10.74296,NaN,NaN,NaN,NaN,0,20.1,17.09854,0,10.56645,0.5257,0,0.8507,-847.2071,0,1,0,0,-0.8507,0,0.5257,-16.1504,0,0,0,1
1088.051,1088.05,0.012358,0.013253,1098.586,-846.8645,0,-15.94005,3.107306,3.107306,10.74662,NaN,NaN,NaN,NaN,0,20.1,17.13806,0,10.50224,0.5225,0,0.8526,-846.8645,0,1,0,0,-0.8526,0,0.5225,-15.9401,0,0,0,1
1088.072,1088.07,0.020847,0.014772,1098.607,-846.5211,0,-15.73097,3.154889,3.154889,10.76859,NaN,NaN,NaN,NaN,0,20.1,17.17741,0,10.43774,0.5193,0,0.8546,-846.5211,0,1,0,0,-0.8546,0,0.5193,-15.731,0,0,0,1
1088.084,1088.08,0.012286,0.014275,1098.619,-846.3492,0,-15.62692,3.179147,3.179147,10.81255,NaN,NaN,NaN,NaN,0,20.1,17.19708,0,10.40531,0.5177,0,0.8556,-846.3492,0,1,0,0,-0.8556,0,0.5177,-15.6269,0,0,0,1
1088.097,1088.09,0.012744,0.013968,1098.632,-846.177,0,-15.52319,3.201735,3.201735,10.86382,NaN,NaN,NaN,NaN,0,20.1,17.21678,0,10.37268,0.5161,0,0.8566,-846.177,0,1,0,0,-0.8566,0,0.5161,-15.5232,0,0,0,1
1088.11,1088.11,0.013042,0.013783,1098.645,-845.8321,0,-15.31672,3.244779,3.244779,10.91875,NaN,NaN,NaN,NaN,0,20.1,17.25619,0,10.30699,0.5128,0,0.8585,-845.8321,0,1,0,0,-0.8585,0,0.5128,-15.3167,0,0,0,1
1088.122,1088.12,0.012404,0.013507,1098.657,-845.6594,0,-15.21398,3.266809,3.266809,10.98833,NaN,NaN,NaN,NaN,0,20.1,17.27592,0,10.27387,0.5111,0,0.8595,-845.6594,0,1,0,0,-0.8595,0,0.5111,-15.214,0,0,0,1
1088.136,1088.13,0.013239,0.013454,1098.67,-845.4864,0,-15.11158,3.289202,3.289202,11.05791,NaN,NaN,NaN,NaN,0,20.1,17.29572,0,10.24051,0.5095,0,0.8605,-845.4864,0,1,0,0,-0.8605,0,0.5095,-15.1116,0,0,0,1
1088.15,1088.14,0.014264,0.013616,1098.684,-845.3132,0,-15.00951,3.308761,3.308761,11.13848,NaN,NaN,NaN,NaN,0,20.1,17.3156,0,10.20687,0.5078,0,0.8615,-845.3132,0,1,0,0,-0.8615,0,0.5078,-15.0095,0,0,0,1
1088.163,1088.16,0.012883,0.013469,1098.698,-844.9663,0,-14.80639,3.348068,3.348068,11.22637,NaN,NaN,NaN,NaN,0,20.1,17.35546,0,10.13894,0.5044,0,0.8635,-844.9663,0,1,0,0,-0.8635,0,0.5044,-14.8064,0,0,0,1
1088.181,1088.18,0.01837,0.014449,1098.716,-844.6186,0,-14.60464,3.388023,3.388023,11.34722,NaN,NaN,NaN,NaN,0,20.1,17.39548,0,10.07011,0.501,0,0.8654,-844.6186,0,1,0,0,-0.8654,0,0.501,-14.6046,0,0,0,1
1088.194,1088.19,0.012491,0.014058,1098.728,-844.4445,0,-14.50429,3.405288,3.405288,11.53765,NaN,NaN,NaN,NaN,0,20.1,17.41573,0,10.03506,0.4993,0,0.8665,-844.4445,0,1,0,0,-0.8665,0,0.4993,-14.5043,0,0,0,1
1088.207,1088.2,0.013428,0.013932,1098.742,-844.2701,0,-14.4043,3.422897,3.422897,11.66948,NaN,NaN,NaN,NaN,0,20.1,17.43613,0,9.999571,0.4975,0,0.8675,-844.2701,0,1,0,0,-0.8675,0,0.4975,-14.4043,0,0,0,1
1088.227,1088.22,0.019515,0.015048,1098.762,-843.9208,0,-14.20539,3.459232,3.459232,11.85627,NaN,NaN,NaN,NaN,0,20.1,17.47736,0,9.927323,0.4939,0,0.8695,-843.9208,0,1,0,0,-0.8695,0,0.4939,-14.2054,0,0,0,1
1088.24,1088.24,0.013733,0.014785,1098.776,-843.5706,0,-14.00795,3.491613,3.491613,12.13825,NaN,NaN,NaN,NaN,0,20.1,17.51927,0,9.85318,0.4902,0,0.8716,-843.5706,0,1,0,0,-0.8716,0,0.4902,-14.008,0,0,0,1
1088.254,1088.25,0.01373,0.014574,1098.789,-843.3952,0,-13.9098,3.507499,3.507499,12.34333,NaN,NaN,NaN,NaN,0,20.1,17.54045,0,9.815417,0.4883,0,0.8727,-843.3952,0,1,0,0,-0.8727,0,0.4883,-13.9098,0,0,0,1
1088.268,1088.26,0.014139,0.014487,1098.803,-843.2196,0,-13.81203,3.523797,3.523797,12.5777,NaN,NaN,NaN,NaN,0,20.1,17.56196,0,9.776887,0.4864,0,0.8737,-843.2196,0,1,0,0,-0.8737,0,0.4864,-13.812,0,0,0,1
1088.281,1088.28,0.01279,0.014148,1098.816,-842.8677,0,-13.61767,3.554451,3.554451,12.82308,NaN,NaN,NaN,NaN,0,20.1,17.60555,0,9.69818,0.4825,0,0.8759,-842.8677,0,1,0,0,-0.8759,0,0.4825,-13.6177,0,0,0,1
1088.294,1088.29,0.012599,0.013838,1098.828,-842.6915,0,-13.52109,3.568372,3.568372,13.03182,NaN,NaN,NaN,NaN,0,20.1,17.62756,0,9.658113,0.4805,0,0.877,-842.6915,0,1,0,0,-0.877,0,0.4805,-13.5211,0,0,0,1
1088.306,1088.3,0.012573,0.013585,1098.841,-842.515,0,-13.42492,3.58271,3.58271,13.24056,NaN,NaN,NaN,NaN,0,20.1,17.64983,0,9.617351,0.4785,0,0.8781,-842.515,0,1,0,0,-0.8781,0,0.4785,-13.4249,0,0,0,1
1088.326,1088.32,0.019871,0.014842,1098.861,-842.1613,0,-13.23382,3.61178,3.61178,13.47493,NaN,NaN,NaN,NaN,0,20.1,17.69487,0,9.534226,0.4743,0,0.8803,-842.1613,0,1,0,0,-0.8803,0,0.4743,-13.2338,0,0,0,1
1088.339,1088.33,0.013169,0.014508,1098.874,-841.9841,0,-13.1389,3.623815,3.623815,13.83383,NaN,NaN,NaN,NaN,0,20.1,17.71784,0,9.491474,0.4722,0,0.8815,-841.9841,0,1,0,0,-0.8815,0,0.4722,-13.1389,0,0,0,1
1088.352,1088.35,0.013195,0.014245,1098.887,-841.6292,0,-12.95038,3.649085,3.649085,14.04257,NaN,NaN,NaN,NaN,0,20.1,17.76415,0,9.40451,0.4679,0,0.8838,-841.6292,0,1,0,0,-0.8838,0,0.4679,-12.9504,0,0,0,1
1088.366,1088.36,0.013415,0.014079,1098.9,-841.4512,0,-12.85678,3.662463,3.662463,14.28427,NaN,NaN,NaN,NaN,0,20.1,17.78755,0,9.360193,0.4657,0,0.885,-841.4512,0,1,0,0,-0.885,0,0.4657,-12.8568,0,0,0,1
1088.378,1088.37,0.012426,0.013748,1098.913,-841.2731,0,-12.76362,3.674171,3.674171,14.4747,NaN,NaN,NaN,NaN,0,20.1,17.81114,0,9.315227,0.4634,0,0.8861,-841.2731,0,1,0,0,-0.8861,0,0.4634,-12.7636,0,0,0,1
1088.39,1088.39,0.011915,0.013382,1098.925,-840.9162,0,-12.57869,3.695964,3.695964,14.69078,NaN,NaN,NaN,NaN,0,20.1,17.85867,0,9.22377,0.4589,0,0.8885,-840.9162,0,1,0,0,-0.8885,0,0.4589,-12.5787,0,0,0,1
1088.403,1088.4,0.01256,0.013217,1098.937,-840.7374,0,-12.48692,3.707573,3.707573,14.88487,NaN,NaN,NaN,NaN,0,20.1,17.88257,0,9.177344,0.4566,0,0.8897,-840.7374,0,1,0,0,-0.8897,0,0.4566,-12.4869,0,0,0,1
1088.415,1088.41,0.012626,0.013099,1098.95,-840.5583,0,-12.39562,3.719645,3.719645,15.07896,NaN,NaN,NaN,NaN,0,20.1,17.90666,0,9.13025,0.4542,0,0.8909,-840.5583,0,1,0,0,-0.8909,0,0.4542,-12.3956,0,0,0,1
1088.428,1088.42,0.012621,0.013004,1098.963,-840.3789,0,-12.30479,3.728834,3.728834,15.28038,NaN,NaN,NaN,NaN,0,20.1,17.93095,0,9.082462,0.4519,0,0.8921,-840.3789,0,1,0,0,-0.8921,0,0.4519,-12.3048,0,0,0,1
1088.448,1088.44,0.020145,0.014432,1098.983,-840.0196,0,-12.1246,3.748246,3.748246,15.52209,NaN,NaN,NaN,NaN,0,20.1,17.9799,0,8.985172,0.447,0,0.8945,-840.0196,0,1,0,0,-0.8945,0,0.447,-12.1246,0,0,0,1
1088.462,1088.46,0.013799,0.014305,1098.997,-839.6592,0,-11.94639,3.768505,3.768505,15.84802,NaN,NaN,NaN,NaN,0,20.1,18.02933,0,8.885571,0.4421,0,0.897,-839.6592,0,1,0,0,-0.897,0,0.4421,-11.9464,0,0,0,1
1088.477,1088.47,0.015006,0.014446,1099.011,-839.4787,0,-11.85804,3.776378,3.776378,16.08972,NaN,NaN,NaN,NaN,0,20.1,18.05421,0,8.834906,0.4395,0,0.8982,-839.4787,0,1,0,0,-0.8982,0,0.4395,-11.858,0,0,0,1
1088.489,1088.48,0.012475,0.014051,1099.024,-839.2979,0,-11.77021,3.784812,3.784812,16.34973,NaN,NaN,NaN,NaN,0,20.1,18.07935,0,8.783352,0.437,0,0.8995,-839.2979,0,1,0,0,-0.8995,0,0.437,-11.7702,0,0,0,1
1088.502,1088.5,0.012719,0.013785,1099.037,-838.9357,0,-11.59611,3.803148,3.803148,16.58412,NaN,NaN,NaN,NaN,0,20.1,18.12989,0,8.678542,0.4318,0,0.902,-838.9357,0,1,0,0,-0.902,0,0.4318,-11.5961,0,0,0,1
1088.515,1088.51,0.01265,0.013558,1099.049,-838.754,0,-11.50986,3.810677,3.810677,16.84047,NaN,NaN,NaN,NaN,0,20.1,18.15532,0,8.625216,0.4291,0,0.9032,-838.754,0,1,0,0,-0.9032,0,0.4291,-11.5099,0,0,0,1
1088.527,1088.52,0.01181,0.013208,1099.061,-838.5722,0,-11.42415,3.817627,3.817627,17.06386,NaN,NaN,NaN,NaN,0,20.1,18.18093,0,8.57111,0.4264,0,0.9045,-838.5722,0,1,0,0,-0.9045,0,0.4264,-11.4242,0,0,0,1
1088.539,1088.53,0.012099,0.012986,1099.073,-838.3901,0,-11.33899,3.825162,3.825162,17.29091,NaN,NaN,NaN,NaN,0,20.1,18.20671,0,8.516203,0.4237,0,0.9058,-838.3901,0,1,0,0,-0.9058,0,0.4237,-11.339,0,0,0,1
1088.551,1088.55,0.012444,0.012878,1099.086,-838.0253,0,-11.17034,3.841534,3.841534,17.52896,NaN,NaN,NaN,NaN,0,20.1,18.25848,0,8.404644,0.4181,0,0.9084,-838.0253,0,1,0,0,-0.9084,0,0.4181,-11.1703,0,0,0,1
1088.571,1088.57,0.019412,0.014185,1099.106,-837.6593,0,-11.00395,3.853356,3.853356,17.78531,NaN,NaN,NaN,NaN,0,20.1,18.3103,0,8.29113,0.4125,0,0.911,-837.6593,0,1,0,0,-0.911,0,0.4125,-11.004,0,0,0,1
1088.583,1088.58,0.012434,0.013834,1099.117,-837.476,0,-10.92162,3.860129,3.860129,18.18447,NaN,NaN,NaN,NaN,0,20.1,18.33652,0,8.232974,0.4096,0,0.9123,-837.476,0,1,0,0,-0.9123,0,0.4096,-10.9216,0,0,0,1
1088.596,1088.59,0.01289,0.013646,1099.13,-837.2923,0,-10.83988,3.867511,3.867511,18.42253,NaN,NaN,NaN,NaN,0,20.1,18.3629,0,8.173973,0.4067,0,0.9136,-837.2923,0,1,0,0,-0.9136,0,0.4067,-10.8399,0,0,0,1
1088.609,1088.6,0.013056,0.013528,1099.144,-837.1084,0,-10.75874,3.873768,3.873768,18.7155,NaN,NaN,NaN,NaN,0,20.1,18.38951,0,8.113947,0.4037,0,0.9149,-837.1084,0,1,0,0,-0.9149,0,0.4037,-10.7587,0,0,0,1
1088.622,1088.62,0.013351,0.013492,1099.158,-836.7397,0,-10.59829,3.884409,3.884409,18.96818,NaN,NaN,NaN,NaN,0,20.1,18.44283,0,7.992009,0.3976,0,0.9176,-836.7397,0,1,0,0,-0.9176,0,0.3976,-10.5983,0,0,0,1
1088.635,1088.63,0.012886,0.013371,1099.17,-836.5551,0,-10.51899,3.890605,3.890605,19.24286,NaN,NaN,NaN,NaN,0,20.1,18.46956,0,7.930026,0.3945,0,0.9189,-836.5551,0,1,0,0,-0.9189,0,0.3945,-10.519,0,0,0,1
1088.647,1088.64,0.01178,0.013053,1099.182,-836.3701,0,-10.44031,3.897493,3.897493,19.46991,NaN,NaN,NaN,NaN,0,20.1,18.4964,0,7.867217,0.3914,0,0.9202,-836.3701,0,1,0,0,-0.9202,0,0.3914,-10.4403,0,0,0,1
1088.66,1088.66,0.013148,0.013072,1099.195,-835.9995,0,-10.28488,3.906393,3.906393,19.69329,NaN,NaN,NaN,NaN,0,20.1,18.55005,0,7.739882,0.3851,0,0.9229,-835.9995,0,1,0,0,-0.9229,0,0.3851,-10.2849,0,0,0,1
1088.672,1088.67,0.012028,0.012863,1099.207,-835.8137,0,-10.20813,3.911605,3.911605,19.93499,NaN,NaN,NaN,NaN,0,20.1,18.57687,0,7.675293,0.3819,0,0.9242,-835.8137,0,1,0,0,-0.9242,0,0.3819,-10.2081,0,0,0,1
1088.693,1088.69,0.020612,0.014413,1099.228,-835.4413,0,-10.05658,3.922999,3.922999,20.14373,NaN,NaN,NaN,NaN,0,20.1,18.63037,0,7.544482,0.3753,0,0.9269,-835.4413,0,1,0,0,-0.9269,0,0.3753,-10.0566,0,0,0,1
1088.706,1088.7,0.013374,0.014205,1099.241,-835.2548,0,-9.981802,3.926584,3.926584,20.44404,NaN,NaN,NaN,NaN,0,20.1,18.65717,0,7.477959,0.372,0,0.9282,-835.2548,0,1,0,0,-0.9282,0,0.372,-9.9818,0,0,0,1
1088.718,1088.71,0.011601,0.013684,1099.253,-835.0679,0,-9.907694,3.930836,3.930836,20.61616,NaN,NaN,NaN,NaN,0,20.1,18.68396,0,7.410776,0.3687,0,0.9296,-835.0679,0,1,0,0,-0.9296,0,0.3687,-9.9077,0,0,0,1
1088.73,1088.72,0.012134,0.013374,1099.264,-834.8808,0,-9.834262,3.935778,3.935778,20.70771,NaN,NaN,NaN,NaN,0,20.1,18.71062,0,7.343201,0.3653,0,0.9309,-834.8808,0,1,0,0,-0.9309,0,0.3653,-9.8343,0,0,0,1
1088.742,1088.74,0.012233,0.013146,1099.277,-834.5057,0,-9.68944,3.945302,3.945302,20.82856,NaN,NaN,NaN,NaN,0,20.1,18.76352,0,7.206974,0.3586,0,0.9335,-834.5057,0,1,0,0,-0.9335,0,0.3586,-9.6894,0,0,0,1
1088.756,1088.75,0.013844,0.013285,1099.29,-834.3179,0,-9.618057,3.948665,3.948665,20.9311,NaN,NaN,NaN,NaN,0,20.1,18.78972,0,7.13838,0.3551,0,0.9348,-834.3179,0,1,0,0,-0.9348,0,0.3551,-9.6181,0,0,0,1
1088.768,1088.76,0.012365,0.013101,1099.303,-834.1297,0,-9.547364,3.952712,3.952712,21.05195,NaN,NaN,NaN,NaN,0,20.1,18.81582,0,7.069293,0.3517,0,0.9361,-834.1297,0,1,0,0,-0.9361,0,0.3517,-9.5474,0,0,0,1
1088.784,1088.78,0.015639,0.013609,1099.319,-833.7526,0,-9.408062,3.962661,3.962661,21.12154,NaN,NaN,NaN,NaN,0,20.1,18.86743,0,6.930375,0.3448,0,0.9387,-833.7526,0,1,0,0,-0.9387,0,0.3448,-9.4081,0,0,0,1
1088.8,1088.8,0.016265,0.01414,1099.335,-833.3745,0,-9.27155,3.968439,3.968439,21.19112,NaN,NaN,NaN,NaN,0,20.1,18.91818,0,6.790625,0.3378,0,0.9412,-833.3745,0,1,0,0,-0.9412,0,0.3378,-9.2716,0,0,0,1
1088.815,1088.81,0.015017,0.014315,1099.35,-833.1851,0,-9.204345,3.972343,3.972343,21.22408,NaN,NaN,NaN,NaN,0,20.1,18.9432,0,6.7205,0.3344,0,0.9424,-833.1851,0,1,0,0,-0.9424,0,0.3344,-9.2043,0,0,0,1
1088.828,1088.82,0.012637,0.01398,1099.362,-832.9954,0,-9.137842,3.976947,3.976947,21.24239,NaN,NaN,NaN,NaN,0,20.1,18.96799,0,6.650222,0.3309,0,0.9437,-832.9954,0,1,0,0,-0.9437,0,0.3309,-9.1378,0,0,0,1
1088.848,1088.84,0.020602,0.015304,1099.383,-832.6152,0,-9.006951,3.983032,3.983032,21.25338,NaN,NaN,NaN,NaN,0,20.1,19.0168,0,6.509321,0.3238,0,0.9461,-832.6152,0,1,0,0,-0.9461,0,0.3238,-9.007,0,0,0,1
1088.861,1088.86,0.012224,0.014688,1099.395,-832.2341,0,-8.878883,3.98993,3.98993,21.25338,NaN,NaN,NaN,NaN,0,20.1,19.06457,0,6.368061,0.3168,0,0.9485,-832.2341,0,1,0,0,-0.9485,0,0.3168,-8.8789,0,0,0,1
1088.872,1088.87,0.011677,0.014086,1099.407,-832.0433,0,-8.81591,3.994392,3.994392,21.25338,NaN,NaN,NaN,NaN,0,20.1,19.08806,0,6.297299,0.3133,0,0.9497,-832.0433,0,1,0,0,-0.9497,0,0.3133,-8.8159,0,0,0,1
1088.885,1088.88,0.012179,0.013704,1099.419,-831.8522,0,-8.753646,3.996469,3.996469,21.25338,NaN,NaN,NaN,NaN,0,20.1,19.11129,0,6.226451,0.3098,0,0.9508,-831.8522,0,1,0,0,-0.9508,0,0.3098,-8.7536,0,0,0,1
1088.896,1088.89,0.011836,0.013331,1099.431,-831.6608,0,-8.692091,3.998777,3.998777,21.25338,NaN,NaN,NaN,NaN,0,20.1,19.13425,0,6.155518,0.3062,0,0.952,-831.6608,0,1,0,0,-0.952,0,0.3062,-8.6921,0,0,0,1
1088.908,1088.9,0.011574,0.012979,1099.442,-831.4692,0,-8.631246,4.001725,4.001725,21.25338,NaN,NaN,NaN,NaN,0,20.1,19.15695,0,6.0845,0.3027,0,0.9531,-831.4692,0,1,0,0,-0.9531,0,0.3027,-8.6312,0,0,0,1
1088.92,1088.92,0.012207,0.012825,1099.455,-831.0854,0,-8.511689,4.008759,4.008759,21.25338,NaN,NaN,NaN,NaN,0,20.1,19.20157,0,5.942209,0.2956,0,0.9553,-831.0854,0,1,0,0,-0.9553,0,0.2956,-8.5117,0,0,0,1
1088.932,1088.93,0.011416,0.012543,1099.466,-830.8932,0,-8.45298,4.010235,4.010235,21.25338,NaN,NaN,NaN,NaN,0,20.1,19.22348,0,5.870942,0.2921,0,0.9564,-830.8932,0,1,0,0,-0.9564,0,0.2921,-8.453,0,0,0,1
1088.944,1088.94,0.012756,0.012586,1099.479,-830.7007,0,-8.394984,4.012379,4.012379,21.25338,NaN,NaN,NaN,NaN,0,20.1,19.24512,0,5.799595,0.2885,0,0.9575,-830.7007,0,1,0,0,-0.9575,0,0.2885,-8.395,0,0,0,1
1088.956,1088.95,0.011943,0.012457,1099.491,-830.5081,0,-8.337703,4.015223,4.015223,21.25704,NaN,NaN,NaN,NaN,0,20.1,19.26651,0,5.728154,0.285,0,0.9585,-830.5081,0,1,0,0,-0.9585,0,0.285,-8.3377,0,0,0,1
1088.969,1088.96,0.013038,0.012573,1099.504,-830.3152,0,-8.281137,4.018735,4.018735,21.2607,NaN,NaN,NaN,NaN,0,20.1,19.28763,0,5.656623,0.2814,0,0.9596,-830.3152,0,1,0,0,-0.9596,0,0.2814,-8.2811,0,0,0,1
1088.982,1088.98,0.012298,0.012518,1099.516,-829.9287,0,-8.170155,4.021927,4.021927,21.27535,NaN,NaN,NaN,NaN,0,20.1,19.32911,0,5.513228,0.2743,0,0.9616,-829.9287,0,1,0,0,-0.9616,0,0.2743,-8.1702,0,0,0,1
1088.994,1088.99,0.012149,0.012444,1099.529,-829.7352,0,-8.115741,4.023944,4.023944,21.29,NaN,NaN,NaN,NaN,0,20.1,19.34946,0,5.441367,0.2707,0,0.9627,-829.7352,0,1,0,0,-0.9627,0,0.2707,-8.1157,0,0,0,1
1089.015,1089.01,0.021077,0.014171,1099.55,-829.3477,0,-8.009073,4.029787,4.029787,21.29366,NaN,NaN,NaN,NaN,0,20.1,19.38937,0,5.297399,0.2636,0,0.9646,-829.3477,0,1,0,0,-0.9646,0,0.2636,-8.0091,0,0,0,1
1089.028,1089.02,0.013483,0.014033,1099.563,-829.1536,0,-7.95682,4.030319,4.030319,21.30465,NaN,NaN,NaN,NaN,0,20.1,19.40893,0,5.225266,0.26,0,0.9656,-829.1536,0,1,0,0,-0.9656,0,0.26,-7.9568,0,0,0,1
1089.048,1089.04,0.019946,0.015216,1099.583,-828.7648,0,-7.854482,4.033431,4.033431,21.30465,NaN,NaN,NaN,NaN,0,20.1,19.44726,0,5.080781,0.2528,0,0.9675,-828.7648,0,1,0,0,-0.9675,0,0.2528,-7.8545,0,0,0,1
1089.06,1089.06,0.012203,0.014613,1099.595,-828.3754,0,-7.755038,4.037555,4.037555,21.30465,NaN,NaN,NaN,NaN,0,20.1,19.4845,0,4.936019,0.2456,0,0.9694,-828.3754,0,1,0,0,-0.9694,0,0.2456,-7.755,0,0,0,1
1089.074,1089.07,0.013201,0.014331,1099.608,-828.1803,0,-7.706402,4.037967,4.037967,21.30465,NaN,NaN,NaN,NaN,0,20.1,19.50272,0,4.863535,0.242,0,0.9703,-828.1803,0,1,0,0,-0.9703,0,0.242,-7.7064,0,0,0,1
1089.085,1089.08,0.011483,0.013761,1099.62,-827.9852,0,-7.658493,4.039057,4.039057,21.30465,NaN,NaN,NaN,NaN,0,20.1,19.52067,0,4.790983,0.2384,0,0.9712,-827.9852,0,1,0,0,-0.9712,0,0.2384,-7.6585,0,0,0,1
1089.096,1089.09,0.011192,0.013247,1099.631,-827.7898,0,-7.611309,4.040835,4.040835,21.30465,NaN,NaN,NaN,NaN,0,20.1,19.53835,0,4.718367,0.2347,0,0.9721,-827.7898,0,1,0,0,-0.9721,0,0.2347,-7.6113,0,0,0,1
1089.109,1089.1,0.012525,0.013103,1099.643,-827.5942,0,-7.564852,4.043303,4.043303,21.30465,NaN,NaN,NaN,NaN,0,20.1,19.55576,0,4.645684,0.2311,0,0.9729,-827.5942,0,1,0,0,-0.9729,0,0.2311,-7.5649,0,0,0,1
1089.124,1089.12,0.0147,0.013422,1099.658,-827.2026,0,-7.474122,4.043583,4.043583,21.30465,NaN,NaN,NaN,NaN,0,20.1,19.58977,0,4.500124,0.2239,0,0.9746,-827.2026,0,1,0,0,-0.9746,0,0.2239,-7.4741,0,0,0,1
1089.138,1089.13,0.014621,0.013662,1099.673,-827.0065,0,-7.42985,4.044561,4.044561,21.30465,NaN,NaN,NaN,NaN,0,20.1,19.60636,0,4.427252,0.2203,0,0.9754,-827.0065,0,1,0,0,-0.9754,0,0.2203,-7.4299,0,0,0,1
1089.151,1089.15,0.012557,0.013441,1099.686,-826.6139,0,-7.343493,4.047499,4.047499,21.30465,NaN,NaN,NaN,NaN,0,20.1,19.63875,0,4.281324,0.213,0,0.9771,-826.6139,0,1,0,0,-0.9771,0,0.213,-7.3435,0,0,0,1
1089.172,1089.17,0.021398,0.015032,1099.707,-826.2206,0,-7.260058,4.047153,4.047153,21.30465,NaN,NaN,NaN,NaN,0,20.1,19.67004,0,4.13516,0.2057,0,0.9786,-826.2206,0,1,0,0,-0.9786,0,0.2057,-7.2601,0,0,0,1
1089.193,1089.19,0.021133,0.016253,1099.728,-825.8268,0,-7.179551,4.049545,4.049545,21.30465,NaN,NaN,NaN,NaN,0,20.1,19.70025,0,3.988768,0.1984,0,0.9801,-825.8268,0,1,0,0,-0.9801,0,0.1984,-7.1796,0,0,0,1
1089.206,1089.2,0.012865,0.015575,1099.74,-825.6296,0,-7.140396,4.049234,4.049234,21.30465,NaN,NaN,NaN,NaN,0,20.1,19.71494,0,3.915488,0.1948,0,0.9808,-825.6296,0,1,0,0,-0.9808,0,0.1948,-7.1404,0,0,0,1
1089.217,1089.21,0.011357,0.014731,1099.752,-825.4324,0,-7.101974,4.04859,4.04859,21.30465,NaN,NaN,NaN,NaN,0,20.1,19.72937,0,3.842155,0.1912,0,0.9816,-825.4324,0,1,0,0,-0.9816,0,0.1912,-7.102,0,0,0,1
1089.23,1089.22,0.012121,0.014209,1099.764,-825.2349,0,-7.064286,4.048638,4.048638,21.30465,NaN,NaN,NaN,NaN,0,20.1,19.74352,0,3.768768,0.1875,0,0.9823,-825.2349,0,1,0,0,-0.9823,0,0.1875,-7.0643,0,0,0,1
1089.241,1089.24,0.011128,0.013593,1099.776,-824.8397,0,-6.991114,4.050363,4.050363,21.30465,NaN,NaN,NaN,NaN,0,20.1,19.77099,0,3.621841,0.1802,0,0.9836,-824.8397,0,1,0,0,-0.9836,0,0.1802,-6.9911,0,0,0,1
1089.252,1089.25,0.011613,0.013197,1099.787,-824.6418,0,-6.955631,4.048901,4.048901,21.30465,NaN,NaN,NaN,NaN,0,20.1,19.78432,0,3.548301,0.1765,0,0.9843,-824.6418,0,1,0,0,-0.9843,0,0.1765,-6.9556,0,0,0,1
1089.264,1089.26,0.012041,0.012966,1099.799,-824.4438,0,-6.920884,4.048146,4.048146,21.30465,NaN,NaN,NaN,NaN,0,20.1,19.79739,0,3.47471,0.1729,0,0.9849,-824.4438,0,1,0,0,-0.9849,0,0.1729,-6.9209,0,0,0,1
1089.275,1089.27,0.011028,0.012578,1099.81,-824.2457,0,-6.886873,4.048077,4.048077,21.30465,NaN,NaN,NaN,NaN,0,20.1,19.81017,0,3.401071,0.1692,0,0.9856,-824.2457,0,1,0,0,-0.9856,0,0.1692,-6.8869,0,0,0,1
1089.287,1089.28,0.011813,0.012425,1099.822,-824.0475,0,-6.8536,4.048694,4.048694,21.30465,NaN,NaN,NaN,NaN,0,20.1,19.82268,0,3.327387,0.1655,0,0.9862,-824.0475,0,1,0,0,-0.9862,0,0.1655,-6.8536,0,0,0,1
1089.298,1089.29,0.010862,0.012113,1099.833,-823.8491,0,-6.821063,4.048107,4.048107,21.30465,NaN,NaN,NaN,NaN,0,20.1,19.83492,0,3.253657,0.1619,0,0.9868,-823.8491,0,1,0,0,-0.9868,0,0.1619,-6.8211,0,0,0,1
1089.31,1089.3,0.01174,0.012038,1099.844,-823.6506,0,-6.789264,4.046539,4.046539,21.30465,NaN,NaN,NaN,NaN,0,20.1,19.84687,0,3.179882,0.1582,0,0.9874,-823.6506,0,1,0,0,-0.9874,0,0.1582,-6.7893,0,0,0,1
1089.322,1089.32,0.01189,0.012008,1099.856,-823.2534,0,-6.727881,4.045464,4.045464,21.30465,NaN,NaN,NaN,NaN,0,20.1,19.86997,0,3.032199,0.1509,0,0.9886,-823.2534,0,1,0,0,-0.9886,0,0.1509,-6.7279,0,0,0,1
1089.334,1089.33,0.012224,0.012052,1099.868,-823.0546,0,-6.698298,4.04595,4.04595,21.30465,NaN,NaN,NaN,NaN,0,20.1,19.88111,0,2.958296,0.1472,0,0.9891,-823.0546,0,1,0,0,-0.9891,0,0.1472,-6.6983,0,0,0,1
1089.345,1089.34,0.011274,0.011896,1099.88,-822.8557,0,-6.669455,4.043785,4.043785,21.30465,NaN,NaN,NaN,NaN,0,20.1,19.89197,0,2.884352,0.1435,0,0.9897,-822.8557,0,1,0,0,-0.9897,0,0.1435,-6.6695,0,0,0,1
1089.358,1089.35,0.013019,0.012121,1099.893,-822.6566,0,-6.641352,4.042102,4.042102,21.30465,NaN,NaN,NaN,NaN,0,20.1,19.90256,0,2.810369,0.1398,0,0.9902,-822.6566,0,1,0,0,-0.9902,0,0.1398,-6.6414,0,0,0,1
1089.37,1089.36,0.011622,0.012021,1099.904,-822.4575,0,-6.613988,4.041096,4.041096,21.30465,NaN,NaN,NaN,NaN,0,20.1,19.91287,0,2.736346,0.1361,0,0.9907,-822.4575,0,1,0,0,-0.9907,0,0.1361,-6.614,0,0,0,1
1089.382,1089.38,0.012505,0.012118,1099.917,-822.0589,0,-6.561483,4.039918,4.039918,21.30465,NaN,NaN,NaN,NaN,0,20.1,19.93267,0,2.588182,0.1288,0,0.9917,-822.0589,0,1,0,0,-0.9917,0,0.1288,-6.5615,0,0,0,1
1089.394,1089.39,0.011488,0.011992,1099.928,-821.8595,0,-6.536343,4.037414,4.037414,21.30465,NaN,NaN,NaN,NaN,0,20.1,19.94216,0,2.514048,0.1251,0,0.9921,-821.8595,0,1,0,0,-0.9921,0,0.1251,-6.5363,0,0,0,1
1089.406,1089.4,0.011753,0.011944,1099.94,-821.66,0,-6.511944,4.035606,4.035606,21.30465,NaN,NaN,NaN,NaN,0,20.1,19.95137,0,2.43988,0.1214,0,0.9926,-821.66,0,1,0,0,-0.9926,0,0.1214,-6.5119,0,0,0,1
