time,fixedTime,deltaTime,smoothDeltaTime,realtimeSinceStartup,pos_x,pos_y,pos_z,distFromRoadCenter,signedDistFromRoadCenter,wheelAngle,obstacle_pos_x,obstacle_pos_y,obstacle_pos_z,distance_to_obstacle,brake_position,car_speed,car_vel_x,car_vel_y,car_vel_z,simplecar_4x4_R0C0,simplecar_4x4_R0C1,simplecar_4x4_R0C2,simplecar_4x4_R0C3,simplecar_4x4_R1C0,simplecar_4x4_R1C1,simplecar_4x4_R1C2,simplecar_4x4_R1C3,simplecar_4x4_R2C0,simplecar_4x4_R2C1,simplecar_4x4_R2C2,simplecar_4x4_R2C3,simplecar_4x4_R3C0,simplecar_4x4_R3C1,simplecar_4x4_R3C2,simplecar_4x4_R3C3
764.8972,764.89,0.012908,0.014488,775.4377,143.3248,0,256.716,2.93423,2.93423,-1.880522,NaN,NaN,NaN,NaN,0,20.1,19.69183,0,4.03011,0.2005,0,0.9797,143.3248,0,1,0,0,-0.9797,0,0.2005,256.716,0,0,0,1
764.9172,764.91,0.020062,0.015603,775.452,143.7186,0,256.7968,2.942933,2.942933,-1.880522,NaN,NaN,NaN,NaN,0,20.1,19.68918,0,4.043033,0.2011,0,0.9796,143.7186,0,1,0,0,-0.9796,0,0.2011,256.7968,0,0,0,1
764.9306,764.93,0.013364,0.015155,775.4653,144.1123,0,256.8779,2.95139,2.95139,-1.880522,NaN,NaN,NaN,NaN,0,20.1,19.68653,0,4.055957,0.2018,0,0.9794,144.1123,0,1,0,0,-0.9794,0,0.2018,256.8779,0,0,0,1
764.9442,764.94,0.013605,0.014845,775.4788,144.3092,0,256.9185,2.955522,2.955522,-1.880522,NaN,NaN,NaN,NaN,0,20.1,19.68519,0,4.062417,0.2021,0,0.9794,144.3092,0,1,0,0,-0.9794,0,0.2021,256.9185,0,0,0,1
764.9586,764.95,0.014383,0.014753,775.493,144.506,0,256.9592,2.95959,2.95959,-1.880522,NaN,NaN,NaN,NaN,0,20.1,19.68386,0,4.068878,0.2024,0,0.9793,144.506,0,1,0,0,-0.9793,0,0.2024,256.9592,0,0,0,1
764.9777,764.97,0.019071,0.015616,775.5123,144.8996,0,257.0408,2.967511,2.967511,-1.880522,NaN,NaN,NaN,NaN,0,20.1,19.68118,0,4.0818,0.2031,0,0.9792,144.8996,0,1,0,0,-0.9792,0,0.2031,257.0408,0,0,0,1
764.9916,764.99,0.013919,0.015277,775.5265,145.2932,0,257.1226,2.975147,2.975147,-1.880522,NaN,NaN,NaN,NaN,0,20.1,19.6785,0,4.094718,0.2037,0,0.979,145.2932,0,1,0,0,-0.979,0,0.2037,257.1226,0,0,0,1
765.0051,765,0.013588,0.014939,775.5396,145.49,0,257.1636,2.978901,2.978901,-1.880522,NaN,NaN,NaN,NaN,0,20.1,19.67715,0,4.101176,0.204,0,0.979,145.49,0,1,0,0,-0.979,0,0.204,257.1636,0,0,0,1
765.0187,765.01,0.013613,0.014674,775.5532,145.6868,0,257.2047,2.982565,2.982565,-1.880522,NaN,NaN,NaN,NaN,0,20.1,19.67581,0,4.107633,0.2044,0,0.9789,145.6868,0,1,0,0,-0.9789,0,0.2044,257.2047,0,0,0,1
765.0331,765.03,0.014382,0.014615,775.5679,146.0802,0,257.287,2.989702,2.989702,-1.880522,NaN,NaN,NaN,NaN,0,20.1,19.67311,0,4.120549,0.205,0,0.9788,146.0802,0,1,0,0,-0.9788,0,0.205,257.287,0,0,0,1
765.0475,765.04,0.014386,0.014569,775.5823,146.2769,0,257.3283,2.993175,2.993175,-1.880522,NaN,NaN,NaN,NaN,0,20.1,19.67175,0,4.127005,0.2053,0,0.9787,146.2769,0,1,0,0,-0.9787,0,0.2053,257.3283,0,0,0,1
765.0679,765.06,0.020378,0.015731,775.6032,146.6703,0,257.411,2.999904,2.999904,-1.913481,NaN,NaN,NaN,NaN,0,20.1,19.66899,0,4.140145,0.206,0,0.9786,146.6703,0,1,0,0,-0.9786,0,0.206,257.411,0,0,0,1
765.0822,765.08,0.014326,0.01545,775.6172,147.0637,0,257.494,3.006352,3.006352,-1.994047,NaN,NaN,NaN,NaN,0,20.1,19.66611,0,4.153833,0.2067,0,0.9784,147.0637,0,1,0,0,-0.9784,0,0.2067,257.494,0,0,0,1
765.1003,765.1,0.018035,0.015967,775.6353,147.4569,0,257.5773,3.012519,3.012519,-2.081938,NaN,NaN,NaN,NaN,0,20.1,19.66308,0,4.168125,0.2074,0,0.9783,147.4569,0,1,0,0,-0.9783,0,0.2074,257.5773,0,0,0,1
765.1149,765.11,0.014586,0.015691,775.6495,147.6535,0,257.6191,3.015495,3.015495,-2.191808,NaN,NaN,NaN,NaN,0,20.1,19.66149,0,4.175645,0.2077,0,0.9782,147.6535,0,1,0,0,-0.9782,0,0.2077,257.6191,0,0,0,1
765.1301,765.13,0.015257,0.015604,775.6651,148.0467,0,257.7028,3.021221,3.021221,-2.298009,NaN,NaN,NaN,NaN,0,20.1,19.65813,0,4.191419,0.2085,0,0.978,148.0467,0,1,0,0,-0.978,0,0.2085,257.7028,0,0,0,1
765.1464,765.14,0.016321,0.015747,775.6811,148.2433,0,257.7448,3.023946,3.023946,-2.411535,NaN,NaN,NaN,NaN,0,20.1,19.65636,0,4.199692,0.2089,0,0.9779,148.2433,0,1,0,0,-0.9779,0,0.2089,257.7448,0,0,0,1
765.1603,765.16,0.013938,0.015385,775.6957,148.6363,0,257.8291,3.029109,3.029109,-2.528722,NaN,NaN,NaN,NaN,0,20.1,19.65265,0,4.217039,0.2098,0,0.9777,148.6363,0,1,0,0,-0.9777,0,0.2098,257.8291,0,0,0,1
765.1789,765.17,0.018539,0.016016,775.7135,148.8329,0,257.8713,3.031552,3.031552,-2.649579,NaN,NaN,NaN,NaN,0,20.1,19.6507,0,4.226125,0.2103,0,0.9776,148.8329,0,1,0,0,-0.9776,0,0.2103,257.8713,0,0,0,1
765.2021,765.2,0.023187,0.01745,775.7379,149.4223,0,257.9987,3.038371,3.038371,-2.785077,NaN,NaN,NaN,NaN,0,20.1,19.64451,0,4.254777,0.2117,0,0.9773,149.4223,0,1,0,0,-0.9773,0,0.2117,257.9987,0,0,0,1
765.2186,765.21,0.016462,0.017253,775.7532,149.6187,0,258.0414,3.040407,3.040407,-2.949872,NaN,NaN,NaN,NaN,0,20.1,19.64232,0,4.26489,0.2122,0,0.9772,149.6187,0,1,0,0,-0.9772,0,0.2122,258.0414,0,0,0,1
765.2366,765.23,0.017989,0.0174,775.772,150.0115,0,258.127,3.044227,3.044227,-3.030438,NaN,NaN,NaN,NaN,0,20.1,19.6378,0,4.285667,0.2132,0,0.977,150.0115,0,1,0,0,-0.977,0,0.2132,258.127,0,0,0,1
765.2563,765.25,0.019825,0.017885,775.7925,150.4041,0,258.213,3.047577,3.047577,-3.100026,NaN,NaN,NaN,NaN,0,20.1,19.63315,0,4.306917,0.2143,0,0.9768,150.4041,0,1,0,0,-0.9768,0,0.2143,258.213,0,0,0,1
765.2771,765.27,0.02074,0.018456,775.8121,150.7967,0,258.2994,3.050486,3.050486,-3.136647,NaN,NaN,NaN,NaN,0,20.1,19.62842,0,4.328413,0.2153,0,0.9765,150.7967,0,1,0,0,-0.9765,0,0.2153,258.2994,0,0,0,1
765.2922,765.29,0.015125,0.01779,775.827,151.1892,0,258.3863,3.052992,3.052992,-3.162282,NaN,NaN,NaN,NaN,0,20.1,19.62363,0,4.350077,0.2164,0,0.9763,151.1892,0,1,0,0,-0.9763,0,0.2164,258.3863,0,0,0,1
765.3121,765.31,0.019918,0.018215,775.8472,151.5816,0,258.4737,3.054995,3.054995,-3.162282,NaN,NaN,NaN,NaN,0,20.1,19.61882,0,4.371733,0.2175,0,0.9761,151.5816,0,1,0,0,-0.9761,0,0.2175,258.4737,0,0,0,1
765.3271,765.32,0.014908,0.017554,775.8619,151.7778,0,258.5175,3.055869,3.055869,-3.162282,NaN,NaN,NaN,NaN,0,20.1,19.6164,0,4.382561,0.218,0,0.9759,151.7778,0,1,0,0,-0.9759,0,0.218,258.5175,0,0,0,1
765.3433,765.34,0.016183,0.01728,775.8782,152.1701,0,258.6055,3.057246,3.057246,-3.162282,NaN,NaN,NaN,NaN,0,20.1,19.61155,0,4.404212,0.2191,0,0.9757,152.1701,0,1,0,0,-0.9757,0,0.2191,258.6055,0,0,0,1
765.3573,765.35,0.014053,0.016634,775.8918,152.3661,0,258.6496,3.057749,3.057749,-3.162282,NaN,NaN,NaN,NaN,0,20.1,19.60912,0,4.415033,0.2197,0,0.9756,152.3661,0,1,0,0,-0.9756,0,0.2197,258.6496,0,0,0,1
765.3709,765.37,0.013635,0.016035,775.9058,152.7583,0,258.7383,3.058467,3.058467,-3.162282,NaN,NaN,NaN,NaN,0,20.1,19.60423,0,4.436676,0.2207,0,0.9753,152.7583,0,1,0,0,-0.9753,0,0.2207,258.7383,0,0,0,1
765.3923,765.39,0.021318,0.017091,775.9272,153.1503,0,258.8273,3.058748,3.058748,-3.162282,NaN,NaN,NaN,NaN,0,20.1,19.59932,0,4.458313,0.2218,0,0.9751,153.1503,0,1,0,0,-0.9751,0,0.2218,258.8273,0,0,0,1
765.4116,765.41,0.019346,0.017542,775.9467,153.5422,0,258.9168,3.058563,3.058563,-3.162282,NaN,NaN,NaN,NaN,0,20.1,19.59439,0,4.479943,0.2229,0,0.9748,153.5422,0,1,0,0,-0.9748,0,0.2229,258.9168,0,0,0,1
765.4255,765.42,0.013896,0.016813,775.96,153.7381,0,258.9617,3.058311,3.058311,-3.162282,NaN,NaN,NaN,NaN,0,20.1,19.59192,0,4.490758,0.2234,0,0.9747,153.7381,0,1,0,0,-0.9747,0,0.2234,258.9617,0,0,0,1
765.4408,765.44,0.015289,0.016508,775.9757,154.1299,0,259.0518,3.057434,3.057434,-3.162282,NaN,NaN,NaN,NaN,0,20.1,19.58694,0,4.512382,0.2245,0,0.9745,154.1299,0,1,0,0,-0.9745,0,0.2245,259.0518,0,0,0,1
765.4549,765.45,0.014122,0.016031,775.9894,154.3257,0,259.0971,3.056842,3.056842,-3.162282,NaN,NaN,NaN,NaN,0,20.1,19.58445,0,4.523188,0.225,0,0.9744,154.3257,0,1,0,0,-0.9744,0,0.225,259.0971,0,0,0,1
765.4702,765.47,0.015302,0.015885,776.0051,154.7173,0,259.1879,3.055339,3.055339,-3.162282,NaN,NaN,NaN,NaN,0,20.1,19.57945,0,4.544805,0.2261,0,0.9741,154.7173,0,1,0,0,-0.9741,0,0.2261,259.1879,0,0,0,1
765.4893,765.48,0.019127,0.016533,776.0238,154.9131,0,259.2334,3.054429,3.054429,-3.162282,NaN,NaN,NaN,NaN,0,20.1,19.57694,0,4.555609,0.2266,0,0.974,154.9131,0,1,0,0,-0.974,0,0.2266,259.2334,0,0,0,1
765.5056,765.5,0.016221,0.016471,776.0405,155.3046,0,259.3249,3.05227,3.05227,-3.162282,NaN,NaN,NaN,NaN,0,20.1,19.5719,0,4.577216,0.2277,0,0.9737,155.3046,0,1,0,0,-0.9737,0,0.2277,259.3249,0,0,0,1
765.5238,765.52,0.018242,0.016825,776.0588,155.6959,0,259.4167,3.049642,3.049642,-3.162282,NaN,NaN,NaN,NaN,0,20.1,19.56683,0,4.598815,0.2288,0,0.9735,155.6959,0,1,0,0,-0.9735,0,0.2288,259.4167,0,0,0,1
765.539,765.53,0.015238,0.016508,776.0735,155.8916,0,259.4628,3.048169,3.048169,-3.162282,NaN,NaN,NaN,NaN,0,20.1,19.56429,0,4.609612,0.2293,0,0.9733,155.8916,0,1,0,0,-0.9733,0,0.2293,259.4628,0,0,0,1
765.5548,765.55,0.015754,0.016357,776.09,156.2828,0,259.5553,3.044882,3.044882,-3.162282,NaN,NaN,NaN,NaN,0,20.1,19.55919,0,4.631205,0.2304,0,0.9731,156.2828,0,1,0,0,-0.9731,0,0.2304,259.5553,0,0,0,1
765.5715,765.57,0.016703,0.016426,776.1065,156.6739,0,259.6483,3.041129,3.041129,-3.162282,NaN,NaN,NaN,NaN,0,20.1,19.55407,0,4.652792,0.2315,0,0.9728,156.6739,0,1,0,0,-0.9728,0,0.2315,259.6483,0,0,0,1
765.589,765.58,0.017488,0.016638,776.1237,156.8694,0,259.6949,3.039093,3.039093,-3.165944,NaN,NaN,NaN,NaN,0,20.1,19.55149,0,4.663597,0.232,0,0.9727,156.8694,0,1,0,0,-0.9727,0,0.232,259.6949,0,0,0,1
765.6116,765.61,0.022582,0.017827,776.1478,157.4558,0,259.8355,3.032334,3.032334,-3.180592,NaN,NaN,NaN,NaN,0,20.1,19.5437,0,4.69615,0.2336,0,0.9723,157.4558,0,1,0,0,-0.9723,0,0.2336,259.8355,0,0,0,1
765.6287,765.62,0.017078,0.017677,776.1636,157.6512,0,259.8825,3.029861,3.029861,-3.231862,NaN,NaN,NaN,NaN,0,20.1,19.54105,0,4.707174,0.2342,0,0.9722,157.6512,0,1,0,0,-0.9722,0,0.2342,259.8825,0,0,0,1
765.645,765.64,0.016299,0.017402,776.1803,158.0419,0,259.977,3.024601,3.024601,-3.290455,NaN,NaN,NaN,NaN,0,20.1,19.53563,0,4.729614,0.2353,0,0.9719,158.0419,0,1,0,0,-0.9719,0,0.2353,259.977,0,0,0,1
765.6602,765.66,0.015201,0.016962,776.1954,158.4326,0,260.072,3.018749,3.018749,-3.360035,NaN,NaN,NaN,NaN,0,20.1,19.53007,0,4.752523,0.2364,0,0.9716,158.4326,0,1,0,0,-0.9716,0,0.2364,260.072,0,0,0,1
765.6776,765.67,0.017498,0.017069,776.2122,158.6278,0,260.1196,3.015713,3.015713,-3.458912,NaN,NaN,NaN,NaN,0,20.1,19.5272,0,4.764312,0.237,0,0.9715,158.6278,0,1,0,0,-0.9715,0,0.237,260.1196,0,0,0,1
765.6931,765.69,0.015495,0.016754,776.2284,159.0183,0,260.2152,3.009232,3.009232,-3.576107,NaN,NaN,NaN,NaN,0,20.1,19.52123,0,4.788683,0.2382,0,0.9712,159.0183,0,1,0,0,-0.9712,0,0.2382,260.2152,0,0,0,1
765.7122,765.71,0.019031,0.017209,776.2473,159.4086,0,260.3114,3.002221,3.002221,-3.715267,NaN,NaN,NaN,NaN,0,20.1,19.51501,0,4.813998,0.2395,0,0.9709,159.4086,0,1,0,0,-0.9709,0,0.2395,260.3114,0,0,0,1
765.725,765.72,0.01286,0.016339,776.2596,159.6037,0,260.3596,2.998497,2.998497,-3.905697,NaN,NaN,NaN,NaN,0,20.1,19.51172,0,4.827299,0.2402,0,0.9707,159.6037,0,1,0,0,-0.9707,0,0.2402,260.3596,0,0,0,1
765.7387,765.73,0.013689,0.015809,776.2733,159.7988,0,260.4081,2.994648,2.994648,-4.041202,NaN,NaN,NaN,NaN,0,20.1,19.50831,0,4.841059,0.2408,0,0.9706,159.7988,0,1,0,0,-0.9706,0,0.2408,260.4081,0,0,0,1
765.752,765.75,0.01323,0.015293,776.287,160.1888,0,260.5053,2.986478,2.986478,-4.198673,NaN,NaN,NaN,NaN,0,20.1,19.50119,0,4.869648,0.2423,0,0.9702,160.1888,0,1,0,0,-0.9702,0,0.2423,260.5053,0,0,0,1
765.7664,765.76,0.014448,0.015124,776.301,160.3838,0,260.5542,2.982158,2.982158,-4.337833,NaN,NaN,NaN,NaN,0,20.1,19.4975,0,4.88441,0.243,0,0.97,160.3838,0,1,0,0,-0.97,0,0.243,260.5542,0,0,0,1
765.7789,765.77,0.012503,0.0146,776.3137,160.5788,0,260.6032,2.977683,2.977683,-4.509959,NaN,NaN,NaN,NaN,0,20.1,19.49365,0,4.899755,0.2438,0,0.9698,160.5788,0,1,0,0,-0.9698,0,0.2438,260.6032,0,0,0,1
765.8005,765.8,0.021653,0.01601,776.3362,161.1633,0,260.7511,2.963287,2.963287,-4.678416,NaN,NaN,NaN,NaN,0,20.1,19.48159,0,4.947493,0.2461,0,0.9692,161.1633,0,1,0,0,-0.9692,0,0.2461,260.7511,0,0,0,1
765.8154,765.81,0.014917,0.015792,776.35,161.3581,0,260.8008,2.958153,2.958153,-4.949419,NaN,NaN,NaN,NaN,0,20.1,19.47731,0,4.964317,0.247,0,0.969,161.3581,0,1,0,0,-0.969,0,0.247,260.8008,0,0,0,1
765.8332,765.83,0.01771,0.016175,776.3717,161.7475,0,260.9006,2.947385,2.947385,-5.092242,NaN,NaN,NaN,NaN,0,20.1,19.46845,0,4.998932,0.2487,0,0.9686,161.7475,0,1,0,0,-0.9686,0,0.2487,260.9006,0,0,0,1
765.8535,765.85,0.020285,0.016997,776.3883,162.1367,0,261.0011,2.935866,2.935866,-5.385211,NaN,NaN,NaN,NaN,0,20.1,19.45902,0,5.035518,0.2505,0,0.9681,162.1367,0,1,0,0,-0.9681,0,0.2505,261.0011,0,0,0,1
765.8679,765.86,0.01444,0.016486,776.4024,162.3313,0,261.0516,2.929825,2.929825,-5.626917,NaN,NaN,NaN,NaN,0,20.1,19.45407,0,5.054627,0.2515,0,0.9679,162.3313,0,1,0,0,-0.9679,0,0.2515,261.0516,0,0,0,1
765.8805,765.88,0.012581,0.015705,776.4154,162.7202,0,261.1533,2.917088,2.917088,-5.864961,NaN,NaN,NaN,NaN,0,20.1,19.44368,0,5.094445,0.2535,0,0.9673,162.7202,0,1,0,0,-0.9673,0,0.2535,261.1533,0,0,0,1
765.8994,765.89,0.018919,0.016348,776.4338,162.9146,0,261.2045,2.910388,2.910388,-6.121309,NaN,NaN,NaN,NaN,0,20.1,19.43822,0,5.115215,0.2545,0,0.9671,162.9146,0,1,0,0,-0.9671,0,0.2545,261.2045,0,0,0,1
765.9114,765.91,0.012039,0.015486,776.4465,163.3032,0,261.3074,2.896366,2.896366,-6.432595,NaN,NaN,NaN,NaN,0,20.1,19.42669,0,5.158848,0.2567,0,0.9665,163.3032,0,1,0,0,-0.9665,0,0.2567,261.3074,0,0,0,1
765.9252,765.92,0.013817,0.015152,776.4597,163.4974,0,261.3592,2.888981,2.888981,-6.652322,NaN,NaN,NaN,NaN,0,20.1,19.42069,0,5.1814,0.2578,0,0.9662,163.4974,0,1,0,0,-0.9662,0,0.2578,261.3592,0,0,0,1
765.9438,765.94,0.018613,0.015844,776.4789,163.8856,0,261.4635,2.873549,2.873549,-6.875718,NaN,NaN,NaN,NaN,0,20.1,19.4082,0,5.227997,0.2601,0,0.9656,163.8856,0,1,0,0,-0.9656,0,0.2601,261.4635,0,0,0,1
765.9571,765.95,0.013217,0.015319,776.4918,164.0796,0,261.5161,2.865443,2.865443,-7.186997,NaN,NaN,NaN,NaN,0,20.1,19.40162,0,5.252337,0.2613,0,0.9653,164.0796,0,1,0,0,-0.9653,0,0.2613,261.5161,0,0,0,1
765.9705,765.97,0.013448,0.014945,776.5055,164.4675,0,261.6218,2.848478,2.848478,-7.395744,NaN,NaN,NaN,NaN,0,20.1,19.388,0,5.302406,0.2638,0,0.9646,164.4675,0,1,0,0,-0.9646,0,0.2638,261.6218,0,0,0,1
765.9839,765.98,0.013361,0.014628,776.5184,164.6613,0,261.6751,2.839587,2.839587,-7.582512,NaN,NaN,NaN,NaN,0,20.1,19.38097,0,5.32806,0.2651,0,0.9642,164.6613,0,1,0,0,-0.9642,0,0.2651,261.6751,0,0,0,1
765.9969,765.99,0.013077,0.014318,776.5316,164.855,0,261.7286,2.830448,2.830448,-7.732658,NaN,NaN,NaN,NaN,0,20.1,19.37376,0,5.354213,0.2664,0,0.9639,164.855,0,1,0,0,-0.9639,0,0.2664,261.7286,0,0,0,1
766.0106,766.01,0.013623,0.014179,776.546,165.2423,0,261.8365,2.811292,2.811292,-7.857177,NaN,NaN,NaN,NaN,0,20.1,19.359,0,5.407328,0.269,0,0.9631,165.2423,0,1,0,0,-0.9631,0,0.269,261.8365,0,0,0,1
766.0249,766.02,0.014291,0.014201,776.5594,165.4358,0,261.8909,2.801309,2.801309,-7.959716,NaN,NaN,NaN,NaN,0,20.1,19.35147,0,5.434216,0.2704,0,0.9628,165.4358,0,1,0,0,-0.9628,0,0.2704,261.8909,0,0,0,1
766.0441,766.04,0.019278,0.015217,776.5792,165.8226,0,262.0004,2.780494,2.780494,-8.040283,NaN,NaN,NaN,NaN,0,20.1,19.33614,0,5.488504,0.2731,0,0.962,165.8226,0,1,0,0,-0.962,0,0.2731,262.0004,0,0,0,1
766.058,766.05,0.013849,0.014943,776.5927,166.0159,0,262.0555,2.769664,2.769664,-8.102539,NaN,NaN,NaN,NaN,0,20.1,19.32836,0,5.515842,0.2744,0,0.9616,166.0159,0,1,0,0,-0.9616,0,0.2744,262.0555,0,0,0,1
766.077,766.07,0.018945,0.015743,776.6119,166.4022,0,262.1666,2.747158,2.747158,-8.117188,NaN,NaN,NaN,NaN,0,20.1,19.31265,0,5.570588,0.2771,0,0.9608,166.4022,0,1,0,0,-0.9608,0,0.2771,262.1666,0,0,0,1
766.0897,766.08,0.012764,0.015147,776.6242,166.5952,0,262.2226,2.735453,2.735453,-8.131836,NaN,NaN,NaN,NaN,0,20.1,19.30473,0,5.597991,0.2785,0,0.9604,166.5952,0,1,0,0,-0.9604,0,0.2785,262.2226,0,0,0,1
766.1019,766.1,0.012219,0.014562,776.6368,166.9811,0,262.3354,2.71126,2.71126,-8.131836,NaN,NaN,NaN,NaN,0,20.1,19.28876,0,5.652762,0.2812,0,0.9596,166.9811,0,1,0,0,-0.9596,0,0.2812,262.3354,0,0,0,1
766.115,766.11,0.013046,0.014258,776.6495,167.1739,0,262.3922,2.698707,2.698707,-8.131836,NaN,NaN,NaN,NaN,0,20.1,19.28072,0,5.680133,0.2826,0,0.9592,167.1739,0,1,0,0,-0.9592,0,0.2826,262.3922,0,0,0,1
766.1272,766.12,0.012235,0.013854,776.6617,167.3666,0,262.4492,2.685874,2.685874,-8.131836,NaN,NaN,NaN,NaN,0,20.1,19.27264,0,5.707493,0.284,0,0.9588,167.3666,0,1,0,0,-0.9588,0,0.284,262.4492,0,0,0,1
766.1401,766.14,0.012891,0.013661,776.6752,167.7518,0,262.5642,2.659366,2.659366,-8.131836,NaN,NaN,NaN,NaN,0,20.1,19.25636,0,5.762177,0.2867,0,0.958,167.7518,0,1,0,0,-0.958,0,0.2867,262.5642,0,0,0,1
766.1536,766.15,0.013507,0.01363,776.6882,167.9443,0,262.6221,2.645685,2.645685,-8.146484,NaN,NaN,NaN,NaN,0,20.1,19.24814,0,5.789554,0.288,0,0.9576,167.9443,0,1,0,0,-0.9576,0,0.288,262.6221,0,0,0,1
766.166,766.16,0.012432,0.013391,776.7006,168.1367,0,262.6802,2.631727,2.631727,-8.186768,NaN,NaN,NaN,NaN,0,20.1,19.23985,0,5.817049,0.2894,0,0.9572,168.1367,0,1,0,0,-0.9572,0,0.2894,262.6802,0,0,0,1
766.1788,766.17,0.01272,0.013256,776.7136,168.329,0,262.7387,2.617486,2.617486,-8.252692,NaN,NaN,NaN,NaN,0,20.1,19.23146,0,5.844755,0.2908,0,0.9568,168.329,0,1,0,0,-0.9568,0,0.2908,262.7387,0,0,0,1
766.2,766.19,0.021169,0.014839,776.735,168.7134,0,262.8564,2.588096,2.588096,-8.355231,NaN,NaN,NaN,NaN,0,20.1,19.21433,0,5.900818,0.2936,0,0.9559,168.7134,0,1,0,0,-0.9559,0,0.2936,262.8564,0,0,0,1
766.2134,766.21,0.013507,0.014573,776.7485,169.0974,0,262.9753,2.557543,2.557543,-8.523688,NaN,NaN,NaN,NaN,0,20.1,19.19669,0,5.957962,0.2964,0,0.9551,169.0974,0,1,0,0,-0.9551,0,0.2964,262.9753,0,0,0,1
766.234,766.23,0.020557,0.015769,776.7693,169.4811,0,263.0953,2.525746,2.525746,-8.666511,NaN,NaN,NaN,NaN,0,20.1,19.17857,0,6.016008,0.2993,0,0.9542,169.4811,0,1,0,0,-0.9542,0,0.2993,263.0953,0,0,0,1
766.2477,766.24,0.013702,0.015356,776.7823,169.6728,0,263.1558,2.509377,2.509377,-8.922865,NaN,NaN,NaN,NaN,0,20.1,19.16918,0,6.045866,0.3008,0,0.9537,169.6728,0,1,0,0,-0.9537,0,0.3008,263.1558,0,0,0,1
766.2618,766.26,0.014099,0.015105,776.7971,170.0559,0,263.2776,2.475726,2.475726,-9.098646,NaN,NaN,NaN,NaN,0,20.1,19.14989,0,6.106715,0.3038,0,0.9527,170.0559,0,1,0,0,-0.9527,0,0.3038,263.2776,0,0,0,1
766.2755,766.27,0.013686,0.014821,776.81,170.2473,0,263.339,2.458417,2.458417,-9.281759,NaN,NaN,NaN,NaN,0,20.1,19.13997,0,6.137731,0.3054,0,0.9522,170.2473,0,1,0,0,-0.9522,0,0.3054,263.339,0,0,0,1
766.2888,766.28,0.013329,0.014522,776.8236,170.4386,0,263.4007,2.440735,2.440735,-9.483175,NaN,NaN,NaN,NaN,0,20.1,19.12978,0,6.169401,0.3069,0,0.9517,170.4386,0,1,0,0,-0.9517,0,0.3069,263.4007,0,0,0,1
766.3015,766.3,0.012643,0.014147,776.8365,170.8209,0,263.525,2.404426,2.404426,-9.655302,NaN,NaN,NaN,NaN,0,20.1,19.10888,0,6.233841,0.3101,0,0.9507,170.8209,0,1,0,0,-0.9507,0,0.3101,263.525,0,0,0,1
766.3218,766.32,0.020348,0.015387,776.8569,171.2027,0,263.6507,2.366773,2.366773,-9.779814,NaN,NaN,NaN,NaN,0,20.1,19.08749,0,6.299037,0.3134,0,0.9496,171.2027,0,1,0,0,-0.9496,0,0.3134,263.6507,0,0,0,1
766.335,766.33,0.013203,0.01495,776.8697,171.3935,0,263.714,2.347399,2.347399,-9.951933,NaN,NaN,NaN,NaN,0,20.1,19.07652,0,6.332182,0.315,0,0.9491,171.3935,0,1,0,0,-0.9491,0,0.315,263.714,0,0,0,1
766.355,766.35,0.020004,0.015961,776.8898,171.7747,0,263.8416,2.307647,2.307647,-10.03982,NaN,NaN,NaN,NaN,0,20.1,19.05421,0,6.398998,0.3184,0,0.948,171.7747,0,1,0,0,-0.948,0,0.3184,263.8416,0,0,0,1
766.3679,766.36,0.012921,0.015353,776.9023,171.9651,0,263.906,2.287903,2.287903,-10.10209,NaN,NaN,NaN,NaN,0,20.1,19.0429,0,6.432581,0.32,0,0.9474,171.9651,0,1,0,0,-0.9474,0,0.32,263.906,0,0,0,1
766.3802,766.38,0.012298,0.014742,776.915,172.3456,0,264.0356,2.24916,2.24916,-10.10209,NaN,NaN,NaN,NaN,0,20.1,19.02009,0,6.499695,0.3234,0,0.9463,172.3456,0,1,0,0,-0.9463,0,0.3234,264.0356,0,0,0,1
766.393,766.39,0.012752,0.014344,776.9276,172.5357,0,264.101,2.229239,2.229239,-10.10209,NaN,NaN,NaN,NaN,0,20.1,19.00861,0,6.533217,0.325,0,0.9457,172.5357,0,1,0,0,-0.9457,0,0.325,264.101,0,0,0,1
766.4056,766.4,0.012689,0.014013,776.9401,172.7257,0,264.1667,2.208923,2.208923,-10.10209,NaN,NaN,NaN,NaN,0,20.1,18.99706,0,6.566723,0.3267,0,0.9451,172.7257,0,1,0,0,-0.9451,0,0.3267,264.1667,0,0,0,1
766.4181,766.41,0.012449,0.0137,776.9526,172.9155,0,264.2327,2.189305,2.189305,-10.10209,NaN,NaN,NaN,NaN,0,20.1,18.98545,0,6.600205,0.3284,0,0.9445,172.9155,0,1,0,0,-0.9445,0,0.3284,264.2327,0,0,0,1
766.4321,766.43,0.013957,0.013751,776.9669,173.2949,0,264.3657,2.153286,2.153286,-10.10209,NaN,NaN,NaN,NaN,0,20.1,18.96206,0,6.667111,0.3317,0,0.9434,173.2949,0,1,0,0,-0.9434,0,0.3317,264.3657,0,0,0,1
766.4454,766.44,0.01337,0.013675,776.9799,173.4844,0,264.4327,2.134711,2.134711,-10.10209,NaN,NaN,NaN,NaN,0,20.1,18.95027,0,6.700534,0.3334,0,0.9428,173.4844,0,1,0,0,-0.9428,0,0.3334,264.4327,0,0,0,1
766.4663,766.46,0.020856,0.015111,777.0011,173.863,0,264.5677,2.096941,2.096941,-10.10209,NaN,NaN,NaN,NaN,0,20.1,18.92653,0,6.767317,0.3367,0,0.9416,173.863,0,1,0,0,-0.9416,0,0.3367,264.5677,0,0,0,1
766.478,766.47,0.011722,0.014433,777.0125,174.0522,0,264.6357,2.080483,2.080483,-10.10209,NaN,NaN,NaN,NaN,0,20.1,18.91457,0,6.800677,0.3383,0,0.941,174.0522,0,1,0,0,-0.941,0,0.3383,264.6357,0,0,0,1
766.4905,766.49,0.012512,0.014049,777.0255,174.4301,0,264.7727,2.046432,2.046432,-10.10209,NaN,NaN,NaN,NaN,0,20.1,18.89047,0,6.867331,0.3417,0,0.9398,174.4301,0,1,0,0,-0.9398,0,0.3417,264.7727,0,0,0,1
766.5102,766.51,0.019676,0.015175,777.0451,174.8075,0,264.9111,2.011031,2.011031,-10.10209,NaN,NaN,NaN,NaN,0,20.1,18.86614,0,6.933899,0.345,0,0.9386,174.8075,0,1,0,0,-0.9386,0,0.345,264.9111,0,0,0,1
766.523,766.52,0.012812,0.014702,777.0576,174.9961,0,264.9807,1.995842,1.995842,-10.10209,NaN,NaN,NaN,NaN,0,20.1,18.85388,0,6.967153,0.3466,0,0.938,174.9961,0,1,0,0,-0.938,0,0.3466,264.9807,0,0,0,1
766.5347,766.53,0.01173,0.014108,777.0693,175.1845,0,265.0508,1.980311,1.980311,-10.10209,NaN,NaN,NaN,NaN,0,20.1,18.84157,0,7.000384,0.3483,0,0.9374,175.1845,0,1,0,0,-0.9374,0,0.3483,265.0508,0,0,0,1
766.5488,766.54,0.014025,0.014091,777.0832,175.3728,0,265.1211,1.964441,1.964441,-10.10209,NaN,NaN,NaN,NaN,0,20.1,18.8292,0,7.033592,0.3499,0,0.9368,175.3728,0,1,0,0,-0.9368,0,0.3499,265.1211,0,0,0,1
766.5619,766.56,0.013142,0.013901,777.0969,175.749,0,265.2628,1.931598,1.931598,-10.10209,NaN,NaN,NaN,NaN,0,20.1,18.80428,0,7.099945,0.3532,0,0.9355,175.749,0,1,0,0,-0.9355,0,0.3532,265.2628,0,0,0,1
766.5766,766.57,0.014694,0.01406,777.111,175.9369,0,265.3341,1.917411,1.917411,-10.10209,NaN,NaN,NaN,NaN,0,20.1,18.79173,0,7.133089,0.3549,0,0.9349,175.9369,0,1,0,0,-0.9349,0,0.3549,265.3341,0,0,0,1
766.5884,766.58,0.011783,0.013604,777.1227,176.1247,0,265.4058,1.90328,1.90328,-10.10209,NaN,NaN,NaN,NaN,0,20.1,18.77912,0,7.16621,0.3565,0,0.9343,176.1247,0,1,0,0,-0.9343,0,0.3565,265.4058,0,0,0,1
766.6002,766.6,0.011754,0.013234,777.1349,176.4999,0,265.5501,1.873867,1.873867,-10.10209,NaN,NaN,NaN,NaN,0,20.1,18.75374,0,7.232385,0.3598,0,0.933,176.4999,0,1,0,0,-0.933,0,0.3598,265.5501,0,0,0,1
766.6121,766.61,0.011879,0.012963,777.1464,176.6873,0,265.6227,1.858625,1.858625,-10.10209,NaN,NaN,NaN,NaN,0,20.1,18.74096,0,7.265441,0.3615,0,0.9324,176.6873,0,1,0,0,-0.9324,0,0.3615,265.6227,0,0,0,1
766.633,766.63,0.020985,0.014568,777.1677,177.0618,0,265.769,1.832567,1.832567,-10.10209,NaN,NaN,NaN,NaN,0,20.1,18.71522,0,7.331481,0.3648,0,0.9311,177.0618,0,1,0,0,-0.9311,0,0.3648,265.769,0,0,0,1
766.6452,766.64,0.012167,0.014087,777.1796,177.2488,0,265.8427,1.819404,1.819404,-10.10209,NaN,NaN,NaN,NaN,0,20.1,18.70226,0,7.364468,0.3664,0,0.9305,177.2488,0,1,0,0,-0.9305,0,0.3664,265.8427,0,0,0,1
766.6561,766.65,0.010903,0.013451,777.1904,177.4357,0,265.9167,1.805871,1.805871,-10.10209,NaN,NaN,NaN,NaN,0,20.1,18.68925,0,7.397432,0.368,0,0.9298,177.4357,0,1,0,0,-0.9298,0,0.368,265.9167,0,0,0,1
766.6678,766.66,0.011738,0.013108,777.2023,177.6224,0,265.991,1.791968,1.791968,-10.10209,NaN,NaN,NaN,NaN,0,20.1,18.67618,0,7.43037,0.3697,0,0.9292,177.6224,0,1,0,0,-0.9292,0,0.3697,265.991,0,0,0,1
766.6799,766.67,0.012067,0.0129,777.2144,177.8091,0,266.0656,1.779646,1.779646,-10.10209,NaN,NaN,NaN,NaN,0,20.1,18.66305,0,7.463289,0.3713,0,0.9285,177.8091,0,1,0,0,-0.9285,0,0.3713,266.0656,0,0,0,1
766.6926,766.69,0.012722,0.012864,777.2275,178.1819,0,266.2159,1.756426,1.756426,-10.10209,NaN,NaN,NaN,NaN,0,20.1,18.63662,0,7.529051,0.3746,0,0.9272,178.1819,0,1,0,0,-0.9272,0,0.3746,266.2159,0,0,0,1
766.7055,766.7,0.012892,0.01287,777.24,178.3682,0,266.2915,1.744248,1.744248,-10.10209,NaN,NaN,NaN,NaN,0,20.1,18.62331,0,7.561901,0.3762,0,0.9265,178.3682,0,1,0,0,-0.9265,0,0.3762,266.2915,0,0,0,1
766.7185,766.71,0.013018,0.012899,777.2529,178.5543,0,266.3674,1.73169,1.73169,-10.10209,NaN,NaN,NaN,NaN,0,20.1,18.60995,0,7.594723,0.3778,0,0.9259,178.5543,0,1,0,0,-0.9259,0,0.3778,266.3674,0,0,0,1
766.7317,766.73,0.013152,0.01295,777.2664,178.9261,0,266.5203,1.710261,1.710261,-10.10209,NaN,NaN,NaN,NaN,0,20.1,18.58306,0,7.660298,0.3811,0,0.9245,178.9261,0,1,0,0,-0.9245,0,0.3811,266.5203,0,0,0,1
766.7434,766.74,0.011753,0.012711,777.2778,179.1118,0,266.5972,1.699812,1.699812,-10.10209,NaN,NaN,NaN,NaN,0,20.1,18.56952,0,7.693052,0.3827,0,0.9239,179.1118,0,1,0,0,-0.9239,0,0.3827,266.5972,0,0,0,1
766.7555,766.75,0.01205,0.012579,777.29,179.2973,0,266.6745,1.68899,1.68899,-10.10209,NaN,NaN,NaN,NaN,0,20.1,18.55592,0,7.725782,0.3844,0,0.9232,179.2973,0,1,0,0,-0.9232,0,0.3844,266.6745,0,0,0,1
766.7675,766.76,0.012067,0.012476,777.3019,179.4828,0,266.7521,1.677799,1.677799,-10.10209,NaN,NaN,NaN,NaN,0,20.1,18.54227,0,7.758487,0.386,0,0.9225,179.4828,0,1,0,0,-0.9225,0,0.386,266.7521,0,0,0,1
766.7872,766.78,0.019676,0.013916,777.322,179.8532,0,266.9082,1.658701,1.658701,-10.10209,NaN,NaN,NaN,NaN,0,20.1,18.5148,0,7.823824,0.3892,0,0.9211,179.8532,0,1,0,0,-0.9211,0,0.3892,266.9082,0,0,0,1
766.7994,766.79,0.012166,0.013566,777.3341,180.0382,0,266.9868,1.649597,1.649597,-10.10209,NaN,NaN,NaN,NaN,0,20.1,18.50098,0,7.856454,0.3909,0,0.9204,180.0382,0,1,0,0,-0.9204,0,0.3909,266.9868,0,0,0,1
766.8137,766.81,0.014288,0.01371,777.3486,180.4078,0,267.1449,1.630292,1.630292,-10.10209,NaN,NaN,NaN,NaN,0,20.1,18.47316,0,7.921647,0.3941,0,0.9191,180.4078,0,1,0,0,-0.9191,0,0.3941,267.1449,0,0,0,1
766.8264,766.82,0.012705,0.013509,777.361,180.5924,0,267.2244,1.620938,1.620938,-10.10209,NaN,NaN,NaN,NaN,0,20.1,18.45916,0,7.954202,0.3957,0,0.9184,180.5924,0,1,0,0,-0.9184,0,0.3957,267.2244,0,0,0,1
766.8383,766.83,0.011922,0.013192,777.3729,180.7769,0,267.3043,1.613565,1.613565,-10.10209,NaN,NaN,NaN,NaN,0,20.1,18.44511,0,7.986735,0.3974,0,0.9177,180.7769,0,1,0,0,-0.9177,0,0.3974,267.3043,0,0,0,1
766.8494,766.84,0.011125,0.012778,777.3839,180.9612,0,267.3845,1.605814,1.605814,-10.10209,NaN,NaN,NaN,NaN,0,20.1,18.431,0,8.019247,0.399,0,0.917,180.9612,0,1,0,0,-0.917,0,0.399,267.3845,0,0,0,1
766.8607,766.86,0.011258,0.012474,777.3956,181.3294,0,267.5458,1.589249,1.589249,-10.10209,NaN,NaN,NaN,NaN,0,20.1,18.40261,0,8.084188,0.4022,0,0.9156,181.3294,0,1,0,0,-0.9156,0,0.4022,267.5458,0,0,0,1
766.8732,766.87,0.012471,0.012474,777.4077,181.5132,0,267.627,1.580891,1.580891,-10.10209,NaN,NaN,NaN,NaN,0,20.1,18.38833,0,8.116621,0.4038,0,0.9148,181.5132,0,1,0,0,-0.9148,0,0.4038,267.627,0,0,0,1
766.8856,766.88,0.012464,0.012472,777.42,181.697,0,267.7085,1.574891,1.574891,-10.10209,NaN,NaN,NaN,NaN,0,20.1,18.37399,0,8.14903,0.4054,0,0.9141,181.697,0,1,0,0,-0.9141,0,0.4054,267.7085,0,0,0,1
766.8987,766.89,0.013069,0.012591,777.4331,181.8806,0,267.7903,1.568506,1.568506,-10.10209,NaN,NaN,NaN,NaN,0,20.1,18.35959,0,8.181411,0.407,0,0.9134,181.8806,0,1,0,0,-0.9134,0,0.407,267.7903,0,0,0,1
766.9119,766.91,0.013213,0.012716,777.4467,182.2473,0,267.9549,1.554643,1.554643,-10.10209,NaN,NaN,NaN,NaN,0,20.1,18.33063,0,8.2461,0.4103,0,0.912,182.2473,0,1,0,0,-0.912,0,0.4103,267.9549,0,0,0,1
766.9328,766.93,0.02088,0.014348,777.4675,182.6135,0,268.1208,1.542671,1.542671,-10.10209,NaN,NaN,NaN,NaN,0,20.1,18.30144,0,8.310689,0.4135,0,0.9105,182.6135,0,1,0,0,-0.9105,0,0.4135,268.1208,0,0,0,1
766.9459,766.94,0.013063,0.014091,777.4803,182.7964,0,268.2042,1.537647,1.537647,-10.10209,NaN,NaN,NaN,NaN,0,20.1,18.28675,0,8.342945,0.4151,0,0.9098,182.7964,0,1,0,0,-0.9098,0,0.4151,268.2042,0,0,0,1
766.9657,766.96,0.019881,0.015249,777.5005,183.1617,0,268.372,1.526481,1.526481,-10.10941,NaN,NaN,NaN,NaN,0,20.1,18.25719,0,8.407429,0.4183,0,0.9083,183.1617,0,1,0,0,-0.9083,0,0.4183,268.372,0,0,0,1
766.9778,766.97,0.012127,0.014625,777.5125,183.3441,0,268.4565,1.520369,1.520369,-10.17899,NaN,NaN,NaN,NaN,0,20.1,18.24223,0,8.439849,0.4199,0,0.9076,183.3441,0,1,0,0,-0.9076,0,0.4199,268.4565,0,0,0,1
766.9894,766.98,0.011612,0.014022,777.524,183.5264,0,268.5412,1.516893,1.516893,-10.25589,NaN,NaN,NaN,NaN,0,20.1,18.22709,0,8.472489,0.4215,0,0.9068,183.5264,0,1,0,0,-0.9068,0,0.4215,268.5412,0,0,0,1
767.0018,767,0.012342,0.013686,777.537,183.8904,0,268.7116,1.509124,1.509124,-10.34379,NaN,NaN,NaN,NaN,0,20.1,18.19639,0,8.538245,0.4248,0,0.9053,183.8904,0,1,0,0,-0.9053,0,0.4248,268.7116,0,0,0,1
767.0151,767.01,0.013361,0.013621,777.5497,184.0723,0,268.7973,1.50467,1.50467,-10.44632,NaN,NaN,NaN,NaN,0,20.1,18.18079,0,8.571407,0.4264,0,0.9045,184.0723,0,1,0,0,-0.9045,0,0.4264,268.7973,0,0,0,1
767.0278,767.02,0.012682,0.013433,777.5624,184.2539,0,268.8834,1.499799,1.499799,-10.57084,NaN,NaN,NaN,NaN,0,20.1,18.16494,0,8.604935,0.4281,0,0.9037,184.2539,0,1,0,0,-0.9037,0,0.4281,268.8834,0,0,0,1
767.0399,767.03,0.012073,0.013161,777.5745,184.4354,0,268.9698,1.497365,1.497365,-10.69535,NaN,NaN,NaN,NaN,0,20.1,18.14885,0,8.638828,0.4298,0,0.9029,184.4354,0,1,0,0,-0.9029,0,0.4298,268.9698,0,0,0,1
767.053,767.05,0.013124,0.013154,777.5879,184.7979,0,269.1436,1.492135,1.492135,-10.80888,NaN,NaN,NaN,NaN,0,20.1,18.11613,0,8.70724,0.4332,0,0.9013,184.7979,0,1,0,0,-0.9013,0,0.4332,269.1436,0,0,0,1
767.0659,767.06,0.012887,0.013101,777.6005,184.9789,0,269.231,1.488956,1.488956,-10.91508,NaN,NaN,NaN,NaN,0,20.1,18.09951,0,8.741736,0.4349,0,0.9005,184.9789,0,1,0,0,-0.9005,0,0.4349,269.231,0,0,0,1
767.077,767.07,0.011101,0.012701,777.6119,185.1597,0,269.3188,1.485331,1.485331,-10.99565,NaN,NaN,NaN,NaN,0,20.1,18.0827,0,8.776455,0.4366,0,0.8996,185.1597,0,1,0,0,-0.8996,0,0.4366,269.3188,0,0,0,1
767.0993,767.09,0.022286,0.014618,777.6343,185.5209,0,269.4953,1.482609,1.482609,-11.05059,NaN,NaN,NaN,NaN,0,20.1,18.04871,0,8.846144,0.4401,0,0.8979,185.5209,0,1,0,0,-0.8979,0,0.4401,269.4953,0,0,0,1
767.1119,767.11,0.012601,0.014214,777.6469,185.8813,0,269.6733,1.478951,1.478951,-11.16411,NaN,NaN,NaN,NaN,0,20.1,18.0141,0,8.91641,0.4436,0,0.8962,185.8813,0,1,0,0,-0.8962,0,0.4436,269.6733,0,0,0,1
767.1326,767.13,0.020698,0.015511,777.6676,186.2411,0,269.8527,1.475913,1.475913,-11.24102,NaN,NaN,NaN,NaN,0,20.1,17.97897,0,8.987027,0.4471,0,0.8945,186.2411,0,1,0,0,-0.8945,0,0.4471,269.8527,0,0,0,1
767.1451,767.14,0.012549,0.014919,777.6799,186.4207,0,269.9429,1.475803,1.475803,-11.38018,NaN,NaN,NaN,NaN,0,20.1,17.96109,0,9.022718,0.4489,0,0.8936,186.4207,0,1,0,0,-0.8936,0,0.4489,269.9429,0,0,0,1
767.1572,767.15,0.011999,0.014335,777.6918,186.6001,0,270.0335,1.475357,1.475357,-11.47539,NaN,NaN,NaN,NaN,0,20.1,17.94298,0,9.058673,0.4507,0,0.8927,186.6001,0,1,0,0,-0.8927,0,0.4507,270.0335,0,0,0,1
767.1699,767.16,0.012759,0.014019,777.7046,186.7794,0,270.1245,1.474461,1.474461,-11.58526,NaN,NaN,NaN,NaN,0,20.1,17.92462,0,9.094937,0.4525,0,0.8918,186.7794,0,1,0,0,-0.8918,0,0.4525,270.1245,0,0,0,1
767.1817,767.18,0.011776,0.013571,777.717,187.1373,0,270.3074,1.473325,1.473325,-11.72442,NaN,NaN,NaN,NaN,0,20.1,17.88725,0,9.168218,0.4561,0,0.8899,187.1373,0,1,0,0,-0.8899,0,0.4561,270.3074,0,0,0,1
767.1941,767.19,0.012391,0.013335,777.7289,187.316,0,270.3995,1.474349,1.474349,-11.88922,NaN,NaN,NaN,NaN,0,20.1,17.86819,0,9.205314,0.458,0,0.889,187.316,0,1,0,0,-0.889,0,0.458,270.3995,0,0,0,1
767.2064,767.2,0.012286,0.013125,777.741,187.4945,0,270.4919,1.474908,1.474908,-12.06867,NaN,NaN,NaN,NaN,0,20.1,17.84876,0,9.242932,0.4598,0,0.888,187.4945,0,1,0,0,-0.888,0,0.4598,270.4919,0,0,0,1
767.2192,767.21,0.012829,0.013066,777.7538,187.6727,0,270.5847,1.475036,1.475036,-12.26642,NaN,NaN,NaN,NaN,0,20.1,17.82893,0,9.281122,0.4617,0,0.887,187.6727,0,1,0,0,-0.887,0,0.4617,270.5847,0,0,0,1
767.2319,767.23,0.012661,0.012985,777.7671,188.0287,0,270.7715,1.475591,1.475591,-12.52278,NaN,NaN,NaN,NaN,0,20.1,17.78819,0,9.358971,0.4656,0,0.885,188.0287,0,1,0,0,-0.885,0,0.4656,270.7715,0,0,0,1
767.2444,767.24,0.012544,0.012896,777.7791,188.2064,0,270.8655,1.477559,1.477559,-12.76447,NaN,NaN,NaN,NaN,0,20.1,17.7673,0,9.398574,0.4676,0,0.8839,188.2064,0,1,0,0,-0.8839,0,0.4676,270.8655,0,0,0,1
767.2673,767.26,0.022931,0.014903,777.8023,188.5611,0,271.0547,1.480085,1.480085,-13.03914,NaN,NaN,NaN,NaN,0,20.1,17.72433,0,9.479346,0.4716,0,0.8818,188.5611,0,1,0,0,-0.8818,0,0.4716,271.0547,0,0,0,1
767.2794,767.27,0.012022,0.014327,777.8138,188.7381,0,271.1499,1.48059,1.48059,-13.62509,NaN,NaN,NaN,NaN,0,20.1,17.70174,0,9.521469,0.4737,0,0.8807,188.7381,0,1,0,0,-0.8807,0,0.4737,271.1499,0,0,0,1
767.2988,767.29,0.019448,0.015351,777.8339,189.0915,0,271.3416,1.484723,1.484723,-13.91806,NaN,NaN,NaN,NaN,0,20.1,17.65528,0,9.607357,0.478,0,0.8784,189.0915,0,1,0,0,-0.8784,0,0.478,271.3416,0,0,0,1
767.312,767.31,0.013197,0.01492,777.8475,189.4438,0,271.5351,1.488614,1.488614,-14.44907,NaN,NaN,NaN,NaN,0,20.1,17.60659,0,9.696283,0.4824,0,0.8759,189.4438,0,1,0,0,-0.8759,0,0.4824,271.5351,0,0,0,1
767.3239,767.32,0.011926,0.014321,777.8586,189.6197,0,271.6325,1.489775,1.489775,-14.75669,NaN,NaN,NaN,NaN,0,20.1,17.58156,0,9.741598,0.4847,0,0.8747,189.6197,0,1,0,0,-0.8747,0,0.4847,271.6325,0,0,0,1
767.3365,767.33,0.012588,0.013975,777.8712,189.7952,0,271.7304,1.491459,1.491459,-15.06798,NaN,NaN,NaN,NaN,0,20.1,17.55588,0,9.7878,0.487,0,0.8734,189.7952,0,1,0,0,-0.8734,0,0.487,271.7304,0,0,0,1
767.3489,767.34,0.012331,0.013646,777.8835,189.9705,0,271.8287,1.494698,1.494698,-15.43053,NaN,NaN,NaN,NaN,0,20.1,17.52946,0,9.835044,0.4893,0,0.8721,189.9705,0,1,0,0,-0.8721,0,0.4893,271.8287,0,0,0,1
767.3605,767.36,0.011692,0.013255,777.896,190.3203,0,272.0269,1.499512,1.499512,-15.72351,NaN,NaN,NaN,NaN,0,20.1,17.47522,0,9.931106,0.4941,0,0.8694,190.3203,0,1,0,0,-0.8694,0,0.4941,272.0269,0,0,0,1
767.3745,767.37,0.013969,0.013398,777.9092,190.4948,0,272.1266,1.501071,1.501071,-16.03113,NaN,NaN,NaN,NaN,0,20.1,17.44736,0,9.979959,0.4965,0,0.868,190.4948,0,1,0,0,-0.868,0,0.4965,272.1266,0,0,0,1
767.3872,767.38,0.012702,0.013259,777.9218,190.6689,0,272.227,1.502777,1.502777,-16.37537,NaN,NaN,NaN,NaN,0,20.1,17.41877,0,10.02978,0.499,0,0.8666,190.6689,0,1,0,0,-0.8666,0,0.499,272.227,0,0,0,1
767.3997,767.39,0.012465,0.0131,777.9341,190.8428,0,272.3278,1.506328,1.506328,-16.66835,NaN,NaN,NaN,NaN,0,20.1,17.38952,0,10.08042,0.5015,0,0.8652,190.8428,0,1,0,0,-0.8652,0,0.5015,272.3278,0,0,0,1
767.4202,767.42,0.020544,0.014589,777.9557,191.3627,0,272.6333,1.513309,1.513309,-16.95765,NaN,NaN,NaN,NaN,0,20.1,17.29933,0,10.23442,0.5092,0,0.8607,191.3627,0,1,0,0,-0.8607,0,0.5092,272.6333,0,0,0,1
767.434,767.43,0.013715,0.014414,777.9686,191.5354,0,272.7361,1.51489,1.51489,-17.4374,NaN,NaN,NaN,NaN,0,20.1,17.2681,0,10.28702,0.5118,0,0.8591,191.5354,0,1,0,0,-0.8591,0,0.5118,272.7361,0,0,0,1
767.4456,767.44,0.011599,0.013851,777.98,191.7078,0,272.8395,1.518558,1.518558,-17.6791,NaN,NaN,NaN,NaN,0,20.1,17.23627,0,10.34025,0.5144,0,0.8575,191.7078,0,1,0,0,-0.8575,0,0.5144,272.8395,0,0,0,1
767.4662,767.46,0.020722,0.015225,778.0013,192.0515,0,273.048,1.52393,1.52393,-17.91714,NaN,NaN,NaN,NaN,0,20.1,17.17127,0,10.44785,0.5198,0,0.8543,192.0515,0,1,0,0,-0.8543,0,0.5198,273.048,0,0,0,1
767.4788,767.47,0.012592,0.014699,778.0136,192.2229,0,273.153,1.525633,1.525633,-18.31632,NaN,NaN,NaN,NaN,0,20.1,17.13778,0,10.50269,0.5225,0,0.8526,192.2229,0,1,0,0,-0.8526,0,0.5225,273.153,0,0,0,1
767.4903,767.49,0.011474,0.014054,778.0251,192.5646,0,273.3647,1.530443,1.530443,-18.50675,NaN,NaN,NaN,NaN,0,20.1,17.06958,0,10.61318,0.528,0,0.8492,192.5646,0,1,0,0,-0.8492,0,0.528,273.3647,0,0,0,1
767.5026,767.5,0.012284,0.0137,778.0372,192.735,0,273.4714,1.53337,1.53337,-18.67521,NaN,NaN,NaN,NaN,0,20.1,17.03489,0,10.66876,0.5308,0,0.8475,192.735,0,1,0,0,-0.8475,0,0.5308,273.4714,0,0,0,1
767.5154,767.51,0.012773,0.013514,778.0505,192.905,0,273.5787,1.535647,1.535647,-18.82902,NaN,NaN,NaN,NaN,0,20.1,16.99974,0,10.72469,0.5336,0,0.8458,192.905,0,1,0,0,-0.8458,0,0.5336,273.5787,0,0,0,1
767.5299,767.52,0.014558,0.013723,778.0644,193.0746,0,273.6865,1.537197,1.537197,-18.96086,NaN,NaN,NaN,NaN,0,20.1,16.96416,0,10.78088,0.5364,0,0.844,193.0746,0,1,0,0,-0.844,0,0.5364,273.6865,0,0,0,1
767.5411,767.54,0.011148,0.013208,778.0762,193.4128,0,273.9038,1.541363,1.541363,-19.08538,NaN,NaN,NaN,NaN,0,20.1,16.89196,0,10.89366,0.542,0,0.8404,193.4128,0,1,0,0,-0.8404,0,0.542,273.9038,0,0,0,1
767.5551,767.55,0.014019,0.01337,778.0897,193.5814,0,274.0133,1.544071,1.544071,-19.15862,NaN,NaN,NaN,NaN,0,20.1,16.85544,0,10.95008,0.5448,0,0.8386,193.5814,0,1,0,0,-0.8386,0,0.5448,274.0133,0,0,0,1
767.5678,767.56,0.012712,0.013239,778.1024,193.7495,0,274.1234,1.546087,1.546087,-19.20989,NaN,NaN,NaN,NaN,0,20.1,16.81863,0,11.00653,0.5476,0,0.8367,193.7495,0,1,0,0,-0.8367,0,0.5476,274.1234,0,0,0,1
767.5869,767.58,0.019088,0.014408,778.1216,194.0848,0,274.3452,1.548101,1.548101,-19.20989,NaN,NaN,NaN,NaN,0,20.1,16.74445,0,11.11906,0.5532,0,0.8331,194.0848,0,1,0,0,-0.8331,0,0.5532,274.3452,0,0,0,1
767.6069,767.6,0.020046,0.015536,778.1419,194.4186,0,274.5692,1.553293,1.553293,-19.20989,NaN,NaN,NaN,NaN,0,20.1,16.66951,0,11.23109,0.5588,0,0.8293,194.4186,0,1,0,0,-0.8293,0,0.5588,274.5692,0,0,0,1
767.6227,767.62,0.015758,0.01558,778.1577,194.7509,0,274.7955,1.556203,1.556203,-19.20989,NaN,NaN,NaN,NaN,0,20.1,16.59383,0,11.34262,0.5643,0,0.8256,194.7509,0,1,0,0,-0.8256,0,0.5643,274.7955,0,0,0,1
767.6377,767.63,0.014997,0.015464,778.1723,194.9164,0,274.9095,1.556591,1.556591,-19.20989,NaN,NaN,NaN,NaN,0,20.1,16.55571,0,11.39819,0.5671,0,0.8237,194.9164,0,1,0,0,-0.8237,0,0.5671,274.9095,0,0,0,1
767.6497,767.64,0.012044,0.01478,778.1843,195.0816,0,275.024,1.558794,1.558794,-19.20989,NaN,NaN,NaN,NaN,0,20.1,16.5174,0,11.45363,0.5698,0,0.8218,195.0816,0,1,0,0,-0.8218,0,0.5698,275.024,0,0,0,1
767.6641,767.66,0.014351,0.014694,778.1993,195.4108,0,275.2548,1.562578,1.562578,-19.20989,NaN,NaN,NaN,NaN,0,20.1,16.44023,0,11.56413,0.5753,0,0.8179,195.4108,0,1,0,0,-0.8179,0,0.5753,275.2548,0,0,0,1
767.678,767.67,0.013853,0.014526,778.2126,195.5748,0,275.3709,1.56343,1.56343,-19.20989,NaN,NaN,NaN,NaN,0,20.1,16.40136,0,11.61918,0.5781,0,0.816,195.5748,0,1,0,0,-0.816,0,0.5781,275.3709,0,0,0,1
767.6925,767.69,0.014556,0.014532,778.2274,195.9016,0,275.6049,1.565255,1.565255,-19.20989,NaN,NaN,NaN,NaN,0,20.1,16.32308,0,11.7289,0.5835,0,0.8121,195.9016,0,1,0,0,-0.8121,0,0.5835,275.6049,0,0,0,1
767.7119,767.71,0.01935,0.015495,778.2469,196.2269,0,275.8412,1.568535,1.568535,-19.20989,NaN,NaN,NaN,NaN,0,20.1,16.24406,0,11.83809,0.589,0,0.8082,196.2269,0,1,0,0,-0.8082,0,0.589,275.8412,0,0,0,1
767.7252,767.72,0.013333,0.015063,778.2598,196.389,0,275.9601,1.56917,1.56917,-19.20989,NaN,NaN,NaN,NaN,0,20.1,16.20428,0,11.89249,0.5917,0,0.8062,196.389,0,1,0,0,-0.8062,0,0.5917,275.9601,0,0,0,1
767.7442,767.74,0.019015,0.015853,778.2791,196.7118,0,276.1995,1.57022,1.57022,-19.20989,NaN,NaN,NaN,NaN,0,20.1,16.12417,0,12.00088,0.5971,0,0.8022,196.7118,0,1,0,0,-0.8022,0,0.5971,276.1995,0,0,0,1
767.7589,767.75,0.01468,0.015619,778.2935,196.8727,0,276.3201,1.57194,1.57194,-19.20989,NaN,NaN,NaN,NaN,0,20.1,16.08384,0,12.05487,0.5997,0,0.8002,196.8727,0,1,0,0,-0.8002,0,0.5997,276.3201,0,0,0,1
767.7713,767.77,0.01243,0.014981,778.3063,197.1931,0,276.5628,1.573364,1.573364,-19.20989,NaN,NaN,NaN,NaN,0,20.1,16.00265,0,12.16245,0.6051,0,0.7962,197.1931,0,1,0,0,-0.7962,0,0.6051,276.5628,0,0,0,1
767.7857,767.78,0.014414,0.014868,778.3202,197.3528,0,276.685,1.573059,1.573059,-19.20989,NaN,NaN,NaN,NaN,0,20.1,15.96178,0,12.21603,0.6078,0,0.7941,197.3528,0,1,0,0,-0.7941,0,0.6078,276.685,0,0,0,1
767.7991,767.79,0.013373,0.014569,778.3336,197.512,0,276.8076,1.573592,1.573592,-19.20989,NaN,NaN,NaN,NaN,0,20.1,15.92074,0,12.26948,0.6104,0,0.7921,197.512,0,1,0,0,-0.7921,0,0.6104,276.8076,0,0,0,1
767.8107,767.81,0.011549,0.013965,778.3458,197.8291,0,277.0546,1.575917,1.575917,-19.20989,NaN,NaN,NaN,NaN,0,20.1,15.8381,0,12.37596,0.6157,0,0.788,197.8291,0,1,0,0,-0.788,0,0.6157,277.0546,0,0,0,1
