time,fixedTime,deltaTime,smoothDeltaTime,realtimeSinceStartup,pos_x,pos_y,pos_z,distFromRoadCenter,signedDistFromRoadCenter,wheelAngle,obstacle_pos_x,obstacle_pos_y,obstacle_pos_z,distance_to_obstacle,brake_position,car_speed,car_vel_x,car_vel_y,car_vel_z,simplecar_4x4_R0C0,simplecar_4x4_R0C1,simplecar_4x4_R0C2,simplecar_4x4_R0C3,simplecar_4x4_R1C0,simplecar_4x4_R1C1,simplecar_4x4_R1C2,simplecar_4x4_R1C3,simplecar_4x4_R2C0,simplecar_4x4_R2C1,simplecar_4x4_R2C2,simplecar_4x4_R2C3,simplecar_4x4_R3C0,simplecar_4x4_R3C1,simplecar_4x4_R3C2,simplecar_4x4_R3C3
805.0192,805.01,0.014082,0.01519,815.5594,634.416,0,346.9469,1.934335,1.934335,0.664687,NaN,NaN,NaN,NaN,0,20.1,-4.439009,0,-19.60371,-0.9753,0,-0.2208,634.416,0,1,0,0,0.2208,0,-0.9753,346.9469,0,0,0,1
805.0377,805.03,0.018433,0.015839,815.5732,634.3271,0,346.5548,1.936303,1.936303,0.763564,NaN,NaN,NaN,NaN,0,20.1,-4.444233,0,-19.60253,-0.9753,0,-0.2211,634.3271,0,1,0,0,0.2211,0,-0.9753,346.5548,0,0,0,1
805.0525,805.05,0.014835,0.015638,815.5874,634.2381,0,346.1628,1.938393,1.938393,0.833144,NaN,NaN,NaN,NaN,0,20.1,-4.449934,0,-19.60123,-0.9752,0,-0.2214,634.2381,0,1,0,0,0.2214,0,-0.9752,346.1628,0,0,0,1
805.0679,805.06,0.015342,0.015579,815.6023,634.1935,0,345.9668,1.939518,1.939518,0.902724,NaN,NaN,NaN,NaN,0,20.1,-4.453023,0,-19.60053,-0.9752,0,-0.2215,634.1935,0,1,0,0,0.2215,0,-0.9752,345.9668,0,0,0,1
805.0901,805.09,0.02225,0.016913,815.6256,634.0597,0,345.3788,1.94308,1.94308,0.972304,NaN,NaN,NaN,NaN,0,20.1,-4.463,0,-19.59826,-0.975,0,-0.222,634.0597,0,1,0,0,0.222,0,-0.975,345.3788,0,0,0,1
805.1048,805.1,0.014668,0.016464,815.6393,634.0151,0,345.1829,1.944205,1.944205,1.096816,NaN,NaN,NaN,NaN,0,20.1,-4.466752,0,-19.59741,-0.975,0,-0.2222,634.0151,0,1,0,0,0.2222,0,-0.975,345.1829,0,0,0,1
805.1181,805.11,0.013305,0.015832,815.6525,633.9704,0,344.9869,1.945457,1.945457,1.144423,NaN,NaN,NaN,NaN,0,20.1,-4.470666,0,-19.59652,-0.975,0,-0.2224,633.9704,0,1,0,0,0.2224,0,-0.975,344.9869,0,0,0,1
805.1313,805.13,0.013288,0.015323,815.6662,633.8809,0,344.595,1.948085,1.948085,1.15541,NaN,NaN,NaN,NaN,0,20.1,-4.478569,0,-19.59471,-0.9749,0,-0.2228,633.8809,0,1,0,0,0.2228,0,-0.9749,344.595,0,0,0,1
805.145,805.14,0.013666,0.014992,815.6797,633.8361,0,344.3991,1.949455,1.949455,1.162734,NaN,NaN,NaN,NaN,0,20.1,-4.482545,0,-19.5938,-0.9748,0,-0.223,633.8361,0,1,0,0,0.223,0,-0.9748,344.3991,0,0,0,1
805.1576,805.15,0.012589,0.014511,815.692,633.7912,0,344.2032,1.950898,1.950898,1.162734,NaN,NaN,NaN,NaN,0,20.1,-4.486522,0,-19.59289,-0.9748,0,-0.2232,633.7912,0,1,0,0,0.2232,0,-0.9748,344.2032,0,0,0,1
805.1793,805.17,0.02162,0.015933,815.7141,633.7014,0,343.8113,1.953897,1.953897,1.162734,NaN,NaN,NaN,NaN,0,20.1,-4.494473,0,-19.59106,-0.9747,0,-0.2236,633.7014,0,1,0,0,0.2236,0,-0.9747,343.8113,0,0,0,1
805.1927,805.19,0.013497,0.015446,815.7275,633.6113,0,343.4195,1.957082,1.957082,1.162734,NaN,NaN,NaN,NaN,0,20.1,-4.502425,0,-19.58924,-0.9746,0,-0.224,633.6113,0,1,0,0,0.224,0,-0.9746,343.4195,0,0,0,1
805.2111,805.21,0.01837,0.016031,815.746,633.5212,0,343.0277,1.960332,1.960332,1.162734,NaN,NaN,NaN,NaN,0,20.1,-4.510375,0,-19.58741,-0.9745,0,-0.2244,633.5212,0,1,0,0,0.2244,0,-0.9745,343.0277,0,0,0,1
805.2273,805.22,0.016171,0.016059,815.7618,633.476,0,342.8319,1.962086,1.962086,1.162734,NaN,NaN,NaN,NaN,0,20.1,-4.51435,0,-19.5865,-0.9745,0,-0.2246,633.476,0,1,0,0,0.2246,0,-0.9745,342.8319,0,0,0,1
805.2453,805.24,0.018,0.016447,815.7801,633.3856,0,342.4402,1.965648,1.965648,1.162734,NaN,NaN,NaN,NaN,0,20.1,-4.522299,0,-19.58466,-0.9744,0,-0.225,633.3856,0,1,0,0,0.225,0,-0.9744,342.4402,0,0,0,1
805.2581,805.25,0.012843,0.015726,815.7925,633.3403,0,342.2444,1.967522,1.967522,1.162734,NaN,NaN,NaN,NaN,0,20.1,-4.526273,0,-19.58374,-0.9743,0,-0.2252,633.3403,0,1,0,0,0.2252,0,-0.9743,342.2444,0,0,0,1
805.2713,805.27,0.013178,0.015217,815.8061,633.2498,0,341.8527,1.971216,1.971216,1.162734,NaN,NaN,NaN,NaN,0,20.1,-4.534221,0,-19.5819,-0.9742,0,-0.2256,633.2498,0,1,0,0,0.2256,0,-0.9742,341.8527,0,0,0,1
805.2885,805.28,0.017165,0.015606,815.8229,633.2043,0,341.6569,1.973274,1.973274,1.162734,NaN,NaN,NaN,NaN,0,20.1,-4.538195,0,-19.58098,-0.9742,0,-0.2258,633.2043,0,1,0,0,0.2258,0,-0.9742,341.6569,0,0,0,1
805.3001,805.3,0.011631,0.014811,815.8349,633.1134,0,341.2653,1.97728,1.97728,1.162734,NaN,NaN,NaN,NaN,0,20.1,-4.546143,0,-19.57914,-0.9741,0,-0.2262,633.1134,0,1,0,0,0.2262,0,-0.9741,341.2653,0,0,0,1
805.3127,805.31,0.012628,0.014375,815.8473,633.0679,0,341.0695,1.979339,1.979339,1.162734,NaN,NaN,NaN,NaN,0,20.1,-4.550116,0,-19.57822,-0.974,0,-0.2264,633.0679,0,1,0,0,0.2264,0,-0.974,341.0695,0,0,0,1
805.3342,805.33,0.021455,0.015791,815.869,632.9768,0,340.678,1.983648,1.983648,1.162734,NaN,NaN,NaN,NaN,0,20.1,-4.558062,0,-19.57637,-0.9739,0,-0.2268,632.9768,0,1,0,0,0.2268,0,-0.9739,340.678,0,0,0,1
805.3495,805.34,0.015347,0.015702,815.884,632.9312,0,340.4822,1.98584,1.98584,1.162734,NaN,NaN,NaN,NaN,0,20.1,-4.562034,0,-19.57545,-0.9739,0,-0.227,632.9312,0,1,0,0,0.227,0,-0.9739,340.4822,0,0,0,1
805.364,805.36,0.014484,0.015458,815.8988,632.8398,0,340.0908,1.990401,1.990401,1.162734,NaN,NaN,NaN,NaN,0,20.1,-4.569979,0,-19.57359,-0.9738,0,-0.2274,632.8398,0,1,0,0,0.2274,0,-0.9738,340.0908,0,0,0,1
805.3771,805.37,0.013099,0.014986,815.9116,632.7941,0,339.895,1.992718,1.992718,1.162734,NaN,NaN,NaN,NaN,0,20.1,-4.57395,0,-19.57266,-0.9738,0,-0.2276,632.7941,0,1,0,0,0.2276,0,-0.9738,339.895,0,0,0,1
805.3893,805.38,0.012231,0.014435,815.9238,632.7484,0,339.6993,1.995095,1.995095,1.162734,NaN,NaN,NaN,NaN,0,20.1,-4.577922,0,-19.57173,-0.9737,0,-0.2278,632.7484,0,1,0,0,0.2278,0,-0.9737,339.6993,0,0,0,1
805.4013,805.4,0.011957,0.01394,815.9362,632.6567,0,339.3079,1.999908,1.999908,1.162734,NaN,NaN,NaN,NaN,0,20.1,-4.585866,0,-19.56988,-0.9736,0,-0.2282,632.6567,0,1,0,0,0.2282,0,-0.9736,339.3079,0,0,0,1
805.4218,805.42,0.020456,0.015243,815.9571,632.5648,0,338.9165,2.004972,2.004972,1.162734,NaN,NaN,NaN,NaN,0,20.1,-4.593808,0,-19.56801,-0.9735,0,-0.2285,632.5648,0,1,0,0,0.2285,0,-0.9735,338.9165,0,0,0,1
805.435,805.43,0.013259,0.014846,815.9696,632.5189,0,338.7209,2.007468,2.007468,1.126113,NaN,NaN,NaN,NaN,0,20.1,-4.597654,0,-19.56711,-0.9735,0,-0.2287,632.5189,0,1,0,0,0.2287,0,-0.9735,338.7209,0,0,0,1
805.4489,805.44,0.013834,0.014644,815.9834,632.4728,0,338.5252,2.010096,2.010096,1.023574,NaN,NaN,NaN,NaN,0,20.1,-4.60115,0,-19.56629,-0.9734,0,-0.2289,632.4728,0,1,0,0,0.2289,0,-0.9734,338.5252,0,0,0,1
805.4624,805.46,0.01359,0.014433,815.9976,632.3807,0,338.1339,2.015412,2.015412,0.891738,NaN,NaN,NaN,NaN,0,20.1,-4.60724,0,-19.56485,-0.9734,0,-0.2292,632.3807,0,1,0,0,0.2292,0,-0.9734,338.1339,0,0,0,1
805.4777,805.47,0.015301,0.014607,816.0124,632.3347,0,337.9383,2.0181,2.0181,0.712295,NaN,NaN,NaN,NaN,0,20.1,-4.609673,0,-19.56428,-0.9733,0,-0.2293,632.3347,0,1,0,0,0.2293,0,-0.9733,337.9383,0,0,0,1
805.4919,805.49,0.01419,0.014523,816.0271,632.2424,0,337.5469,2.023601,2.023601,0.455933,NaN,NaN,NaN,NaN,0,20.1,-4.612785,0,-19.56355,-0.9733,0,-0.2295,632.2424,0,1,0,0,0.2295,0,-0.9733,337.5469,0,0,0,1
805.5126,805.51,0.020628,0.015744,816.0477,632.1501,0,337.1557,2.029037,2.029037,0.148315,NaN,NaN,NaN,NaN,0,20.1,-4.613799,0,-19.56331,-0.9733,0,-0.2295,632.1501,0,1,0,0,0.2295,0,-0.9733,337.1557,0,0,0,1
805.5339,805.53,0.021336,0.016863,816.0692,632.0578,0,336.7644,2.034538,2.034538,-0.195923,NaN,NaN,NaN,NaN,0,20.1,-4.612461,0,-19.56362,-0.9733,0,-0.2295,632.0578,0,1,0,0,0.2295,0,-0.9733,336.7644,0,0,0,1
805.548,805.54,0.014085,0.016307,816.0825,632.0117,0,336.5687,2.037225,2.037225,-0.488899,NaN,NaN,NaN,NaN,0,20.1,-4.610792,0,-19.56402,-0.9733,0,-0.2294,632.0117,0,1,0,0,0.2294,0,-0.9733,336.5687,0,0,0,1
805.5641,805.56,0.016146,0.016275,816.1001,631.9196,0,336.1774,2.042542,2.042542,-0.653694,NaN,NaN,NaN,NaN,0,20.1,-4.606328,0,-19.56507,-0.9734,0,-0.2292,631.9196,0,1,0,0,0.2292,0,-0.9734,336.1774,0,0,0,1
805.5792,805.57,0.015062,0.016032,816.1136,631.8735,0,335.9818,2.04517,2.04517,-0.884414,NaN,NaN,NaN,NaN,0,20.1,-4.603307,0,-19.56578,-0.9734,0,-0.229,631.8735,0,1,0,0,0.229,0,-0.9734,335.9818,0,0,0,1
805.593,805.59,0.013856,0.015597,816.1279,631.7816,0,335.5904,2.050354,2.050354,-1.08583,NaN,NaN,NaN,NaN,0,20.1,-4.595891,0,-19.56752,-0.9735,0,-0.2287,631.7816,0,1,0,0,0.2287,0,-0.9735,335.5904,0,0,0,1
805.6128,805.61,0.019769,0.016432,816.148,631.6898,0,335.199,2.055292,2.055292,-1.279929,NaN,NaN,NaN,NaN,0,20.1,-4.587148,0,-19.56957,-0.9736,0,-0.2282,631.6898,0,1,0,0,0.2282,0,-0.9736,335.199,0,0,0,1
805.6348,805.63,0.021945,0.017534,816.1702,631.5981,0,334.8076,2.060105,2.060105,-1.547263,NaN,NaN,NaN,NaN,0,20.1,-4.576578,0,-19.57205,-0.9737,0,-0.2277,631.5981,0,1,0,0,0.2277,0,-0.9737,334.8076,0,0,0,1
805.6487,805.64,0.01394,0.016815,816.1834,631.5525,0,334.6119,2.062356,2.062356,-1.810942,NaN,NaN,NaN,NaN,0,20.1,-4.570392,0,-19.57349,-0.9738,0,-0.2274,631.5525,0,1,0,0,0.2274,0,-0.9738,334.6119,0,0,0,1
805.663,805.66,0.01426,0.016304,816.1983,631.4612,0,334.2204,2.066858,2.066858,-1.961088,NaN,NaN,NaN,NaN,0,20.1,-4.556991,0,-19.57661,-0.974,0,-0.2267,631.4612,0,1,0,0,0.2267,0,-0.974,334.2204,0,0,0,1
805.6771,805.67,0.014199,0.015883,816.2117,631.4157,0,334.0246,2.068923,2.068923,-2.096586,NaN,NaN,NaN,NaN,0,20.1,-4.549828,0,-19.57828,-0.974,0,-0.2264,631.4157,0,1,0,0,0.2264,0,-0.974,334.0246,0,0,0,1
805.6909,805.69,0.013715,0.01545,816.2259,631.325,0,333.633,2.072796,2.072796,-2.235754,NaN,NaN,NaN,NaN,0,20.1,-4.534548,0,-19.58183,-0.9742,0,-0.2256,631.325,0,1,0,0,0.2256,0,-0.9742,333.633,0,0,0,1
805.7115,805.71,0.020699,0.016499,816.2471,631.2345,0,333.2413,2.076424,2.076424,-2.374914,NaN,NaN,NaN,NaN,0,20.1,-4.518312,0,-19.58558,-0.9744,0,-0.2248,631.2345,0,1,0,0,0.2248,0,-0.9744,333.2413,0,0,0,1
805.7254,805.72,0.013844,0.015968,816.2599,631.1894,0,333.0454,2.078112,2.078112,-2.550695,NaN,NaN,NaN,NaN,0,20.1,-4.509593,0,-19.58759,-0.9745,0,-0.2244,631.1894,0,1,0,0,0.2244,0,-0.9745,333.0454,0,0,0,1
805.7447,805.74,0.019274,0.016629,816.2799,631.0995,0,332.6536,2.081171,2.081171,-2.66789,NaN,NaN,NaN,NaN,0,20.1,-4.49135,0,-19.59178,-0.9747,0,-0.2235,631.0995,0,1,0,0,0.2235,0,-0.9747,332.6536,0,0,0,1
805.7597,805.75,0.015042,0.016312,816.2945,631.0547,0,332.4576,2.082488,2.082488,-2.80705,NaN,NaN,NaN,NaN,0,20.1,-4.48175,0,-19.59398,-0.9748,0,-0.223,631.0547,0,1,0,0,0.223,0,-0.9748,332.4576,0,0,0,1
805.773,805.77,0.013278,0.015705,816.308,630.9653,0,332.0657,2.08499,2.08499,-2.87663,NaN,NaN,NaN,NaN,0,20.1,-4.462074,0,-19.59847,-0.975,0,-0.222,630.9653,0,1,0,0,0.222,0,-0.975,332.0657,0,0,0,1
805.786,805.78,0.012999,0.015164,816.3205,630.9208,0,331.8697,2.08605,2.08605,-2.931561,NaN,NaN,NaN,NaN,0,20.1,-4.452045,0,-19.60075,-0.9752,0,-0.2215,630.9208,0,1,0,0,0.2215,0,-0.9752,331.8697,0,0,0,1
805.8004,805.8,0.014379,0.015007,816.3357,630.8321,0,331.4776,2.087863,2.087863,-2.960858,NaN,NaN,NaN,NaN,0,20.1,-4.431785,0,-19.60534,-0.9754,0,-0.2205,630.8321,0,1,0,0,0.2205,0,-0.9754,331.4776,0,0,0,1
805.8159,805.81,0.015454,0.015096,816.3503,630.7879,0,331.2815,2.088618,2.088618,-2.990155,NaN,NaN,NaN,NaN,0,20.1,-4.421552,0,-19.60765,-0.9755,0,-0.22,630.7879,0,1,0,0,0.22,0,-0.9755,331.2815,0,0,0,1
805.8343,805.83,0.01848,0.015773,816.3691,630.6998,0,330.8893,2.089869,2.089869,-2.993817,NaN,NaN,NaN,NaN,0,20.1,-4.40106,0,-19.61226,-0.9757,0,-0.219,630.6998,0,1,0,0,0.219,0,-0.9757,330.8893,0,0,0,1
805.8578,805.85,0.023546,0.017328,816.3928,630.6121,0,330.497,2.090677,2.090677,-2.993817,NaN,NaN,NaN,NaN,0,20.1,-4.380561,0,-19.61685,-0.976,0,-0.2179,630.6121,0,1,0,0,0.2179,0,-0.976,330.497,0,0,0,1
805.8741,805.87,0.016236,0.017109,816.4095,630.5248,0,330.1046,2.090988,2.090988,-2.993817,NaN,NaN,NaN,NaN,0,20.1,-4.360059,0,-19.62142,-0.9762,0,-0.2169,630.5248,0,1,0,0,0.2169,0,-0.9762,330.1046,0,0,0,1
805.8879,805.88,0.013869,0.016461,816.4223,630.4813,0,329.9083,2.091054,2.091054,-2.993817,NaN,NaN,NaN,NaN,0,20.1,-4.349806,0,-19.62369,-0.9763,0,-0.2164,630.4813,0,1,0,0,0.2164,0,-0.9763,329.9083,0,0,0,1
805.9003,805.9,0.012345,0.015638,816.4351,630.3946,0,329.5158,2.090743,2.090743,-2.993817,NaN,NaN,NaN,NaN,0,20.1,-4.329296,0,-19.62822,-0.9765,0,-0.2154,630.3946,0,1,0,0,0.2154,0,-0.9765,329.5158,0,0,0,1
805.9128,805.91,0.012477,0.015006,816.4473,630.3514,0,329.3195,2.090492,2.090492,-2.993817,NaN,NaN,NaN,NaN,0,20.1,-4.319039,0,-19.63048,-0.9766,0,-0.2149,630.3514,0,1,0,0,0.2149,0,-0.9766,329.3195,0,0,0,1
805.9335,805.93,0.020688,0.016142,816.4683,630.2653,0,328.9268,2.089558,2.089558,-2.993817,NaN,NaN,NaN,NaN,0,20.1,-4.298522,0,-19.63499,-0.9769,0,-0.2139,630.2653,0,1,0,0,0.2139,0,-0.9769,328.9268,0,0,0,1
805.9463,805.94,0.012791,0.015472,816.481,630.2224,0,328.7304,2.088995,2.088995,-3.012128,NaN,NaN,NaN,NaN,0,20.1,-4.288199,0,-19.63725,-0.977,0,-0.2133,630.2224,0,1,0,0,0.2133,0,-0.977,328.7304,0,0,0,1
805.9583,805.95,0.011982,0.014774,816.493,630.1797,0,328.534,2.088241,2.088241,-3.026776,NaN,NaN,NaN,NaN,0,20.1,-4.277825,0,-19.63951,-0.9771,0,-0.2128,630.1797,0,1,0,0,0.2128,0,-0.9771,328.534,0,0,0,1
805.9711,805.97,0.012858,0.014391,816.506,630.0944,0,328.1412,2.086553,2.086553,-3.052418,NaN,NaN,NaN,NaN,0,20.1,-4.256897,0,-19.64406,-0.9773,0,-0.2118,630.0944,0,1,0,0,0.2118,0,-0.9773,328.1412,0,0,0,1
805.9835,805.98,0.012349,0.013983,816.5184,630.0519,0,327.9447,2.085546,2.085546,-3.092701,NaN,NaN,NaN,NaN,0,20.1,-4.246293,0,-19.64635,-0.9774,0,-0.2113,630.0519,0,1,0,0,0.2113,0,-0.9774,327.9447,0,0,0,1
805.996,805.99,0.012593,0.013705,816.5306,630.0096,0,327.7482,2.084421,2.084421,-3.118336,NaN,NaN,NaN,NaN,0,20.1,-4.2356,0,-19.64866,-0.9775,0,-0.2107,630.0096,0,1,0,0,0.2107,0,-0.9775,327.7482,0,0,0,1
806.0085,806,0.012422,0.013448,816.5432,629.9673,0,327.5517,2.083117,2.083117,-3.165944,NaN,NaN,NaN,NaN,0,20.1,-4.224742,0,-19.65099,-0.9777,0,-0.2102,629.9673,0,1,0,0,0.2102,0,-0.9777,327.5517,0,0,0,1
806.0208,806.02,0.012341,0.013227,816.5559,629.8832,0,327.1586,2.080303,2.080303,-3.220875,NaN,NaN,NaN,NaN,0,20.1,-4.202646,0,-19.65573,-0.9779,0,-0.2091,629.8832,0,1,0,0,0.2091,0,-0.9779,327.1586,0,0,0,1
806.0346,806.03,0.013797,0.013341,816.5692,629.8412,0,326.962,2.078741,2.078741,-3.283131,NaN,NaN,NaN,NaN,0,20.1,-4.191382,0,-19.65814,-0.978,0,-0.2085,629.8412,0,1,0,0,0.2085,0,-0.978,326.962,0,0,0,1
806.0551,806.05,0.02053,0.014778,816.59,629.7578,0,326.5688,2.075173,2.075173,-3.356373,NaN,NaN,NaN,NaN,0,20.1,-4.168348,0,-19.66304,-0.9783,0,-0.2074,629.7578,0,1,0,0,0.2074,0,-0.9783,326.5688,0,0,0,1
806.0687,806.06,0.013569,0.014537,816.6035,629.7162,0,326.3721,2.073233,2.073233,-3.458912,NaN,NaN,NaN,NaN,0,20.1,-4.156477,0,-19.66555,-0.9784,0,-0.2068,629.7162,0,1,0,0,0.2068,0,-0.9784,326.3721,0,0,0,1
806.0888,806.08,0.020131,0.015655,816.6241,629.6334,0,325.9788,2.068923,2.068923,-3.54681,NaN,NaN,NaN,NaN,0,20.1,-4.132126,0,-19.67068,-0.9786,0,-0.2056,629.6334,0,1,0,0,0.2056,0,-0.9786,325.9788,0,0,0,1
806.1022,806.1,0.01333,0.01519,816.6373,629.5511,0,325.5853,2.06417,2.06417,-3.682308,NaN,NaN,NaN,NaN,0,20.1,-4.106839,0,-19.67597,-0.9789,0,-0.2043,629.5511,0,1,0,0,0.2043,0,-0.9789,325.5853,0,0,0,1
806.1148,806.11,0.012635,0.014679,816.6494,629.5102,0,325.3885,2.061608,2.061608,-3.773861,NaN,NaN,NaN,NaN,0,20.1,-4.093879,0,-19.67868,-0.979,0,-0.2037,629.5102,0,1,0,0,0.2037,0,-0.979,325.3885,0,0,0,1
806.1266,806.12,0.011791,0.014101,816.6611,629.4694,0,325.1917,2.05892,2.05892,-3.858089,NaN,NaN,NaN,NaN,0,20.1,-4.080627,0,-19.68143,-0.9792,0,-0.203,629.4694,0,1,0,0,0.203,0,-0.9792,325.1917,0,0,0,1
806.1384,806.13,0.011833,0.013648,816.6733,629.4287,0,324.9948,2.056047,2.056047,-3.956966,NaN,NaN,NaN,NaN,0,20.1,-4.067034,0,-19.68424,-0.9793,0,-0.2023,629.4287,0,1,0,0,0.2023,0,-0.9793,324.9948,0,0,0,1
806.1504,806.15,0.011979,0.013314,816.6853,629.3478,0,324.6011,2.049917,2.049917,-4.059513,NaN,NaN,NaN,NaN,0,20.1,-4.039136,0,-19.68998,-0.9796,0,-0.201,629.3478,0,1,0,0,0.201,0,-0.9796,324.6011,0,0,0,1
806.1636,806.16,0.013184,0.013288,816.6981,629.3076,0,324.4041,2.046606,2.046606,-4.165714,NaN,NaN,NaN,NaN,0,20.1,-4.02482,0,-19.69292,-0.9797,0,-0.2002,629.3076,0,1,0,0,0.2002,0,-0.9797,324.4041,0,0,0,1
806.1764,806.17,0.012779,0.013186,816.711,629.2675,0,324.2072,2.043164,2.043164,-4.286563,NaN,NaN,NaN,NaN,0,20.1,-4.010086,0,-19.69593,-0.9799,0,-0.1995,629.2675,0,1,0,0,0.1995,0,-0.9799,324.2072,0,0,0,1
806.1886,806.18,0.012253,0.013,816.7233,629.2275,0,324.0102,2.039602,2.039602,-4.418399,NaN,NaN,NaN,NaN,0,20.1,-3.994895,0,-19.69901,-0.9801,0,-0.1988,629.2275,0,1,0,0,0.1988,0,-0.9801,324.0102,0,0,0,1
806.2009,806.2,0.012286,0.012857,816.736,629.1481,0,323.6161,2.03185,2.03185,-4.557567,NaN,NaN,NaN,NaN,0,20.1,-3.963552,0,-19.70534,-0.9804,0,-0.1972,629.1481,0,1,0,0,0.1972,0,-0.9804,323.6161,0,0,0,1
806.2147,806.21,0.01373,0.013031,816.7493,629.1086,0,323.4191,2.027726,2.027726,-4.693065,NaN,NaN,NaN,NaN,0,20.1,-3.94741,0,-19.70858,-0.9805,0,-0.1964,629.1086,0,1,0,0,0.1964,0,-0.9805,323.4191,0,0,0,1
806.2334,806.23,0.018743,0.014174,816.7689,629.0302,0,323.0248,2.019099,2.019099,-4.846873,NaN,NaN,NaN,NaN,0,20.1,-3.91406,0,-19.71523,-0.9809,0,-0.1947,629.0302,0,1,0,0,0.1947,0,-0.9809,323.0248,0,0,0,1
806.2473,806.24,0.013947,0.014128,816.7818,628.9912,0,322.8276,2.014472,2.014472,-5.03731,NaN,NaN,NaN,NaN,0,20.1,-3.896725,0,-19.71866,-0.981,0,-0.1939,628.9912,0,1,0,0,0.1939,0,-0.981,322.8276,0,0,0,1
806.2602,806.26,0.01287,0.013877,816.796,628.9138,0,322.4331,2.00472,2.00472,-5.180132,NaN,NaN,NaN,NaN,0,20.1,-3.861063,0,-19.72567,-0.9814,0,-0.1921,628.9138,0,1,0,0,0.1921,0,-0.9814,322.4331,0,0,0,1
806.2732,806.27,0.012985,0.013698,816.8077,628.8753,0,322.2358,1.999656,1.999656,-5.330279,NaN,NaN,NaN,NaN,0,20.1,-3.842711,0,-19.72926,-0.9816,0,-0.1912,628.8753,0,1,0,0,0.1912,0,-0.9816,322.2358,0,0,0,1
806.2859,806.28,0.01278,0.013515,816.8204,628.837,0,322.0385,1.99434,1.99434,-5.436487,NaN,NaN,NaN,NaN,0,20.1,-3.823989,0,-19.73289,-0.9817,0,-0.1902,628.837,0,1,0,0,0.1902,0,-0.9817,322.0385,0,0,0,1
806.2985,806.29,0.012588,0.013329,816.8331,628.799,0,321.8411,1.988779,1.988779,-5.553675,NaN,NaN,NaN,NaN,0,20.1,-3.80486,0,-19.73659,-0.9819,0,-0.1893,628.799,0,1,0,0,0.1893,0,-0.9819,321.8411,0,0,0,1
806.3116,806.31,0.013023,0.013268,816.8466,628.7235,0,321.4462,1.977147,1.977147,-5.678186,NaN,NaN,NaN,NaN,0,20.1,-3.765734,0,-19.7441,-0.9823,0,-0.1874,628.7235,0,1,0,0,0.1874,0,-0.9823,321.4462,0,0,0,1
806.3245,806.32,0.012874,0.013189,816.8591,628.686,0,321.2488,1.971024,1.971024,-5.791712,NaN,NaN,NaN,NaN,0,20.1,-3.745775,0,-19.74789,-0.9825,0,-0.1864,628.686,0,1,0,0,0.1864,0,-0.9825,321.2488,0,0,0,1
806.3448,806.34,0.020381,0.014628,816.8801,628.6118,0,320.8537,1.958081,1.958081,-5.919893,NaN,NaN,NaN,NaN,0,20.1,-3.704959,0,-19.7556,-0.9829,0,-0.1843,628.6118,0,1,0,0,0.1843,0,-0.9829,320.8537,0,0,0,1
806.3569,806.35,0.012036,0.014109,816.8914,628.5749,0,320.6561,1.951335,1.951335,-6.084688,NaN,NaN,NaN,NaN,0,20.1,-3.683976,0,-19.75951,-0.9831,0,-0.1833,628.5749,0,1,0,0,0.1833,0,-0.9831,320.6561,0,0,0,1
806.3777,806.37,0.020797,0.015447,816.9128,628.5018,0,320.2608,1.937142,1.937142,-6.168916,NaN,NaN,NaN,NaN,0,20.1,-3.641419,0,-19.7674,-0.9835,0,-0.1812,628.5018,0,1,0,0,0.1812,0,-0.9835,320.2608,0,0,0,1
806.3896,806.38,0.011931,0.014744,816.9241,628.4656,0,320.0631,1.9297,1.9297,-6.308076,NaN,NaN,NaN,NaN,0,20.1,-3.619653,0,-19.7714,-0.9837,0,-0.1801,628.4656,0,1,0,0,0.1801,0,-0.9837,320.0631,0,0,0,1
806.4016,806.4,0.011953,0.014186,816.9366,628.3939,0,319.6675,1.914203,1.914203,-6.399636,NaN,NaN,NaN,NaN,0,20.1,-3.575477,0,-19.77943,-0.9841,0,-0.1779,628.3939,0,1,0,0,0.1779,0,-0.9841,319.6675,0,0,0,1
806.4146,806.41,0.013034,0.013955,816.9491,628.3584,0,319.4697,1.906133,1.906133,-6.513162,NaN,NaN,NaN,NaN,0,20.1,-3.55299,0,-19.78349,-0.9843,0,-0.1768,628.3584,0,1,0,0,0.1768,0,-0.9843,319.4697,0,0,0,1
806.4272,806.42,0.012612,0.013687,816.9617,628.3231,0,319.2718,1.897758,1.897758,-6.652322,NaN,NaN,NaN,NaN,0,20.1,-3.530018,0,-19.7876,-0.9845,0,-0.1756,628.3231,0,1,0,0,0.1756,0,-0.9845,319.2718,0,0,0,1
806.4392,806.43,0.012025,0.013354,816.9739,628.288,0,319.0739,1.889258,1.889258,-6.791482,NaN,NaN,NaN,NaN,0,20.1,-3.506561,0,-19.79177,-0.9847,0,-0.1745,628.288,0,1,0,0,0.1745,0,-0.9847,319.0739,0,0,0,1
806.4522,806.45,0.013025,0.013288,816.9872,628.2186,0,318.6779,1.871443,1.871443,-6.96727,NaN,NaN,NaN,NaN,0,20.1,-3.458416,0,-19.80024,-0.9851,0,-0.1721,628.2186,0,1,0,0,0.1721,0,-0.9851,318.6779,0,0,0,1
806.4648,806.46,0.012527,0.013136,816.9993,628.1842,0,318.4799,1.862128,1.862128,-7.205307,NaN,NaN,NaN,NaN,0,20.1,-3.433514,0,-19.80457,-0.9853,0,-0.1708,628.1842,0,1,0,0,0.1708,0,-0.9853,318.4799,0,0,0,1
806.4773,806.47,0.012522,0.013013,817.0118,628.1501,0,318.2818,1.852562,1.852562,-7.425041,NaN,NaN,NaN,NaN,0,20.1,-3.407845,0,-19.80901,-0.9855,0,-0.1695,628.1501,0,1,0,0,0.1695,0,-0.9855,318.2818,0,0,0,1
806.4911,806.49,0.013829,0.013177,817.0266,628.0828,0,317.8855,1.835133,1.835133,-7.663078,NaN,NaN,NaN,NaN,0,20.1,-3.354846,0,-19.81805,-0.986,0,-0.1669,628.0828,0,1,0,0,0.1669,0,-0.986,317.8855,0,0,0,1
806.5108,806.51,0.019675,0.014476,817.0457,628.0165,0,317.489,1.817924,1.817924,-7.959716,NaN,NaN,NaN,NaN,0,20.1,-3.299769,0,-19.8273,-0.9864,0,-0.1642,628.0165,0,1,0,0,0.1642,0,-0.9864,317.489,0,0,0,1
806.5237,806.52,0.012908,0.014163,817.0583,627.9838,0,317.2906,1.808846,1.808846,-8.421149,NaN,NaN,NaN,NaN,0,20.1,-3.270624,0,-19.83212,-0.9867,0,-0.1627,627.9838,0,1,0,0,0.1627,0,-0.9867,317.2906,0,0,0,1
806.5358,806.53,0.012126,0.013755,817.0704,627.9514,0,317.0923,1.800346,1.800346,-8.695814,NaN,NaN,NaN,NaN,0,20.1,-3.24052,0,-19.83706,-0.9869,0,-0.1612,627.9514,0,1,0,0,0.1612,0,-0.9869,317.0923,0,0,0,1
806.5477,806.54,0.011832,0.01337,817.0822,627.9193,0,316.8939,1.794547,1.794547,-8.988783,NaN,NaN,NaN,NaN,0,20.1,-3.209396,0,-19.84212,-0.9872,0,-0.1597,627.9193,0,1,0,0,0.1597,0,-0.9872,316.8939,0,0,0,1
806.5604,806.56,0.012775,0.013251,817.0961,627.856,0,316.4969,1.781829,1.781829,-9.285421,NaN,NaN,NaN,NaN,0,20.1,-3.145066,0,-19.85242,-0.9877,0,-0.1565,627.856,0,1,0,0,0.1565,0,-0.9877,316.4969,0,0,0,1
806.5749,806.57,0.014488,0.013499,817.1096,627.8248,0,316.2983,1.775025,1.775025,-9.644316,NaN,NaN,NaN,NaN,0,20.1,-3.111645,0,-19.85769,-0.9879,0,-0.1548,627.8248,0,1,0,0,0.1548,0,-0.9879,316.2983,0,0,0,1
806.5884,806.58,0.01352,0.013503,817.1232,627.7941,0,316.0996,1.768009,1.768009,-9.99954,NaN,NaN,NaN,NaN,0,20.1,-3.076984,0,-19.86309,-0.9882,0,-0.1531,627.7941,0,1,0,0,0.1531,0,-0.9882,316.0996,0,0,0,1
806.6017,806.6,0.013282,0.013459,817.1367,627.7337,0,315.7022,1.760202,1.760202,-10.37674,NaN,NaN,NaN,NaN,0,20.1,-3.005017,0,-19.8741,-0.9888,0,-0.1495,627.7337,0,1,0,0,0.1495,0,-0.9888,315.7022,0,0,0,1
806.6201,806.62,0.018403,0.014448,817.1551,627.6748,0,315.3046,1.750759,1.750759,-10.69535,NaN,NaN,NaN,NaN,0,20.1,-2.930798,0,-19.88519,-0.9893,0,-0.1458,627.6748,0,1,0,0,0.1458,0,-0.9893,315.3046,0,0,0,1
806.6323,806.63,0.012171,0.013992,817.1669,627.6458,0,315.1057,1.745589,1.745589,-11.21904,NaN,NaN,NaN,NaN,0,20.1,-2.891856,0,-19.89089,-0.9896,0,-0.1439,627.6458,0,1,0,0,0.1439,0,-0.9896,315.1057,0,0,0,1
806.6446,806.64,0.012299,0.013654,817.1792,627.6173,0,314.9067,1.743511,1.743511,-11.48272,NaN,NaN,NaN,NaN,0,20.1,-2.851986,0,-19.89664,-0.9899,0,-0.1419,627.6173,0,1,0,0,0.1419,0,-0.9899,314.9067,0,0,0,1
806.6563,806.65,0.011733,0.01327,817.191,627.5892,0,314.7076,1.741317,1.741317,-11.87091,NaN,NaN,NaN,NaN,0,20.1,-2.810758,0,-19.90251,-0.9902,0,-0.1398,627.5892,0,1,0,0,0.1398,0,-0.9902,314.7076,0,0,0,1
806.6682,806.66,0.01187,0.01299,817.2028,627.5615,0,314.5085,1.738606,1.738606,-12.20417,NaN,NaN,NaN,NaN,0,20.1,-2.768358,0,-19.90845,-0.9905,0,-0.1377,627.5615,0,1,0,0,0.1377,0,-0.9905,314.5085,0,0,0,1
806.6815,806.68,0.013264,0.013044,817.2164,627.5074,0,314.1102,1.731804,1.731804,-12.49714,NaN,NaN,NaN,NaN,0,20.1,-2.681485,0,-19.92034,-0.9911,0,-0.1334,627.5074,0,1,0,0,0.1334,0,-0.9911,314.1102,0,0,0,1
806.6992,806.69,0.017669,0.013969,817.2337,627.4811,0,313.9109,1.730894,1.730894,-12.92562,NaN,NaN,NaN,NaN,0,20.1,-2.636539,0,-19.92633,-0.9914,0,-0.1312,627.4811,0,1,0,0,0.1312,0,-0.9914,313.9109,0,0,0,1
806.7115,806.71,0.01243,0.013661,817.2466,627.4297,0,313.5123,1.729086,1.729086,-13.54452,NaN,NaN,NaN,NaN,0,20.1,-2.5423,0,-19.93857,-0.992,0,-0.1265,627.4297,0,1,0,0,0.1265,0,-0.992,313.5123,0,0,0,1
806.7238,806.72,0.012189,0.013367,817.2582,627.4048,0,313.3128,1.727467,1.727467,-13.97299,NaN,NaN,NaN,NaN,0,20.1,-2.493667,0,-19.94472,-0.9923,0,-0.1241,627.4048,0,1,0,0,0.1241,0,-0.9923,313.3128,0,0,0,1
806.7354,806.73,0.011577,0.013009,817.2698,627.3804,0,313.1133,1.72527,1.72527,-14.43443,NaN,NaN,NaN,NaN,0,20.1,-2.443413,0,-19.95093,-0.9926,0,-0.1216,627.3804,0,1,0,0,0.1216,0,-0.9926,313.1133,0,0,0,1
806.7484,806.74,0.013053,0.013018,817.283,627.3564,0,312.9137,1.725167,1.725167,-14.89952,NaN,NaN,NaN,NaN,0,20.1,-2.391524,0,-19.95722,-0.9929,0,-0.119,627.3564,0,1,0,0,0.119,0,-0.9929,312.9137,0,0,0,1
806.7601,806.76,0.011681,0.012751,817.2955,627.3102,0,312.5144,1.725891,1.725891,-15.46349,NaN,NaN,NaN,NaN,0,20.1,-2.283765,0,-19.96984,-0.9935,0,-0.1136,627.3102,0,1,0,0,0.1136,0,-0.9935,312.5144,0,0,0,1
806.7721,806.77,0.012024,0.012605,817.3068,627.288,0,312.3146,1.725384,1.725384,-15.9762,NaN,NaN,NaN,NaN,0,20.1,-2.228073,0,-19.97613,-0.9938,0,-0.1108,627.288,0,1,0,0,0.1108,0,-0.9938,312.3146,0,0,0,1
806.7836,806.78,0.011526,0.012389,817.3182,627.2662,0,312.1148,1.724299,1.724299,-16.41199,NaN,NaN,NaN,NaN,0,20.1,-2.170843,0,-19.98243,-0.9942,0,-0.108,627.2662,0,1,0,0,0.108,0,-0.9942,312.1148,0,0,0,1
806.7947,806.79,0.011146,0.012141,817.3296,627.2451,0,311.9149,1.724626,1.724626,-16.95765,NaN,NaN,NaN,NaN,0,20.1,-2.111692,0,-19.98877,-0.9945,0,-0.1051,627.2451,0,1,0,0,0.1051,0,-0.9945,311.9149,0,0,0,1
806.8072,806.8,0.01246,0.012204,817.3418,627.2246,0,311.7149,1.726196,1.726196,-17.49233,NaN,NaN,NaN,NaN,0,20.1,-2.050657,0,-19.99512,-0.9948,0,-0.102,627.2246,0,1,0,0,0.102,0,-0.9948,311.7149,0,0,0,1
806.8189,806.81,0.011697,0.012103,817.3535,627.2047,0,311.5149,1.72713,1.72713,-18.05631,NaN,NaN,NaN,NaN,0,20.1,-1.987634,0,-20.00148,-0.9951,0,-0.0989,627.2047,0,1,0,0,0.0989,0,-0.9951,311.5149,0,0,0,1
806.8312,806.83,0.012233,0.012129,817.366,627.1669,0,311.1147,1.72696,1.72696,-18.60563,NaN,NaN,NaN,NaN,0,20.1,-1.857692,0,-20.01397,-0.9957,0,-0.0924,627.1669,0,1,0,0,0.0924,0,-0.9957,311.1147,0,0,0,1
806.8427,806.84,0.011502,0.012004,817.3774,627.149,0,310.9145,1.727274,1.727274,-19.17693,NaN,NaN,NaN,NaN,0,20.1,-1.790695,0,-20.02008,-0.996,0,-0.0891,627.149,0,1,0,0,0.0891,0,-0.996,310.9145,0,0,0,1
806.855,806.85,0.012306,0.012064,817.3895,627.1318,0,310.7143,1.729397,1.729397,-19.77386,NaN,NaN,NaN,NaN,0,20.1,-1.721591,0,-20.02614,-0.9963,0,-0.0857,627.1318,0,1,0,0,0.0857,0,-0.9963,310.7143,0,0,0,1
806.8673,806.86,0.012329,0.012117,817.4019,627.1154,0,310.5139,1.730702,1.730702,-20.33783,NaN,NaN,NaN,NaN,0,20.1,-1.650495,0,-20.03212,-0.9966,0,-0.0821,627.1154,0,1,0,0,0.0821,0,-0.9966,310.5139,0,0,0,1
806.8875,806.88,0.020153,0.013724,817.4224,627.0846,0,310.1131,1.731089,1.731089,-20.90547,NaN,NaN,NaN,NaN,0,20.1,-1.504271,0,-20.04363,-0.9972,0,-0.0748,627.0846,0,1,0,0,0.0748,0,-0.9972,310.1131,0,0,0,1
806.8999,806.89,0.012441,0.013467,817.4344,627.0703,0,309.9126,1.73109,1.73109,-21.832,NaN,NaN,NaN,NaN,0,20.1,-1.427886,0,-20.04922,-0.9975,0,-0.071,627.0703,0,1,0,0,0.071,0,-0.9975,309.9126,0,0,0,1
806.9116,806.91,0.011721,0.013118,817.4467,627.0442,0,309.5115,1.73458,1.73458,-22.38499,NaN,NaN,NaN,NaN,0,20.1,-1.271182,0,-20.05977,-0.998,0,-0.0632,627.0442,0,1,0,0,0.0632,0,-0.998,309.5115,0,0,0,1
806.9243,806.92,0.012735,0.013041,817.459,627.0322,0,309.3108,1.735187,1.735187,-22.90501,NaN,NaN,NaN,NaN,0,20.1,-1.19098,0,-20.06469,-0.9982,0,-0.0593,627.0322,0,1,0,0,0.0593,0,-0.9982,309.3108,0,0,0,1
806.9445,806.94,0.020167,0.014467,817.4797,627.0109,0,308.9094,1.734178,1.734178,-23.4873,NaN,NaN,NaN,NaN,0,20.1,-1.026439,0,-20.07378,-0.9987,0,-0.0511,627.0109,0,1,0,0,0.0511,0,-0.9987,308.9094,0,0,0,1
806.9577,806.95,0.013181,0.014209,817.4923,627.0015,0,308.7086,1.736059,1.736059,-24.2417,NaN,NaN,NaN,NaN,0,20.1,-0.941498,0,-20.07794,-0.9989,0,-0.0468,627.0015,0,1,0,0,0.0468,0,-0.9989,308.7086,0,0,0,1
806.9696,806.96,0.011953,0.013758,817.5042,626.9929,0,308.5078,1.737122,1.737122,-24.67018,NaN,NaN,NaN,NaN,0,20.1,-0.855039,0,-20.08181,-0.9991,0,-0.0425,626.9929,0,1,0,0,0.0425,0,-0.9991,308.5078,0,0,0,1
806.9818,806.98,0.012189,0.013444,817.5209,626.9785,0,308.106,1.736423,1.736423,-25.08767,NaN,NaN,NaN,NaN,0,20.1,-0.679147,0,-20.08852,-0.9994,0,-0.0338,626.9785,0,1,0,0,0.0338,0,-0.9994,308.106,0,0,0,1
807.0021,807,0.020279,0.014811,817.5372,626.9675,0,307.7042,1.735922,1.735922,-25.47585,NaN,NaN,NaN,NaN,0,20.1,-0.500481,0,-20.09377,-0.9997,0,-0.0249,626.9675,0,1,0,0,0.0249,0,-0.9997,307.7042,0,0,0,1
807.0137,807.01,0.011644,0.014178,817.5483,626.9634,0,307.5032,1.736377,1.736377,-26.13138,NaN,NaN,NaN,NaN,0,20.1,-0.408832,0,-20.09585,-0.9998,0,-0.0203,626.9634,0,1,0,0,0.0203,0,-0.9998,307.5032,0,0,0,1
807.0331,807.03,0.019381,0.015218,817.5681,626.958,0,307.1013,1.734343,1.734343,-26.4097,NaN,NaN,NaN,NaN,0,20.1,-0.22356,0,-20.09876,-0.9999,0,-0.0111,626.958,0,1,0,0,0.0111,0,-0.9999,307.1013,0,0,0,1
807.0447,807.04,0.011617,0.014498,817.5794,626.9567,0,306.9003,1.731915,1.731915,-26.88578,NaN,NaN,NaN,NaN,0,20.1,-0.129245,0,-20.09959,-1,0,-0.0064,626.9567,0,1,0,0,0.0064,0,-1,306.9003,0,0,0,1
807.0566,807.05,0.011846,0.013968,817.5912,626.9564,0,306.6993,1.731651,1.731651,-27.13848,NaN,NaN,NaN,NaN,0,20.1,-0.034041,0,-20.09998,-1,0,-0.0017,626.9564,0,1,0,0,0.0017,0,-1,306.6993,0,0,0,1
807.069,807.06,0.012351,0.013644,817.6036,626.957,0,306.4983,1.731194,1.731194,-27.35454,NaN,NaN,NaN,NaN,0,20.1,0.061922,0,-20.09991,-1,0,0.0031,626.957,0,1,0,0,-0.0031,0,-1,306.4983,0,0,0,1
807.0882,807.08,0.019269,0.014769,817.6232,626.9611,0,306.0963,1.727214,1.727214,-27.53765,NaN,NaN,NaN,NaN,0,20.1,0.255125,0,-20.09838,-0.9999,0,0.0127,626.9611,0,1,0,0,-0.0127,0,-0.9999,306.0963,0,0,0,1
807.1013,807.1,0.013079,0.014431,817.6365,626.9692,0,305.6944,1.721962,1.721962,-27.72442,NaN,NaN,NaN,NaN,0,20.1,0.449616,0,-20.09497,-0.9997,0,0.0224,626.9692,0,1,0,0,-0.0224,0,-0.9997,305.6944,0,0,0,1
807.1138,807.11,0.012563,0.014057,817.6484,626.9747,0,305.4935,1.720409,1.720409,-27.77569,NaN,NaN,NaN,NaN,0,20.1,0.547026,0,-20.09256,-0.9996,0,0.0272,626.9747,0,1,0,0,-0.0272,0,-0.9996,305.4935,0,0,0,1
807.125,807.12,0.011159,0.013478,817.6594,626.9811,0,305.2926,1.717854,1.717854,-27.78301,NaN,NaN,NaN,NaN,0,20.1,0.644449,0,-20.08967,-0.9995,0,0.0321,626.9811,0,1,0,0,-0.0321,0,-0.9995,305.2926,0,0,0,1
807.1362,807.13,0.011207,0.013024,817.6707,626.9886,0,305.0917,1.714298,1.714298,-27.78301,NaN,NaN,NaN,NaN,0,20.1,0.741857,0,-20.08631,-0.9993,0,0.0369,626.9886,0,1,0,0,-0.0369,0,-0.9993,305.0917,0,0,0,1
807.1491,807.14,0.012887,0.012996,817.6836,626.9969,0,304.8909,1.709801,1.709801,-27.78301,NaN,NaN,NaN,NaN,0,20.1,0.839247,0,-20.08248,-0.9991,0,0.0418,626.9969,0,1,0,0,-0.0418,0,-0.9991,304.8909,0,0,0,1
807.1606,807.16,0.011486,0.012694,817.6956,627.0166,0,304.4893,1.703944,1.703944,-27.78301,NaN,NaN,NaN,NaN,0,20.1,1.033966,0,-20.07339,-0.9987,0,0.0514,627.0166,0,1,0,0,-0.0514,0,-0.9987,304.4893,0,0,0,1
807.1723,807.17,0.011735,0.012502,817.7067,627.028,0,304.2887,1.700293,1.700293,-27.78301,NaN,NaN,NaN,NaN,0,20.1,1.131291,0,-20.06814,-0.9984,0,0.0563,627.028,0,1,0,0,-0.0563,0,-0.9984,304.2887,0,0,0,1
807.1835,807.18,0.011196,0.012241,817.718,627.0402,0,304.088,1.695821,1.695821,-27.78301,NaN,NaN,NaN,NaN,0,20.1,1.228588,0,-20.06242,-0.9981,0,0.0611,627.0402,0,1,0,0,-0.0611,0,-0.9981,304.088,0,0,0,1
807.1951,807.19,0.011595,0.012112,817.7297,627.0535,0,303.8875,1.690167,1.690167,-27.78301,NaN,NaN,NaN,NaN,0,20.1,1.325857,0,-20.05623,-0.9978,0,0.066,627.0535,0,1,0,0,-0.066,0,-0.9978,303.8875,0,0,0,1
807.2065,807.2,0.011391,0.011968,817.7411,627.0677,0,303.687,1.685219,1.685219,-27.78301,NaN,NaN,NaN,NaN,0,20.1,1.423095,0,-20.04956,-0.9975,0,0.0708,627.0677,0,1,0,0,-0.0708,0,-0.9975,303.687,0,0,0,1
807.2205,807.22,0.014022,0.012379,817.7552,627.0991,0,303.2862,1.677023,1.677023,-27.78301,NaN,NaN,NaN,NaN,0,20.1,1.617468,0,-20.03481,-0.9968,0,0.0805,627.0991,0,1,0,0,-0.0805,0,-0.9968,303.2862,0,0,0,1
807.2327,807.23,0.012218,0.012346,817.7672,627.1162,0,303.0859,1.671389,1.671389,-27.78301,NaN,NaN,NaN,NaN,0,20.1,1.714598,0,-20.02674,-0.9964,0,0.0853,627.1162,0,1,0,0,-0.0853,0,-0.9964,303.0859,0,0,0,1
807.2462,807.24,0.013414,0.01256,817.7806,627.1343,0,302.8857,1.664755,1.664755,-27.78301,NaN,NaN,NaN,NaN,0,20.1,1.811688,0,-20.01819,-0.9959,0,0.0901,627.1343,0,1,0,0,-0.0901,0,-0.9959,302.8857,0,0,0,1
807.2596,807.25,0.013395,0.012727,817.7939,627.1534,0,302.6856,1.658162,1.658162,-27.78301,NaN,NaN,NaN,NaN,0,20.1,1.908736,0,-20.00917,-0.9955,0,0.095,627.1534,0,1,0,0,-0.095,0,-0.9955,302.6856,0,0,0,1
807.2775,807.27,0.017915,0.013765,817.8122,627.1946,0,302.2858,1.647757,1.647757,-27.78301,NaN,NaN,NaN,NaN,0,20.1,2.102694,0,-19.98972,-0.9945,0,0.1046,627.1946,0,1,0,0,-0.1046,0,-0.9945,302.2858,0,0,0,1
807.2891,807.28,0.011568,0.013325,817.8234,627.2166,0,302.086,1.641079,1.641079,-27.78301,NaN,NaN,NaN,NaN,0,20.1,2.1996,0,-19.97928,-0.994,0,0.1094,627.2166,0,1,0,0,-0.1094,0,-0.994,302.086,0,0,0,1
807.3,807.29,0.010921,0.012844,817.8344,627.2395,0,301.8863,1.633459,1.633459,-27.78301,NaN,NaN,NaN,NaN,0,20.1,2.296454,0,-19.96838,-0.9935,0,0.1143,627.2395,0,1,0,0,-0.1143,0,-0.9935,301.8863,0,0,0,1
807.3113,807.31,0.011324,0.01254,817.8462,627.2883,0,301.4872,1.619592,1.619592,-27.78301,NaN,NaN,NaN,NaN,0,20.1,2.489999,0,-19.94518,-0.9923,0,0.1239,627.2883,0,1,0,0,-0.1239,0,-0.9923,301.4872,0,0,0,1
807.3228,807.32,0.011502,0.012332,817.8572,627.3142,0,301.2879,1.612867,1.612867,-27.78301,NaN,NaN,NaN,NaN,0,20.1,2.586684,0,-19.93287,-0.9917,0,0.1287,627.3142,0,1,0,0,-0.1287,0,-0.9917,301.2879,0,0,0,1
807.334,807.33,0.011193,0.012104,817.8684,627.3411,0,301.0887,1.605139,1.605139,-27.78301,NaN,NaN,NaN,NaN,0,20.1,2.683308,0,-19.92009,-0.991,0,0.1335,627.3411,0,1,0,0,-0.1335,0,-0.991,301.0887,0,0,0,1
807.3477,807.34,0.013664,0.012416,817.8823,627.3688,0,300.8896,1.596408,1.596408,-27.78301,NaN,NaN,NaN,NaN,0,20.1,2.77987,0,-19.90684,-0.9904,0,0.1383,627.3688,0,1,0,0,-0.1383,0,-0.9904,300.8896,0,0,0,1
807.3596,807.35,0.011962,0.012326,817.8942,627.3976,0,300.6907,1.586894,1.586894,-27.76104,NaN,NaN,NaN,NaN,0,20.1,2.87629,0,-19.89314,-0.9897,0,0.1431,627.3976,0,1,0,0,-0.1431,0,-0.9897,300.6907,0,0,0,1
807.3729,807.37,0.013327,0.012526,817.9082,627.458,0,300.2933,1.572167,1.572167,-27.72808,NaN,NaN,NaN,NaN,0,20.1,3.068697,0,-19.86437,-0.9883,0,0.1527,627.458,0,1,0,0,-0.1527,0,-0.9883,300.2933,0,0,0,1
807.3851,807.38,0.012124,0.012446,817.9197,627.4896,0,300.0948,1.563447,1.563447,-27.66216,NaN,NaN,NaN,NaN,0,20.1,3.164565,0,-19.84933,-0.9875,0,0.1574,627.4896,0,1,0,0,-0.1574,0,-0.9875,300.0948,0,0,0,1
807.3972,807.39,0.012084,0.012373,817.9318,627.5222,0,299.8965,1.553716,1.553716,-27.57427,NaN,NaN,NaN,NaN,0,20.1,3.260056,0,-19.83386,-0.9868,0,0.1622,627.5222,0,1,0,0,-0.1622,0,-0.9868,299.8965,0,0,0,1
807.4091,807.4,0.01191,0.012281,817.9435,627.5558,0,299.6983,1.542921,1.542921,-27.43511,NaN,NaN,NaN,NaN,0,20.1,3.354989,0,-19.81803,-0.986,0,0.1669,627.5558,0,1,0,0,-0.1669,0,-0.986,299.6983,0,0,0,1
807.4211,807.42,0.012053,0.012235,817.9561,627.6257,0,299.3024,1.525949,1.525949,-27.25933,NaN,NaN,NaN,NaN,0,20.1,3.543408,0,-19.7852,-0.9843,0,0.1763,627.6257,0,1,0,0,-0.1763,0,-0.9843,299.3024,0,0,0,1
807.4335,807.43,0.012445,0.012277,817.9681,627.6621,0,299.1047,1.516159,1.516159,-27.05425,NaN,NaN,NaN,NaN,0,20.1,3.636792,0,-19.76825,-0.9835,0,0.1809,627.6621,0,1,0,0,-0.1809,0,-0.9835,299.1047,0,0,0,1
807.445,807.44,0.011443,0.01211,817.9799,627.6994,0,298.9072,1.505489,1.505489,-26.83451,NaN,NaN,NaN,NaN,0,20.1,3.729336,0,-19.751,-0.9826,0,0.1855,627.6994,0,1,0,0,-0.1855,0,-0.9826,298.9072,0,0,0,1
807.4576,807.45,0.012658,0.01222,817.9922,627.7376,0,298.7099,1.49381,1.49381,-26.62577,NaN,NaN,NaN,NaN,0,20.1,3.82108,0,-19.73346,-0.9818,0,0.1901,627.7376,0,1,0,0,-0.1901,0,-0.9818,298.7099,0,0,0,1
807.477,807.47,0.019342,0.013644,818.0121,627.8168,0,298.3158,1.474546,1.474546,-26.4097,NaN,NaN,NaN,NaN,0,20.1,4.002832,0,-19.6974,-0.98,0,0.1991,627.8168,0,1,0,0,-0.1991,0,-0.98,298.3158,0,0,0,1
807.4893,807.48,0.01227,0.013369,818.0239,627.8577,0,298.119,1.463995,1.463995,-26.05814,NaN,NaN,NaN,NaN,0,20.1,4.092374,0,-19.67899,-0.9791,0,0.2036,627.8577,0,1,0,0,-0.2036,0,-0.9791,298.119,0,0,0,1
807.5013,807.5,0.01208,0.013112,818.0363,627.9422,0,297.726,1.440047,1.440047,-25.85305,NaN,NaN,NaN,NaN,0,20.1,4.269796,0,-19.64125,-0.9772,0,0.2124,627.9422,0,1,0,0,-0.2124,0,-0.9772,297.726,0,0,0,1
807.5144,807.51,0.013062,0.013102,818.0491,627.9857,0,297.5297,1.429235,1.429235,-25.6553,NaN,NaN,NaN,NaN,0,20.1,4.3577,0,-19.62194,-0.9762,0,0.2168,627.9857,0,1,0,0,-0.2168,0,-0.9762,297.5297,0,0,0,1
807.5263,807.52,0.01193,0.012867,818.0608,628.0302,0,297.3337,1.418919,1.418919,-25.45754,NaN,NaN,NaN,NaN,0,20.1,4.444841,0,-19.60239,-0.9752,0,0.2211,628.0302,0,1,0,0,-0.2211,0,-0.9752,297.3337,0,0,0,1
807.5376,807.53,0.011288,0.012551,818.0721,628.0755,0,297.1379,1.407719,1.407719,-25.32204,NaN,NaN,NaN,NaN,0,20.1,4.531431,0,-19.58255,-0.9743,0,0.2254,628.0755,0,1,0,0,-0.2254,0,-0.9743,297.1379,0,0,0,1
807.5507,807.55,0.013034,0.012648,818.0859,628.1688,0,296.7469,1.382525,1.382525,-25.16823,NaN,NaN,NaN,NaN,0,20.1,4.703293,0,-19.54198,-0.9722,0,0.234,628.1688,0,1,0,0,-0.234,0,-0.9722,296.7469,0,0,0,1
807.5651,807.56,0.014451,0.013008,818.0995,628.2167,0,296.5516,1.370555,1.370555,-24.99244,NaN,NaN,NaN,NaN,0,20.1,4.788491,0,-19.52128,-0.9712,0,0.2382,628.2167,0,1,0,0,-0.2382,0,-0.9712,296.5516,0,0,0,1
807.5774,807.57,0.012319,0.012871,818.1121,628.2654,0,296.3566,1.35971,1.35971,-24.82765,NaN,NaN,NaN,NaN,0,20.1,4.873036,0,-19.50035,-0.9702,0,0.2424,628.2654,0,1,0,0,-0.2424,0,-0.9702,296.3566,0,0,0,1
807.5904,807.59,0.012991,0.012895,818.1256,628.3654,0,295.9673,1.335221,1.335221,-24.70314,NaN,NaN,NaN,NaN,0,20.1,5.041005,0,-19.45761,-0.968,0,0.2508,628.3654,0,1,0,0,-0.2508,0,-0.968,295.9673,0,0,0,1
807.6111,807.61,0.020716,0.014459,818.1462,628.4687,0,295.5788,1.308825,1.308825,-24.54932,NaN,NaN,NaN,NaN,0,20.1,5.207556,0,-19.41369,-0.9659,0,0.2591,628.4687,0,1,0,0,-0.2591,0,-0.9659,295.5788,0,0,0,1
807.6233,807.62,0.01215,0.013997,818.1578,628.5216,0,295.3849,1.297376,1.297376,-24.36622,NaN,NaN,NaN,NaN,0,20.1,5.29007,0,-19.39137,-0.9647,0,0.2632,628.5216,0,1,0,0,-0.2632,0,-0.9647,295.3849,0,0,0,1
807.6345,807.63,0.011188,0.013435,818.1691,628.5753,0,295.1912,1.285153,1.285153,-24.25635,NaN,NaN,NaN,NaN,0,20.1,5.372116,0,-19.3688,-0.9636,0,0.2673,628.5753,0,1,0,0,-0.2673,0,-0.9636,295.1912,0,0,0,1
807.655,807.65,0.020575,0.014863,818.1901,628.6852,0,294.8045,1.257985,1.257985,-24.1355,NaN,NaN,NaN,NaN,0,20.1,5.535104,0,-19.32286,-0.9613,0,0.2754,628.6852,0,1,0,0,-0.2754,0,-0.9613,294.8045,0,0,0,1
807.6683,807.66,0.013312,0.014553,818.2029,628.7414,0,294.6115,1.244312,1.244312,-23.93042,NaN,NaN,NaN,NaN,0,20.1,5.61576,0,-19.29957,-0.9602,0,0.2794,628.7414,0,1,0,0,-0.2794,0,-0.9602,294.6115,0,0,0,1
807.6813,807.68,0.012985,0.014239,818.2164,628.8561,0,294.2262,1.219914,1.219914,-23.79126,NaN,NaN,NaN,NaN,0,20.1,5.775842,0,-19.25227,-0.9578,0,0.2874,628.8561,0,1,0,0,-0.2874,0,-0.9578,294.2262,0,0,0,1
807.6945,807.69,0.013102,0.014012,818.2294,628.9146,0,294.0339,1.206437,1.206437,-23.60815,NaN,NaN,NaN,NaN,0,20.1,5.85512,0,-19.22831,-0.9566,0,0.2913,628.9146,0,1,0,0,-0.2913,0,-0.9566,294.0339,0,0,0,1
807.7074,807.7,0.012967,0.013803,818.2419,628.9739,0,293.8419,1.192068,1.192068,-23.39941,NaN,NaN,NaN,NaN,0,20.1,5.933599,0,-19.20424,-0.9554,0,0.2952,628.9739,0,1,0,0,-0.2952,0,-0.9554,293.8419,0,0,0,1
807.7189,807.71,0.011456,0.013334,818.2534,629.0341,0,293.6501,1.177721,1.177721,-23.21264,NaN,NaN,NaN,NaN,0,20.1,6.011354,0,-19.18004,-0.9542,0,0.2991,629.0341,0,1,0,0,-0.2991,0,-0.9542,293.6501,0,0,0,1
807.7302,807.73,0.011341,0.012935,818.2651,629.1566,0,293.2672,1.152713,1.152713,-23.00389,NaN,NaN,NaN,NaN,0,20.1,6.165171,0,-19.13115,-0.9518,0,0.3067,629.1566,0,1,0,0,-0.3067,0,-0.9518,293.2672,0,0,0,1
