time,fixedTime,deltaTime,smoothDeltaTime,realtimeSinceStartup,pos_x,pos_y,pos_z,distFromRoadCenter,signedDistFromRoadCenter,wheelAngle,obstacle_pos_x,obstacle_pos_y,obstacle_pos_z,distance_to_obstacle,brake_position,car_speed,car_vel_x,car_vel_y,car_vel_z,simplecar_4x4_R0C0,simplecar_4x4_R0C1,simplecar_4x4_R0C2,simplecar_4x4_R0C3,simplecar_4x4_R1C0,simplecar_4x4_R1C1,simplecar_4x4_R1C2,simplecar_4x4_R1C3,simplecar_4x4_R2C0,simplecar_4x4_R2C1,simplecar_4x4_R2C2,simplecar_4x4_R2C3,simplecar_4x4_R3C0,simplecar_4x4_R3C1,simplecar_4x4_R3C2,simplecar_4x4_R3C3
243.2056,243.2,0.023448,0.018942,253.7472,-913.3962,0,-356.6799,1.2823,1.2823,-0.70497,NaN,NaN,NaN,NaN,0,20.1,-0.294404,0,20.09784,0.9999,0,-0.0146,-913.3962,0,1,0,0,0.0146,0,0.9999,-356.6799,0,0,0,1
243.2281,243.22,0.022473,0.019648,253.7632,-913.4021,0,-356.2779,1.287476,1.287476,-0.31678,NaN,NaN,NaN,NaN,0,20.1,-0.296626,0,20.09781,0.9999,0,-0.0148,-913.4021,0,1,0,0,0.0148,0,0.9999,-356.2779,0,0,0,1
243.2453,243.24,0.017189,0.019156,253.7805,-913.4081,0,-355.8759,1.292544,1.292544,-0.093384,NaN,NaN,NaN,NaN,0,20.1,-0.297281,0,20.0978,0.9999,0,-0.0148,-913.4081,0,1,0,0,0.0148,0,0.9999,-355.8759,0,0,0,1
243.263,243.26,0.017796,0.018884,253.7983,-913.4141,0,-355.4739,1.297611,1.297611,0.130005,NaN,NaN,NaN,NaN,0,20.1,-0.296369,0,20.09781,0.9999,0,-0.0147,-913.4141,0,1,0,0,0.0147,0,0.9999,-355.4739,0,0,0,1
243.2817,243.28,0.018619,0.018831,253.8176,-913.4199,0,-355.072,1.302863,1.302863,0.287476,NaN,NaN,NaN,NaN,0,20.1,-0.294352,0,20.09785,0.9999,0,-0.0146,-913.4199,0,1,0,0,0.0146,0,0.9999,-355.072,0,0,0,1
243.2986,243.29,0.016971,0.018459,253.8333,-913.4229,0,-354.871,1.305489,1.305489,0.474258,NaN,NaN,NaN,NaN,0,20.1,-0.292689,0,20.09787,0.9999,0,-0.0146,-913.4229,0,1,0,0,0.0146,0,0.9999,-354.871,0,0,0,1
243.3141,243.31,0.015491,0.017865,253.8494,-913.4286,0,-354.469,1.31074,1.31074,0.580459,NaN,NaN,NaN,NaN,0,20.1,-0.288617,0,20.09793,0.9999,0,-0.0144,-913.4286,0,1,0,0,0.0144,0,0.9999,-354.469,0,0,0,1
243.3297,243.32,0.015582,0.017409,253.8643,-913.4315,0,-354.268,1.313426,1.313426,0.661025,NaN,NaN,NaN,NaN,0,20.1,-0.286298,0,20.09796,0.9999,0,-0.0142,-913.4315,0,1,0,0,0.0142,0,0.9999,-354.268,0,0,0,1
243.3492,243.34,0.019514,0.01783,253.8842,-913.4372,0,-353.866,1.318799,1.318799,0.682998,NaN,NaN,NaN,NaN,0,20.1,-0.281506,0,20.09803,0.9999,0,-0.014,-913.4372,0,1,0,0,0.014,0,0.9999,-353.866,0,0,0,1
243.3705,243.37,0.021281,0.01852,253.9064,-913.4456,0,-353.2631,1.327103,1.327103,0.682998,NaN,NaN,NaN,NaN,0,20.1,-0.274319,0,20.09813,0.9999,0,-0.0136,-913.4456,0,1,0,0,0.0136,0,0.9999,-353.2631,0,0,0,1
243.3849,243.38,0.014382,0.017693,253.9194,-913.4482,0,-353.0621,1.329912,1.329912,0.682998,NaN,NaN,NaN,NaN,0,20.1,-0.271923,0,20.09816,0.9999,0,-0.0135,-913.4482,0,1,0,0,0.0135,0,0.9999,-353.0621,0,0,0,1
243.3991,243.39,0.014173,0.016989,253.9335,-913.4509,0,-352.8611,1.332782,1.332782,0.682998,NaN,NaN,NaN,NaN,0,20.1,-0.269527,0,20.09819,0.9999,0,-0.0134,-913.4509,0,1,0,0,0.0134,0,0.9999,-352.8611,0,0,0,1
243.4123,243.41,0.013212,0.016233,253.9472,-913.4562,0,-352.4591,1.338643,1.338643,0.682998,NaN,NaN,NaN,NaN,0,20.1,-0.264736,0,20.09826,0.9999,0,-0.0132,-913.4562,0,1,0,0,0.0132,0,0.9999,-352.4591,0,0,0,1
243.43,243.42,0.017677,0.016522,253.9645,-913.4589,0,-352.2581,1.341513,1.341513,0.661025,NaN,NaN,NaN,NaN,0,20.1,-0.262417,0,20.09829,0.9999,0,-0.0131,-913.4589,0,1,0,0,0.0131,0,0.9999,-352.2581,0,0,0,1
243.4438,243.44,0.013826,0.015983,253.9789,-913.4641,0,-351.8561,1.347375,1.347375,0.628066,NaN,NaN,NaN,NaN,0,20.1,-0.258011,0,20.09834,0.9999,0,-0.0128,-913.4641,0,1,0,0,0.0128,0,0.9999,-351.8561,0,0,0,1
243.462,243.46,0.01819,0.016424,253.9968,-913.4692,0,-351.4541,1.353297,1.353297,0.628066,NaN,NaN,NaN,NaN,0,20.1,-0.253604,0,20.0984,0.9999,0,-0.0126,-913.4692,0,1,0,0,0.0126,0,0.9999,-351.4541,0,0,0,1
243.4812,243.48,0.019187,0.016977,254.0168,-913.4742,0,-351.0522,1.359342,1.359342,0.628066,NaN,NaN,NaN,NaN,0,20.1,-0.249198,0,20.09846,0.9999,0,-0.0124,-913.4742,0,1,0,0,0.0124,0,0.9999,-351.0522,0,0,0,1
243.5003,243.5,0.019156,0.017413,254.0351,-913.4791,0,-350.6502,1.365631,1.365631,0.628066,NaN,NaN,NaN,NaN,0,20.1,-0.244792,0,20.09851,0.9999,0,-0.0122,-913.4791,0,1,0,0,0.0122,0,0.9999,-350.6502,0,0,0,1
243.5149,243.51,0.014597,0.016849,254.0495,-913.4815,0,-350.4492,1.368684,1.368684,0.628066,NaN,NaN,NaN,NaN,0,20.1,-0.242589,0,20.09854,0.9999,0,-0.0121,-913.4815,0,1,0,0,0.0121,0,0.9999,-350.4492,0,0,0,1
243.5293,243.52,0.014419,0.016363,254.0637,-913.4839,0,-350.2482,1.371859,1.371859,0.628066,NaN,NaN,NaN,NaN,0,20.1,-0.240385,0,20.09856,0.9999,0,-0.012,-913.4839,0,1,0,0,0.012,0,0.9999,-350.2482,0,0,0,1
243.5486,243.54,0.019235,0.016938,254.0835,-913.4886,0,-349.8463,1.378148,1.378148,0.628066,NaN,NaN,NaN,NaN,0,20.1,-0.235979,0,20.09862,0.9999,0,-0.0117,-913.4886,0,1,0,0,0.0117,0,0.9999,-349.8463,0,0,0,1
243.5718,243.57,0.023227,0.018195,254.1073,-913.4956,0,-349.2433,1.387795,1.387795,0.628066,NaN,NaN,NaN,NaN,0,20.1,-0.229369,0,20.09869,0.9999,0,-0.0114,-913.4956,0,1,0,0,0.0114,0,0.9999,-349.2433,0,0,0,1
243.5857,243.58,0.013919,0.01734,254.1203,-913.4979,0,-349.0423,1.391092,1.391092,0.628066,NaN,NaN,NaN,NaN,0,20.1,-0.227166,0,20.09872,0.9999,0,-0.0113,-913.4979,0,1,0,0,0.0113,0,0.9999,-349.0423,0,0,0,1
243.6,243.6,0.014305,0.016733,254.1347,-913.5023,0,-348.6403,1.397748,1.397748,0.628066,NaN,NaN,NaN,NaN,0,20.1,-0.22276,0,20.09877,0.9999,0,-0.0111,-913.5023,0,1,0,0,0.0111,0,0.9999,-348.6403,0,0,0,1
243.614,243.61,0.014022,0.016191,254.1485,-913.5045,0,-348.4393,1.401106,1.401106,0.628066,NaN,NaN,NaN,NaN,0,20.1,-0.220557,0,20.09879,0.9999,0,-0.011,-913.5045,0,1,0,0,0.011,0,0.9999,-348.4393,0,0,0,1
243.627,243.62,0.012996,0.015552,254.1615,-913.5067,0,-348.2383,1.404404,1.404404,0.628066,NaN,NaN,NaN,NaN,0,20.1,-0.218354,0,20.09881,0.9999,0,-0.0109,-913.5067,0,1,0,0,0.0109,0,0.9999,-348.2383,0,0,0,1
243.6476,243.64,0.020548,0.016551,254.1824,-913.511,0,-347.8364,1.411241,1.411241,0.628066,NaN,NaN,NaN,NaN,0,20.1,-0.213947,0,20.09886,0.9999,0,-0.0106,-913.511,0,1,0,0,0.0106,0,0.9999,-347.8364,0,0,0,1
243.6637,243.66,0.016076,0.016456,254.1986,-913.5153,0,-347.4344,1.418019,1.418019,0.628066,NaN,NaN,NaN,NaN,0,20.1,-0.209541,0,20.09891,0.9999,0,-0.0104,-913.5153,0,1,0,0,0.0104,0,0.9999,-347.4344,0,0,0,1
243.6812,243.68,0.017529,0.016671,254.216,-913.5193,0,-347.0324,1.425041,1.425041,0.628066,NaN,NaN,NaN,NaN,0,20.1,-0.205134,0,20.09895,0.9999,0,-0.0102,-913.5193,0,1,0,0,0.0102,0,0.9999,-347.0324,0,0,0,1
243.6959,243.69,0.014735,0.016284,254.2304,-913.5214,0,-346.8314,1.428582,1.428582,0.628066,NaN,NaN,NaN,NaN,0,20.1,-0.202931,0,20.09898,0.9999,0,-0.0101,-913.5214,0,1,0,0,0.0101,0,0.9999,-346.8314,0,0,0,1
243.7109,243.71,0.015001,0.016027,254.2457,-913.5254,0,-346.4294,1.435603,1.435603,0.628066,NaN,NaN,NaN,NaN,0,20.1,-0.198525,0,20.09902,1,0,-0.0099,-913.5254,0,1,0,0,0.0099,0,1,-346.4294,0,0,0,1
243.7257,243.72,0.01477,0.015776,254.2601,-913.5273,0,-346.2285,1.439206,1.439206,0.628066,NaN,NaN,NaN,NaN,0,20.1,-0.196321,0,20.09904,1,0,-0.0098,-913.5273,0,1,0,0,0.0098,0,1,-346.2285,0,0,0,1
243.7397,243.73,0.01399,0.015419,254.2743,-913.5293,0,-346.0275,1.442748,1.442748,0.628066,NaN,NaN,NaN,NaN,0,20.1,-0.194118,0,20.09906,1,0,-0.0097,-913.5293,0,1,0,0,0.0097,0,1,-346.0275,0,0,0,1
243.7596,243.75,0.019892,0.016313,254.2944,-913.5331,0,-345.6255,1.450074,1.450074,0.628066,NaN,NaN,NaN,NaN,0,20.1,-0.189712,0,20.09911,1,0,-0.0094,-913.5331,0,1,0,0,0.0094,0,1,-345.6255,0,0,0,1
243.7818,243.78,0.022258,0.017502,254.3174,-913.5386,0,-345.0225,1.461126,1.461126,0.628066,NaN,NaN,NaN,NaN,0,20.1,-0.183102,0,20.09917,1,0,-0.0091,-913.5386,0,1,0,0,0.0091,0,1,-345.0225,0,0,0,1
243.7969,243.79,0.01505,0.017012,254.3314,-913.5404,0,-344.8215,1.464912,1.464912,0.628066,NaN,NaN,NaN,NaN,0,20.1,-0.180899,0,20.09919,1,0,-0.009,-913.5404,0,1,0,0,0.009,0,1,-344.8215,0,0,0,1
243.8109,243.81,0.013985,0.016406,254.3456,-913.544,0,-344.4196,1.47236,1.47236,0.628066,NaN,NaN,NaN,NaN,0,20.1,-0.176492,0,20.09923,1,0,-0.0088,-913.544,0,1,0,0,0.0088,0,1,-344.4196,0,0,0,1
243.8242,243.82,0.013385,0.015802,254.3587,-913.5458,0,-344.2186,1.476147,1.476147,0.628066,NaN,NaN,NaN,NaN,0,20.1,-0.174289,0,20.09925,1,0,-0.0087,-913.5458,0,1,0,0,0.0087,0,1,-344.2186,0,0,0,1
243.8377,243.83,0.013412,0.015324,254.3722,-913.5475,0,-344.0176,1.479993,1.479993,0.628066,NaN,NaN,NaN,NaN,0,20.1,-0.172086,0,20.09926,1,0,-0.0086,-913.5475,0,1,0,0,0.0086,0,1,-344.0176,0,0,0,1
243.8592,243.85,0.021504,0.01656,254.394,-913.5508,0,-343.6156,1.487687,1.487687,0.628066,NaN,NaN,NaN,NaN,0,20.1,-0.167679,0,20.0993,1,0,-0.0083,-913.5508,0,1,0,0,0.0083,0,1,-343.6156,0,0,0,1
243.8818,243.88,0.022602,0.017769,254.4173,-913.5557,0,-343.0126,1.49941,1.49941,0.628066,NaN,NaN,NaN,NaN,0,20.1,-0.16107,0,20.09935,1,0,-0.008,-913.5557,0,1,0,0,0.008,0,1,-343.0126,0,0,0,1
243.8966,243.89,0.014783,0.017171,254.4311,-913.5573,0,-342.8116,1.50344,1.50344,0.628066,NaN,NaN,NaN,NaN,0,20.1,-0.158866,0,20.09937,1,0,-0.0079,-913.5573,0,1,0,0,0.0079,0,1,-342.8116,0,0,0,1
243.9103,243.91,0.013735,0.016484,254.4454,-913.5604,0,-342.4097,1.511377,1.511377,0.628066,NaN,NaN,NaN,NaN,0,20.1,-0.15446,0,20.09941,1,0,-0.0077,-913.5604,0,1,0,0,0.0077,0,1,-342.4097,0,0,0,1
243.9241,243.92,0.013858,0.015959,254.4586,-913.5619,0,-342.2087,1.515407,1.515407,0.628066,NaN,NaN,NaN,NaN,0,20.1,-0.152257,0,20.09942,1,0,-0.0076,-913.5619,0,1,0,0,0.0076,0,1,-342.2087,0,0,0,1
243.9388,243.93,0.0147,0.015707,254.4734,-913.5635,0,-342.0077,1.519376,1.519376,0.628066,NaN,NaN,NaN,NaN,0,20.1,-0.150053,0,20.09944,1,0,-0.0075,-913.5635,0,1,0,0,0.0075,0,1,-342.0077,0,0,0,1
243.9539,243.95,0.015032,0.015572,254.489,-913.5664,0,-341.6057,1.527497,1.527497,0.642715,NaN,NaN,NaN,NaN,0,20.1,-0.145544,0,20.09947,1,0,-0.0072,-913.5664,0,1,0,0,0.0072,0,1,-341.6057,0,0,0,1
243.9705,243.97,0.016656,0.015789,254.5057,-913.5692,0,-341.2037,1.535862,1.535862,0.682998,NaN,NaN,NaN,NaN,0,20.1,-0.140752,0,20.09951,1,0,-0.007,-913.5692,0,1,0,0,0.007,0,1,-341.2037,0,0,0,1
243.985,243.98,0.014443,0.01552,254.5195,-913.5706,0,-341.0027,1.539953,1.539953,0.767226,NaN,NaN,NaN,NaN,0,20.1,-0.138061,0,20.09953,1,0,-0.0069,-913.5706,0,1,0,0,0.0069,0,1,-341.0027,0,0,0,1
244.0034,244,0.018464,0.016109,254.5386,-913.5732,0,-340.6008,1.548378,1.548378,0.862441,NaN,NaN,NaN,NaN,0,20.1,-0.13201,0,20.09957,1,0,-0.0066,-913.5732,0,1,0,0,0.0066,0,1,-340.6008,0,0,0,1
244.0177,244.01,0.014241,0.015735,254.5522,-913.5746,0,-340.3998,1.552592,1.552592,1.005263,NaN,NaN,NaN,NaN,0,20.1,-0.128483,0,20.09959,1,0,-0.0064,-913.5746,0,1,0,0,0.0064,0,1,-340.3998,0,0,0,1
244.0315,244.03,0.013786,0.015345,254.5666,-913.577,0,-339.9978,1.561201,1.561201,1.089492,NaN,NaN,NaN,NaN,0,20.1,-0.120839,0,20.09964,1,0,-0.006,-913.577,0,1,0,0,0.006,0,1,-339.9978,0,0,0,1
244.0458,244.04,0.014338,0.015144,254.5804,-913.5782,0,-339.7968,1.565536,1.565536,1.177382,NaN,NaN,NaN,NaN,0,20.1,-0.116709,0,20.09966,1,0,-0.0058,-913.5782,0,1,0,0,0.0058,0,1,-339.7968,0,0,0,1
244.0622,244.06,0.016387,0.015392,254.5973,-913.5804,0,-339.3948,1.574451,1.574451,1.261611,NaN,NaN,NaN,NaN,0,20.1,-0.107857,0,20.09971,1,0,-0.0054,-913.5804,0,1,0,0,0.0054,0,1,-339.3948,0,0,0,1
244.0772,244.07,0.015053,0.015324,254.6119,-913.5814,0,-339.1938,1.578969,1.578969,1.338515,NaN,NaN,NaN,NaN,0,20.1,-0.103162,0,20.09974,1,0,-0.0051,-913.5814,0,1,0,0,0.0051,0,1,-339.1938,0,0,0,1
244.0918,244.09,0.014524,0.015164,254.6269,-913.5833,0,-338.7919,1.588189,1.588189,1.404433,NaN,NaN,NaN,NaN,0,20.1,-0.093308,0,20.09978,1,0,-0.0046,-913.5833,0,1,0,0,0.0046,0,1,-338.7919,0,0,0,1
244.1059,244.1,0.014144,0.01496,254.6404,-913.5842,0,-338.5909,1.59289,1.59289,1.455717,NaN,NaN,NaN,NaN,0,20.1,-0.088201,0,20.09981,1,0,-0.0044,-913.5842,0,1,0,0,0.0044,0,1,-338.5909,0,0,0,1
244.1253,244.12,0.01942,0.015852,254.6602,-913.5858,0,-338.1889,1.602293,1.602293,1.492338,NaN,NaN,NaN,NaN,0,20.1,-0.077731,0,20.09985,1,0,-0.0039,-913.5858,0,1,0,0,0.0039,0,1,-338.1889,0,0,0,1
244.1394,244.13,0.014071,0.015496,254.6741,-913.5865,0,-337.9879,1.607116,1.607116,1.532621,NaN,NaN,NaN,NaN,0,20.1,-0.072354,0,20.09987,1,0,-0.0036,-913.5865,0,1,0,0,0.0036,0,1,-337.9879,0,0,0,1
244.1532,244.15,0.013806,0.015158,254.688,-913.5878,0,-337.5859,1.616886,1.616886,1.539946,NaN,NaN,NaN,NaN,0,20.1,-0.06155,0,20.09991,1,0,-0.0031,-913.5878,0,1,0,0,0.0031,0,1,-337.5859,0,0,0,1
244.1665,244.16,0.013282,0.014783,254.701,-913.5884,0,-337.3849,1.621892,1.621892,1.539946,NaN,NaN,NaN,NaN,0,20.1,-0.056147,0,20.09992,1,0,-0.0028,-913.5884,0,1,0,0,0.0028,0,1,-337.3849,0,0,0,1
244.1796,244.17,0.013103,0.014447,254.714,-913.5889,0,-337.184,1.626899,1.626899,1.539946,NaN,NaN,NaN,NaN,0,20.1,-0.050745,0,20.09994,1,0,-0.0025,-913.5889,0,1,0,0,0.0025,0,1,-337.184,0,0,0,1
244.1927,244.19,0.013091,0.014176,254.7275,-913.5898,0,-336.782,1.637096,1.637096,1.539946,NaN,NaN,NaN,NaN,0,20.1,-0.03994,0,20.09996,1,0,-0.002,-913.5898,0,1,0,0,0.002,0,1,-336.782,0,0,0,1
244.2139,244.21,0.021213,0.015583,254.7489,-913.5903,0,-336.38,1.647599,1.647599,1.539946,NaN,NaN,NaN,NaN,0,20.1,-0.029136,0,20.09998,1,0,-0.0014,-913.5903,0,1,0,0,0.0014,0,1,-336.38,0,0,0,1
244.228,244.22,0.014142,0.015295,254.7625,-913.5907,0,-336.179,1.652788,1.652788,1.539946,NaN,NaN,NaN,NaN,0,20.1,-0.023734,0,20.09999,1,0,-0.0012,-913.5907,0,1,0,0,0.0012,0,1,-336.179,0,0,0,1
244.248,244.24,0.019948,0.016225,254.7829,-913.5909,0,-335.777,1.663595,1.663595,1.539946,NaN,NaN,NaN,NaN,0,20.1,-0.012929,0,20.1,1,0,-0.0006,-913.5909,0,1,0,0,0.0006,0,1,-335.777,0,0,0,1
244.2628,244.26,0.014768,0.015934,254.7977,-913.591,0,-335.3751,1.674647,1.674647,1.539946,NaN,NaN,NaN,NaN,0,20.1,-0.002124,0,20.1,1,0,-0.0001,-913.591,0,1,0,0,0.0001,0,1,-335.3751,0,0,0,1
244.2767,244.27,0.013964,0.01554,254.8113,-913.5909,0,-335.1741,1.680264,1.680264,1.561918,NaN,NaN,NaN,NaN,0,20.1,0.003355,0,20.1,1,0,0.0002,-913.5909,0,1,0,0,-0.0002,0,1,-335.1741,0,0,0,1
244.291,244.29,0.014305,0.015293,254.8263,-913.5908,0,-334.7721,1.6915,1.6915,1.609526,NaN,NaN,NaN,NaN,0,20.1,0.014648,0,20.09999,1,0,0.0007,-913.5908,0,1,0,0,-0.0007,0,1,-334.7721,0,0,0,1
244.3058,244.3,0.014817,0.015198,254.8405,-913.5906,0,-334.5711,1.697239,1.697239,1.693754,NaN,NaN,NaN,NaN,0,20.1,0.02059,0,20.09999,1,0,0.001,-913.5906,0,1,0,0,-0.001,0,1,-334.5711,0,0,0,1
244.3258,244.32,0.019973,0.016153,254.8607,-913.59,0,-334.1691,1.70884,1.70884,1.792631,NaN,NaN,NaN,NaN,0,20.1,0.033167,0,20.09997,1,0,0.0017,-913.59,0,1,0,0,-0.0017,0,1,-334.1691,0,0,0,1
244.3396,244.33,0.013771,0.015676,254.8743,-913.5896,0,-333.9681,1.714823,1.714823,1.968412,NaN,NaN,NaN,NaN,0,20.1,0.040073,0,20.09996,1,0,0.002,-913.5896,0,1,0,0,-0.002,0,1,-333.9681,0,0,0,1
244.3586,244.35,0.019008,0.016343,254.8936,-913.5886,0,-333.5662,1.726913,1.726913,2.107573,NaN,NaN,NaN,NaN,0,20.1,0.05486,0,20.09993,1,0,0.0027,-913.5886,0,1,0,0,-0.0027,0,1,-333.5662,0,0,0,1
244.373,244.37,0.014442,0.015963,254.9085,-913.5872,0,-333.1642,1.739369,1.739369,2.345624,NaN,NaN,NaN,NaN,0,20.1,0.071317,0,20.09987,1,0,0.0035,-913.5872,0,1,0,0,-0.0035,0,1,-333.1642,0,0,0,1
244.3877,244.38,0.01463,0.015696,254.9222,-913.5864,0,-332.9632,1.745658,1.745658,2.554364,NaN,NaN,NaN,NaN,0,20.1,0.080278,0,20.09984,1,0,0.004,-913.5864,0,1,0,0,-0.004,0,1,-332.9632,0,0,0,1
244.3999,244.39,0.012185,0.014994,254.9345,-913.5855,0,-332.7622,1.75213,1.75213,2.82536,NaN,NaN,NaN,NaN,0,20.1,0.09019,0,20.0998,1,0,0.0045,-913.5855,0,1,0,0,-0.0045,0,1,-332.7622,0,0,0,1
244.4136,244.41,0.013756,0.014746,254.9487,-913.5834,0,-332.3602,1.76538,1.76538,3.056073,NaN,NaN,NaN,NaN,0,20.1,0.111631,0,20.09969,1,0,0.0056,-913.5834,0,1,0,0,-0.0056,0,1,-332.3602,0,0,0,1
244.4279,244.42,0.014342,0.014665,254.9627,-913.5822,0,-332.1592,1.772096,1.772096,3.341732,NaN,NaN,NaN,NaN,0,20.1,0.123354,0,20.09962,1,0,0.0061,-913.5822,0,1,0,0,-0.0061,0,1,-332.1592,0,0,0,1
244.4475,244.44,0.019512,0.015635,254.9832,-913.5793,0,-331.7573,1.785957,1.785957,3.631039,NaN,NaN,NaN,NaN,0,20.1,0.14883,0,20.09945,1,0,0.0074,-913.5793,0,1,0,0,-0.0074,0,1,-331.7573,0,0,0,1
244.4613,244.46,0.013875,0.015283,254.9963,-913.5759,0,-331.3553,1.800489,1.800489,4.048519,NaN,NaN,NaN,NaN,0,20.1,0.177234,0,20.09922,1,0,0.0088,-913.5759,0,1,0,0,-0.0088,0,1,-331.3553,0,0,0,1
244.4815,244.48,0.020125,0.016251,255.0166,-913.5719,0,-330.9533,1.81557,1.81557,4.356151,NaN,NaN,NaN,NaN,0,20.1,0.207797,0,20.09893,0.9999,0,0.0103,-913.5719,0,1,0,0,-0.0103,0,0.9999,-330.9533,0,0,0,1
244.4969,244.49,0.015445,0.01609,255.0315,-913.5696,0,-330.7523,1.823386,1.823386,4.802928,NaN,NaN,NaN,NaN,0,20.1,0.224645,0,20.09875,0.9999,0,0.0112,-913.5696,0,1,0,0,-0.0112,0,0.9999,-330.7523,0,0,0,1
244.5119,244.51,0.014961,0.015864,255.0471,-913.5646,0,-330.3503,1.839566,1.839566,5.117869,NaN,NaN,NaN,NaN,0,20.1,0.26055,0,20.09831,0.9999,0,0.013,-913.5646,0,1,0,0,-0.013,0,0.9999,-330.3503,0,0,0,1
244.5276,244.52,0.015738,0.015839,255.0624,-913.5618,0,-330.1494,1.84787,1.84787,5.469446,NaN,NaN,NaN,NaN,0,20.1,0.279736,0,20.09805,0.9999,0,0.0139,-913.5618,0,1,0,0,-0.0139,0,0.9999,-330.1494,0,0,0,1
244.5408,244.54,0.013247,0.015321,255.0761,-913.5555,0,-329.7474,1.865149,1.865149,5.831995,NaN,NaN,NaN,NaN,0,20.1,0.32065,0,20.09744,0.9999,0,0.016,-913.5555,0,1,0,0,-0.016,0,0.9999,-329.7474,0,0,0,1
244.558,244.55,0.017117,0.01568,255.0928,-913.5521,0,-329.5464,1.874125,1.874125,6.070032,NaN,NaN,NaN,NaN,0,20.1,0.341942,0,20.09709,0.9999,0,0.017,-913.5521,0,1,0,0,-0.017,0,0.9999,-329.5464,0,0,0,1
244.5741,244.57,0.016124,0.015769,255.109,-913.5446,0,-329.1445,1.892686,1.892686,6.417947,NaN,NaN,NaN,NaN,0,20.1,0.386964,0,20.09628,0.9998,0,0.0193,-913.5446,0,1,0,0,-0.0193,0,0.9998,-329.1445,0,0,0,1
244.5924,244.59,0.018263,0.016268,255.1275,-913.5362,0,-328.7426,1.912225,1.912225,6.714578,NaN,NaN,NaN,NaN,0,20.1,0.434065,0,20.09531,0.9998,0,0.0216,-913.5362,0,1,0,0,-0.0216,0,0.9998,-328.7426,0,0,0,1
244.6053,244.6,0.012902,0.015594,255.1398,-913.5316,0,-328.5416,1.922299,1.922299,7.04052,NaN,NaN,NaN,NaN,0,20.1,0.458758,0,20.09476,0.9997,0,0.0228,-913.5316,0,1,0,0,-0.0228,0,0.9997,-328.5416,0,0,0,1
244.619,244.61,0.013694,0.015214,255.1535,-913.5268,0,-328.3407,1.93268,1.93268,7.241936,NaN,NaN,NaN,NaN,0,20.1,0.484157,0,20.09417,0.9997,0,0.0241,-913.5268,0,1,0,0,-0.0241,0,0.9997,-328.3407,0,0,0,1
244.6321,244.63,0.013155,0.014802,255.1671,-913.5164,0,-327.9388,1.954173,1.954173,7.461662,NaN,NaN,NaN,NaN,0,20.1,0.536492,0,20.09284,0.9996,0,0.0267,-913.5164,0,1,0,0,-0.0267,0,0.9996,-327.9388,0,0,0,1
244.6474,244.64,0.015307,0.014903,255.1821,-913.5106,0,-327.7379,1.965468,1.965468,7.655754,NaN,NaN,NaN,NaN,0,20.1,0.56334,0,20.0921,0.9996,0,0.028,-913.5106,0,1,0,0,-0.028,0,0.9996,-327.7379,0,0,0,1
244.6617,244.66,0.01431,0.014785,255.1967,-913.4985,0,-327.3361,1.987056,1.987056,7.882805,NaN,NaN,NaN,NaN,0,20.1,0.618623,0,20.09048,0.9995,0,0.0308,-913.4985,0,1,0,0,-0.0308,0,0.9995,-327.3361,0,0,0,1
244.6838,244.68,0.022039,0.016235,255.2189,-913.4854,0,-326.9343,2.008136,2.008136,8.150153,NaN,NaN,NaN,NaN,0,20.1,0.675777,0,20.08864,0.9994,0,0.0336,-913.4854,0,1,0,0,-0.0336,0,0.9994,-326.9343,0,0,0,1
244.7049,244.7,0.021162,0.017221,255.2403,-913.4709,0,-326.5326,2.030111,2.030111,8.52735,NaN,NaN,NaN,NaN,0,20.1,0.73557,0,20.08654,0.9993,0,0.0366,-913.4709,0,1,0,0,-0.0366,0,0.9993,-326.5326,0,0,0,1
244.721,244.72,0.016097,0.016996,255.2563,-913.4552,0,-326.1309,2.047438,2.047438,8.908224,NaN,NaN,NaN,NaN,0,20.1,0.798026,0,20.08415,0.9992,0,0.0397,-913.4552,0,1,0,0,-0.0397,0,0.9992,-326.1309,0,0,0,1
244.7365,244.73,0.015516,0.0167,255.2713,-913.4469,0,-325.93,2.056467,2.056467,9.274435,NaN,NaN,NaN,NaN,0,20.1,0.830535,0,20.08283,0.9991,0,0.0413,-913.4469,0,1,0,0,-0.0413,0,0.9991,-325.93,0,0,0,1
244.7519,244.75,0.015337,0.016427,255.2868,-913.4293,0,-325.5284,2.074749,2.074749,9.666281,NaN,NaN,NaN,NaN,0,20.1,0.898293,0,20.07992,0.999,0,0.0447,-913.4293,0,1,0,0,-0.0447,0,0.999,-325.5284,0,0,0,1
244.7696,244.76,0.017703,0.016683,255.3044,-913.4199,0,-325.3276,2.08168,2.08168,10.04349,NaN,NaN,NaN,NaN,0,20.1,0.933491,0,20.07831,0.9989,0,0.0464,-913.4199,0,1,0,0,-0.0464,0,0.9989,-325.3276,0,0,0,1
244.7828,244.78,0.013202,0.015987,255.3178,-913.4001,0,-324.9261,2.096579,2.096579,10.49027,NaN,NaN,NaN,NaN,0,20.1,1.007007,0,20.07476,0.9987,0,0.0501,-913.4001,0,1,0,0,-0.0501,0,0.9987,-324.9261,0,0,0,1
244.8035,244.8,0.020725,0.016934,255.339,-913.3789,0,-324.5247,2.111499,2.111499,10.78325,NaN,NaN,NaN,NaN,0,20.1,1.082562,0,20.07083,0.9985,0,0.0539,-913.3789,0,1,0,0,-0.0539,0,0.9985,-324.5247,0,0,0,1
244.8192,244.81,0.015683,0.016684,255.3538,-913.3677,0,-324.324,2.117146,2.117146,11.26299,NaN,NaN,NaN,NaN,0,20.1,1.122014,0,20.06866,0.9984,0,0.0558,-913.3677,0,1,0,0,-0.0558,0,0.9984,-324.324,0,0,0,1
244.8334,244.83,0.014256,0.016198,255.3692,-913.3441,0,-323.9227,2.129599,2.129599,11.58892,NaN,NaN,NaN,NaN,0,20.1,1.203189,0,20.06396,0.9982,0,0.0599,-913.3441,0,1,0,0,-0.0599,0,0.9982,-323.9227,0,0,0,1
244.8487,244.84,0.015218,0.016002,255.3833,-913.3316,0,-323.7221,2.136405,2.136405,11.96613,NaN,NaN,NaN,NaN,0,20.1,1.245089,0,20.0614,0.9981,0,0.0619,-913.3316,0,1,0,0,-0.0619,0,0.9981,-323.7221,0,0,0,1
244.8641,244.86,0.015473,0.015896,255.399,-913.3054,0,-323.3209,2.146149,2.146149,12.3067,NaN,NaN,NaN,NaN,0,20.1,1.331258,0,20.05587,0.9978,0,0.0662,-913.3054,0,1,0,0,-0.0662,0,0.9978,-323.3209,0,0,0,1
244.8807,244.88,0.016591,0.016035,255.4159,-913.2775,0,-322.9199,2.156585,2.156585,12.73519,NaN,NaN,NaN,NaN,0,20.1,1.420402,0,20.04975,0.9975,0,0.0707,-913.2775,0,1,0,0,-0.0707,0,0.9975,-322.9199,0,0,0,1
244.8959,244.89,0.015184,0.015865,255.4308,-913.2628,0,-322.7194,2.162411,2.162411,13.18563,NaN,NaN,NaN,NaN,0,20.1,1.466539,0,20.04643,0.9973,0,0.073,-913.2628,0,1,0,0,-0.073,0,0.9973,-322.7194,0,0,0,1
244.9136,244.91,0.017687,0.016229,255.4487,-913.232,0,-322.3186,2.1698,2.1698,13.67636,NaN,NaN,NaN,NaN,0,20.1,1.562222,0,20.0392,0.997,0,0.0777,-913.232,0,1,0,0,-0.0777,0,0.997,-322.3186,0,0,0,1
244.9265,244.92,0.012908,0.015565,255.4611,-913.2159,0,-322.1183,2.173898,2.173898,14.28427,NaN,NaN,NaN,NaN,0,20.1,1.612177,0,20.03524,0.9968,0,0.0802,-913.2159,0,1,0,0,-0.0802,0,0.9968,-322.1183,0,0,0,1
244.9398,244.93,0.013305,0.015113,255.4777,-913.1993,0,-321.9179,2.178585,2.178585,14.69078,NaN,NaN,NaN,NaN,0,20.1,1.663543,0,20.03104,0.9966,0,0.0828,-913.1993,0,1,0,0,-0.0828,0,0.9966,-321.9179,0,0,0,1
244.9604,244.96,0.020569,0.016204,255.4956,-913.1462,0,-321.3173,2.189324,2.189324,15.19615,NaN,NaN,NaN,NaN,0,20.1,1.822869,0,20.01717,0.9959,0,0.0907,-913.1462,0,1,0,0,-0.0907,0,0.9959,-321.3173,0,0,0,1
244.9729,244.97,0.012559,0.015475,255.5074,-913.1273,0,-321.1172,2.193054,2.193054,15.96521,NaN,NaN,NaN,NaN,0,20.1,1.878639,0,20.01201,0.9956,0,0.0935,-913.1273,0,1,0,0,-0.0935,0,0.9956,-321.1172,0,0,0,1
244.9852,244.98,0.012277,0.014835,255.5199,-913.108,0,-320.9171,2.197191,2.197191,16.43397,NaN,NaN,NaN,NaN,0,20.1,1.936031,0,20.00654,0.9954,0,0.0963,-913.108,0,1,0,0,-0.0963,0,0.9954,-320.9171,0,0,0,1
245.0024,245,0.01719,0.015306,255.5373,-913.0674,0,-320.5171,2.203609,2.203609,16.91005,NaN,NaN,NaN,NaN,0,20.1,2.054089,0,19.99477,0.9948,0,0.1022,-913.0674,0,1,0,0,-0.1022,0,0.9948,-320.5171,0,0,0,1
245.0161,245.01,0.013727,0.01499,255.551,-913.0463,0,-320.3172,2.206441,2.206441,17.6315,NaN,NaN,NaN,NaN,0,20.1,2.115609,0,19.98835,0.9944,0,0.1053,-913.0463,0,1,0,0,-0.1053,0,0.9944,-320.3172,0,0,0,1
245.0361,245.03,0.020025,0.015997,255.5712,-913.0022,0,-319.9177,2.214002,2.214002,18.23208,NaN,NaN,NaN,NaN,0,20.1,2.242775,0,19.97448,0.9938,0,0.1116,-913.0022,0,1,0,0,-0.1116,0,0.9938,-319.9177,0,0,0,1
245.0496,245.04,0.013468,0.015491,255.5842,-912.9791,0,-319.718,2.217428,2.217428,19.09636,NaN,NaN,NaN,NaN,0,20.1,2.309336,0,19.9669,0.9934,0,0.1149,-912.9791,0,1,0,0,-0.1149,0,0.9934,-319.718,0,0,0,1
245.0632,245.06,0.013602,0.015113,255.5983,-912.9308,0,-319.3189,2.222813,2.222813,19.69329,NaN,NaN,NaN,NaN,0,20.1,2.446538,0,19.95055,0.9926,0,0.1217,-912.9308,0,1,0,0,-0.1217,0,0.9926,-319.3189,0,0,0,1
245.0766,245.07,0.013373,0.014765,255.6111,-912.9056,0,-319.1195,2.226487,2.226487,20.29756,NaN,NaN,NaN,NaN,0,20.1,2.5172,0,19.94176,0.9921,0,0.1252,-912.9056,0,1,0,0,-0.1252,0,0.9921,-319.1195,0,0,0,1
245.0909,245.09,0.014281,0.014669,255.6257,-912.8531,0,-318.7209,2.234042,2.234042,20.77363,NaN,NaN,NaN,NaN,0,20.1,2.661737,0,19.92298,0.9912,0,0.1324,-912.8531,0,1,0,0,-0.1324,0,0.9912,-318.7209,0,0,0,1
245.1058,245.1,0.014934,0.014722,255.6405,-912.8258,0,-318.5218,2.236777,2.236777,21.36324,NaN,NaN,NaN,NaN,0,20.1,2.736003,0,19.91292,0.9907,0,0.1361,-912.8258,0,1,0,0,-0.1361,0,0.9907,-318.5218,0,0,0,1
245.1265,245.12,0.020732,0.015924,255.6618,-912.7688,0,-318.1239,2.244575,2.244575,21.9565,NaN,NaN,NaN,NaN,0,20.1,2.888539,0,19.89137,0.9896,0,0.1437,-912.7688,0,1,0,0,-0.1437,0,0.9896,-318.1239,0,0,0,1
245.148,245.14,0.021496,0.017038,255.6841,-912.7086,0,-317.7264,2.252825,2.252825,22.645,NaN,NaN,NaN,NaN,0,20.1,3.04568,0,19.86791,0.9885,0,0.1515,-912.7086,0,1,0,0,-0.1515,0,0.9885,-317.7264,0,0,0,1
245.1636,245.16,0.015537,0.016738,255.699,-912.6454,0,-317.3294,2.260554,2.260554,23.24926,NaN,NaN,NaN,NaN,0,20.1,3.206816,0,19.84254,0.9872,0,0.1595,-912.6454,0,1,0,0,-0.1595,0,0.9872,-317.3294,0,0,0,1
245.1798,245.17,0.01624,0.016638,255.7145,-912.6125,0,-317.1311,2.265712,2.265712,23.61181,NaN,NaN,NaN,NaN,0,20.1,3.28856,0,19.82915,0.9865,0,0.1636,-912.6125,0,1,0,0,-0.1636,0,0.9865,-317.1311,0,0,0,1
245.1944,245.19,0.014567,0.016224,255.7295,-912.5443,0,-316.735,2.275221,2.275221,23.88647,NaN,NaN,NaN,NaN,0,20.1,3.453778,0,19.80105,0.9851,0,0.1718,-912.5443,0,1,0,0,-0.1718,0,0.9851,-316.735,0,0,0,1
245.2099,245.2,0.01555,0.016089,255.7446,-912.5089,0,-316.5371,2.279687,2.279687,24.04029,NaN,NaN,NaN,NaN,0,20.1,3.53683,0,19.78638,0.9844,0,0.176,-912.5089,0,1,0,0,-0.176,0,0.9844,-316.5371,0,0,0,1
245.2256,245.22,0.015718,0.016015,255.7606,-912.4357,0,-316.1418,2.291146,2.291146,24.12086,NaN,NaN,NaN,NaN,0,20.1,3.703299,0,19.7559,0.9829,0,0.1842,-912.4357,0,1,0,0,-0.1842,0,0.9829,-316.1418,0,0,0,1
245.241,245.24,0.01531,0.015874,255.7764,-912.3591,0,-315.7472,2.302014,2.302014,24.12452,NaN,NaN,NaN,NaN,0,20.1,3.869531,0,19.72401,0.9813,0,0.1925,-912.3591,0,1,0,0,-0.1925,0,0.9813,-315.7472,0,0,0,1
245.2577,245.25,0.016725,0.016044,255.7923,-912.3196,0,-315.5501,2.307603,2.307603,24.09522,NaN,NaN,NaN,NaN,0,20.1,3.952444,0,19.70757,0.9805,0,0.1966,-912.3196,0,1,0,0,-0.1966,0,0.9805,-315.5501,0,0,0,1
245.2712,245.27,0.01354,0.015543,255.8062,-912.238,0,-315.1565,2.32113,2.32113,24.0586,NaN,NaN,NaN,NaN,0,20.1,4.117808,0,19.67368,0.9788,0,0.2049,-912.238,0,1,0,0,-0.2049,0,0.9788,-315.1565,0,0,0,1
245.2842,245.28,0.012937,0.015022,255.819,-912.196,0,-314.9599,2.327763,2.327763,24.02198,NaN,NaN,NaN,NaN,0,20.1,4.200256,0,19.65624,0.9779,0,0.209,-912.196,0,1,0,0,-0.209,0,0.9779,-314.9599,0,0,0,1
245.2973,245.29,0.013135,0.014645,255.8319,-912.1532,0,-314.7635,2.333513,2.333513,23.98902,NaN,NaN,NaN,NaN,0,20.1,4.282517,0,19.63848,0.977,0,0.2131,-912.1532,0,1,0,0,-0.2131,0,0.977,-314.7635,0,0,0,1
245.3099,245.3,0.012642,0.014244,255.8446,-912.1096,0,-314.5673,2.340102,2.340102,23.96705,NaN,NaN,NaN,NaN,0,20.1,4.364628,0,19.6204,0.9761,0,0.2171,-912.1096,0,1,0,0,-0.2171,0,0.9761,-314.5673,0,0,0,1
245.3233,245.32,0.013405,0.014076,255.8583,-912.0198,0,-314.1755,2.355704,2.355704,23.90112,NaN,NaN,NaN,NaN,0,20.1,4.528169,0,19.5833,0.9743,0,0.2253,-912.0198,0,1,0,0,-0.2253,0,0.9743,-314.1755,0,0,0,1
245.3376,245.33,0.014205,0.014102,255.8723,-911.9737,0,-313.9798,2.36269,2.36269,23.82787,NaN,NaN,NaN,NaN,0,20.1,4.609571,0,19.5643,0.9733,0,0.2293,-911.9737,0,1,0,0,-0.2293,0,0.9733,-313.9798,0,0,0,1
245.3515,245.35,0.013948,0.014071,255.8865,-911.879,0,-313.5891,2.377,2.377,23.73266,NaN,NaN,NaN,NaN,0,20.1,4.771487,0,19.52544,0.9714,0,0.2374,-911.879,0,1,0,0,-0.2374,0,0.9714,-313.5891,0,0,0,1
245.3695,245.36,0.017979,0.014853,255.9041,-911.8305,0,-313.394,2.385391,2.385391,23.59716,NaN,NaN,NaN,NaN,0,20.1,4.851861,0,19.50563,0.9704,0,0.2414,-911.8305,0,1,0,0,-0.2414,0,0.9704,-313.394,0,0,0,1
245.3827,245.38,0.013209,0.014524,255.9177,-911.731,0,-313.0045,2.401891,2.401891,23.42504,NaN,NaN,NaN,NaN,0,20.1,5.011193,0,19.4653,0.9684,0,0.2493,-911.731,0,1,0,0,-0.2493,0,0.9684,-313.0045,0,0,0,1
245.4025,245.4,0.019767,0.015573,255.9374,-911.6285,0,-312.6158,2.417917,2.417917,23.25292,NaN,NaN,NaN,NaN,0,20.1,5.169022,0,19.42399,0.9664,0,0.2572,-911.6285,0,1,0,0,-0.2572,0,0.9664,-312.6158,0,0,0,1
245.4167,245.41,0.014205,0.015299,255.9514,-911.5759,0,-312.4218,2.427274,2.427274,22.95628,NaN,NaN,NaN,NaN,0,20.1,5.246805,0,19.40312,0.9653,0,0.261,-911.5759,0,1,0,0,-0.261,0,0.9653,-312.4218,0,0,0,1
245.4305,245.43,0.013785,0.014996,255.9653,-911.4688,0,-312.0344,2.444725,2.444725,22.70359,NaN,NaN,NaN,NaN,0,20.1,5.400409,0,19.36093,0.9632,0,0.2687,-911.4688,0,1,0,0,-0.2687,0,0.9632,-312.0344,0,0,0,1
245.4435,245.44,0.013078,0.014613,255.9781,-911.4141,0,-311.841,2.453153,2.453153,22.42161,NaN,NaN,NaN,NaN,0,20.1,5.476133,0,19.33965,0.9622,0,0.2724,-911.4141,0,1,0,0,-0.2724,0,0.9622,-311.841,0,0,0,1
245.4574,245.45,0.013926,0.014475,255.9922,-911.3585,0,-311.6478,2.462431,2.462431,22.08469,NaN,NaN,NaN,NaN,0,20.1,5.550637,0,19.3184,0.9611,0,0.2762,-911.3585,0,1,0,0,-0.2762,0,0.9611,-311.6478,0,0,0,1
245.47,245.47,0.012555,0.014091,256.0051,-911.2454,0,-311.2621,2.482224,2.482224,21.73312,NaN,NaN,NaN,NaN,0,20.1,5.697031,0,19.27573,0.959,0,0.2834,-911.2454,0,1,0,0,-0.2834,0,0.959,-311.2621,0,0,0,1
245.4834,245.48,0.013387,0.013951,256.018,-911.1877,0,-311.0696,2.490584,2.490584,21.42916,NaN,NaN,NaN,NaN,0,20.1,5.769085,0,19.25429,0.9579,0,0.287,-911.1877,0,1,0,0,-0.287,0,0.9579,-311.0696,0,0,0,1
245.5036,245.5,0.020182,0.015197,256.0386,-911.0702,0,-310.6852,2.509426,2.509426,21.11788,NaN,NaN,NaN,NaN,0,20.1,5.910861,0,19.21124,0.9558,0,0.2941,-911.0702,0,1,0,0,-0.2941,0,0.9558,-310.6852,0,0,0,1
245.5189,245.51,0.015366,0.015231,256.0535,-911.0104,0,-310.4933,2.519967,2.519967,20.53559,NaN,NaN,NaN,NaN,0,20.1,5.979679,0,19.18993,0.9547,0,0.2975,-911.0104,0,1,0,0,-0.2975,0,0.9547,-310.4933,0,0,0,1
245.5364,245.53,0.017445,0.015673,256.0714,-910.8887,0,-310.1101,2.538376,2.538376,20.19868,NaN,NaN,NaN,NaN,0,20.1,6.11483,0,19.14729,0.9526,0,0.3042,-910.8887,0,1,0,0,-0.3042,0,0.9526,-310.1101,0,0,0,1
245.5511,245.55,0.014746,0.015488,256.0863,-910.7645,0,-309.7278,2.557981,2.557981,19.75921,NaN,NaN,NaN,NaN,0,20.1,6.246747,0,19.10466,0.9505,0,0.3108,-910.7645,0,1,0,0,-0.3108,0,0.9505,-309.7278,0,0,0,1
245.5656,245.56,0.014429,0.015276,256.1003,-910.7014,0,-309.537,2.568814,2.568814,19.38568,NaN,NaN,NaN,NaN,0,20.1,6.311351,0,19.08342,0.9494,0,0.314,-910.7014,0,1,0,0,-0.314,0,0.9494,-309.537,0,0,0,1
245.5796,245.57,0.014009,0.015023,256.1146,-910.6376,0,-309.3464,2.577993,2.577993,19.05973,NaN,NaN,NaN,NaN,0,20.1,6.374798,0,19.06232,0.9484,0,0.3172,-910.6376,0,1,0,0,-0.3172,0,0.9484,-309.3464,0,0,0,1
245.5927,245.59,0.013116,0.014641,256.1277,-910.5082,0,-308.9658,2.59664,2.59664,18.74846,NaN,NaN,NaN,NaN,0,20.1,6.499413,0,19.02019,0.9463,0,0.3234,-910.5082,0,1,0,0,-0.3234,0,0.9463,-308.9658,0,0,0,1
245.6074,245.6,0.014688,0.014651,256.1421,-910.4426,0,-308.7758,2.606913,2.606913,18.4738,NaN,NaN,NaN,NaN,0,20.1,6.560706,0,18.99914,0.9452,0,0.3264,-910.4426,0,1,0,0,-0.3264,0,0.9452,-308.7758,0,0,0,1
245.6246,245.62,0.017237,0.015168,256.1594,-910.3096,0,-308.3964,2.626429,2.626429,18.16616,NaN,NaN,NaN,NaN,0,20.1,6.681051,0,18.95715,0.9431,0,0.3324,-910.3096,0,1,0,0,-0.3324,0,0.9431,-308.3964,0,0,0,1
245.6376,245.63,0.01297,0.014728,256.1725,-910.2422,0,-308.207,2.635451,2.635451,17.78164,NaN,NaN,NaN,NaN,0,20.1,6.739852,0,18.93633,0.9421,0,0.3353,-910.2422,0,1,0,0,-0.3353,0,0.9421,-308.207,0,0,0,1
245.6583,245.65,0.020716,0.015926,256.1934,-910.1057,0,-307.8289,2.65521,2.65521,17.4667,NaN,NaN,NaN,NaN,0,20.1,6.855182,0,18.89488,0.94,0,0.3411,-910.1057,0,1,0,0,-0.3411,0,0.94,-307.8289,0,0,0,1
245.672,245.67,0.01369,0.015479,256.207,-909.9669,0,-307.4517,2.673756,2.673756,17.01991,NaN,NaN,NaN,NaN,0,20.1,6.967316,0,18.85382,0.938,0,0.3466,-909.9669,0,1,0,0,-0.3466,0,0.938,-307.4517,0,0,0,1
245.6856,245.68,0.013629,0.015109,256.2202,-909.8966,0,-307.2633,2.682634,2.682634,16.72328,NaN,NaN,NaN,NaN,0,20.1,7.022316,0,18.8334,0.937,0,0.3494,-909.8966,0,1,0,0,-0.3494,0,0.937,-307.2633,0,0,0,1
245.6984,245.69,0.012836,0.014654,256.2332,-909.8258,0,-307.0752,2.692055,2.692055,16.43397,NaN,NaN,NaN,NaN,0,20.1,7.076306,0,18.81318,0.936,0,0.3521,-909.8258,0,1,0,0,-0.3521,0,0.936,-307.0752,0,0,0,1
245.7124,245.71,0.013936,0.014511,256.2475,-909.6827,0,-306.6996,2.711131,2.711131,16.20325,NaN,NaN,NaN,NaN,0,20.1,7.1826,0,18.77286,0.934,0,0.3573,-909.6827,0,1,0,0,-0.3573,0,0.934,-306.6996,0,0,0,1
245.7258,245.72,0.013421,0.014293,256.2605,-909.6105,0,-306.512,2.719037,2.719037,15.93225,NaN,NaN,NaN,NaN,0,20.1,7.234774,0,18.75282,0.933,0,0.3599,-909.6105,0,1,0,0,-0.3599,0,0.933,-306.512,0,0,0,1
245.7384,245.73,0.012595,0.013953,256.2729,-909.5375,0,-306.3247,2.727562,2.727562,15.69055,NaN,NaN,NaN,NaN,0,20.1,7.286102,0,18.73293,0.932,0,0.3625,-909.5375,0,1,0,0,-0.3625,0,0.932,-306.3247,0,0,0,1
245.7581,245.75,0.019684,0.015099,256.2929,-909.3903,0,-305.9507,2.746015,2.746015,15.50378,NaN,NaN,NaN,NaN,0,20.1,7.387374,0,18.69323,0.93,0,0.3675,-909.3903,0,1,0,0,-0.3675,0,0.93,-305.9507,0,0,0,1
245.7708,245.77,0.012731,0.014626,256.3057,-909.2411,0,-305.5774,2.761535,2.761535,15.2108,NaN,NaN,NaN,NaN,0,20.1,7.486524,0,18.65374,0.928,0,0.3725,-909.2411,0,1,0,0,-0.3725,0,0.928,-305.5774,0,0,0,1
245.792,245.79,0.021159,0.015932,256.3269,-909.0898,0,-305.2049,2.778045,2.778045,15.06798,NaN,NaN,NaN,NaN,0,20.1,7.584533,0,18.6141,0.9261,0,0.3773,-909.0898,0,1,0,0,-0.3773,0,0.9261,-305.2049,0,0,0,1
245.8054,245.8,0.013386,0.015423,256.3401,-909.0135,0,-305.019,2.787022,2.787022,14.87022,NaN,NaN,NaN,NaN,0,20.1,7.632817,0,18.59436,0.9251,0,0.3797,-909.0135,0,1,0,0,-0.3797,0,0.9251,-305.019,0,0,0,1
245.8178,245.81,0.012468,0.014832,256.3524,-908.9367,0,-304.8332,2.793766,2.793766,14.81895,NaN,NaN,NaN,NaN,0,20.1,7.680884,0,18.57455,0.9241,0,0.3821,-908.9367,0,1,0,0,-0.3821,0,0.9241,-304.8332,0,0,0,1
245.8305,245.83,0.012688,0.014403,256.3653,-908.7817,0,-304.4623,2.80801,2.80801,14.79698,NaN,NaN,NaN,NaN,0,20.1,7.77672,0,18.53463,0.9221,0,0.3869,-908.7817,0,1,0,0,-0.3869,0,0.9221,-304.4623,0,0,0,1
245.8424,245.84,0.011923,0.013907,256.3769,-908.7034,0,-304.2772,2.815871,2.815871,14.79698,NaN,NaN,NaN,NaN,0,20.1,7.824561,0,18.51449,0.9211,0,0.3893,-908.7034,0,1,0,0,-0.3893,0,0.9211,-304.2772,0,0,0,1
245.8553,245.85,0.012915,0.013709,256.39,-908.6247,0,-304.0923,2.823906,2.823906,14.81895,NaN,NaN,NaN,NaN,0,20.1,7.872421,0,18.49419,0.9201,0,0.3917,-908.6247,0,1,0,0,-0.3917,0,0.9201,-304.0923,0,0,0,1
245.8682,245.86,0.012815,0.01353,256.4027,-908.5455,0,-303.9075,2.829737,2.829737,14.88121,NaN,NaN,NaN,NaN,0,20.1,7.920429,0,18.47368,0.9191,0,0.3941,-908.5455,0,1,0,0,-0.3941,0,0.9191,-303.9075,0,0,0,1
245.8805,245.88,0.012319,0.013288,256.4154,-908.3856,0,-303.5387,2.842819,2.842819,15.02403,NaN,NaN,NaN,NaN,0,20.1,8.017201,0,18.43189,0.917,0,0.3989,-908.3856,0,1,0,0,-0.3989,0,0.917,-303.5387,0,0,0,1
245.8938,245.89,0.013342,0.013298,256.4286,-908.3049,0,-303.3546,2.850195,2.850195,15.17418,NaN,NaN,NaN,NaN,0,20.1,8.065989,0,18.41059,0.9159,0,0.4013,-908.3049,0,1,0,0,-0.4013,0,0.9159,-303.3546,0,0,0,1
245.9131,245.91,0.019326,0.014504,256.4481,-908.142,0,-302.987,2.862262,2.862262,15.39757,NaN,NaN,NaN,NaN,0,20.1,8.164824,0,18.36697,0.9138,0,0.4062,-908.142,0,1,0,0,-0.4062,0,0.9138,-302.987,0,0,0,1
245.926,245.92,0.012859,0.014175,256.4606,-908.0598,0,-302.8036,2.868092,2.868092,15.72351,NaN,NaN,NaN,NaN,0,20.1,8.215198,0,18.3445,0.9127,0,0.4087,-908.0598,0,1,0,0,-0.4087,0,0.9127,-302.8036,0,0,0,1
245.9397,245.93,0.013738,0.014088,256.4744,-907.9772,0,-302.6203,2.874357,2.874357,15.98352,NaN,NaN,NaN,NaN,0,20.1,8.26634,0,18.32151,0.9115,0,0.4113,-907.9772,0,1,0,0,-0.4113,0,0.9115,-302.6203,0,0,0,1
245.9588,245.95,0.019002,0.01507,256.4936,-907.8104,0,-302.2546,2.886796,2.886796,16.28015,NaN,NaN,NaN,NaN,0,20.1,8.370323,0,18.27424,0.9092,0,0.4164,-907.8104,0,1,0,0,-0.4164,0,0.9092,-302.2546,0,0,0,1
245.9733,245.97,0.014531,0.014963,256.5083,-907.6414,0,-301.8899,2.897214,2.897214,16.66835,NaN,NaN,NaN,NaN,0,20.1,8.476507,0,18.22523,0.9067,0,0.4217,-907.6414,0,1,0,0,-0.4217,0,0.9067,-301.8899,0,0,0,1
245.9867,245.98,0.013423,0.014655,256.5212,-907.556,0,-301.7079,2.903303,2.903303,16.97963,NaN,NaN,NaN,NaN,0,20.1,8.53048,0,18.20003,0.9055,0,0.4244,-907.556,0,1,0,0,-0.4244,0,0.9055,-301.7079,0,0,0,1
245.999,245.99,0.012286,0.014181,256.534,-907.4702,0,-301.5261,2.909976,2.909976,17.1664,NaN,NaN,NaN,NaN,0,20.1,8.58497,0,18.17439,0.9042,0,0.4271,-907.4702,0,1,0,0,-0.4271,0,0.9042,-301.5261,0,0,0,1
246.0116,246.01,0.012631,0.013871,256.5467,-907.2968,0,-301.1634,2.919349,2.919349,17.33851,NaN,NaN,NaN,NaN,0,20.1,8.69481,0,18.1221,0.9016,0,0.4326,-907.2968,0,1,0,0,-0.4326,0,0.9016,-301.1634,0,0,0,1
246.026,246.02,0.014388,0.013974,256.5609,-907.2092,0,-300.9825,2.924703,2.924703,17.50698,NaN,NaN,NaN,NaN,0,20.1,8.750142,0,18.09544,0.9003,0,0.4353,-907.2092,0,1,0,0,-0.4353,0,0.9003,-300.9825,0,0,0,1
246.0405,246.04,0.014519,0.014083,256.5755,-907.0325,0,-300.6213,2.936753,2.936753,17.59854,NaN,NaN,NaN,NaN,0,20.1,8.861135,0,18.04135,0.8976,0,0.4409,-907.0325,0,1,0,0,-0.4409,0,0.8976,-300.6213,0,0,0,1
246.0601,246.06,0.019537,0.015174,256.5949,-906.8536,0,-300.2613,2.945468,2.945468,17.61685,NaN,NaN,NaN,NaN,0,20.1,8.971912,0,17.98652,0.8949,0,0.4464,-906.8536,0,1,0,0,-0.4464,0,0.8949,-300.2613,0,0,0,1
246.0815,246.08,0.021416,0.016423,256.6166,-906.6725,0,-299.9024,2.956494,2.956494,17.60952,NaN,NaN,NaN,NaN,0,20.1,9.082303,0,17.93103,0.8921,0,0.4519,-906.6725,0,1,0,0,-0.4519,0,0.8921,-299.9024,0,0,0,1
246.0959,246.09,0.014463,0.016031,256.6305,-906.5812,0,-299.7234,2.961654,2.961654,17.58389,NaN,NaN,NaN,NaN,0,20.1,9.13729,0,17.90307,0.8907,0,0.4546,-906.5812,0,1,0,0,-0.4546,0,0.8907,-299.7234,0,0,0,1
246.1088,246.1,0.01289,0.015403,256.6435,-906.4893,0,-299.5446,2.96563,2.96563,17.56558,NaN,NaN,NaN,NaN,0,20.1,9.192134,0,17.87497,0.8893,0,0.4573,-906.4893,0,1,0,0,-0.4573,0,0.8893,-299.5446,0,0,0,1
246.1217,246.12,0.012847,0.014891,256.6569,-906.3038,0,-299.188,2.975292,2.975292,17.56558,NaN,NaN,NaN,NaN,0,20.1,9.301562,0,17.81828,0.8865,0,0.4628,-906.3038,0,1,0,0,-0.4628,0,0.8865,-299.188,0,0,0,1
246.136,246.13,0.014351,0.014783,256.6704,-906.2102,0,-299.0101,2.981019,2.981019,17.55093,NaN,NaN,NaN,NaN,0,20.1,9.3561,0,17.7897,0.8851,0,0.4655,-906.2102,0,1,0,0,-0.4655,0,0.8851,-299.0101,0,0,0,1
246.1492,246.14,0.013134,0.014453,256.6837,-906.1161,0,-298.8325,2.98534,2.98534,17.55093,NaN,NaN,NaN,NaN,0,20.1,9.410549,0,17.76096,0.8836,0,0.4682,-906.1161,0,1,0,0,-0.4682,0,0.8836,-298.8325,0,0,0,1
246.1681,246.16,0.018897,0.015342,256.7028,-905.9262,0,-298.4781,2.993668,2.993668,17.55093,NaN,NaN,NaN,NaN,0,20.1,9.519183,0,17.70297,0.8807,0,0.4736,-905.9262,0,1,0,0,-0.4736,0,0.8807,-298.4781,0,0,0,1
246.1818,246.18,0.013718,0.015017,256.7165,-905.7342,0,-298.125,3.004277,3.004277,17.55093,NaN,NaN,NaN,NaN,0,20.1,9.62746,0,17.64432,0.8778,0,0.479,-905.7342,0,1,0,0,-0.479,0,0.8778,-298.125,0,0,0,1
246.2044,246.2,0.022591,0.016532,256.7391,-905.54,0,-297.773,3.011432,3.011432,17.54727,NaN,NaN,NaN,NaN,0,20.1,9.735353,0,17.58502,0.8749,0,0.4843,-905.54,0,1,0,0,-0.4843,0,0.8749,-297.773,0,0,0,1
246.2177,246.21,0.013306,0.015887,256.7526,-905.4421,0,-297.5974,3.015732,3.015732,17.53262,NaN,NaN,NaN,NaN,0,20.1,9.789118,0,17.55515,0.8734,0,0.487,-905.4421,0,1,0,0,-0.487,0,0.8734,-297.5974,0,0,0,1
246.2303,246.23,0.012665,0.015243,256.7652,-905.2448,0,-297.2472,3.025609,3.025609,17.5253,NaN,NaN,NaN,NaN,0,20.1,9.896328,0,17.49493,0.8704,0,0.4924,-905.2448,0,1,0,0,-0.4924,0,0.8704,-297.2472,0,0,0,1
246.2449,246.24,0.01453,0.0151,256.7794,-905.1453,0,-297.0726,3.028652,3.028652,17.496,NaN,NaN,NaN,NaN,0,20.1,9.949703,0,17.46463,0.8689,0,0.495,-905.1453,0,1,0,0,-0.495,0,0.8689,-297.0726,0,0,0,1
246.2576,246.25,0.012755,0.014631,256.7924,-905.0452,0,-296.8982,3.032239,3.032239,17.45938,NaN,NaN,NaN,NaN,0,20.1,10.00288,0,17.43423,0.8674,0,0.4977,-905.0452,0,1,0,0,-0.4977,0,0.8674,-296.8982,0,0,0,1
