time,fixedTime,deltaTime,smoothDeltaTime,realtimeSinceStartup,pos_x,pos_y,pos_z,distFromRoadCenter,signedDistFromRoadCenter,wheelAngle,obstacle_pos_x,obstacle_pos_y,obstacle_pos_z,distance_to_obstacle,brake_position,car_speed,car_vel_x,car_vel_y,car_vel_z,simplecar_4x4_R0C0,simplecar_4x4_R0C1,simplecar_4x4_R0C2,simplecar_4x4_R0C3,simplecar_4x4_R1C0,simplecar_4x4_R1C1,simplecar_4x4_R1C2,simplecar_4x4_R1C3,simplecar_4x4_R2C0,simplecar_4x4_R2C1,simplecar_4x4_R2C2,simplecar_4x4_R2C3,simplecar_4x4_R3C0,simplecar_4x4_R3C1,simplecar_4x4_R3C2,simplecar_4x4_R3C3
294.4102,294.41,0.016408,0.016652,304.9559,-644.6465,0,78.51159,2.174109,2.174109,-0.038452,NaN,NaN,NaN,NaN,0,20.1,5.05056,0,19.45512,0.9679,0,0.2513,-644.6465,0,1,0,0,-0.2513,0,0.9679,78.5116,0,0,0,1
294.4393,294.43,0.029147,0.019151,304.9743,-644.5456,0,78.90069,2.174884,2.174884,-0.038452,NaN,NaN,NaN,NaN,0,20.1,5.050298,0,19.45519,0.9679,0,0.2513,-644.5456,0,1,0,0,-0.2513,0,0.9679,78.9007,0,0,0,1
294.4529,294.45,0.01361,0.018043,304.9877,-644.4447,0,79.28979,2.1757,2.1757,-0.038452,NaN,NaN,NaN,NaN,0,20.1,5.050037,0,19.45526,0.9679,0,0.2512,-644.4447,0,1,0,0,-0.2512,0,0.9679,79.2898,0,0,0,1
294.4724,294.47,0.019445,0.018323,305.0074,-644.3437,0,79.67889,2.176584,2.176584,-0.038452,NaN,NaN,NaN,NaN,0,20.1,5.049778,0,19.45533,0.9679,0,0.2512,-644.3437,0,1,0,0,-0.2512,0,0.9679,79.6789,0,0,0,1
294.4938,294.49,0.0214,0.018938,305.0286,-644.2427,0,80.06801,2.177405,2.177405,-0.038452,NaN,NaN,NaN,NaN,0,20.1,5.049517,0,19.45539,0.9679,0,0.2512,-644.2427,0,1,0,0,-0.2512,0,0.9679,80.068,0,0,0,1
294.5091,294.5,0.015349,0.01822,305.044,-644.1923,0,80.26256,2.177845,2.177845,-0.038452,NaN,NaN,NaN,NaN,0,20.1,5.049387,0,19.45543,0.9679,0,0.2512,-644.1923,0,1,0,0,-0.2512,0,0.9679,80.2626,0,0,0,1
294.5266,294.52,0.017432,0.018063,305.0614,-644.0913,0,80.65167,2.178665,2.178665,-0.038452,NaN,NaN,NaN,NaN,0,20.1,5.049126,0,19.4555,0.9679,0,0.2512,-644.0913,0,1,0,0,-0.2512,0,0.9679,80.6517,0,0,0,1
294.5404,294.54,0.013891,0.017228,305.0753,-643.9904,0,81.04079,2.179486,2.179486,-0.038452,NaN,NaN,NaN,NaN,0,20.1,5.048865,0,19.45556,0.9679,0,0.2512,-643.9904,0,1,0,0,-0.2512,0,0.9679,81.0408,0,0,0,1
294.5596,294.55,0.019137,0.01761,305.094,-643.9399,0,81.23534,2.179925,2.179925,-0.038452,NaN,NaN,NaN,NaN,0,20.1,5.048735,0,19.4556,0.9679,0,0.2512,-643.9399,0,1,0,0,-0.2512,0,0.9679,81.2353,0,0,0,1
294.5739,294.57,0.01426,0.01694,305.1087,-643.8389,0,81.62446,2.180806,2.180806,-0.038452,NaN,NaN,NaN,NaN,0,20.1,5.048475,0,19.45567,0.9679,0,0.2512,-643.8389,0,1,0,0,-0.2512,0,0.9679,81.6245,0,0,0,1
294.5934,294.59,0.019502,0.017452,305.1282,-643.738,0,82.01357,2.181562,2.181562,-0.038452,NaN,NaN,NaN,NaN,0,20.1,5.048214,0,19.45573,0.9679,0,0.2512,-643.738,0,1,0,0,-0.2512,0,0.9679,82.0136,0,0,0,1
294.6074,294.6,0.014086,0.016779,305.1419,-643.6875,0,82.20813,2.182066,2.182066,-0.038452,NaN,NaN,NaN,NaN,0,20.1,5.048084,0,19.45577,0.9679,0,0.2511,-643.6875,0,1,0,0,-0.2511,0,0.9679,82.2081,0,0,0,1
294.6215,294.62,0.014025,0.016228,305.1565,-643.5865,0,82.59724,2.182887,2.182887,-0.027466,NaN,NaN,NaN,NaN,0,20.1,5.047897,0,19.45582,0.968,0,0.2511,-643.5865,0,1,0,0,-0.2511,0,0.968,82.5972,0,0,0,1
294.6355,294.63,0.014066,0.015796,305.1701,-643.5361,0,82.7918,2.183328,2.183328,-0.009155,NaN,NaN,NaN,NaN,0,20.1,5.047865,0,19.45582,0.968,0,0.2511,-643.5361,0,1,0,0,-0.2511,0,0.968,82.7918,0,0,0,1
294.6498,294.64,0.014334,0.015503,305.1843,-643.4856,0,82.98636,2.183707,2.183707,0.009155,NaN,NaN,NaN,NaN,0,20.1,5.047897,0,19.45582,0.968,0,0.2511,-643.4856,0,1,0,0,-0.2511,0,0.968,82.9864,0,0,0,1
294.6637,294.66,0.013801,0.015163,305.1987,-643.3846,0,83.37547,2.184529,2.184529,0.027466,NaN,NaN,NaN,NaN,0,20.1,5.048084,0,19.45577,0.9679,0,0.2511,-643.3846,0,1,0,0,-0.2511,0,0.9679,83.3755,0,0,0,1
294.6819,294.68,0.018293,0.015789,305.217,-643.2837,0,83.76459,2.185408,2.185408,0.045776,NaN,NaN,NaN,NaN,0,20.1,5.048395,0,19.45569,0.9679,0,0.2512,-643.2837,0,1,0,0,-0.2512,0,0.9679,83.7646,0,0,0,1
294.6971,294.69,0.01518,0.015667,305.2316,-643.2332,0,83.95914,2.185789,2.185789,0.082397,NaN,NaN,NaN,NaN,0,20.1,5.048675,0,19.45561,0.9679,0,0.2512,-643.2332,0,1,0,0,-0.2512,0,0.9679,83.9591,0,0,0,1
294.7167,294.71,0.01955,0.016444,305.2516,-643.1323,0,84.34826,2.186668,2.186668,0.100708,NaN,NaN,NaN,NaN,0,20.1,5.049359,0,19.45543,0.9679,0,0.2512,-643.1323,0,1,0,0,-0.2512,0,0.9679,84.3483,0,0,0,1
294.7307,294.73,0.014015,0.015958,305.2656,-643.0313,0,84.73736,2.18749,2.18749,0.130005,NaN,NaN,NaN,NaN,0,20.1,5.050241,0,19.45521,0.9679,0,0.2513,-643.0313,0,1,0,0,-0.2513,0,0.9679,84.7374,0,0,0,1
294.7453,294.74,0.014584,0.015683,305.2798,-642.9808,0,84.93191,2.187991,2.187991,0.144653,NaN,NaN,NaN,NaN,0,20.1,5.050733,0,19.45508,0.9679,0,0.2513,-642.9808,0,1,0,0,-0.2513,0,0.9679,84.9319,0,0,0,1
294.7595,294.75,0.014188,0.015384,305.294,-642.9302,0,85.12646,2.188494,2.188494,0.148315,NaN,NaN,NaN,NaN,0,20.1,5.051236,0,19.45495,0.9679,0,0.2513,-642.9302,0,1,0,0,-0.2513,0,0.9679,85.1265,0,0,0,1
294.7739,294.77,0.014429,0.015193,305.3088,-642.8292,0,85.51556,2.18944,2.18944,0.162964,NaN,NaN,NaN,NaN,0,20.1,5.052343,0,19.45466,0.9679,0,0.2514,-642.8292,0,1,0,0,-0.2514,0,0.9679,85.5156,0,0,0,1
294.795,294.79,0.021132,0.016381,305.3298,-642.7281,0,85.90464,2.190387,2.190387,0.166626,NaN,NaN,NaN,NaN,0,20.1,5.053475,0,19.45437,0.9679,0,0.2514,-642.7281,0,1,0,0,-0.2514,0,0.9679,85.9046,0,0,0,1
294.8147,294.81,0.019683,0.017041,305.3498,-642.627,0,86.29372,2.191333,2.191333,0.177612,NaN,NaN,NaN,NaN,0,20.1,5.054681,0,19.45405,0.9679,0,0.2515,-642.627,0,1,0,0,-0.2515,0,0.9679,86.2937,0,0,0,1
294.8303,294.83,0.015599,0.016753,305.3652,-642.5259,0,86.6828,2.19228,2.19228,0.184937,NaN,NaN,NaN,NaN,0,20.1,5.055937,0,19.45373,0.9678,0,0.2515,-642.5259,0,1,0,0,-0.2515,0,0.9678,86.6828,0,0,0,1
294.8442,294.84,0.013917,0.016186,305.3787,-642.4754,0,86.87733,2.192784,2.192784,0.199585,NaN,NaN,NaN,NaN,0,20.1,5.056614,0,19.45355,0.9678,0,0.2516,-642.4754,0,1,0,0,-0.2516,0,0.9678,86.8773,0,0,0,1
294.8589,294.85,0.014708,0.01589,305.3933,-642.4248,0,87.07187,2.193348,2.193348,0.214233,NaN,NaN,NaN,NaN,0,20.1,5.057341,0,19.45336,0.9678,0,0.2516,-642.4248,0,1,0,0,-0.2516,0,0.9678,87.0719,0,0,0,1
294.872,294.87,0.013087,0.015329,305.407,-642.3236,0,87.46093,2.194421,2.194421,0.247192,NaN,NaN,NaN,NaN,0,20.1,5.05902,0,19.45293,0.9678,0,0.2517,-642.3236,0,1,0,0,-0.2517,0,0.9678,87.4609,0,0,0,1
294.8934,294.89,0.021341,0.016532,305.4286,-642.2224,0,87.84998,2.195552,2.195552,0.280151,NaN,NaN,NaN,NaN,0,20.1,5.060922,0,19.45243,0.9678,0,0.2518,-642.2224,0,1,0,0,-0.2518,0,0.9678,87.85,0,0,0,1
294.9069,294.9,0.013509,0.015927,305.4414,-642.1718,0,88.0445,2.196059,2.196059,0.342407,NaN,NaN,NaN,NaN,0,20.1,5.062084,0,19.45213,0.9678,0,0.2518,-642.1718,0,1,0,0,-0.2518,0,0.9678,88.0445,0,0,0,1
294.9268,294.92,0.019979,0.016738,305.4621,-642.0705,0,88.43353,2.197317,2.197317,0.390015,NaN,NaN,NaN,NaN,0,20.1,5.064733,0,19.45144,0.9677,0,0.252,-642.0705,0,1,0,0,-0.252,0,0.9677,88.4335,0,0,0,1
294.9408,294.94,0.013978,0.016186,305.4758,-641.9692,0,88.82255,2.198514,2.198514,0.474258,NaN,NaN,NaN,NaN,0,20.1,5.067953,0,19.4506,0.9677,0,0.2521,-641.9692,0,1,0,0,-0.2521,0,0.9677,88.8226,0,0,0,1
294.956,294.95,0.015161,0.015981,305.4906,-641.9185,0,89.01705,2.199147,2.199147,0.558486,NaN,NaN,NaN,NaN,0,20.1,5.069849,0,19.45011,0.9677,0,0.2522,-641.9185,0,1,0,0,-0.2522,0,0.9677,89.0171,0,0,0,1
294.9699,294.96,0.013885,0.015562,305.5043,-641.8677,0,89.21155,2.199839,2.199839,0.661025,NaN,NaN,NaN,NaN,0,20.1,5.072093,0,19.44952,0.9676,0,0.2523,-641.8677,0,1,0,0,-0.2523,0,0.9676,89.2116,0,0,0,1
294.9843,294.98,0.014397,0.015329,305.5193,-641.7662,0,89.60051,2.201227,2.201227,0.752578,NaN,NaN,NaN,NaN,0,20.1,5.077202,0,19.44819,0.9676,0,0.2526,-641.7662,0,1,0,0,-0.2526,0,0.9676,89.6005,0,0,0,1
295.0043,295,0.020062,0.016275,305.5393,-641.6646,0,89.98946,2.2028,2.2028,0.855117,NaN,NaN,NaN,NaN,0,20.1,5.083007,0,19.44667,0.9675,0,0.2529,-641.6646,0,1,0,0,-0.2529,0,0.9675,89.9895,0,0,0,1
295.0201,295.02,0.015822,0.016185,305.5552,-641.5629,0,90.37836,2.204376,2.204376,1.023574,NaN,NaN,NaN,NaN,0,20.1,5.089955,0,19.44485,0.9674,0,0.2532,-641.5629,0,1,0,0,-0.2532,0,0.9674,90.3784,0,0,0,1
295.0375,295.03,0.017309,0.01641,305.5721,-641.5119,0,90.5728,2.205385,2.205385,1.144423,NaN,NaN,NaN,NaN,0,20.1,5.093839,0,19.44384,0.9674,0,0.2534,-641.5119,0,1,0,0,-0.2534,0,0.9674,90.5728,0,0,0,1
295.0507,295.05,0.013253,0.015778,305.586,-641.4099,0,90.96164,2.207276,2.207276,1.298232,NaN,NaN,NaN,NaN,0,20.1,5.10265,0,19.44153,0.9672,0,0.2539,-641.4099,0,1,0,0,-0.2539,0,0.9672,90.9616,0,0,0,1
295.0677,295.06,0.016997,0.016022,305.6025,-641.3588,0,91.15604,2.208288,2.208288,1.386123,NaN,NaN,NaN,NaN,0,20.1,5.107353,0,19.44029,0.9672,0,0.2541,-641.3588,0,1,0,0,-0.2541,0,0.9672,91.156,0,0,0,1
295.0822,295.08,0.014524,0.015722,305.6173,-641.2565,0,91.54481,2.210555,2.210555,1.525297,NaN,NaN,NaN,NaN,0,20.1,5.117703,0,19.43757,0.967,0,0.2546,-641.2565,0,1,0,0,-0.2546,0,0.967,91.5448,0,0,0,1
295.0956,295.09,0.013375,0.015253,305.6303,-641.2053,0,91.73917,2.211691,2.211691,1.638823,NaN,NaN,NaN,NaN,0,20.1,5.123262,0,19.43611,0.967,0,0.2549,-641.2053,0,1,0,0,-0.2549,0,0.967,91.7392,0,0,0,1
295.1157,295.11,0.02005,0.016212,305.6508,-641.1027,0,92.12784,2.214273,2.214273,1.734037,NaN,NaN,NaN,NaN,0,20.1,5.135026,0,19.433,0.9668,0,0.2555,-641.1027,0,1,0,0,-0.2555,0,0.9668,92.1278,0,0,0,1
295.1376,295.13,0.021919,0.017354,305.6726,-640.9999,0,92.51645,2.217047,2.217047,1.884184,NaN,NaN,NaN,NaN,0,20.1,5.147807,0,19.42962,0.9666,0,0.2561,-640.9999,0,1,0,0,-0.2561,0,0.9666,92.5165,0,0,0,1
295.1524,295.15,0.014862,0.016855,305.6873,-640.8967,0,92.90498,2.220259,2.220259,2.041655,NaN,NaN,NaN,NaN,0,20.1,5.161653,0,19.42595,0.9665,0,0.2568,-640.8967,0,1,0,0,-0.2568,0,0.9665,92.905,0,0,0,1
295.1678,295.16,0.015417,0.016568,305.7026,-640.845,0,93.09922,2.22196,2.22196,2.158842,NaN,NaN,NaN,NaN,0,20.1,5.168972,0,19.424,0.9664,0,0.2572,-640.845,0,1,0,0,-0.2572,0,0.9664,93.0992,0,0,0,1
295.1809,295.18,0.013063,0.015867,305.716,-640.7414,0,93.48764,2.22549,2.22549,2.29434,NaN,NaN,NaN,NaN,0,20.1,5.184525,0,19.41985,0.9662,0,0.2579,-640.7414,0,1,0,0,-0.2579,0,0.9662,93.4876,0,0,0,1
295.1945,295.19,0.013626,0.015419,305.7291,-640.6895,0,93.68182,2.227383,2.227383,2.415204,NaN,NaN,NaN,NaN,0,20.1,5.192711,0,19.41767,0.9661,0,0.2583,-640.6895,0,1,0,0,-0.2583,0,0.9661,93.6818,0,0,0,1
295.216,295.21,0.021496,0.016634,305.7512,-640.5853,0,94.0701,2.231539,2.231539,2.554364,NaN,NaN,NaN,NaN,0,20.1,5.210024,0,19.41303,0.9658,0,0.2592,-640.5853,0,1,0,0,-0.2592,0,0.9658,94.0701,0,0,0,1
295.2386,295.23,0.022595,0.017826,305.774,-640.4808,0,94.45828,2.236016,2.236016,2.814374,NaN,NaN,NaN,NaN,0,20.1,5.229092,0,19.4079,0.9656,0,0.2602,-640.4808,0,1,0,0,-0.2602,0,0.9656,94.4583,0,0,0,1
295.2534,295.25,0.014744,0.01721,305.7885,-640.376,0,94.84636,2.240871,2.240871,3.118329,NaN,NaN,NaN,NaN,0,20.1,5.250215,0,19.4022,0.9653,0,0.2612,-640.376,0,1,0,0,-0.2612,0,0.9653,94.8464,0,0,0,1
295.2686,295.26,0.015214,0.016811,305.8032,-640.3234,0,95.04035,2.243515,2.243515,3.345394,NaN,NaN,NaN,NaN,0,20.1,5.261542,0,19.39913,0.9651,0,0.2618,-640.3234,0,1,0,0,-0.2618,0,0.9651,95.0404,0,0,0,1
295.2815,295.28,0.012924,0.016033,305.817,-640.2178,0,95.42824,2.249185,2.249185,3.550472,NaN,NaN,NaN,NaN,0,20.1,5.28558,0,19.39259,0.9648,0,0.263,-640.2178,0,1,0,0,-0.263,0,0.9648,95.4282,0,0,0,1
295.2953,295.29,0.013834,0.015594,305.8302,-640.1648,0,95.62213,2.252209,2.252209,3.75555,NaN,NaN,NaN,NaN,0,20.1,5.29829,0,19.38912,0.9646,0,0.2636,-640.1648,0,1,0,0,-0.2636,0,0.9646,95.6221,0,0,0,1
295.3142,295.31,0.018892,0.016253,305.8496,-640.0585,0,96.0098,2.258576,2.258576,3.964291,NaN,NaN,NaN,NaN,0,20.1,5.325115,0,19.38177,0.9643,0,0.2649,-640.0585,0,1,0,0,-0.2649,0,0.9643,96.0098,0,0,0,1
295.3311,295.33,0.016891,0.016381,305.8664,-639.9515,0,96.39732,2.265634,2.265634,4.220653,NaN,NaN,NaN,NaN,0,20.1,5.353664,0,19.37391,0.9639,0,0.2664,-639.9515,0,1,0,0,-0.2664,0,0.9639,96.3973,0,0,0,1
295.3506,295.35,0.019481,0.017001,305.8856,-639.844,0,96.78468,2.273263,2.273263,4.473338,NaN,NaN,NaN,NaN,0,20.1,5.38391,0,19.36552,0.9635,0,0.2679,-639.844,0,1,0,0,-0.2679,0,0.9635,96.7847,0,0,0,1
295.3663,295.36,0.015693,0.016739,305.901,-639.79,0,96.97829,2.277358,2.277358,4.715037,NaN,NaN,NaN,NaN,0,20.1,5.399845,0,19.36109,0.9632,0,0.2686,-639.79,0,1,0,0,-0.2686,0,0.9632,96.9783,0,0,0,1
295.3798,295.37,0.013518,0.016095,305.9144,-639.7358,0,97.17185,2.281581,2.281581,4.890819,NaN,NaN,NaN,NaN,0,20.1,5.416369,0,19.35647,0.963,0,0.2695,-639.7358,0,1,0,0,-0.2695,0,0.963,97.1719,0,0,0,1
295.3936,295.39,0.013793,0.015635,305.9289,-639.627,0,97.55884,2.290531,2.290531,5.040965,NaN,NaN,NaN,NaN,0,20.1,5.450421,0,19.34691,0.9625,0,0.2712,-639.627,0,1,0,0,-0.2712,0,0.9625,97.5588,0,0,0,1
295.4075,295.4,0.013909,0.015289,305.9422,-639.5723,0,97.75226,2.295322,2.295322,5.18014,NaN,NaN,NaN,NaN,0,20.1,5.467911,0,19.34197,0.9623,0,0.272,-639.5723,0,1,0,0,-0.272,0,0.9623,97.7523,0,0,0,1
295.427,295.42,0.019442,0.01612,305.9618,-639.4624,0,98.13895,2.305466,2.305466,5.300989,NaN,NaN,NaN,NaN,0,20.1,5.503691,0,19.33182,0.9618,0,0.2738,-639.4624,0,1,0,0,-0.2738,0,0.9618,98.139,0,0,0,1
295.4498,295.44,0.022858,0.017468,305.9848,-639.3517,0,98.52543,2.316369,2.316369,5.47677,NaN,NaN,NaN,NaN,0,20.1,5.540639,0,19.32127,0.9613,0,0.2757,-639.3517,0,1,0,0,-0.2757,0,0.9613,98.5254,0,0,0,1
295.4637,295.46,0.013826,0.016739,305.9987,-639.2404,0,98.91169,2.328027,2.328027,5.678186,NaN,NaN,NaN,NaN,0,20.1,5.578924,0,19.31025,0.9607,0,0.2776,-639.2404,0,1,0,0,-0.2776,0,0.9607,98.9117,0,0,0,1
295.4783,295.47,0.014613,0.016314,306.0127,-639.1844,0,99.10474,2.334141,2.334141,5.821009,NaN,NaN,NaN,NaN,0,20.1,5.598539,0,19.30457,0.9604,0,0.2785,-639.1844,0,1,0,0,-0.2785,0,0.9604,99.1047,0,0,0,1
295.4925,295.49,0.014256,0.015902,306.0276,-639.0718,0,99.49066,2.347061,2.347061,5.952845,NaN,NaN,NaN,NaN,0,20.1,5.638642,0,19.29289,0.9598,0,0.2805,-639.0718,0,1,0,0,-0.2805,0,0.9598,99.4907,0,0,0,1
295.5083,295.5,0.015778,0.015878,306.043,-639.0152,0,99.68353,2.353804,2.353804,6.103005,NaN,NaN,NaN,NaN,0,20.1,5.659188,0,19.28688,0.9595,0,0.2816,-639.0152,0,1,0,0,-0.2816,0,0.9595,99.6835,0,0,0,1
295.5259,295.52,0.017588,0.01622,306.0608,-638.9014,0,100.0691,2.367985,2.367985,6.282449,NaN,NaN,NaN,NaN,0,20.1,5.701471,0,19.27442,0.9589,0,0.2837,-638.9014,0,1,0,0,-0.2837,0,0.9589,100.0691,0,0,0,1
295.5388,295.53,0.012872,0.01555,306.0732,-638.8441,0,100.2618,2.375481,2.375481,6.487527,NaN,NaN,NaN,NaN,0,20.1,5.723291,0,19.26795,0.9586,0,0.2847,-638.8441,0,1,0,0,-0.2847,0,0.9586,100.2618,0,0,0,1
295.5602,295.56,0.021431,0.016726,306.0963,-638.6711,0,100.8394,2.399178,2.399178,6.659646,NaN,NaN,NaN,NaN,0,20.1,5.790444,0,19.24788,0.9576,0,0.2881,-638.6711,0,1,0,0,-0.2881,0,0.9576,100.8394,0,0,0,1
295.5755,295.57,0.015296,0.01644,306.11,-638.6129,0,101.0318,2.407561,2.407561,6.981912,NaN,NaN,NaN,NaN,0,20.1,5.813895,0,19.24081,0.9573,0,0.2892,-638.6129,0,1,0,0,-0.2892,0,0.9573,101.0318,0,0,0,1
295.5897,295.58,0.014161,0.015984,306.1243,-638.5544,0,101.2241,2.41626,2.41626,7.212639,NaN,NaN,NaN,NaN,0,20.1,5.838112,0,19.23347,0.9569,0,0.2905,-638.5544,0,1,0,0,-0.2905,0,0.9569,101.2241,0,0,0,1
295.602,295.6,0.012322,0.015252,306.137,-638.437,0,101.6086,2.434342,2.434342,7.432365,NaN,NaN,NaN,NaN,0,20.1,5.887991,0,19.21826,0.9561,0,0.2929,-638.437,0,1,0,0,-0.2929,0,0.9561,101.6086,0,0,0,1
295.6168,295.61,0.014801,0.015162,306.152,-638.3778,0,101.8007,2.443733,2.443733,7.604485,NaN,NaN,NaN,NaN,0,20.1,5.913493,0,19.21043,0.9557,0,0.2942,-638.3778,0,1,0,0,-0.2942,0,0.9557,101.8007,0,0,0,1
295.6368,295.63,0.020031,0.016136,306.1718,-638.2588,0,102.1846,2.463335,2.463335,7.827873,NaN,NaN,NaN,NaN,0,20.1,5.965962,0,19.1942,0.9549,0,0.2968,-638.2588,0,1,0,0,-0.2968,0,0.9549,102.1846,0,0,0,1
295.6498,295.64,0.012977,0.015504,306.1847,-638.1989,0,102.3765,2.473607,2.473607,8.150153,NaN,NaN,NaN,NaN,0,20.1,5.993259,0,19.18569,0.9545,0,0.2982,-638.1989,0,1,0,0,-0.2982,0,0.9545,102.3765,0,0,0,1
295.6711,295.67,0.021327,0.016668,306.207,-638.0173,0,102.9515,2.506128,2.506128,8.355231,NaN,NaN,NaN,NaN,0,20.1,6.077136,0,19.15929,0.9532,0,0.3023,-638.0173,0,1,0,0,-0.3023,0,0.9532,102.9515,0,0,0,1
295.6854,295.68,0.014275,0.01619,306.2202,-637.9563,0,103.143,2.517534,2.517534,8.651862,NaN,NaN,NaN,NaN,0,20.1,6.10606,0,19.15009,0.9527,0,0.3038,-637.9563,0,1,0,0,-0.3038,0,0.9527,103.143,0,0,0,1
295.6982,295.69,0.012821,0.015516,306.2327,-637.895,0,103.3344,2.529257,2.529257,8.816657,NaN,NaN,NaN,NaN,0,20.1,6.135521,0,19.14067,0.9523,0,0.3052,-637.895,0,1,0,0,-0.3052,0,0.9523,103.3344,0,0,0,1
295.7114,295.71,0.013174,0.015047,306.2467,-637.7714,0,103.717,2.553707,2.553707,8.959494,NaN,NaN,NaN,NaN,0,20.1,6.195354,0,19.12139,0.9513,0,0.3082,-637.7714,0,1,0,0,-0.3082,0,0.9513,103.717,0,0,0,1
295.7254,295.72,0.014045,0.014847,306.2602,-637.7091,0,103.9081,2.566375,2.566375,9.135275,NaN,NaN,NaN,NaN,0,20.1,6.225833,0,19.11149,0.9508,0,0.3097,-637.7091,0,1,0,0,-0.3097,0,0.9508,103.9081,0,0,0,1
295.7389,295.73,0.013513,0.01458,306.2735,-637.6465,0,104.0991,2.579419,2.579419,9.274435,NaN,NaN,NaN,NaN,0,20.1,6.25676,0,19.10139,0.9503,0,0.3113,-637.6465,0,1,0,0,-0.3113,0,0.9503,104.0991,0,0,0,1
295.7593,295.75,0.02041,0.015746,306.2942,-637.5205,0,104.4808,2.606391,2.606391,9.406271,NaN,NaN,NaN,NaN,0,20.1,6.319443,0,19.08074,0.9493,0,0.3144,-637.5205,0,1,0,0,-0.3144,0,0.9493,104.4808,0,0,0,1
295.7735,295.77,0.014132,0.015423,306.3086,-637.3931,0,104.8621,2.634753,2.634753,9.615011,NaN,NaN,NaN,NaN,0,20.1,6.383448,0,19.05942,0.9482,0,0.3176,-637.3931,0,1,0,0,-0.3176,0,0.9482,104.8621,0,0,0,1
295.7931,295.79,0.019606,0.01626,306.3281,-637.2645,0,105.243,2.664435,2.664435,9.750509,NaN,NaN,NaN,NaN,0,20.1,6.448281,0,19.03759,0.9471,0,0.3208,-637.2645,0,1,0,0,-0.3208,0,0.9471,105.243,0,0,0,1
295.8061,295.8,0.012996,0.015607,306.341,-637.1997,0,105.4333,2.679813,2.679813,9.90067,NaN,NaN,NaN,NaN,0,20.1,6.481169,0,19.02641,0.9466,0,0.3224,-637.1997,0,1,0,0,-0.3224,0,0.9466,105.4333,0,0,0,1
295.8213,295.82,0.015248,0.015535,306.3565,-637.0691,0,105.8134,2.711577,2.711577,9.97025,NaN,NaN,NaN,NaN,0,20.1,6.547346,0,19.00374,0.9455,0,0.3257,-637.0691,0,1,0,0,-0.3257,0,0.9455,105.8134,0,0,0,1
295.8348,295.83,0.013436,0.015115,306.3692,-637.0033,0,106.0034,2.727965,2.727965,10.03983,NaN,NaN,NaN,NaN,0,20.1,6.580637,0,18.99224,0.9449,0,0.3274,-637.0033,0,1,0,0,-0.3274,0,0.9449,106.0034,0,0,0,1
295.849,295.84,0.01426,0.014944,306.3835,-636.9371,0,106.1932,2.744789,2.744789,10.10575,NaN,NaN,NaN,NaN,0,20.1,6.614124,0,18.98061,0.9443,0,0.3291,-636.9371,0,1,0,0,-0.3291,0,0.9443,106.1932,0,0,0,1
295.8653,295.86,0.016274,0.01521,306.4003,-636.8038,0,106.5724,2.779389,2.779389,10.1973,NaN,NaN,NaN,NaN,0,20.1,6.681644,0,18.95694,0.9431,0,0.3324,-636.8038,0,1,0,0,-0.3324,0,0.9431,106.5724,0,0,0,1
295.8832,295.88,0.017905,0.015749,306.4187,-636.6692,0,106.9512,2.812941,2.812941,10.32914,NaN,NaN,NaN,NaN,0,20.1,6.74995,0,18.93273,0.9419,0,0.3358,-636.6692,0,1,0,0,-0.3358,0,0.9419,106.9512,0,0,0,1
295.9055,295.9,0.022284,0.017056,306.4421,-636.5331,0,107.3295,2.847106,2.847106,10.439,NaN,NaN,NaN,NaN,0,20.1,6.818894,0,18.90801,0.9407,0,0.3392,-636.5331,0,1,0,0,-0.3392,0,0.9407,107.3295,0,0,0,1
295.9224,295.92,0.016904,0.017026,306.4581,-636.3957,0,107.7073,2.880474,2.880474,10.62211,NaN,NaN,NaN,NaN,0,20.1,6.888955,0,18.88259,0.9394,0,0.3427,-636.3957,0,1,0,0,-0.3427,0,0.9394,107.7073,0,0,0,1
295.9401,295.94,0.017709,0.017162,306.4757,-636.2569,0,108.0845,2.910789,2.910789,10.74662,NaN,NaN,NaN,NaN,0,20.1,6.95974,0,18.85662,0.9381,0,0.3463,-636.2569,0,1,0,0,-0.3463,0,0.9381,108.0845,0,0,0,1
295.9581,295.95,0.01798,0.017326,306.4927,-636.187,0,108.273,2.926499,2.926499,10.88213,NaN,NaN,NaN,NaN,0,20.1,6.995542,0,18.84336,0.9375,0,0.348,-636.187,0,1,0,0,-0.348,0,0.9375,108.273,0,0,0,1
295.9731,295.97,0.015013,0.016863,306.5084,-636.046,0,108.6494,2.955975,2.955975,11.0396,NaN,NaN,NaN,NaN,0,20.1,7.068105,0,18.81627,0.9361,0,0.3516,-636.046,0,1,0,0,-0.3516,0,0.9361,108.6494,0,0,0,1
295.9934,295.99,0.020315,0.017554,306.5287,-635.9034,0,109.0253,2.983491,2.983491,11.17876,NaN,NaN,NaN,NaN,0,20.1,7.141474,0,18.78854,0.9348,0,0.3553,-635.9034,0,1,0,0,-0.3553,0,0.9348,109.0253,0,0,0,1
296.0077,296,0.014296,0.016902,306.5424,-635.8317,0,109.2131,2.997676,2.997676,11.39849,NaN,NaN,NaN,NaN,0,20.1,7.178838,0,18.7743,0.934,0,0.3572,-635.8317,0,1,0,0,-0.3572,0,0.934,109.2131,0,0,0,1
296.0216,296.02,0.01391,0.016304,306.5566,-635.687,0,109.5881,3.023485,3.023485,11.58525,NaN,NaN,NaN,NaN,0,20.1,7.254703,0,18.74512,0.9326,0,0.3609,-635.687,0,1,0,0,-0.3609,0,0.9326,109.5881,0,0,0,1
296.0364,296.03,0.0148,0.016003,306.571,-635.6141,0,109.7754,3.035686,3.035686,11.77936,NaN,NaN,NaN,NaN,0,20.1,7.293225,0,18.73016,0.9318,0,0.3628,-635.6141,0,1,0,0,-0.3628,0,0.9318,109.7754,0,0,0,1
296.0503,296.05,0.013867,0.015576,306.5853,-635.467,0,110.1496,3.061144,3.061144,11.99543,NaN,NaN,NaN,NaN,0,20.1,7.371589,0,18.69946,0.9303,0,0.3667,-635.467,0,1,0,0,-0.3667,0,0.9303,110.1496,0,0,0,1
296.072,296.07,0.021672,0.016795,306.6074,-635.3184,0,110.5231,3.083502,3.083502,12.23712,NaN,NaN,NaN,NaN,0,20.1,7.451398,0,18.6678,0.9287,0,0.3707,-635.3184,0,1,0,0,-0.3707,0,0.9287,110.5231,0,0,0,1
296.0928,296.09,0.020813,0.017599,306.6281,-635.1682,0,110.896,3.105733,3.105733,12.6546,NaN,NaN,NaN,NaN,0,20.1,7.533786,0,18.6347,0.9271,0,0.3748,-635.1682,0,1,0,0,-0.3748,0,0.9271,110.896,0,0,0,1
296.107,296.1,0.014274,0.016934,306.6418,-635.0924,0,111.0821,3.117413,3.117413,13.06478,NaN,NaN,NaN,NaN,0,20.1,7.576258,0,18.61747,0.9262,0,0.3769,-635.0924,0,1,0,0,-0.3769,0,0.9262,111.0821,0,0,0,1
296.1228,296.12,0.015777,0.016702,306.6587,-634.9396,0,111.4539,3.13661,3.13661,13.35774,NaN,NaN,NaN,NaN,0,20.1,7.662983,0,18.58195,0.9245,0,0.3812,-634.9396,0,1,0,0,-0.3812,0,0.9245,111.4539,0,0,0,1
296.1374,296.13,0.014583,0.016278,306.6723,-634.8625,0,111.6396,3.14641,3.14641,13.74594,NaN,NaN,NaN,NaN,0,20.1,7.707541,0,18.56351,0.9236,0,0.3835,-634.8625,0,1,0,0,-0.3835,0,0.9236,111.6396,0,0,0,1
296.1517,296.15,0.014348,0.015892,306.6868,-634.7069,0,112.0103,3.167409,3.167409,14.04257,NaN,NaN,NaN,NaN,0,20.1,7.798443,0,18.52551,0.9217,0,0.388,-634.7069,0,1,0,0,-0.388,0,0.9217,112.0103,0,0,0,1
296.1759,296.17,0.024176,0.017549,306.7108,-634.5496,0,112.3802,3.183755,3.183755,14.35751,NaN,NaN,NaN,NaN,0,20.1,7.891189,0,18.48619,0.9197,0,0.3926,-634.5496,0,1,0,0,-0.3926,0,0.9197,112.3802,0,0,0,1
296.1902,296.19,0.014304,0.0169,306.7251,-634.3903,0,112.7493,3.202167,3.202167,14.84825,NaN,NaN,NaN,NaN,0,20.1,7.986897,0,18.44504,0.9177,0,0.3974,-634.3903,0,1,0,0,-0.3974,0,0.9177,112.7493,0,0,0,1
296.2048,296.2,0.014552,0.016431,306.7392,-634.3099,0,112.9336,3.21107,3.21107,15.14488,NaN,NaN,NaN,NaN,0,20.1,8.035624,0,18.42386,0.9166,0,0.3998,-634.3099,0,1,0,0,-0.3998,0,0.9166,112.9336,0,0,0,1
296.2173,296.21,0.012561,0.015657,306.7522,-634.2291,0,113.1176,3.218284,3.218284,15.4525,NaN,NaN,NaN,NaN,0,20.1,8.085283,0,18.40212,0.9155,0,0.4023,-634.2291,0,1,0,0,-0.4023,0,0.9155,113.1176,0,0,0,1
296.2314,296.23,0.014068,0.015339,306.7666,-634.0659,0,113.485,3.234119,3.234119,15.69055,NaN,NaN,NaN,NaN,0,20.1,8.185951,0,18.35757,0.9133,0,0.4073,-634.0659,0,1,0,0,-0.4073,0,0.9133,113.485,0,0,0,1
296.2462,296.24,0.014818,0.015235,306.7809,-633.9835,0,113.6683,3.242931,3.242931,16.00183,NaN,NaN,NaN,NaN,0,20.1,8.237189,0,18.33463,0.9122,0,0.4098,-633.9835,0,1,0,0,-0.4098,0,0.9122,113.6683,0,0,0,1
296.2587,296.25,0.012462,0.01468,306.7932,-633.9006,0,113.8514,3.250275,3.250275,16.2948,NaN,NaN,NaN,NaN,0,20.1,8.289298,0,18.31113,0.911,0,0.4124,-633.9006,0,1,0,0,-0.4124,0,0.911,113.8514,0,0,0,1
296.2714,296.27,0.012674,0.014279,306.8064,-633.7332,0,114.2169,3.263963,3.263963,16.55116,NaN,NaN,NaN,NaN,0,20.1,8.394951,0,18.26294,0.9086,0,0.4177,-633.7332,0,1,0,0,-0.4177,0,0.9086,114.2169,0,0,0,1
296.2923,296.29,0.020964,0.015616,306.8271,-633.5637,0,114.5814,3.279872,3.279872,16.82582,NaN,NaN,NaN,NaN,0,20.1,8.50207,0,18.21331,0.9061,0,0.423,-633.5637,0,1,0,0,-0.423,0,0.9061,114.5814,0,0,0,1
296.3045,296.3,0.012224,0.014938,306.839,-633.4781,0,114.7633,3.285846,3.285846,17.22133,NaN,NaN,NaN,NaN,0,20.1,8.556775,0,18.18768,0.9049,0,0.4257,-633.4781,0,1,0,0,-0.4257,0,0.9049,114.7633,0,0,0,1
296.3263,296.32,0.021706,0.016291,306.8612,-633.3054,0,115.1263,3.298681,3.298681,17.44839,NaN,NaN,NaN,NaN,0,20.1,8.667392,0,18.13522,0.9022,0,0.4312,-633.3054,0,1,0,0,-0.4312,0,0.9022,115.1263,0,0,0,1
296.3392,296.33,0.012988,0.015631,306.8738,-633.2181,0,115.3074,3.306029,3.306029,17.88784,NaN,NaN,NaN,NaN,0,20.1,8.723966,0,18.10808,0.9009,0,0.434,-633.2181,0,1,0,0,-0.434,0,0.9009,115.3074,0,0,0,1
296.355,296.35,0.015756,0.015656,306.8902,-633.0419,0,115.6687,3.318608,3.318608,18.11123,NaN,NaN,NaN,NaN,0,20.1,8.83827,0,18.05256,0.8981,0,0.4397,-633.0419,0,1,0,0,-0.4397,0,0.8981,115.6687,0,0,0,1
296.3697,296.36,0.014658,0.015456,306.9044,-632.9529,0,115.8489,3.324539,3.324539,18.38591,NaN,NaN,NaN,NaN,0,20.1,8.896154,0,18.02411,0.8967,0,0.4426,-632.9529,0,1,0,0,-0.4426,0,0.8967,115.8489,0,0,0,1
296.3853,296.38,0.015628,0.015491,306.9206,-632.7733,0,116.2085,3.338227,3.338227,18.66789,NaN,NaN,NaN,NaN,0,20.1,9.013417,0,17.96576,0.8938,0,0.4484,-632.7733,0,1,0,0,-0.4484,0,0.8938,116.2085,0,0,0,1
296.4048,296.4,0.019483,0.016289,306.9398,-632.5912,0,116.567,3.349566,3.349566,18.93522,NaN,NaN,NaN,NaN,0,20.1,9.131966,0,17.90579,0.8908,0,0.4543,-632.5912,0,1,0,0,-0.4543,0,0.8908,116.567,0,0,0,1
296.4201,296.42,0.015327,0.016097,306.955,-632.4068,0,116.9241,3.361801,3.361801,19.17692,NaN,NaN,NaN,NaN,0,20.1,9.251622,0,17.84426,0.8878,0,0.4603,-632.4068,0,1,0,0,-0.4603,0,0.8878,116.9241,0,0,0,1
296.4369,296.43,0.016755,0.016228,306.9714,-632.3137,0,117.1023,3.368911,3.368911,19.3637,NaN,NaN,NaN,NaN,0,20.1,9.311875,0,17.81289,0.8862,0,0.4633,-632.3137,0,1,0,0,-0.4633,0,0.8862,117.1023,0,0,0,1
296.4496,296.44,0.012702,0.015523,306.9845,-632.2199,0,117.2801,3.374057,3.374057,19.49188,NaN,NaN,NaN,NaN,0,20.1,9.372421,0,17.78111,0.8846,0,0.4663,-632.2199,0,1,0,0,-0.4663,0,0.8846,117.2801,0,0,0,1
296.4621,296.46,0.012515,0.014921,306.9969,-632.0306,0,117.6348,3.385069,3.385069,19.53949,NaN,NaN,NaN,NaN,0,20.1,9.493478,0,17.71677,0.8814,0,0.4723,-632.0306,0,1,0,0,-0.4723,0,0.8814,117.6348,0,0,0,1
296.4753,296.47,0.013244,0.014586,307.0097,-631.9351,0,117.8116,3.391457,3.391457,19.5578,NaN,NaN,NaN,NaN,0,20.1,9.5539,0,17.68426,0.8798,0,0.4753,-631.9351,0,1,0,0,-0.4753,0,0.8798,117.8116,0,0,0,1
296.4879,296.48,0.012586,0.014186,307.0223,-631.839,0,117.9881,3.398251,3.398251,19.5578,NaN,NaN,NaN,NaN,0,20.1,9.614209,0,17.65154,0.8782,0,0.4783,-631.839,0,1,0,0,-0.4783,0,0.8782,117.9881,0,0,0,1
296.5002,296.5,0.012277,0.013804,307.035,-631.6449,0,118.3401,3.407924,3.407924,19.5578,NaN,NaN,NaN,NaN,0,20.1,9.734489,0,17.5855,0.8749,0,0.4843,-631.6449,0,1,0,0,-0.4843,0,0.8749,118.3401,0,0,0,1
296.5131,296.51,0.012948,0.013633,307.0475,-631.5469,0,118.5157,3.413763,3.413763,19.5578,NaN,NaN,NaN,NaN,0,20.1,9.794461,0,17.55217,0.8732,0,0.4873,-631.5469,0,1,0,0,-0.4873,0,0.8732,118.5157,0,0,0,1
296.5262,296.52,0.013055,0.013517,307.0605,-631.4484,0,118.6909,3.420305,3.420305,19.5578,NaN,NaN,NaN,NaN,0,20.1,9.854318,0,17.51863,0.8716,0,0.4903,-631.4484,0,1,0,0,-0.4903,0,0.8716,118.6909,0,0,0,1
296.5378,296.53,0.011652,0.013144,307.0722,-631.3492,0,118.8657,3.426073,3.426073,19.5578,NaN,NaN,NaN,NaN,0,20.1,9.91406,0,17.48489,0.8699,0,0.4932,-631.3492,0,1,0,0,-0.4932,0,0.8699,118.8657,0,0,0,1
296.5594,296.55,0.021591,0.014833,307.0942,-631.1492,0,119.2144,3.435804,3.435804,19.5578,NaN,NaN,NaN,NaN,0,20.1,10.0332,0,17.4168,0.8665,0,0.4992,-631.1492,0,1,0,0,-0.4992,0,0.8665,119.2144,0,0,0,1
296.5727,296.57,0.013244,0.014516,307.1077,-630.9467,0,119.5617,3.448213,3.448213,19.5578,NaN,NaN,NaN,NaN,0,20.1,10.15187,0,17.3479,0.8631,0,0.5051,-630.9467,0,1,0,0,-0.5051,0,0.8631,119.5617,0,0,0,1
296.5922,296.59,0.019507,0.015514,307.1271,-630.7419,0,119.9076,3.457564,3.457564,19.5578,NaN,NaN,NaN,NaN,0,20.1,10.27006,0,17.27819,0.8596,0,0.5109,-630.7419,0,1,0,0,-0.5109,0,0.8596,119.9076,0,0,0,1
296.6057,296.6,0.013479,0.015107,307.1402,-630.6386,0,120.08,3.462758,3.462758,19.5578,NaN,NaN,NaN,NaN,0,20.1,10.32898,0,17.24303,0.8579,0,0.5139,-630.6386,0,1,0,0,-0.5139,0,0.8579,120.08,0,0,0,1
296.6176,296.61,0.01192,0.014469,307.1521,-630.5347,0,120.2521,3.468617,3.468617,19.5578,NaN,NaN,NaN,NaN,0,20.1,10.38778,0,17.20768,0.8561,0,0.5168,-630.5347,0,1,0,0,-0.5168,0,0.8561,120.2521,0,0,0,1
296.6309,296.63,0.013293,0.014234,307.1658,-630.3252,0,120.5952,3.479013,3.479013,19.5578,NaN,NaN,NaN,NaN,0,20.1,10.50501,0,17.13636,0.8526,0,0.5226,-630.3252,0,1,0,0,-0.5226,0,0.8526,120.5952,0,0,0,1
296.6439,296.64,0.013024,0.013992,307.1785,-630.2195,0,120.7662,3.483588,3.483588,19.5578,NaN,NaN,NaN,NaN,0,20.1,10.56345,0,17.1004,0.8508,0,0.5255,-630.2195,0,1,0,0,-0.5255,0,0.8508,120.7662,0,0,0,1
296.656,296.65,0.012144,0.013622,307.1906,-630.1133,0,120.9368,3.488868,3.488868,19.53949,NaN,NaN,NaN,NaN,0,20.1,10.6217,0,17.06428,0.849,0,0.5284,-630.1133,0,1,0,0,-0.5284,0,0.849,120.9368,0,0,0,1
296.6691,296.66,0.013052,0.013508,307.2035,-630.0065,0,121.1071,3.494763,3.494763,19.53949,NaN,NaN,NaN,NaN,0,20.1,10.67983,0,17.02795,0.8472,0,0.5313,-630.0065,0,1,0,0,-0.5313,0,0.8472,121.1071,0,0,0,1
296.6815,296.68,0.012449,0.013297,307.2166,-629.7912,0,121.4466,3.504096,3.504096,19.52484,NaN,NaN,NaN,NaN,0,20.1,10.79564,0,16.95477,0.8435,0,0.5371,-629.7912,0,1,0,0,-0.5371,0,0.8435,121.4466,0,0,0,1
296.6952,296.69,0.013624,0.013362,307.2297,-629.6827,0,121.6158,3.50869,3.50869,19.50286,NaN,NaN,NaN,NaN,0,20.1,10.85329,0,16.91792,0.8417,0,0.54,-629.6827,0,1,0,0,-0.54,0,0.8417,121.6158,0,0,0,1
296.7149,296.71,0.019777,0.014645,307.2502,-629.4639,0,121.953,3.519835,3.519835,19.48822,NaN,NaN,NaN,NaN,0,20.1,10.96812,0,16.8437,0.838,0,0.5457,-629.4639,0,1,0,0,-0.5457,0,0.838,121.953,0,0,0,1
296.729,296.72,0.014098,0.014536,307.2636,-629.3536,0,122.1211,3.524167,3.524167,19.44793,NaN,NaN,NaN,NaN,0,20.1,11.02523,0,16.80638,0.8361,0,0.5485,-629.3536,0,1,0,0,-0.5485,0,0.8361,122.1211,0,0,0,1
296.7423,296.74,0.013261,0.014281,307.2772,-629.1314,0,122.4561,3.532802,3.532802,19.41497,NaN,NaN,NaN,NaN,0,20.1,11.13888,0,16.73127,0.8324,0,0.5542,-629.1314,0,1,0,0,-0.5542,0,0.8324,122.4561,0,0,0,1
296.7556,296.75,0.013331,0.014091,307.2903,-629.0195,0,122.623,3.538043,3.538043,19.37103,NaN,NaN,NaN,NaN,0,20.1,11.19538,0,16.69352,0.8305,0,0.557,-629.0195,0,1,0,0,-0.557,0,0.8305,122.623,0,0,0,1
296.7685,296.76,0.012898,0.013852,307.303,-628.907,0,122.7896,3.543894,3.543894,19.33075,NaN,NaN,NaN,NaN,0,20.1,11.25164,0,16.65565,0.8286,0,0.5598,-628.907,0,1,0,0,-0.5598,0,0.8286,122.7896,0,0,0,1
296.7818,296.78,0.013284,0.013739,307.317,-628.6802,0,123.1215,3.551242,3.551242,19.29779,NaN,NaN,NaN,NaN,0,20.1,11.36357,0,16.57948,0.8248,0,0.5654,-628.6802,0,1,0,0,-0.5654,0,0.8248,123.1215,0,0,0,1
296.7944,296.79,0.012633,0.013518,307.3291,-628.566,0,123.287,3.555768,3.555768,19.26117,NaN,NaN,NaN,NaN,0,20.1,11.41925,0,16.54119,0.8229,0,0.5681,-628.566,0,1,0,0,-0.5681,0,0.8229,123.287,0,0,0,1
296.8143,296.81,0.019839,0.014782,307.3491,-628.3359,0,123.6166,3.56587,3.56587,19.24286,NaN,NaN,NaN,NaN,0,20.1,11.5301,0,16.46411,0.8191,0,0.5736,-628.3359,0,1,0,0,-0.5736,0,0.8191,123.6166,0,0,0,1
296.8268,296.82,0.012545,0.014334,307.3613,-628.2202,0,123.7809,3.569107,3.569107,19.22454,NaN,NaN,NaN,NaN,0,20.1,11.58527,0,16.42533,0.8172,0,0.5764,-628.2202,0,1,0,0,-0.5764,0,0.8172,123.7809,0,0,0,1
296.847,296.84,0.020168,0.015501,307.3818,-627.9868,0,124.1082,3.577585,3.577585,19.22454,NaN,NaN,NaN,NaN,0,20.1,11.69524,0,16.34722,0.8133,0,0.5819,-627.9868,0,1,0,0,-0.5819,0,0.8133,124.1082,0,0,0,1
296.8597,296.85,0.012695,0.01494,307.3942,-627.8693,0,124.2713,3.582768,3.582768,19.22454,NaN,NaN,NaN,NaN,0,20.1,11.75002,0,16.30788,0.8113,0,0.5846,-627.8693,0,1,0,0,-0.5846,0,0.8113,124.2713,0,0,0,1
296.8735,296.87,0.013796,0.014711,307.4088,-627.6327,0,124.5963,3.589759,3.589759,19.22454,NaN,NaN,NaN,NaN,0,20.1,11.85919,0,16.22867,0.8074,0,0.59,-627.6327,0,1,0,0,-0.59,0,0.8074,124.5963,0,0,0,1
296.888,296.88,0.014538,0.014677,307.4226,-627.5135,0,124.7581,3.593649,3.593649,19.22454,NaN,NaN,NaN,NaN,0,20.1,11.91358,0,16.18878,0.8054,0,0.5927,-627.5135,0,1,0,0,-0.5927,0,0.8054,124.7581,0,0,0,1
296.9026,296.9,0.014577,0.014657,307.4375,-627.2736,0,125.0807,3.603333,3.603333,19.22454,NaN,NaN,NaN,NaN,0,20.1,12.02194,0,16.10847,0.8014,0,0.5981,-627.2736,0,1,0,0,-0.5981,0,0.8014,125.0807,0,0,0,1
296.9159,296.91,0.013323,0.01439,307.4506,-627.1528,0,125.2414,3.606037,3.606037,19.22454,NaN,NaN,NaN,NaN,0,20.1,12.07592,0,16.06804,0.7994,0,0.6008,-627.1528,0,1,0,0,-0.6008,0,0.7994,125.2414,0,0,0,1
296.9377,296.93,0.021776,0.015867,307.4726,-626.9097,0,125.5615,3.613041,3.613041,19.21354,NaN,NaN,NaN,NaN,0,20.1,12.18342,0,15.98669,0.7954,0,0.6061,-626.9097,0,1,0,0,-0.6061,0,0.7954,125.5615,0,0,0,1
296.9537,296.95,0.016017,0.015897,307.489,-626.6644,0,125.8801,3.62169,3.62169,19.17692,NaN,NaN,NaN,NaN,0,20.1,12.29016,0,15.90478,0.7913,0,0.6115,-626.6644,0,1,0,0,-0.6115,0,0.7913,125.8801,0,0,0,1
296.9728,296.97,0.019063,0.01653,307.5087,-626.4171,0,126.1969,3.627364,3.627364,19.111,NaN,NaN,NaN,NaN,0,20.1,12.39599,0,15.82244,0.7872,0,0.6167,-626.4171,0,1,0,0,-0.6167,0,0.7872,126.1969,0,0,0,1
296.9901,296.99,0.017306,0.016685,307.5254,-626.1675,0,126.5121,3.63556,3.63556,19.0048,NaN,NaN,NaN,NaN,0,20.1,12.50068,0,15.73986,0.7831,0,0.6219,-626.1675,0,1,0,0,-0.6219,0,0.7831,126.5121,0,0,0,1
297.0062,297,0.016102,0.016569,307.541,-626.042,0,126.6691,3.638605,3.638605,18.83635,NaN,NaN,NaN,NaN,0,20.1,12.55236,0,15.69867,0.781,0,0.6245,-626.042,0,1,0,0,-0.6245,0,0.781,126.6691,0,0,0,1
297.0225,297.02,0.016345,0.016524,307.5579,-625.7894,0,126.9819,3.644088,3.644088,18.67521,NaN,NaN,NaN,NaN,0,20.1,12.65443,0,15.61651,0.7769,0,0.6296,-625.7894,0,1,0,0,-0.6296,0,0.7769,126.9819,0,0,0,1
297.0399,297.03,0.017373,0.016694,307.5749,-625.6624,0,127.1376,3.647782,3.647782,18.50676,NaN,NaN,NaN,NaN,0,20.1,12.7048,0,15.57556,0.7749,0,0.6321,-625.6624,0,1,0,0,-0.6321,0,0.7749,127.1376,0,0,0,1
297.0608,297.06,0.020892,0.017533,307.597,-625.2782,0,127.6024,3.656072,3.656072,18.28703,NaN,NaN,NaN,NaN,0,20.1,12.85335,0,15.4532,0.7688,0,0.6395,-625.2782,0,1,0,0,-0.6395,0,0.7688,127.6024,0,0,0,1
297.0791,297.07,0.018286,0.017684,307.6156,-625.1492,0,127.7566,3.658912,3.658912,18.04165,NaN,NaN,NaN,NaN,0,20.1,12.90195,0,15.41265,0.7668,0,0.6419,-625.1492,0,1,0,0,-0.6419,0,0.7668,127.7566,0,0,0,1
297.0958,297.09,0.016684,0.017484,307.6308,-624.8896,0,128.0636,3.665454,3.665454,17.8732,NaN,NaN,NaN,NaN,0,20.1,12.99786,0,15.33185,0.7628,0,0.6467,-624.8896,0,1,0,0,-0.6467,0,0.7628,128.0636,0,0,0,1
297.1106,297.11,0.014848,0.016957,307.6456,-624.6284,0,128.369,3.668792,3.668792,17.7377,NaN,NaN,NaN,NaN,0,20.1,13.09254,0,15.25108,0.7588,0,0.6514,-624.6284,0,1,0,0,-0.6514,0,0.7588,128.369,0,0,0,1
297.1261,297.12,0.015507,0.016667,307.6608,-624.4969,0,128.5211,3.671405,3.671405,17.63882,NaN,NaN,NaN,NaN,0,20.1,13.13943,0,15.2107,0.7568,0,0.6537,-624.4969,0,1,0,0,-0.6537,0,0.7568,128.5211,0,0,0,1
297.1393,297.13,0.01319,0.015971,307.6743,-624.3651,0,128.6728,3.674528,3.674528,17.54727,NaN,NaN,NaN,NaN,0,20.1,13.18595,0,15.17039,0.7547,0,0.656,-624.3651,0,1,0,0,-0.656,0,0.7547,128.6728,0,0,0,1
297.1607,297.16,0.021439,0.017065,307.6961,-623.9667,0,129.1255,3.678962,3.678962,17.496,NaN,NaN,NaN,NaN,0,20.1,13.32437,0,15.04896,0.7487,0,0.6629,-623.9667,0,1,0,0,-0.6629,0,0.7487,129.1255,0,0,0,1
297.1762,297.17,0.01549,0.01675,307.7113,-623.8329,0,129.2756,3.681189,3.681189,17.45572,NaN,NaN,NaN,NaN,0,20.1,13.37015,0,15.0083,0.7467,0,0.6652,-623.8329,0,1,0,0,-0.6652,0,0.7467,129.2756,0,0,0,1
297.1912,297.19,0.014971,0.016394,307.7263,-623.5642,0,129.5745,3.684231,3.684231,17.43008,NaN,NaN,NaN,NaN,0,20.1,13.46122,0,14.92667,0.7426,0,0.6697,-623.5642,0,1,0,0,-0.6697,0,0.7426,129.5745,0,0,0,1
297.2046,297.2,0.013376,0.01579,307.7392,-623.4291,0,129.7234,3.684927,3.684927,17.39346,NaN,NaN,NaN,NaN,0,20.1,13.50647,0,14.88574,0.7406,0,0.672,-623.4291,0,1,0,0,-0.672,0,0.7406,129.7234,0,0,0,1
297.2282,297.22,0.02366,0.017364,307.7632,-623.1577,0,130.0199,3.688027,3.688027,17.37515,NaN,NaN,NaN,NaN,0,20.1,13.59651,0,14.80355,0.7365,0,0.6764,-623.1577,0,1,0,0,-0.6764,0,0.7365,130.0199,0,0,0,1
297.2481,297.24,0.019903,0.017872,307.7833,-622.8844,0,130.3147,3.689257,3.689257,17.32387,NaN,NaN,NaN,NaN,0,20.1,13.68577,0,14.72106,0.7324,0,0.6809,-622.8844,0,1,0,0,-0.6809,0,0.7324,130.3147,0,0,0,1
297.2628,297.26,0.014659,0.01723,307.798,-622.6093,0,130.6079,3.690568,3.690568,17.26893,NaN,NaN,NaN,NaN,0,20.1,13.77427,0,14.63829,0.7283,0,0.6853,-622.6093,0,1,0,0,-0.6853,0,0.7283,130.6079,0,0,0,1
297.2765,297.27,0.013721,0.016528,307.8112,-622.4711,0,130.7539,3.692028,3.692028,17.22499,NaN,NaN,NaN,NaN,0,20.1,13.81821,0,14.59682,0.7262,0,0.6875,-622.4711,0,1,0,0,-0.6875,0,0.7262,130.7539,0,0,0,1
297.289,297.28,0.012518,0.015726,307.8238,-622.3325,0,130.8994,3.692053,3.692053,17.17006,NaN,NaN,NaN,NaN,0,20.1,13.86189,0,14.55534,0.7241,0,0.6896,-622.3325,0,1,0,0,-0.6896,0,0.7241,130.8994,0,0,0,1
297.3011,297.3,0.012014,0.014983,307.8359,-622.054,0,131.1893,3.691433,3.691433,17.1371,NaN,NaN,NaN,NaN,0,20.1,13.94871,0,14.47216,0.72,0,0.694,-622.054,0,1,0,0,-0.694,0,0.72,131.1893,0,0,0,1
297.313,297.31,0.011892,0.014365,307.8475,-621.9141,0,131.3336,3.691906,3.691906,17.10048,NaN,NaN,NaN,NaN,0,20.1,13.99184,0,14.43047,0.7179,0,0.6961,-621.9141,0,1,0,0,-0.6961,0,0.7179,131.3336,0,0,0,1
297.3263,297.32,0.013351,0.014162,307.8608,-621.7738,0,131.4775,3.692919,3.692919,17.07118,NaN,NaN,NaN,NaN,0,20.1,14.03477,0,14.38871,0.7159,0,0.6982,-621.7738,0,1,0,0,-0.6982,0,0.7159,131.4775,0,0,0,1
297.3385,297.33,0.012226,0.013775,307.873,-621.6331,0,131.621,3.691417,3.691417,17.03456,NaN,NaN,NaN,NaN,0,20.1,14.07749,0,14.34692,0.7138,0,0.7004,-621.6331,0,1,0,0,-0.7004,0,0.7138,131.621,0,0,0,1
297.3583,297.35,0.019787,0.014978,307.8932,-621.3503,0,131.9066,3.689863,3.689863,17.00892,NaN,NaN,NaN,NaN,0,20.1,14.16243,0,14.26309,0.7096,0,0.7046,-621.3503,0,1,0,0,-0.7046,0,0.7096,131.9066,0,0,0,1
297.3711,297.37,0.012747,0.014531,307.9061,-621.0658,0,132.1906,3.689651,3.689651,16.96498,NaN,NaN,NaN,NaN,0,20.1,14.24664,0,14.17897,0.7054,0,0.7088,-621.0658,0,1,0,0,-0.7088,0,0.7054,132.1906,0,0,0,1
297.3831,297.38,0.012075,0.01404,307.9182,-620.9229,0,132.332,3.687623,3.687623,16.94667,NaN,NaN,NaN,NaN,0,20.1,14.28852,0,14.13677,0.7033,0,0.7109,-620.9229,0,1,0,0,-0.7109,0,0.7033,132.332,0,0,0,1
297.4041,297.4,0.020938,0.01542,307.9389,-620.6359,0,132.6135,3.685263,3.685263,16.93202,NaN,NaN,NaN,NaN,0,20.1,14.37182,0,14.05208,0.6991,0,0.715,-620.6359,0,1,0,0,-0.715,0,0.6991,132.6135,0,0,0,1
297.4166,297.41,0.012502,0.014836,307.9511,-620.4918,0,132.7536,3.684866,3.684866,16.91371,NaN,NaN,NaN,NaN,0,20.1,14.41324,0,14.00959,0.697,0,0.7171,-620.4918,0,1,0,0,-0.7171,0,0.697,132.7536,0,0,0,1
297.4278,297.42,0.011194,0.014108,307.9622,-620.3472,0,132.8932,3.683013,3.683013,16.8954,NaN,NaN,NaN,NaN,0,20.1,14.45449,0,13.96703,0.6949,0,0.7191,-620.3472,0,1,0,0,-0.7191,0,0.6949,132.8932,0,0,0,1
297.4398,297.43,0.012055,0.013697,307.9742,-620.2023,0,133.0325,3.680559,3.680559,16.8954,NaN,NaN,NaN,NaN,0,20.1,14.49561,0,13.92434,0.6928,0,0.7212,-620.2023,0,1,0,0,-0.7212,0,0.6928,133.0325,0,0,0,1
297.4512,297.45,0.011418,0.013241,307.986,-619.9111,0,133.3096,3.677306,3.677306,16.8954,NaN,NaN,NaN,NaN,0,20.1,14.57748,0,13.83861,0.6885,0,0.7252,-619.9111,0,1,0,0,-0.7252,0,0.6885,133.3096,0,0,0,1
297.4634,297.46,0.012199,0.013033,307.9979,-619.765,0,133.4476,3.676506,3.676506,16.8954,NaN,NaN,NaN,NaN,0,20.1,14.61822,0,13.79557,0.6863,0,0.7273,-619.765,0,1,0,0,-0.7273,0,0.6863,133.4476,0,0,0,1
297.4751,297.47,0.011658,0.012758,308.0096,-619.6183,0,133.5851,3.673137,3.673137,16.8954,NaN,NaN,NaN,NaN,0,20.1,14.65884,0,13.7524,0.6842,0,0.7293,-619.6183,0,1,0,0,-0.7293,0,0.6842,133.5851,0,0,0,1
297.4869,297.48,0.011843,0.012575,308.0215,-619.4714,0,133.7222,3.670234,3.670234,16.8954,NaN,NaN,NaN,NaN,0,20.1,14.69933,0,13.70911,0.682,0,0.7313,-619.4714,0,1,0,0,-0.7313,0,0.682,133.7222,0,0,0,1
