time,fixedTime,deltaTime,smoothDeltaTime,realtimeSinceStartup,pos_x,pos_y,pos_z,distFromRoadCenter,signedDistFromRoadCenter,wheelAngle,obstacle_pos_x,obstacle_pos_y,obstacle_pos_z,distance_to_obstacle,brake_position,car_speed,car_vel_x,car_vel_y,car_vel_z,simplecar_4x4_R0C0,simplecar_4x4_R0C1,simplecar_4x4_R0C2,simplecar_4x4_R0C3,simplecar_4x4_R1C0,simplecar_4x4_R1C1,simplecar_4x4_R1C2,simplecar_4x4_R1C3,simplecar_4x4_R2C0,simplecar_4x4_R2C1,simplecar_4x4_R2C2,simplecar_4x4_R2C3,simplecar_4x4_R3C0,simplecar_4x4_R3C1,simplecar_4x4_R3C2,simplecar_4x4_R3C3
570.4555,570.45,0.01315,0.01461,580.9964,-233.439,0,555.1362,1.212224,1.212224,0.214233,NaN,NaN,NaN,NaN,0,20.1,-9.748807,0,-17.57756,-0.8745,0,-0.485,-233.439,0,1,0,0,0.485,0,-0.8745,555.1362,0,0,0,1
570.4758,570.47,0.020366,0.015761,581.0106,-233.634,0,554.7846,1.212219,1.212219,0.195923,NaN,NaN,NaN,NaN,0,20.1,-9.75001,0,-17.5769,-0.8745,0,-0.4851,-233.634,0,1,0,0,0.4851,0,-0.8745,554.7846,0,0,0,1
570.4888,570.48,0.012921,0.015193,581.0234,-233.7315,0,554.6088,1.212233,1.212233,0.148315,NaN,NaN,NaN,NaN,0,20.1,-9.750464,0,-17.57665,-0.8745,0,-0.4851,-233.7315,0,1,0,0,0.4851,0,-0.8745,554.6088,0,0,0,1
570.508,570.5,0.019253,0.016005,581.043,-233.9265,0,554.2573,1.212262,1.212262,0.100708,NaN,NaN,NaN,NaN,0,20.1,-9.751081,0,-17.57631,-0.8744,0,-0.4851,-233.9265,0,1,0,0,0.4851,0,-0.8744,554.2573,0,0,0,1
570.5212,570.52,0.013148,0.015434,581.0562,-234.1216,0,553.9057,1.212316,1.212316,0.027466,NaN,NaN,NaN,NaN,0,20.1,-9.75125,0,-17.57621,-0.8744,0,-0.4851,-234.1216,0,1,0,0,0.4851,0,-0.8744,553.9057,0,0,0,1
570.5427,570.54,0.021493,0.016646,581.0787,-234.3166,0,553.5541,1.212316,1.212316,-0.056763,NaN,NaN,NaN,NaN,0,20.1,-9.750902,0,-17.57641,-0.8744,0,-0.4851,-234.3166,0,1,0,0,0.4851,0,-0.8744,553.5541,0,0,0,1
570.5582,570.55,0.015554,0.016427,581.0927,-234.4141,0,553.3784,1.212329,1.212329,-0.192261,NaN,NaN,NaN,NaN,0,20.1,-9.75031,0,-17.57673,-0.8745,0,-0.4851,-234.4141,0,1,0,0,0.4851,0,-0.8745,553.3784,0,0,0,1
570.5707,570.57,0.012512,0.015644,581.1057,-234.609,0,553.0268,1.212316,1.212316,-0.276496,NaN,NaN,NaN,NaN,0,20.1,-9.748614,0,-17.57767,-0.8745,0,-0.485,-234.609,0,1,0,0,0.485,0,-0.8745,553.0268,0,0,0,1
570.5839,570.58,0.013137,0.015143,581.1184,-234.7065,0,552.8511,1.212329,1.212329,-0.379036,NaN,NaN,NaN,NaN,0,20.1,-9.747452,0,-17.57832,-0.8745,0,-0.4849,-234.7065,0,1,0,0,0.4849,0,-0.8745,552.8511,0,0,0,1
570.5977,570.59,0.013778,0.01487,581.1323,-234.804,0,552.6752,1.212246,1.212246,-0.466926,NaN,NaN,NaN,NaN,0,20.1,-9.74602,0,-17.57911,-0.8746,0,-0.4849,-234.804,0,1,0,0,0.4849,0,-0.8746,552.6752,0,0,0,1
570.6105,570.61,0.012901,0.014476,581.1456,-234.9989,0,552.3237,1.21215,1.21215,-0.558479,NaN,NaN,NaN,NaN,0,20.1,-9.742594,0,-17.58101,-0.8747,0,-0.4847,-234.9989,0,1,0,0,0.4847,0,-0.8747,552.3237,0,0,0,1
570.6296,570.62,0.019052,0.015391,581.1642,-235.0963,0,552.1478,1.212027,1.212027,-0.657356,NaN,NaN,NaN,NaN,0,20.1,-9.740576,0,-17.58213,-0.8747,0,-0.4846,-235.0963,0,1,0,0,0.4846,0,-0.8747,552.1478,0,0,0,1
570.6427,570.64,0.013108,0.014935,581.1776,-235.291,0,551.7961,1.211754,1.211754,-0.767226,NaN,NaN,NaN,NaN,0,20.1,-9.735868,0,-17.58474,-0.8749,0,-0.4844,-235.291,0,1,0,0,0.4844,0,-0.8749,551.7961,0,0,0,1
570.6552,570.65,0.01247,0.014442,581.1898,-235.3883,0,551.6203,1.211591,1.211591,-0.847793,NaN,NaN,NaN,NaN,0,20.1,-9.733265,0,-17.58618,-0.8749,0,-0.4842,-235.3883,0,1,0,0,0.4842,0,-0.8749,551.6203,0,0,0,1
570.6751,570.67,0.01993,0.015539,581.21,-235.5829,0,551.2685,1.211112,1.211112,-0.913711,NaN,NaN,NaN,NaN,0,20.1,-9.727655,0,-17.58928,-0.8751,0,-0.484,-235.5829,0,1,0,0,0.484,0,-0.8751,551.2685,0,0,0,1
570.6887,570.68,0.01363,0.015157,581.2234,-235.6801,0,551.0926,1.21084,1.21084,-1.001601,NaN,NaN,NaN,NaN,0,20.1,-9.724581,0,-17.59098,-0.8752,0,-0.4838,-235.6801,0,1,0,0,0.4838,0,-0.8752,551.0926,0,0,0,1
570.7012,570.7,0.012477,0.014621,581.2363,-235.8745,0,550.7407,1.210198,1.210198,-1.038222,NaN,NaN,NaN,NaN,0,20.1,-9.718205,0,-17.59451,-0.8753,0,-0.4835,-235.8745,0,1,0,0,0.4835,0,-0.8753,550.7407,0,0,0,1
570.7138,570.71,0.012604,0.014218,581.2484,-235.9717,0,550.5648,1.209802,1.209802,-1.08583,NaN,NaN,NaN,NaN,0,20.1,-9.714869,0,-17.59635,-0.8754,0,-0.4833,-235.9717,0,1,0,0,0.4833,0,-0.8754,550.5648,0,0,0,1
570.7267,570.72,0.01285,0.013944,581.2612,-236.0688,0,550.3888,1.209406,1.209406,-1.118789,NaN,NaN,NaN,NaN,0,20.1,-9.711434,0,-17.59824,-0.8755,0,-0.4832,-236.0688,0,1,0,0,0.4832,0,-0.8755,550.3888,0,0,0,1
570.7408,570.74,0.01416,0.013988,581.2756,-236.2629,0,550.0367,1.208396,1.208396,-1.126113,NaN,NaN,NaN,NaN,0,20.1,-9.704515,0,-17.60206,-0.8757,0,-0.4828,-236.2629,0,1,0,0,0.4828,0,-0.8757,550.0367,0,0,0,1
570.7538,570.75,0.013011,0.013792,581.2885,-236.3599,0,549.8607,1.207834,1.207834,-1.140761,NaN,NaN,NaN,NaN,0,20.1,-9.701011,0,-17.60399,-0.8758,0,-0.4826,-236.3599,0,1,0,0,0.4826,0,-0.8758,549.8607,0,0,0,1
570.7736,570.77,0.01975,0.014984,581.3083,-236.5539,0,549.5085,1.206634,1.206634,-1.140761,NaN,NaN,NaN,NaN,0,20.1,-9.694,0,-17.60785,-0.876,0,-0.4823,-236.5539,0,1,0,0,0.4823,0,-0.876,549.5085,0,0,0,1
570.7856,570.78,0.012081,0.014403,581.3201,-236.6508,0,549.3325,1.205935,1.205935,-1.140761,NaN,NaN,NaN,NaN,0,20.1,-9.690495,0,-17.60978,-0.8761,0,-0.4821,-236.6508,0,1,0,0,0.4821,0,-0.8761,549.3325,0,0,0,1
570.7978,570.79,0.012103,0.013943,581.3322,-236.7476,0,549.1563,1.205227,1.205227,-1.140761,NaN,NaN,NaN,NaN,0,20.1,-9.686989,0,-17.61171,-0.8762,0,-0.4819,-236.7476,0,1,0,0,0.4819,0,-0.8762,549.1563,0,0,0,1
570.8096,570.8,0.011802,0.013515,581.3443,-236.8445,0,548.9802,1.204476,1.204476,-1.140761,NaN,NaN,NaN,NaN,0,20.1,-9.683481,0,-17.61364,-0.8763,0,-0.4818,-236.8445,0,1,0,0,0.4818,0,-0.8763,548.9802,0,0,0,1
570.8318,570.83,0.022249,0.015262,581.367,-237.1348,0,548.4517,1.201989,1.201989,-1.140761,NaN,NaN,NaN,NaN,0,20.1,-9.672958,0,-17.61942,-0.8766,0,-0.4812,-237.1348,0,1,0,0,0.4812,0,-0.8766,548.4517,0,0,0,1
570.8448,570.84,0.012951,0.0148,581.3792,-237.2314,0,548.2755,1.201114,1.201114,-1.140761,NaN,NaN,NaN,NaN,0,20.1,-9.669451,0,-17.62135,-0.8767,0,-0.4811,-237.2314,0,1,0,0,0.4811,0,-0.8767,548.2755,0,0,0,1
570.8571,570.85,0.012311,0.014302,581.3915,-237.3281,0,548.0992,1.20013,1.20013,-1.140761,NaN,NaN,NaN,NaN,0,20.1,-9.665942,0,-17.62327,-0.8768,0,-0.4809,-237.3281,0,1,0,0,0.4809,0,-0.8768,548.0992,0,0,0,1
570.8693,570.86,0.012209,0.013883,581.4037,-237.4247,0,547.923,1.199133,1.199133,-1.140761,NaN,NaN,NaN,NaN,0,20.1,-9.662434,0,-17.6252,-0.8769,0,-0.4807,-237.4247,0,1,0,0,0.4807,0,-0.8769,547.923,0,0,0,1
570.8823,570.88,0.013033,0.013713,581.4173,-237.6179,0,547.5704,1.197028,1.197028,-1.140761,NaN,NaN,NaN,NaN,0,20.1,-9.655415,0,-17.62904,-0.8771,0,-0.4804,-237.6179,0,1,0,0,0.4804,0,-0.8771,547.5704,0,0,0,1
570.8958,570.89,0.013415,0.013654,581.4305,-237.7144,0,547.3941,1.195908,1.195908,-1.122451,NaN,NaN,NaN,NaN,0,20.1,-9.65196,0,-17.63093,-0.8772,0,-0.4802,-237.7144,0,1,0,0,0.4802,0,-0.8772,547.3941,0,0,0,1
570.9097,570.9,0.013905,0.013704,581.4441,-237.8109,0,547.2178,1.194774,1.194774,-1.08583,NaN,NaN,NaN,NaN,0,20.1,-9.648619,0,-17.63276,-0.8773,0,-0.48,-237.8109,0,1,0,0,0.48,0,-0.8773,547.2178,0,0,0,1
570.9232,570.92,0.013555,0.013674,581.4583,-238.0038,0,546.8651,1.19237,1.19237,-1.019912,NaN,NaN,NaN,NaN,0,20.1,-9.642341,0,-17.6362,-0.8774,0,-0.4797,-238.0038,0,1,0,0,0.4797,0,-0.8774,546.8651,0,0,0,1
570.9426,570.94,0.019424,0.014824,581.4778,-238.1965,0,546.5123,1.189817,1.189817,-0.94667,NaN,NaN,NaN,NaN,0,20.1,-9.636513,0,-17.63938,-0.8776,0,-0.4794,-238.1965,0,1,0,0,0.4794,0,-0.8776,546.5123,0,0,0,1
570.9564,570.95,0.01378,0.014615,581.4911,-238.2928,0,546.3359,1.188533,1.188533,-0.792861,NaN,NaN,NaN,NaN,0,20.1,-9.634071,0,-17.64071,-0.8776,0,-0.4793,-238.2928,0,1,0,0,0.4793,0,-0.8776,546.3359,0,0,0,1
570.976,570.97,0.019619,0.015616,581.511,-238.4855,0,545.983,1.185827,1.185827,-0.679328,NaN,NaN,NaN,NaN,0,20.1,-9.629888,0,-17.643,-0.8778,0,-0.4791,-238.4855,0,1,0,0,0.4791,0,-0.8778,545.983,0,0,0,1
570.9897,570.98,0.013652,0.015223,581.5244,-238.5817,0,545.8066,1.184434,1.184434,-0.452278,NaN,NaN,NaN,NaN,0,20.1,-9.628495,0,-17.64376,-0.8778,0,-0.479,-238.5817,0,1,0,0,0.479,0,-0.8778,545.8066,0,0,0,1
571.0026,571,0.012893,0.014757,581.5377,-238.7743,0,545.4537,1.181647,1.181647,-0.26551,NaN,NaN,NaN,NaN,0,20.1,-9.62686,0,-17.64465,-0.8778,0,-0.4789,-238.7743,0,1,0,0,0.4789,0,-0.8778,545.4537,0,0,0,1
571.018,571.01,0.015416,0.014889,581.5528,-238.8706,0,545.2772,1.180254,1.180254,-0.056763,NaN,NaN,NaN,NaN,0,20.1,-9.626684,0,-17.64474,-0.8778,0,-0.4789,-238.8706,0,1,0,0,0.4789,0,-0.8778,545.2772,0,0,0,1
571.0317,571.03,0.01372,0.014655,581.5667,-239.0631,0,544.9243,1.177468,1.177468,0.119019,NaN,NaN,NaN,NaN,0,20.1,-9.627417,0,-17.64435,-0.8778,0,-0.479,-239.0631,0,1,0,0,0.479,0,-0.8778,544.9243,0,0,0,1
571.0451,571.04,0.013423,0.014409,581.5799,-239.1594,0,544.7479,1.176088,1.176088,0.287476,NaN,NaN,NaN,NaN,0,20.1,-9.628302,0,-17.64386,-0.8778,0,-0.479,-239.1594,0,1,0,0,0.479,0,-0.8778,544.7479,0,0,0,1
571.0664,571.06,0.021277,0.015782,581.6016,-239.352,0,544.395,1.173372,1.173372,0.437622,NaN,NaN,NaN,NaN,0,20.1,-9.630998,0,-17.6424,-0.8777,0,-0.4792,-239.352,0,1,0,0,0.4792,0,-0.8777,544.395,0,0,0,1
571.0874,571.08,0.020973,0.016821,581.6226,-239.5447,0,544.0422,1.170748,1.170748,0.595107,NaN,NaN,NaN,NaN,0,20.1,-9.63466,0,-17.64039,-0.8776,0,-0.4793,-239.5447,0,1,0,0,0.4793,0,-0.8776,544.0422,0,0,0,1
571.1005,571.1,0.013094,0.016075,581.6354,-239.7374,0,543.6894,1.168192,1.168192,0.693984,NaN,NaN,NaN,NaN,0,20.1,-9.638934,0,-17.63806,-0.8775,0,-0.4795,-239.7374,0,1,0,0,0.4795,0,-0.8775,543.6894,0,0,0,1
571.1133,571.11,0.012852,0.015431,581.6478,-239.8338,0,543.513,1.166935,1.166935,0.701308,NaN,NaN,NaN,NaN,0,20.1,-9.641092,0,-17.63688,-0.8775,0,-0.4797,-239.8338,0,1,0,0,0.4797,0,-0.8775,543.513,0,0,0,1
571.1258,571.12,0.012483,0.014841,581.6602,-239.9303,0,543.3367,1.165761,1.165761,0.701308,NaN,NaN,NaN,NaN,0,20.1,-9.64325,0,-17.6357,-0.8774,0,-0.4798,-239.9303,0,1,0,0,0.4798,0,-0.8774,543.3367,0,0,0,1
571.139,571.13,0.013184,0.01451,581.6741,-240.0267,0,543.1603,1.164558,1.164558,0.701308,NaN,NaN,NaN,NaN,0,20.1,-9.64541,0,-17.63452,-0.8773,0,-0.4799,-240.0267,0,1,0,0,0.4799,0,-0.8773,543.1603,0,0,0,1
571.1517,571.15,0.012718,0.014151,581.6866,-240.2197,0,542.8077,1.162277,1.162277,0.693984,NaN,NaN,NaN,NaN,0,20.1,-9.649681,0,-17.63218,-0.8772,0,-0.4801,-240.2197,0,1,0,0,0.4801,0,-0.8772,542.8077,0,0,0,1
571.1647,571.16,0.012999,0.013921,581.6993,-240.3162,0,542.6313,1.161143,1.161143,0.646377,NaN,NaN,NaN,NaN,0,20.1,-9.65167,0,-17.6311,-0.8772,0,-0.4802,-240.3162,0,1,0,0,0.4802,0,-0.8772,542.6313,0,0,0,1
571.1865,571.18,0.021811,0.015499,581.7216,-240.5093,0,542.2787,1.158998,1.158998,0.598769,NaN,NaN,NaN,NaN,0,20.1,-9.655353,0,-17.62907,-0.8771,0,-0.4804,-240.5093,0,1,0,0,0.4804,0,-0.8771,542.2787,0,0,0,1
571.2006,571.2,0.014061,0.015211,581.7359,-240.7025,0,541.9262,1.156924,1.156924,0.492568,NaN,NaN,NaN,NaN,0,20.1,-9.658386,0,-17.62741,-0.877,0,-0.4805,-240.7025,0,1,0,0,0.4805,0,-0.877,541.9262,0,0,0,1
571.2203,571.22,0.019768,0.016123,581.7556,-240.8957,0,541.5736,1.154846,1.154846,0.419312,NaN,NaN,NaN,NaN,0,20.1,-9.660966,0,-17.626,-0.8769,0,-0.4806,-240.8957,0,1,0,0,0.4806,0,-0.8769,541.5736,0,0,0,1
571.2334,571.23,0.013033,0.015505,581.768,-240.9923,0,541.3974,1.153918,1.153918,0.335083,NaN,NaN,NaN,NaN,0,20.1,-9.661997,0,-17.62543,-0.8769,0,-0.4807,-240.9923,0,1,0,0,0.4807,0,-0.8769,541.3974,0,0,0,1
571.2453,571.24,0.011909,0.014786,581.7798,-241.0889,0,541.2211,1.15292,1.15292,0.269165,NaN,NaN,NaN,NaN,0,20.1,-9.662825,0,-17.62498,-0.8769,0,-0.4807,-241.0889,0,1,0,0,0.4807,0,-0.8769,541.2211,0,0,0,1
571.2574,571.25,0.012178,0.014264,581.7921,-241.1856,0,541.0449,1.151923,1.151923,0.214233,NaN,NaN,NaN,NaN,0,20.1,-9.663483,0,-17.62462,-0.8768,0,-0.4808,-241.1856,0,1,0,0,0.4808,0,-0.8768,541.0449,0,0,0,1
571.2712,571.27,0.013699,0.014151,581.806,-241.3788,0,540.6923,1.149971,1.149971,0.148315,NaN,NaN,NaN,NaN,0,20.1,-9.664395,0,-17.62412,-0.8768,0,-0.4808,-241.3788,0,1,0,0,0.4808,0,-0.8768,540.6923,0,0,0,1
571.2848,571.28,0.013651,0.014051,581.8194,-241.4755,0,540.5161,1.148987,1.148987,0.100708,NaN,NaN,NaN,NaN,0,20.1,-9.664705,0,-17.62395,-0.8768,0,-0.4808,-241.4755,0,1,0,0,0.4808,0,-0.8768,540.5161,0,0,0,1
571.2978,571.29,0.01296,0.013833,581.8322,-241.5721,0,540.3398,1.14803,1.14803,0.060425,NaN,NaN,NaN,NaN,0,20.1,-9.664891,0,-17.62385,-0.8768,0,-0.4808,-241.5721,0,1,0,0,0.4808,0,-0.8768,540.3398,0,0,0,1
571.3186,571.31,0.020808,0.015228,581.8535,-241.7654,0,539.9874,1.146145,1.146145,0.027466,NaN,NaN,NaN,NaN,0,20.1,-9.665061,0,-17.62375,-0.8768,0,-0.4808,-241.7654,0,1,0,0,0.4808,0,-0.8768,539.9874,0,0,0,1
571.3307,571.33,0.012142,0.014611,581.8657,-241.9587,0,539.635,1.144246,1.144246,-0.009155,NaN,NaN,NaN,NaN,0,20.1,-9.665004,0,-17.62378,-0.8768,0,-0.4808,-241.9587,0,1,0,0,0.4808,0,-0.8768,539.635,0,0,0,1
571.3432,571.34,0.012483,0.014185,581.8776,-242.0554,0,539.4588,1.143318,1.143318,-0.020142,NaN,NaN,NaN,NaN,0,20.1,-9.664942,0,-17.62382,-0.8768,0,-0.4808,-242.0554,0,1,0,0,0.4808,0,-0.8768,539.4588,0,0,0,1
571.3627,571.36,0.019511,0.01525,581.8975,-242.2487,0,539.1064,1.14142,1.14142,-0.020142,NaN,NaN,NaN,NaN,0,20.1,-9.664819,0,-17.62389,-0.8768,0,-0.4808,-242.2487,0,1,0,0,0.4808,0,-0.8768,539.1064,0,0,0,1
571.3749,571.37,0.012198,0.01464,581.9092,-242.3453,0,538.9301,1.140436,1.140436,-0.020142,NaN,NaN,NaN,NaN,0,20.1,-9.664759,0,-17.62392,-0.8768,0,-0.4808,-242.3453,0,1,0,0,0.4808,0,-0.8768,538.9301,0,0,0,1
571.3873,571.38,0.012398,0.014192,581.9219,-242.442,0,538.7538,1.139465,1.139465,-0.020142,NaN,NaN,NaN,NaN,0,20.1,-9.664696,0,-17.62395,-0.8768,0,-0.4808,-242.442,0,1,0,0,0.4808,0,-0.8768,538.7538,0,0,0,1
571.3994,571.39,0.012007,0.013755,581.9338,-242.5386,0,538.5776,1.138481,1.138481,-0.020142,NaN,NaN,NaN,NaN,0,20.1,-9.664635,0,-17.62399,-0.8768,0,-0.4808,-242.5386,0,1,0,0,0.4808,0,-0.8768,538.5776,0,0,0,1
571.413,571.41,0.013681,0.01374,581.9479,-242.7319,0,538.225,1.136499,1.136499,-0.020142,NaN,NaN,NaN,NaN,0,20.1,-9.664512,0,-17.62406,-0.8768,0,-0.4808,-242.7319,0,1,0,0,0.4808,0,-0.8768,538.225,0,0,0,1
571.4268,571.42,0.013764,0.013745,581.9612,-242.8286,0,538.0488,1.135558,1.135558,-0.020142,NaN,NaN,NaN,NaN,0,20.1,-9.66445,0,-17.62409,-0.8768,0,-0.4808,-242.8286,0,1,0,0,0.4808,0,-0.8768,538.0488,0,0,0,1
571.4393,571.43,0.012494,0.013495,581.9737,-242.9252,0,537.8725,1.134574,1.134574,-0.020142,NaN,NaN,NaN,NaN,0,20.1,-9.664388,0,-17.62412,-0.8768,0,-0.4808,-242.9252,0,1,0,0,0.4808,0,-0.8768,537.8725,0,0,0,1
571.452,571.45,0.012746,0.013345,581.9868,-243.1185,0,537.52,1.132636,1.132636,-0.020142,NaN,NaN,NaN,NaN,0,20.1,-9.664265,0,-17.62419,-0.8768,0,-0.4808,-243.1185,0,1,0,0,0.4808,0,-0.8768,537.52,0,0,0,1
571.4664,571.46,0.014428,0.013561,582.0009,-243.2152,0,537.3437,1.131651,1.131651,-0.020142,NaN,NaN,NaN,NaN,0,20.1,-9.664203,0,-17.62422,-0.8768,0,-0.4808,-243.2152,0,1,0,0,0.4808,0,-0.8768,537.3437,0,0,0,1
571.4857,571.48,0.019219,0.014693,582.0203,-243.4084,0,536.9911,1.12967,1.12967,-0.020142,NaN,NaN,NaN,NaN,0,20.1,-9.66408,0,-17.62429,-0.8768,0,-0.4808,-243.4084,0,1,0,0,0.4808,0,-0.8768,536.9911,0,0,0,1
571.4995,571.49,0.013782,0.014511,582.034,-243.5051,0,536.8149,1.128672,1.128672,-0.020142,NaN,NaN,NaN,NaN,0,20.1,-9.664018,0,-17.62433,-0.8768,0,-0.4808,-243.5051,0,1,0,0,0.4808,0,-0.8768,536.8149,0,0,0,1
571.5182,571.51,0.018753,0.015359,582.053,-243.6983,0,536.4623,1.126721,1.126721,-0.020142,NaN,NaN,NaN,NaN,0,20.1,-9.663894,0,-17.62439,-0.8768,0,-0.4808,-243.6983,0,1,0,0,0.4808,0,-0.8768,536.4623,0,0,0,1
571.5322,571.53,0.014045,0.015096,582.0673,-243.8916,0,536.1098,1.124739,1.124739,-0.038452,NaN,NaN,NaN,NaN,0,20.1,-9.663657,0,-17.62452,-0.8768,0,-0.4808,-243.8916,0,1,0,0,0.4808,0,-0.8768,536.1098,0,0,0,1
571.5461,571.54,0.013912,0.014859,582.0807,-243.9883,0,535.9335,1.123742,1.123742,-0.056763,NaN,NaN,NaN,NaN,0,20.1,-9.663483,0,-17.62462,-0.8768,0,-0.4808,-243.9883,0,1,0,0,0.4808,0,-0.8768,535.9335,0,0,0,1
571.5604,571.56,0.014293,0.014746,582.0956,-244.1815,0,535.581,1.12179,1.12179,-0.10437,NaN,NaN,NaN,NaN,0,20.1,-9.662842,0,-17.62497,-0.8769,0,-0.4807,-244.1815,0,1,0,0,0.4807,0,-0.8769,535.581,0,0,0,1
571.5737,571.57,0.013277,0.014452,582.1083,-244.2782,0,535.4047,1.120792,1.120792,-0.15564,NaN,NaN,NaN,NaN,0,20.1,-9.662363,0,-17.62524,-0.8769,0,-0.4807,-244.2782,0,1,0,0,0.4807,0,-0.8769,535.4047,0,0,0,1
571.5864,571.58,0.012663,0.014094,582.121,-244.3748,0,535.2285,1.119782,1.119782,-0.195923,NaN,NaN,NaN,NaN,0,20.1,-9.661759,0,-17.62556,-0.8769,0,-0.4807,-244.3748,0,1,0,0,0.4807,0,-0.8769,535.2285,0,0,0,1
571.5988,571.59,0.012361,0.013748,582.1335,-244.4714,0,535.0522,1.118771,1.118771,-0.26551,NaN,NaN,NaN,NaN,0,20.1,-9.660943,0,-17.62601,-0.8769,0,-0.4806,-244.4714,0,1,0,0,0.4806,0,-0.8769,535.0522,0,0,0,1
571.6182,571.61,0.019501,0.014898,582.1531,-244.6646,0,534.6996,1.116723,1.116723,-0.364387,NaN,NaN,NaN,NaN,0,20.1,-9.658701,0,-17.62724,-0.877,0,-0.4805,-244.6646,0,1,0,0,0.4805,0,-0.877,534.6996,0,0,0,1
571.6303,571.63,0.012071,0.014333,582.1652,-244.8577,0,534.3471,1.114605,1.114605,-0.540168,NaN,NaN,NaN,NaN,0,20.1,-9.655377,0,-17.62906,-0.8771,0,-0.4804,-244.8577,0,1,0,0,0.4804,0,-0.8771,534.3471,0,0,0,1
571.6428,571.64,0.012469,0.01396,582.1774,-244.9542,0,534.1708,1.113484,1.113484,-0.697639,NaN,NaN,NaN,NaN,0,20.1,-9.653231,0,-17.63024,-0.8771,0,-0.4803,-244.9542,0,1,0,0,0.4803,0,-0.8771,534.1708,0,0,0,1
571.6549,571.65,0.012126,0.013593,582.1897,-245.0507,0,533.9944,1.112334,1.112334,-0.928359,NaN,NaN,NaN,NaN,0,20.1,-9.650374,0,-17.6318,-0.8772,0,-0.4801,-245.0507,0,1,0,0,0.4801,0,-0.8772,533.9944,0,0,0,1
571.6678,571.66,0.012923,0.013459,582.2026,-245.1472,0,533.8181,1.111174,1.111174,-1.15541,NaN,NaN,NaN,NaN,0,20.1,-9.646819,0,-17.63375,-0.8773,0,-0.4799,-245.1472,0,1,0,0,0.4799,0,-0.8773,533.8181,0,0,0,1
571.6813,571.68,0.013428,0.013453,582.2164,-245.34,0,533.4653,1.10866,1.10866,-1.430075,NaN,NaN,NaN,NaN,0,20.1,-9.638016,0,-17.63856,-0.8775,0,-0.4795,-245.34,0,1,0,0,0.4795,0,-0.8775,533.4653,0,0,0,1
571.6938,571.69,0.012554,0.013273,582.2284,-245.4363,0,533.2889,1.107363,1.107363,-1.774321,NaN,NaN,NaN,NaN,0,20.1,-9.632553,0,-17.64155,-0.8777,0,-0.4792,-245.4363,0,1,0,0,0.4792,0,-0.8777,533.2889,0,0,0,1
571.7059,571.7,0.012043,0.013027,582.2406,-245.5326,0,533.1125,1.105957,1.105957,-2.081938,NaN,NaN,NaN,NaN,0,20.1,-9.626142,0,-17.64504,-0.8779,0,-0.4789,-245.5326,0,1,0,0,0.4789,0,-0.8779,533.1125,0,0,0,1
571.719,571.71,0.01316,0.013054,582.2537,-245.6288,0,532.936,1.104467,1.104467,-2.426183,NaN,NaN,NaN,NaN,0,20.1,-9.618668,0,-17.64911,-0.8781,0,-0.4785,-245.6288,0,1,0,0,0.4785,0,-0.8781,532.936,0,0,0,1
571.7322,571.73,0.01325,0.013093,582.2675,-245.8209,0,532.5829,1.101216,1.101216,-2.840009,NaN,NaN,NaN,NaN,0,20.1,-9.601167,0,-17.65864,-0.8785,0,-0.4777,-245.8209,0,1,0,0,0.4777,0,-0.8785,532.5829,0,0,0,1
571.7538,571.75,0.021595,0.014793,582.2897,-246.0126,0,532.2296,1.097515,1.097515,-3.220875,NaN,NaN,NaN,NaN,0,20.1,-9.581306,0,-17.66943,-0.8791,0,-0.4767,-246.0126,0,1,0,0,0.4767,0,-0.8791,532.2296,0,0,0,1
571.7672,571.76,0.013352,0.014505,582.3022,-246.1083,0,532.0528,1.095437,1.095437,-3.924007,NaN,NaN,NaN,NaN,0,20.1,-9.569203,0,-17.67598,-0.8794,0,-0.4761,-246.1083,0,1,0,0,0.4761,0,-0.8794,532.0528,0,0,0,1
571.7819,571.78,0.014693,0.014543,582.3173,-246.2993,0,531.6991,1.090902,1.090902,-4.392765,NaN,NaN,NaN,NaN,0,20.1,-9.542089,0,-17.69064,-0.8801,0,-0.4747,-246.2993,0,1,0,0,0.4747,0,-0.8801,531.6991,0,0,0,1
571.7951,571.79,0.013186,0.014271,582.3297,-246.3945,0,531.5221,1.088375,1.088375,-4.854198,NaN,NaN,NaN,NaN,0,20.1,-9.527097,0,-17.69871,-0.8805,0,-0.474,-246.3945,0,1,0,0,0.474,0,-0.8805,531.5221,0,0,0,1
571.8071,571.8,0.011956,0.013808,582.3419,-246.4897,0,531.345,1.085685,1.085685,-5.31563,NaN,NaN,NaN,NaN,0,20.1,-9.510674,0,-17.70754,-0.881,0,-0.4732,-246.4897,0,1,0,0,0.4732,0,-0.881,531.345,0,0,0,1
571.8203,571.82,0.013226,0.013692,582.3557,-246.6793,0,530.9906,1.079647,1.079647,-5.703821,NaN,NaN,NaN,NaN,0,20.1,-9.475399,0,-17.72645,-0.8819,0,-0.4714,-246.6793,0,1,0,0,0.4714,0,-0.8819,530.9906,0,0,0,1
571.8404,571.84,0.020105,0.014974,582.3754,-246.8683,0,530.6357,1.072735,1.072735,-6.154268,NaN,NaN,NaN,NaN,0,20.1,-9.437298,0,-17.74676,-0.8829,0,-0.4695,-246.8683,0,1,0,0,0.4695,0,-0.8829,530.6357,0,0,0,1
571.8535,571.85,0.013089,0.014597,582.3887,-246.9624,0,530.4582,1.068951,1.068951,-6.721902,NaN,NaN,NaN,NaN,0,20.1,-9.416471,0,-17.75782,-0.8835,0,-0.4685,-246.9624,0,1,0,0,0.4685,0,-0.8835,530.4582,0,0,0,1
571.8749,571.87,0.021473,0.015973,582.4136,-247.1501,0,530.1027,1.060672,1.060672,-7.190659,NaN,NaN,NaN,NaN,0,20.1,-9.37187,0,-17.7814,-0.8846,0,-0.4663,-247.1501,0,1,0,0,0.4663,0,-0.8846,530.1027,0,0,0,1
571.8959,571.89,0.021017,0.016981,582.4312,-247.3368,0,529.7467,1.05126,1.05126,-7.996337,NaN,NaN,NaN,NaN,0,20.1,-9.322198,0,-17.80749,-0.8859,0,-0.4638,-247.3368,0,1,0,0,0.4638,0,-0.8859,529.7467,0,0,0,1
571.9088,571.9,0.012884,0.016162,582.4435,-247.4297,0,529.5685,1.046096,1.046096,-8.593268,NaN,NaN,NaN,NaN,0,20.1,-9.29548,0,-17.82145,-0.8866,0,-0.4625,-247.4297,0,1,0,0,0.4625,0,-0.8866,529.5685,0,0,0,1
571.921,571.92,0.012159,0.015361,582.4563,-247.6148,0,529.2116,1.036513,1.036513,-9.054701,NaN,NaN,NaN,NaN,0,20.1,-9.239107,0,-17.85074,-0.8881,0,-0.4597,-247.6148,0,1,0,0,0.4597,0,-0.8881,529.2116,0,0,0,1
571.9413,571.94,0.020319,0.016353,582.4764,-247.7987,0,528.8541,1.027461,1.027461,-9.43923,NaN,NaN,NaN,NaN,0,20.1,-9.18024,0,-17.88109,-0.8896,0,-0.4567,-247.7987,0,1,0,0,0.4567,0,-0.8896,528.8541,0,0,0,1
571.9544,571.95,0.013074,0.015697,582.489,-247.8902,0,528.6752,1.022396,1.022396,-10.07278,NaN,NaN,NaN,NaN,0,20.1,-9.148791,0,-17.8972,-0.8904,0,-0.4552,-247.8902,0,1,0,0,0.4552,0,-0.8904,528.6752,0,0,0,1
571.9753,571.97,0.020878,0.016733,582.5104,-248.0722,0,528.3167,1.014449,1.014449,-10.43534,NaN,NaN,NaN,NaN,0,20.1,-9.083537,0,-17.93041,-0.8921,0,-0.4519,-248.0722,0,1,0,0,0.4519,0,-0.8921,528.3167,0,0,0,1
571.9881,571.98,0.012824,0.015951,582.5228,-248.1627,0,528.1372,1.011774,1.011774,-11.01763,NaN,NaN,NaN,NaN,0,20.1,-9.049042,0,-17.94784,-0.8929,0,-0.4502,-248.1627,0,1,0,0,0.4502,0,-0.8929,528.1372,0,0,0,1
572.0009,572,0.012825,0.015326,582.5362,-248.3426,0,527.7778,1.005226,1.005226,-11.29595,NaN,NaN,NaN,NaN,0,20.1,-8.978203,0,-17.98339,-0.8947,0,-0.4467,-248.3426,0,1,0,0,0.4467,0,-0.8947,527.7778,0,0,0,1
572.015,572.01,0.014089,0.015079,582.5497,-248.432,0,527.5978,1.00134,1.00134,-11.58526,NaN,NaN,NaN,NaN,0,20.1,-8.941822,0,-18.0015,-0.8956,0,-0.4449,-248.432,0,1,0,0,0.4449,0,-0.8956,527.5978,0,0,0,1
572.0265,572.02,0.011468,0.014357,582.5609,-248.521,0,527.4176,1.000114,1.000114,-11.85626,NaN,NaN,NaN,NaN,0,20.1,-8.904552,0,-18.01996,-0.8965,0,-0.443,-248.521,0,1,0,0,0.443,0,-0.8965,527.4176,0,0,0,1
572.0397,572.03,0.013238,0.014133,582.5745,-248.6097,0,527.2372,0.998927,0.998927,-12.02838,NaN,NaN,NaN,NaN,0,20.1,-8.866703,0,-18.03862,-0.8974,0,-0.4411,-248.6097,0,1,0,0,0.4411,0,-0.8974,527.2372,0,0,0,1
572.0523,572.05,0.0126,0.013826,582.5872,-248.7859,0,526.8759,0.995165,0.995165,-12.22248,NaN,NaN,NaN,NaN,0,20.1,-8.789661,0,-18.07628,-0.8993,0,-0.4373,-248.7859,0,1,0,0,0.4373,0,-0.8993,526.8759,0,0,0,1
572.0646,572.06,0.012264,0.013514,582.5992,-248.8734,0,526.6949,0.992632,0.992632,-12.38727,NaN,NaN,NaN,NaN,0,20.1,-8.750559,0,-18.09524,-0.9003,0,-0.4354,-248.8734,0,1,0,0,0.4354,0,-0.9003,526.6949,0,0,0,1
572.0846,572.08,0.020015,0.014814,582.6197,-249.0472,0,526.3324,0.992606,0.992606,-12.52278,NaN,NaN,NaN,NaN,0,20.1,-8.671377,0,-18.13332,-0.9022,0,-0.4314,-249.0472,0,1,0,0,0.4314,0,-0.9022,526.3324,0,0,0,1
572.0971,572.09,0.012529,0.014357,582.6318,-249.1335,0,526.1509,0.992309,0.992309,-12.68391,NaN,NaN,NaN,NaN,0,20.1,-8.631214,0,-18.15247,-0.9031,0,-0.4294,-249.1335,0,1,0,0,0.4294,0,-0.9031,526.1509,0,0,0,1
572.1093,572.1,0.01211,0.013908,582.6438,-249.2195,0,525.9692,0.991534,0.991534,-12.74983,NaN,NaN,NaN,NaN,0,20.1,-8.590798,0,-18.17164,-0.9041,0,-0.4274,-249.2195,0,1,0,0,0.4274,0,-0.9041,525.9692,0,0,0,1
572.1205,572.12,0.011339,0.013394,582.6557,-249.39,0,525.6052,0.991209,0.991209,-12.79011,NaN,NaN,NaN,NaN,0,20.1,-8.509583,0,-18.20981,-0.906,0,-0.4234,-249.39,0,1,0,0,0.4234,0,-0.906,525.6052,0,0,0,1
572.1401,572.14,0.01956,0.014627,582.6752,-249.559,0,525.2404,0.993482,0.993482,-12.83405,NaN,NaN,NaN,NaN,0,20.1,-8.427919,0,-18.24775,-0.9078,0,-0.4193,-249.559,0,1,0,0,0.4193,0,-0.9078,525.2404,0,0,0,1
572.1527,572.15,0.012598,0.014221,582.6873,-249.6429,0,525.0577,0.993924,0.993924,-12.88532,NaN,NaN,NaN,NaN,0,20.1,-8.386861,0,-18.26665,-0.9088,0,-0.4173,-249.6429,0,1,0,0,0.4173,0,-0.9088,525.0577,0,0,0,1
572.1652,572.16,0.01242,0.013861,582.6999,-249.7263,0,524.8749,0.993917,0.993917,-12.9366,NaN,NaN,NaN,NaN,0,20.1,-8.345595,0,-18.28554,-0.9097,0,-0.4152,-249.7263,0,1,0,0,0.4152,0,-0.9097,524.8749,0,0,0,1
572.1768,572.17,0.011624,0.013414,582.7116,-249.8094,0,524.6918,0.995852,0.995852,-13.02449,NaN,NaN,NaN,NaN,0,20.1,-8.304008,0,-18.30447,-0.9107,0,-0.4131,-249.8094,0,1,0,0,0.4131,0,-0.9107,524.6918,0,0,0,1
572.1885,572.18,0.011719,0.013075,582.723,-249.892,0,524.5086,0.998465,0.998465,-13.11238,NaN,NaN,NaN,NaN,0,20.1,-8.262095,0,-18.32343,-0.9116,0,-0.411,-249.892,0,1,0,0,0.411,0,-0.9116,524.5086,0,0,0,1
572.1998,572.19,0.011301,0.01272,582.7343,-249.9742,0,524.3252,1.000602,1.000602,-13.24788,NaN,NaN,NaN,NaN,0,20.1,-8.219707,0,-18.34248,-0.9126,0,-0.4089,-249.9742,0,1,0,0,0.4089,0,-0.9126,524.3252,0,0,0,1
572.2124,572.21,0.012586,0.012693,582.7474,-250.1373,0,523.9578,1.003414,1.003414,-13.41635,NaN,NaN,NaN,NaN,0,20.1,-8.133715,0,-18.38077,-0.9145,0,-0.4047,-250.1373,0,1,0,0,0.4047,0,-0.9145,523.9578,0,0,0,1
572.2244,572.22,0.012062,0.012567,582.7595,-250.2182,0,523.7737,1.006289,1.006289,-13.61044,NaN,NaN,NaN,NaN,0,20.1,-8.09003,0,-18.40004,-0.9154,0,-0.4025,-250.2182,0,1,0,0,0.4025,0,-0.9154,523.7737,0,0,0,1
572.2378,572.23,0.013366,0.012727,582.7725,-250.2986,0,523.5895,1.010001,1.010001,-13.84848,NaN,NaN,NaN,NaN,0,20.1,-8.045533,0,-18.41955,-0.9164,0,-0.4003,-250.2986,0,1,0,0,0.4003,0,-0.9164,523.5895,0,0,0,1
572.2507,572.25,0.012863,0.012754,582.7859,-250.4582,0,523.2206,1.015952,1.015952,-14.15976,NaN,NaN,NaN,NaN,0,20.1,-7.954393,0,-18.45909,-0.9184,0,-0.3957,-250.4582,0,1,0,0,0.3957,0,-0.9184,523.2206,0,0,0,1
572.2627,572.26,0.012016,0.012606,582.7974,-250.5373,0,523.0358,1.018134,1.018134,-14.51865,NaN,NaN,NaN,NaN,0,20.1,-7.907593,0,-18.47918,-0.9194,0,-0.3934,-250.5373,0,1,0,0,0.3934,0,-0.9194,523.0358,0,0,0,1
572.2739,572.27,0.011154,0.012316,582.8085,-250.6159,0,522.8508,1.021773,1.021773,-14.77867,NaN,NaN,NaN,NaN,0,20.1,-7.859902,0,-18.49952,-0.9204,0,-0.391,-250.6159,0,1,0,0,0.391,0,-0.9204,522.8508,0,0,0,1
572.2852,572.28,0.011371,0.012127,582.8199,-250.694,0,522.6656,1.026449,1.026449,-15.1046,NaN,NaN,NaN,NaN,0,20.1,-7.811104,0,-18.52017,-0.9214,0,-0.3886,-250.694,0,1,0,0,0.3886,0,-0.9214,522.6656,0,0,0,1
572.2971,572.29,0.011898,0.012081,582.8317,-250.7716,0,522.4802,1.030578,1.030578,-15.46349,NaN,NaN,NaN,NaN,0,20.1,-7.761093,0,-18.54118,-0.9224,0,-0.3861,-250.7716,0,1,0,0,0.3861,0,-0.9224,522.4802,0,0,0,1
572.3087,572.3,0.011586,0.011982,582.8432,-250.8487,0,522.2946,1.034136,1.034136,-15.79309,NaN,NaN,NaN,NaN,0,20.1,-7.709956,0,-18.56251,-0.9235,0,-0.3836,-250.8487,0,1,0,0,0.3836,0,-0.9235,522.2946,0,0,0,1
572.3201,572.32,0.011449,0.011875,582.8552,-251.0013,0,521.9227,1.041264,1.041264,-16.0824,NaN,NaN,NaN,NaN,0,20.1,-7.605628,0,-18.6055,-0.9256,0,-0.3784,-251.0013,0,1,0,0,0.3784,0,-0.9256,521.9227,0,0,0,1
572.3409,572.34,0.020711,0.013643,582.8758,-251.1518,0,521.5499,1.051406,1.051406,-16.42298,NaN,NaN,NaN,NaN,0,20.1,-7.498846,0,-18.6488,-0.9278,0,-0.3731,-251.1518,0,1,0,0,0.3731,0,-0.9278,521.5499,0,0,0,1
572.352,572.35,0.011124,0.013139,582.8866,-251.2263,0,521.3632,1.055586,1.055586,-16.94667,NaN,NaN,NaN,NaN,0,20.1,-7.443655,0,-18.67089,-0.9289,0,-0.3703,-251.2263,0,1,0,0,0.3703,0,-0.9289,521.3632,0,0,0,1
572.3636,572.36,0.011579,0.012827,582.898,-251.3001,0,521.1763,1.05916,1.05916,-17.14809,NaN,NaN,NaN,NaN,0,20.1,-7.387741,0,-18.69308,-0.93,0,-0.3675,-251.3001,0,1,0,0,0.3675,0,-0.93,521.1763,0,0,0,1
572.3741,572.37,0.010516,0.012365,582.9086,-251.3734,0,520.9891,1.0636,1.0636,-17.33486,NaN,NaN,NaN,NaN,0,20.1,-7.331151,0,-18.71535,-0.9311,0,-0.3647,-251.3734,0,1,0,0,0.3647,0,-0.9311,520.9891,0,0,0,1
572.3851,572.38,0.011039,0.012099,582.9198,-251.4462,0,520.8018,1.069494,1.069494,-17.4374,NaN,NaN,NaN,NaN,0,20.1,-7.274159,0,-18.73758,-0.9322,0,-0.3619,-251.4462,0,1,0,0,0.3619,0,-0.9322,520.8018,0,0,0,1
572.3969,572.39,0.011733,0.012026,582.9312,-251.5184,0,520.6141,1.074739,1.074739,-17.52163,NaN,NaN,NaN,NaN,0,20.1,-7.216823,0,-18.75973,-0.9333,0,-0.359,-251.5184,0,1,0,0,0.359,0,-0.9333,520.6141,0,0,0,1
572.407,572.4,0.010181,0.011657,582.9415,-251.59,0,520.4263,1.079377,1.079377,-17.53994,NaN,NaN,NaN,NaN,0,20.1,-7.15936,0,-18.78173,-0.9344,0,-0.3562,-251.59,0,1,0,0,0.3562,0,-0.9344,520.4263,0,0,0,1
572.4184,572.41,0.011363,0.011598,582.9528,-251.661,0,520.2383,1.083373,1.083373,-17.53994,NaN,NaN,NaN,NaN,0,20.1,-7.101831,0,-18.80357,-0.9355,0,-0.3533,-251.661,0,1,0,0,0.3533,0,-0.9355,520.2383,0,0,0,1
572.4301,572.43,0.011639,0.011606,582.9648,-251.8013,0,519.8616,1.094298,1.094298,-17.53994,NaN,NaN,NaN,NaN,0,20.1,-6.986572,0,-18.84669,-0.9376,0,-0.3476,-251.8013,0,1,0,0,0.3476,0,-0.9376,519.8616,0,0,0,1
572.4417,572.44,0.011689,0.011623,582.9761,-251.8706,0,519.6729,1.099976,1.099976,-17.53994,NaN,NaN,NaN,NaN,0,20.1,-6.928844,0,-18.86799,-0.9387,0,-0.3447,-251.8706,0,1,0,0,0.3447,0,-0.9387,519.6729,0,0,0,1
572.4519,572.45,0.010183,0.011335,582.9862,-251.9393,0,519.484,1.105019,1.105019,-17.53994,NaN,NaN,NaN,NaN,0,20.1,-6.871052,0,-18.88912,-0.9398,0,-0.3418,-251.9393,0,1,0,0,0.3418,0,-0.9398,519.484,0,0,0,1
572.4631,572.46,0.011245,0.011317,582.9976,-252.0074,0,519.2949,1.10944,1.10944,-17.53994,NaN,NaN,NaN,NaN,0,20.1,-6.813194,0,-18.91006,-0.9408,0,-0.339,-252.0074,0,1,0,0,0.339,0,-0.9408,519.2949,0,0,0,1
572.4738,572.47,0.01067,0.011187,583.0085,-252.075,0,519.1056,1.114214,1.114214,-17.53994,NaN,NaN,NaN,NaN,0,20.1,-6.755274,0,-18.93083,-0.9418,0,-0.3361,-252.075,0,1,0,0,0.3361,0,-0.9418,519.1056,0,0,0,1
572.4846,572.48,0.01076,0.011102,583.019,-252.142,0,518.9161,1.120927,1.120927,-17.53994,NaN,NaN,NaN,NaN,0,20.1,-6.697289,0,-18.95142,-0.9429,0,-0.3332,-252.142,0,1,0,0,0.3332,0,-0.9429,518.9161,0,0,0,1
572.4968,572.49,0.012166,0.011315,583.0313,-252.2083,0,518.7264,1.127018,1.127018,-17.53994,NaN,NaN,NaN,NaN,0,20.1,-6.639242,0,-18.97183,-0.9439,0,-0.3303,-252.2083,0,1,0,0,0.3303,0,-0.9439,518.7264,0,0,0,1
572.5084,572.5,0.011707,0.011393,583.0428,-252.2742,0,518.5364,1.132491,1.132491,-17.55825,NaN,NaN,NaN,NaN,0,20.1,-6.581072,0,-18.99209,-0.9449,0,-0.3274,-252.2742,0,1,0,0,0.3274,0,-0.9449,518.5364,0,0,0,1
572.5197,572.51,0.011212,0.011357,583.0541,-252.3394,0,518.3463,1.137305,1.137305,-17.6315,NaN,NaN,NaN,NaN,0,20.1,-6.522597,0,-19.01226,-0.9459,0,-0.3245,-252.3394,0,1,0,0,0.3245,0,-0.9459,518.3463,0,0,0,1
572.5311,572.53,0.011456,0.011377,583.0665,-252.4681,0,517.9655,1.149371,1.149371,-17.76699,NaN,NaN,NaN,NaN,0,20.1,-6.404561,0,-19.05234,-0.9479,0,-0.3186,-252.4681,0,1,0,0,0.3186,0,-0.9479,517.9655,0,0,0,1
572.5439,572.54,0.01277,0.011655,583.0785,-252.5315,0,517.7747,1.155843,1.155843,-17.98672,NaN,NaN,NaN,NaN,0,20.1,-6.344719,0,-19.07236,-0.9489,0,-0.3157,-252.5315,0,1,0,0,0.3157,0,-0.9489,517.7747,0,0,0,1
572.5566,572.55,0.012725,0.011869,583.0916,-252.5944,0,517.5838,1.161677,1.161677,-18.2797,NaN,NaN,NaN,NaN,0,20.1,-6.283838,0,-19.0925,-0.9499,0,-0.3126,-252.5944,0,1,0,0,0.3126,0,-0.9499,517.5838,0,0,0,1
572.5682,572.56,0.011628,0.011821,583.1028,-252.6566,0,517.3927,1.166817,1.166817,-18.6569,NaN,NaN,NaN,NaN,0,20.1,-6.221635,0,-19.11286,-0.9509,0,-0.3095,-252.6566,0,1,0,0,0.3095,0,-0.9509,517.3927,0,0,0,1
572.5795,572.57,0.011267,0.01171,583.114,-252.7181,0,517.2014,1.17175,1.17175,-19.10735,NaN,NaN,NaN,NaN,0,20.1,-6.157861,0,-19.1335,-0.9519,0,-0.3064,-252.7181,0,1,0,0,0.3064,0,-0.9519,517.2014,0,0,0,1
572.5928,572.59,0.013313,0.012031,583.1276,-252.8393,0,516.8181,1.185726,1.185726,-19.6347,NaN,NaN,NaN,NaN,0,20.1,-6.026581,0,-19.17525,-0.954,0,-0.2998,-252.8393,0,1,0,0,0.2998,0,-0.954,516.8181,0,0,0,1
572.6044,572.6,0.011586,0.011942,583.139,-252.8989,0,516.6261,1.191634,1.191634,-20.27924,NaN,NaN,NaN,NaN,0,20.1,-5.958675,0,-19.19646,-0.955,0,-0.2965,-252.8989,0,1,0,0,0.2965,0,-0.955,516.6261,0,0,0,1
572.6169,572.61,0.01252,0.012057,583.1516,-252.9578,0,516.4339,1.196786,1.196786,-20.76997,NaN,NaN,NaN,NaN,0,20.1,-5.889049,0,-19.21794,-0.9561,0,-0.293,-252.9578,0,1,0,0,0.293,0,-0.9561,516.4339,0,0,0,1
572.6285,572.62,0.011648,0.011975,583.1631,-253.016,0,516.2415,1.201362,1.201362,-21.4548,NaN,NaN,NaN,NaN,0,20.1,-5.817045,0,-19.23986,-0.9572,0,-0.2894,-253.016,0,1,0,0,0.2894,0,-0.9572,516.2415,0,0,0,1
572.6399,572.63,0.011321,0.011845,583.1746,-253.0734,0,516.0489,1.208539,1.208539,-21.95651,NaN,NaN,NaN,NaN,0,20.1,-5.743273,0,-19.26201,-0.9583,0,-0.2857,-253.0734,0,1,0,0,0.2857,0,-0.9583,516.0489,0,0,0,1
572.6514,572.65,0.011515,0.011779,583.1862,-253.186,0,515.663,1.220485,1.220485,-22.54246,NaN,NaN,NaN,NaN,0,20.1,-5.591528,0,-19.30661,-0.9605,0,-0.2782,-253.186,0,1,0,0,0.2782,0,-0.9605,515.663,0,0,0,1
572.6645,572.66,0.013086,0.01204,583.199,-253.2411,0,515.4697,1.225192,1.225192,-23.11009,NaN,NaN,NaN,NaN,0,20.1,-5.513609,0,-19.329,-0.9616,0,-0.2743,-253.2411,0,1,0,0,0.2743,0,-0.9616,515.4697,0,0,0,1
572.6843,572.68,0.019749,0.013582,583.2192,-253.349,0,515.0824,1.235616,1.235616,-23.65575,NaN,NaN,NaN,NaN,0,20.1,-5.353816,0,-19.37387,-0.9639,0,-0.2664,-253.349,0,1,0,0,0.2664,0,-0.9639,515.0824,0,0,0,1
572.6967,572.69,0.012482,0.013362,583.2313,-253.4017,0,514.8884,1.241361,1.241361,-24.46143,NaN,NaN,NaN,NaN,0,20.1,-5.271054,0,-19.39655,-0.965,0,-0.2622,-253.4017,0,1,0,0,0.2622,0,-0.965,514.8884,0,0,0,1
572.7079,572.7,0.011147,0.012919,583.2424,-253.4536,0,514.6942,1.246188,1.246188,-24.87892,NaN,NaN,NaN,NaN,0,20.1,-5.186781,0,-19.41925,-0.9661,0,-0.258,-253.4536,0,1,0,0,0.258,0,-0.9661,514.6942,0,0,0,1
572.7187,572.71,0.01083,0.012501,583.2532,-253.5046,0,514.4998,1.250171,1.250171,-25.25246,NaN,NaN,NaN,NaN,0,20.1,-5.101143,0,-19.44193,-0.9673,0,-0.2538,-253.5046,0,1,0,0,0.2538,0,-0.9673,514.4998,0,0,0,1
572.7294,572.72,0.010704,0.012142,583.2639,-253.5547,0,514.3052,1.253221,1.253221,-25.50881,NaN,NaN,NaN,NaN,0,20.1,-5.014535,0,-19.46445,-0.9684,0,-0.2495,-253.5547,0,1,0,0,0.2495,0,-0.9684,514.3052,0,0,0,1
572.7413,572.74,0.011886,0.012091,583.2762,-253.6524,0,513.9152,1.26333,1.26333,-25.7322,NaN,NaN,NaN,NaN,0,20.1,-4.839501,0,-19.5087,-0.9706,0,-0.2408,-253.6524,0,1,0,0,0.2408,0,-0.9706,513.9152,0,0,0,1
572.7527,572.75,0.011386,0.01195,583.2871,-253.6999,0,513.7198,1.267167,1.267167,-25.85305,NaN,NaN,NaN,NaN,0,20.1,-4.751425,0,-19.53034,-0.9717,0,-0.2364,-253.6999,0,1,0,0,0.2364,0,-0.9717,513.7198,0,0,0,1
572.7639,572.76,0.011193,0.011798,583.2983,-253.7465,0,513.5244,1.270145,1.270145,-25.88968,NaN,NaN,NaN,NaN,0,20.1,-4.663126,0,-19.55161,-0.9727,0,-0.232,-253.7465,0,1,0,0,0.232,0,-0.9727,513.5244,0,0,0,1
572.7755,572.77,0.011589,0.011756,583.3099,-253.7923,0,513.3287,1.272175,1.272175,-25.88968,NaN,NaN,NaN,NaN,0,20.1,-4.574733,0,-19.57248,-0.9738,0,-0.2276,-253.7923,0,1,0,0,0.2276,0,-0.9738,513.3287,0,0,0,1
572.7864,572.78,0.011003,0.011606,583.3209,-253.8371,0,513.1328,1.276107,1.276107,-25.87136,NaN,NaN,NaN,NaN,0,20.1,-4.48631,0,-19.59294,-0.9748,0,-0.2232,-253.8371,0,1,0,0,0.2232,0,-0.9748,513.1328,0,0,0,1
572.7979,572.79,0.011416,0.011568,583.3325,-253.8811,0,512.9366,1.279876,1.279876,-25.83474,NaN,NaN,NaN,NaN,0,20.1,-4.39792,0,-19.61296,-0.9758,0,-0.2188,-253.8811,0,1,0,0,0.2188,0,-0.9758,512.9366,0,0,0,1
572.8099,572.8,0.011978,0.01165,583.3443,-253.9242,0,512.7403,1.282695,1.282695,-25.76516,NaN,NaN,NaN,NaN,0,20.1,-4.309679,0,-19.63254,-0.9767,0,-0.2144,-253.9242,0,1,0,0,0.2144,0,-0.9767,512.7403,0,0,0,1
572.8213,572.82,0.011417,0.011603,583.3561,-254.0078,0,512.347,1.285588,1.285588,-25.70657,NaN,NaN,NaN,NaN,0,20.1,-4.133338,0,-19.67042,-0.9786,0,-0.2056,-254.0078,0,1,0,0,0.2056,0,-0.9786,512.347,0,0,0,1
572.8333,572.83,0.011963,0.011675,583.3679,-254.0482,0,512.1501,1.288228,1.288228,-25.64431,NaN,NaN,NaN,NaN,0,20.1,-4.045257,0,-19.68872,-0.9795,0,-0.2013,-254.0482,0,1,0,0,0.2013,0,-0.9795,512.1501,0,0,0,1
572.8445,572.84,0.011322,0.011605,583.3795,-254.0878,0,511.9531,1.290984,1.290984,-25.56375,NaN,NaN,NaN,NaN,0,20.1,-3.957371,0,-19.70658,-0.9804,0,-0.1969,-254.0878,0,1,0,0,0.1969,0,-0.9804,511.9531,0,0,0,1
572.8557,572.85,0.01107,0.011498,583.3903,-254.1265,0,511.7559,1.292821,1.292821,-25.51247,NaN,NaN,NaN,NaN,0,20.1,-3.869584,0,-19.72401,-0.9813,0,-0.1925,-254.1265,0,1,0,0,0.1925,0,-0.9813,511.7559,0,0,0,1
572.8663,572.86,0.010692,0.011337,583.4009,-254.1643,0,511.5584,1.293753,1.293753,-25.42458,NaN,NaN,NaN,NaN,0,20.1,-3.782022,0,-19.74098,-0.9821,0,-0.1882,-254.1643,0,1,0,0,0.1882,0,-0.9821,511.5584,0,0,0,1
572.8774,572.87,0.011101,0.011289,583.4119,-254.2013,0,511.3609,1.293777,1.293777,-25.34401,NaN,NaN,NaN,NaN,0,20.1,-3.694664,0,-19.75752,-0.983,0,-0.1838,-254.2013,0,1,0,0,0.1838,0,-0.983,511.3609,0,0,0,1
572.8884,572.88,0.010958,0.011223,583.4229,-254.2373,0,511.1631,1.295128,1.295128,-25.27443,NaN,NaN,NaN,NaN,0,20.1,-3.607474,0,-19.77363,-0.9838,0,-0.1795,-254.2373,0,1,0,0,0.1795,0,-0.9838,511.1631,0,0,0,1
572.9021,572.9,0.013748,0.011728,583.4374,-254.3069,0,510.7672,1.297836,1.297836,-25.20485,NaN,NaN,NaN,NaN,0,20.1,-3.433365,0,-19.8046,-0.9853,0,-0.1708,-254.3069,0,1,0,0,0.1708,0,-0.9853,510.7672,0,0,0,1
572.9158,572.91,0.0137,0.012123,583.4505,-254.3403,0,510.569,1.297826,1.297826,-25.13527,NaN,NaN,NaN,NaN,0,20.1,-3.346451,0,-19.81947,-0.986,0,-0.1665,-254.3403,0,1,0,0,0.1665,0,-0.986,510.569,0,0,0,1
572.9308,572.93,0.01502,0.012702,583.4664,-254.4046,0,510.1722,1.29704,1.29704,-25.08034,NaN,NaN,NaN,NaN,0,20.1,-3.172811,0,-19.848,-0.9875,0,-0.1579,-254.4046,0,1,0,0,0.1579,0,-0.9875,510.1722,0,0,0,1
572.9449,572.94,0.014099,0.012981,583.4795,-254.4355,0,509.9736,1.297941,1.297941,-25.05104,NaN,NaN,NaN,NaN,0,20.1,-3.086001,0,-19.86169,-0.9881,0,-0.1535,-254.4355,0,1,0,0,0.1535,0,-0.9881,509.9736,0,0,0,1
572.9641,572.96,0.019191,0.014223,583.4988,-254.4946,0,509.5759,1.297048,1.297048,-25.05104,NaN,NaN,NaN,NaN,0,20.1,-2.912206,0,-19.88791,-0.9894,0,-0.1449,-254.4946,0,1,0,0,0.1449,0,-0.9894,509.5759,0,0,0,1
572.9768,572.97,0.012659,0.013911,583.5114,-254.5229,0,509.3769,1.295248,1.295248,-25.05104,NaN,NaN,NaN,NaN,0,20.1,-2.825224,0,-19.90046,-0.9901,0,-0.1406,-254.5229,0,1,0,0,0.1406,0,-0.9901,509.3769,0,0,0,1
572.9955,572.99,0.01866,0.01486,583.5303,-254.5768,0,508.9785,1.294165,1.294165,-25.05104,NaN,NaN,NaN,NaN,0,20.1,-2.651099,0,-19.9244,-0.9913,0,-0.1319,-254.5768,0,1,0,0,0.1319,0,-0.9913,508.9785,0,0,0,1
573.0086,573,0.013125,0.014513,583.5432,-254.6024,0,508.7792,1.293251,1.293251,-25.05104,NaN,NaN,NaN,NaN,0,20.1,-2.56396,0,-19.9358,-0.9918,0,-0.1276,-254.6024,0,1,0,0,0.1276,0,-0.9918,508.7792,0,0,0,1
573.0195,573.01,0.010947,0.0138,583.5541,-254.6272,0,508.5797,1.291442,1.291442,-25.05104,NaN,NaN,NaN,NaN,0,20.1,-2.476772,0,-19.94682,-0.9924,0,-0.1232,-254.6272,0,1,0,0,0.1232,0,-0.9924,508.5797,0,0,0,1
573.0314,573.03,0.01189,0.013418,583.5669,-254.6741,0,508.1805,1.28647,1.28647,-25.05104,NaN,NaN,NaN,NaN,0,20.1,-2.302255,0,-19.96771,-0.9934,0,-0.1145,-254.6741,0,1,0,0,0.1145,0,-0.9934,508.1805,0,0,0,1
573.0439,573.04,0.012491,0.013233,583.5785,-254.6962,0,507.9807,1.285561,1.285561,-25.05104,NaN,NaN,NaN,NaN,0,20.1,-2.21493,0,-19.97759,-0.9939,0,-0.1102,-254.6962,0,1,0,0,0.1102,0,-0.9939,507.9807,0,0,0,1
573.0551,573.05,0.011202,0.012827,583.5898,-254.7175,0,507.7808,1.283789,1.283789,-25.02907,NaN,NaN,NaN,NaN,0,20.1,-2.127639,0,-19.98707,-0.9944,0,-0.1059,-254.7175,0,1,0,0,0.1059,0,-0.9944,507.7808,0,0,0,1
573.0667,573.06,0.011579,0.012577,583.6013,-254.7379,0,507.5809,1.281066,1.281066,-24.99611,NaN,NaN,NaN,NaN,0,20.1,-2.040423,0,-19.99617,-0.9948,0,-0.1015,-254.7379,0,1,0,0,0.1015,0,-0.9948,507.5809,0,0,0,1
