time,fixedTime,deltaTime,smoothDeltaTime,realtimeSinceStartup,pos_x,pos_y,pos_z,distFromRoadCenter,signedDistFromRoadCenter,wheelAngle,obstacle_pos_x,obstacle_pos_y,obstacle_pos_z,distance_to_obstacle,brake_position,car_speed,car_vel_x,car_vel_y,car_vel_z,simplecar_4x4_R0C0,simplecar_4x4_R0C1,simplecar_4x4_R0C2,simplecar_4x4_R0C3,simplecar_4x4_R1C0,simplecar_4x4_R1C1,simplecar_4x4_R1C2,simplecar_4x4_R1C3,simplecar_4x4_R2C0,simplecar_4x4_R2C1,simplecar_4x4_R2C2,simplecar_4x4_R2C3,simplecar_4x4_R3C0,simplecar_4x4_R3C1,simplecar_4x4_R3C2,simplecar_4x4_R3C3
1178.158,1178.15,0.011266,0.01118,1188.698,-20.25289,0,680.3862,1.732214,1.732214,0.144653,NaN,NaN,NaN,NaN,0,20.1,-13.83768,0,14.57836,0.7253,0,-0.6884,-20.2529,0,1,0,0,0.6884,0,0.7253,680.3862,0,0,0,1
1178.172,1178.17,0.013386,0.011621,1188.706,-20.52963,0,680.6778,1.731779,1.731779,0.144653,NaN,NaN,NaN,NaN,0,20.1,-13.83695,0,14.57905,0.7253,0,-0.6884,-20.5296,0,1,0,0,0.6884,0,0.7253,680.6778,0,0,0,1
1178.181,1178.18,0.009067,0.01111,1188.715,-20.668,0,680.8236,1.731555,1.731555,0.144653,NaN,NaN,NaN,NaN,0,20.1,-13.83658,0,14.5794,0.7253,0,-0.6884,-20.668,0,1,0,0,0.6884,0,0.7253,680.8236,0,0,0,1
1178.191,1178.19,0.010675,0.011023,1188.726,-20.80636,0,680.9694,1.731295,1.731295,0.144653,NaN,NaN,NaN,NaN,0,20.1,-13.83621,0,14.57975,0.7254,0,-0.6884,-20.8064,0,1,0,0,0.6884,0,0.7254,680.9694,0,0,0,1
1178.202,1178.2,0.010198,0.010858,1188.736,-20.94472,0,681.1152,1.731122,1.731122,0.144653,NaN,NaN,NaN,NaN,0,20.1,-13.83585,0,14.5801,0.7254,0,-0.6884,-20.9447,0,1,0,0,0.6884,0,0.7254,681.1152,0,0,0,1
1178.213,1178.21,0.010953,0.010877,1188.747,-21.08307,0,681.261,1.73093,1.73093,0.144653,NaN,NaN,NaN,NaN,0,20.1,-13.83548,0,14.58045,0.7254,0,-0.6883,-21.0831,0,1,0,0,0.6883,0,0.7254,681.261,0,0,0,1
1178.224,1178.22,0.01181,0.011064,1188.759,-21.22142,0,681.4069,1.730738,1.730738,0.144653,NaN,NaN,NaN,NaN,0,20.1,-13.83511,0,14.5808,0.7254,0,-0.6883,-21.2214,0,1,0,0,0.6883,0,0.7254,681.4069,0,0,0,1
1178.234,1178.23,0.010153,0.010882,1188.769,-21.35977,0,681.5527,1.730506,1.730506,0.144653,NaN,NaN,NaN,NaN,0,20.1,-13.83475,0,14.58115,0.7254,0,-0.6883,-21.3598,0,1,0,0,0.6883,0,0.7254,681.5527,0,0,0,1
1178.246,1178.24,0.011867,0.011079,1188.781,-21.49812,0,681.6985,1.730318,1.730318,0.144653,NaN,NaN,NaN,NaN,0,20.1,-13.83438,0,14.5815,0.7254,0,-0.6883,-21.4981,0,1,0,0,0.6883,0,0.7254,681.6985,0,0,0,1
1178.258,1178.25,0.011328,0.011129,1188.792,-21.63646,0,681.8442,1.730066,1.730066,0.144653,NaN,NaN,NaN,NaN,0,20.1,-13.83401,0,14.58184,0.7255,0,-0.6883,-21.6365,0,1,0,0,0.6883,0,0.7255,681.8442,0,0,0,1
1178.268,1178.26,0.010279,0.010959,1188.802,-21.77479,0,681.9901,1.729945,1.729945,0.144653,NaN,NaN,NaN,NaN,0,20.1,-13.83364,0,14.58219,0.7255,0,-0.6882,-21.7748,0,1,0,0,0.6882,0,0.7255,681.9901,0,0,0,1
1178.279,1178.27,0.011189,0.011005,1188.813,-21.91312,0,682.1359,1.729719,1.729719,0.144653,NaN,NaN,NaN,NaN,0,20.1,-13.83328,0,14.58254,0.7255,0,-0.6882,-21.9131,0,1,0,0,0.6882,0,0.7255,682.1359,0,0,0,1
1178.291,1178.29,0.011413,0.011086,1188.825,-22.18978,0,682.4276,1.729354,1.729354,0.144653,NaN,NaN,NaN,NaN,0,20.1,-13.83254,0,14.58324,0.7255,0,-0.6882,-22.1898,0,1,0,0,0.6882,0,0.7255,682.4276,0,0,0,1
1178.301,1178.3,0.010421,0.010953,1188.835,-22.3281,0,682.5734,1.729217,1.729217,0.144653,NaN,NaN,NaN,NaN,0,20.1,-13.83217,0,14.58359,0.7256,0,-0.6882,-22.3281,0,1,0,0,0.6882,0,0.7256,682.5734,0,0,0,1
1178.313,1178.31,0.011729,0.011108,1188.847,-22.46642,0,682.7192,1.729038,1.729038,0.144653,NaN,NaN,NaN,NaN,0,20.1,-13.83181,0,14.58394,0.7256,0,-0.6881,-22.4664,0,1,0,0,0.6881,0,0.7256,682.7192,0,0,0,1
1178.323,1178.32,0.010644,0.011015,1188.858,-22.60473,0,682.865,1.728861,1.728861,0.144653,NaN,NaN,NaN,NaN,0,20.1,-13.83144,0,14.58428,0.7256,0,-0.6881,-22.6047,0,1,0,0,0.6881,0,0.7256,682.865,0,0,0,1
1178.334,1178.33,0.011201,0.011053,1188.869,-22.74304,0,683.0109,1.728707,1.728707,0.144653,NaN,NaN,NaN,NaN,0,20.1,-13.83107,0,14.58463,0.7256,0,-0.6881,-22.743,0,1,0,0,0.6881,0,0.7256,683.0109,0,0,0,1
1178.346,1178.34,0.011653,0.011173,1188.881,-22.88135,0,683.1567,1.728597,1.728597,0.144653,NaN,NaN,NaN,NaN,0,20.1,-13.8307,0,14.58498,0.7256,0,-0.6881,-22.8814,0,1,0,0,0.6881,0,0.7256,683.1567,0,0,0,1
1178.357,1178.35,0.01085,0.011108,1188.891,-23.01965,0,683.3026,1.728445,1.728445,0.144653,NaN,NaN,NaN,NaN,0,20.1,-13.83033,0,14.58533,0.7256,0,-0.6881,-23.0197,0,1,0,0,0.6881,0,0.7256,683.3026,0,0,0,1
1178.368,1178.36,0.010722,0.011031,1188.902,-23.15795,0,683.4485,1.728338,1.728338,0.144653,NaN,NaN,NaN,NaN,0,20.1,-13.82997,0,14.58568,0.7257,0,-0.6881,-23.158,0,1,0,0,0.6881,0,0.7257,683.4485,0,0,0,1
1178.38,1178.38,0.01274,0.011373,1188.916,-23.43454,0,683.7402,1.728086,1.728086,0.144653,NaN,NaN,NaN,NaN,0,20.1,-13.82923,0,14.58638,0.7257,0,-0.688,-23.4345,0,1,0,0,0.688,0,0.7257,683.7402,0,0,0,1
1178.391,1178.39,0.010466,0.011191,1188.925,-23.57283,0,683.8861,1.727982,1.727982,0.144653,NaN,NaN,NaN,NaN,0,20.1,-13.82887,0,14.58672,0.7257,0,-0.688,-23.5728,0,1,0,0,0.688,0,0.7257,683.8861,0,0,0,1
1178.401,1178.4,0.009834,0.01092,1188.935,-23.71111,0,684.032,1.727837,1.727837,0.144653,NaN,NaN,NaN,NaN,0,20.1,-13.8285,0,14.58707,0.7257,0,-0.688,-23.7111,0,1,0,0,0.688,0,0.7257,684.032,0,0,0,1
1178.412,1178.41,0.01144,0.011024,1188.947,-23.8494,0,684.1779,1.727737,1.727737,0.144653,NaN,NaN,NaN,NaN,0,20.1,-13.82813,0,14.58742,0.7257,0,-0.688,-23.8494,0,1,0,0,0.688,0,0.7257,684.1779,0,0,0,1
1178.424,1178.42,0.012227,0.011264,1188.959,-23.98767,0,684.3237,1.727638,1.727638,0.148315,NaN,NaN,NaN,NaN,0,20.1,-13.82775,0,14.58778,0.7258,0,-0.6879,-23.9877,0,1,0,0,0.6879,0,0.7258,684.3237,0,0,0,1
1178.436,1178.43,0.011108,0.011233,1188.97,-24.12595,0,684.4696,1.72754,1.72754,0.184937,NaN,NaN,NaN,NaN,0,20.1,-13.82728,0,14.58822,0.7258,0,-0.6879,-24.126,0,1,0,0,0.6879,0,0.7258,684.4696,0,0,0,1
1178.446,1178.44,0.010549,0.011096,1188.981,-24.26421,0,684.6155,1.727404,1.727404,0.239868,NaN,NaN,NaN,NaN,0,20.1,-13.82667,0,14.5888,0.7258,0,-0.6879,-24.2642,0,1,0,0,0.6879,0,0.7258,684.6155,0,0,0,1
1178.459,1178.45,0.012659,0.011409,1188.994,-24.40247,0,684.7614,1.727312,1.727312,0.335083,NaN,NaN,NaN,NaN,0,20.1,-13.82582,0,14.58961,0.7259,0,-0.6879,-24.4025,0,1,0,0,0.6879,0,0.7259,684.7614,0,0,0,1
1178.469,1178.46,0.009933,0.011114,1189.003,-24.54072,0,684.9073,1.727289,1.727289,0.459595,NaN,NaN,NaN,NaN,0,20.1,-13.82465,0,14.59072,0.7259,0,-0.6878,-24.5407,0,1,0,0,0.6878,0,0.7259,684.9073,0,0,0,1
1178.48,1178.47,0.011221,0.011135,1189.015,-24.67895,0,685.0532,1.72723,1.72723,0.609756,NaN,NaN,NaN,NaN,0,20.1,-13.8231,0,14.59219,0.726,0,-0.6877,-24.679,0,1,0,0,0.6877,0,0.726,685.0532,0,0,0,1
1178.492,1178.49,0.011711,0.01125,1189.027,-24.95535,0,685.3451,1.727219,1.727219,0.822158,NaN,NaN,NaN,NaN,0,20.1,-13.81891,0,14.59616,0.7262,0,-0.6875,-24.9554,0,1,0,0,0.6875,0,0.7262,685.3451,0,0,0,1
1178.501,1178.5,0.009584,0.010917,1189.036,-25.09351,0,685.491,1.727229,1.727229,1.089492,NaN,NaN,NaN,NaN,0,20.1,-13.81613,0,14.59878,0.7263,0,-0.6874,-25.0935,0,1,0,0,0.6874,0,0.7263,685.491,0,0,0,1
1178.514,1178.51,0.012344,0.011202,1189.049,-25.23164,0,685.6371,1.727379,1.727379,1.265273,NaN,NaN,NaN,NaN,0,20.1,-13.81291,0,14.60183,0.7265,0,-0.6872,-25.2316,0,1,0,0,0.6872,0,0.7265,685.6371,0,0,0,1
1178.525,1178.52,0.011694,0.011301,1189.06,-25.36973,0,685.7831,1.727503,1.727503,1.609526,NaN,NaN,NaN,NaN,0,20.1,-13.80881,0,14.60571,0.7267,0,-0.687,-25.3697,0,1,0,0,0.687,0,0.7267,685.7831,0,0,0,1
1178.536,1178.53,0.010964,0.011233,1189.071,-25.50777,0,685.9293,1.727751,1.727751,1.862211,NaN,NaN,NaN,NaN,0,20.1,-13.80406,0,14.6102,0.7269,0,-0.6868,-25.5078,0,1,0,0,0.6868,0,0.7269,685.9293,0,0,0,1
1178.547,1178.54,0.010319,0.01105,1189.081,-25.64575,0,686.0754,1.728083,1.728083,2.158842,NaN,NaN,NaN,NaN,0,20.1,-13.79855,0,14.6154,0.7271,0,-0.6865,-25.6458,0,1,0,0,0.6865,0,0.7271,686.0754,0,0,0,1
1178.558,1178.55,0.011553,0.011151,1189.093,-25.78368,0,686.2217,1.728463,1.728463,2.396894,NaN,NaN,NaN,NaN,0,20.1,-13.79244,0,14.62117,0.7274,0,-0.6862,-25.7837,0,1,0,0,0.6862,0,0.7274,686.2217,0,0,0,1
1178.57,1178.57,0.012104,0.011341,1189.106,-26.05932,0,686.5144,1.729599,1.729599,2.675214,NaN,NaN,NaN,NaN,0,20.1,-13.77878,0,14.63404,0.7281,0,-0.6855,-26.0593,0,1,0,0,0.6855,0,0.7281,686.5144,0,0,0,1
1178.581,1178.58,0.011033,0.01128,1189.116,-26.19703,0,686.6607,1.730205,1.730205,2.94621,NaN,NaN,NaN,NaN,0,20.1,-13.77125,0,14.64113,0.7284,0,-0.6851,-26.197,0,1,0,0,0.6851,0,0.7284,686.6607,0,0,0,1
1178.592,1178.59,0.010577,0.011139,1189.127,-26.33466,0,686.8073,1.731016,1.731016,3.169599,NaN,NaN,NaN,NaN,0,20.1,-13.76315,0,14.64874,0.7288,0,-0.6847,-26.3347,0,1,0,0,0.6847,0,0.7288,686.8073,0,0,0,1
1178.603,1178.6,0.011161,0.011143,1189.138,-26.47221,0,686.9538,1.731903,1.731903,3.429623,NaN,NaN,NaN,NaN,0,20.1,-13.75438,0,14.65698,0.7292,0,-0.6843,-26.4722,0,1,0,0,0.6843,0,0.7292,686.9538,0,0,0,1
1178.613,1178.61,0.009879,0.010891,1189.148,-26.60966,0,687.1005,1.732952,1.732952,3.634701,NaN,NaN,NaN,NaN,0,20.1,-13.74508,0,14.6657,0.7296,0,-0.6838,-26.6097,0,1,0,0,0.6838,0,0.7296,687.1005,0,0,0,1
1178.624,1178.62,0.011056,0.010924,1189.159,-26.74701,0,687.2472,1.734106,1.734106,3.839779,NaN,NaN,NaN,NaN,0,20.1,-13.73524,0,14.67491,0.7301,0,-0.6833,-26.747,0,1,0,0,0.6833,0,0.7301,687.2472,0,0,0,1
1178.635,1178.63,0.01107,0.010953,1189.17,-26.88426,0,687.394,1.735383,1.735383,4.059505,NaN,NaN,NaN,NaN,0,20.1,-13.72485,0,14.68464,0.7306,0,-0.6828,-26.8843,0,1,0,0,0.6828,0,0.7306,687.394,0,0,0,1
1178.647,1178.64,0.011863,0.011135,1189.181,-27.0214,0,687.541,1.736873,1.736873,4.238963,NaN,NaN,NaN,NaN,0,20.1,-13.71398,0,14.69479,0.7311,0,-0.6823,-27.0214,0,1,0,0,0.6823,0,0.7311,687.541,0,0,0,1
1178.658,1178.65,0.011045,0.011117,1189.193,-27.15843,0,687.688,1.738472,1.738472,4.440379,NaN,NaN,NaN,NaN,0,20.1,-13.70259,0,14.70541,0.7316,0,-0.6817,-27.1584,0,1,0,0,0.6817,0,0.7316,687.688,0,0,0,1
1178.669,1178.66,0.010955,0.011085,1189.203,-27.29533,0,687.8352,1.740244,1.740244,4.612498,NaN,NaN,NaN,NaN,0,20.1,-13.69074,0,14.71644,0.7322,0,-0.6811,-27.2953,0,1,0,0,0.6811,0,0.7322,687.8352,0,0,0,1
1178.68,1178.67,0.010918,0.011051,1189.214,-27.43212,0,687.9825,1.742189,1.742189,4.751658,NaN,NaN,NaN,NaN,0,20.1,-13.67853,0,14.72779,0.7327,0,-0.6805,-27.4321,0,1,0,0,0.6805,0,0.7327,687.9825,0,0,0,1
1178.691,1178.69,0.011171,0.011075,1189.226,-27.70531,0,688.2774,1.746569,1.746569,4.87617,NaN,NaN,NaN,NaN,0,20.1,-13.65345,0,14.75105,0.7339,0,-0.6793,-27.7053,0,1,0,0,0.6793,0,0.7339,688.2774,0,0,0,1
1178.701,1178.7,0.010139,0.010888,1189.235,-27.84172,0,688.425,1.749046,1.749046,4.975047,NaN,NaN,NaN,NaN,0,20.1,-13.64063,0,14.7629,0.7345,0,-0.6786,-27.8417,0,1,0,0,0.6786,0,0.7345,688.425,0,0,0,1
1178.712,1178.71,0.010864,0.010883,1189.247,-27.97799,0,688.5728,1.7517,1.7517,5.044627,NaN,NaN,NaN,NaN,0,20.1,-13.62763,0,14.7749,0.7351,0,-0.678,-27.978,0,1,0,0,0.678,0,0.7351,688.5728,0,0,0,1
1178.724,1178.72,0.01213,0.011132,1189.259,-28.11414,0,688.7207,1.75453,1.75453,5.110545,NaN,NaN,NaN,NaN,0,20.1,-13.61444,0,14.78705,0.7357,0,-0.6773,-28.1141,0,1,0,0,0.6773,0,0.7357,688.7207,0,0,0,1
1178.734,1178.73,0.010427,0.010991,1189.269,-28.25015,0,688.8687,1.757543,1.757543,5.128856,NaN,NaN,NaN,NaN,0,20.1,-13.6012,0,14.79923,0.7363,0,-0.6767,-28.2502,0,1,0,0,0.6767,0,0.7363,688.8687,0,0,0,1
1178.746,1178.74,0.011782,0.011149,1189.281,-28.38603,0,689.0168,1.760733,1.760733,5.139842,NaN,NaN,NaN,NaN,0,20.1,-13.58792,0,14.81143,0.7369,0,-0.676,-28.386,0,1,0,0,0.676,0,0.7369,689.0168,0,0,0,1
1178.757,1178.75,0.011085,0.011137,1189.292,-28.52178,0,689.1651,1.764104,1.764104,5.139842,NaN,NaN,NaN,NaN,0,20.1,-13.57463,0,14.82361,0.7375,0,-0.6754,-28.5218,0,1,0,0,0.6754,0,0.7375,689.1651,0,0,0,1
1178.767,1178.76,0.009985,0.010906,1189.302,-28.65739,0,689.3135,1.767652,1.767652,5.139842,NaN,NaN,NaN,NaN,0,20.1,-13.56133,0,14.83578,0.7381,0,-0.6747,-28.6574,0,1,0,0,0.6747,0,0.7381,689.3135,0,0,0,1
1178.778,1178.77,0.011076,0.01094,1189.313,-28.79287,0,689.462,1.77138,1.77138,5.139842,NaN,NaN,NaN,NaN,0,20.1,-13.54801,0,14.84794,0.7387,0,-0.674,-28.7929,0,1,0,0,0.674,0,0.7387,689.462,0,0,0,1
1178.791,1178.79,0.012239,0.0112,1189.325,-29.06343,0,689.7593,1.779373,1.779373,5.139842,NaN,NaN,NaN,NaN,0,20.1,-13.52135,0,14.87223,0.7399,0,-0.6727,-29.0634,0,1,0,0,0.6727,0,0.7399,689.7593,0,0,0,1
1178.801,1178.8,0.010571,0.011074,1189.336,-29.19851,0,689.9082,1.783639,1.783639,5.139842,NaN,NaN,NaN,NaN,0,20.1,-13.508,0,14.88435,0.7405,0,-0.672,-29.1985,0,1,0,0,0.672,0,0.7405,689.9082,0,0,0,1
1178.812,1178.81,0.011234,0.011106,1189.347,-29.33346,0,690.0571,1.788061,1.788061,5.139842,NaN,NaN,NaN,NaN,0,20.1,-13.49464,0,14.89646,0.7411,0,-0.6714,-29.3335,0,1,0,0,0.6714,0,0.7411,690.0571,0,0,0,1
1178.824,1178.82,0.011146,0.011114,1189.358,-29.46827,0,690.2063,1.792707,1.792707,5.139842,NaN,NaN,NaN,NaN,0,20.1,-13.48128,0,14.90856,0.7417,0,-0.6707,-29.4683,0,1,0,0,0.6707,0,0.7417,690.2063,0,0,0,1
1178.84,1178.83,0.016038,0.012099,1189.374,-29.60295,0,690.3555,1.797509,1.797509,5.139842,NaN,NaN,NaN,NaN,0,20.1,-13.4679,0,14.92065,0.7423,0,-0.67,-29.603,0,1,0,0,0.67,0,0.7423,690.3555,0,0,0,1
1178.848,1178.84,0.008096,0.011298,1189.382,-29.7375,0,690.5049,1.802535,1.802535,5.139842,NaN,NaN,NaN,NaN,0,20.1,-13.45451,0,14.93272,0.7429,0,-0.6694,-29.7375,0,1,0,0,0.6694,0,0.7429,690.5049,0,0,0,1
1178.857,1178.85,0.009035,0.010846,1189.391,-29.87191,0,690.6544,1.807698,1.807698,5.139842,NaN,NaN,NaN,NaN,0,20.1,-13.44111,0,14.94479,0.7435,0,-0.6687,-29.8719,0,1,0,0,0.6687,0,0.7435,690.6544,0,0,0,1
1178.868,1178.86,0.010819,0.01084,1189.402,-30.00618,0,690.804,1.81304,1.81304,5.139842,NaN,NaN,NaN,NaN,0,20.1,-13.4277,0,14.95684,0.7441,0,-0.668,-30.0062,0,1,0,0,0.668,0,0.7441,690.804,0,0,0,1
1178.878,1178.87,0.010906,0.010853,1189.413,-30.14032,0,690.9537,1.818563,1.818563,5.139842,NaN,NaN,NaN,NaN,0,20.1,-13.41427,0,14.96888,0.7447,0,-0.6674,-30.1403,0,1,0,0,0.6674,0,0.7447,690.9537,0,0,0,1
1178.891,1178.89,0.012355,0.011154,1189.426,-30.40821,0,691.2534,1.830099,1.830099,5.139842,NaN,NaN,NaN,NaN,0,20.1,-13.38739,0,14.99292,0.7459,0,-0.666,-30.4082,0,1,0,0,0.666,0,0.7459,691.2534,0,0,0,1
1178.901,1178.9,0.010035,0.01093,1189.435,-30.54195,0,691.4034,1.836137,1.836137,5.139842,NaN,NaN,NaN,NaN,0,20.1,-13.37394,0,15.00493,0.7465,0,-0.6654,-30.542,0,1,0,0,0.6654,0,0.7465,691.4034,0,0,0,1
1178.912,1178.91,0.011272,0.010998,1189.447,-30.67555,0,691.5535,1.842357,1.842357,5.139842,NaN,NaN,NaN,NaN,0,20.1,-13.36047,0,15.01692,0.7471,0,-0.6647,-30.6756,0,1,0,0,0.6647,0,0.7471,691.5535,0,0,0,1
1178.923,1178.92,0.011025,0.011004,1189.458,-30.80902,0,691.7038,1.848752,1.848752,5.139842,NaN,NaN,NaN,NaN,0,20.1,-13.347,0,15.0289,0.7477,0,-0.664,-30.809,0,1,0,0,0.664,0,0.7477,691.7038,0,0,0,1
1178.935,1178.93,0.011725,0.011148,1189.469,-30.94236,0,691.8542,1.855375,1.855375,5.139842,NaN,NaN,NaN,NaN,0,20.1,-13.33351,0,15.04086,0.7483,0,-0.6634,-30.9424,0,1,0,0,0.6634,0,0.7483,691.8542,0,0,0,1
1178.945,1178.94,0.009933,0.010905,1189.479,-31.07556,0,692.0047,1.862133,1.862133,5.128856,NaN,NaN,NaN,NaN,0,20.1,-13.32004,0,15.05279,0.7489,0,-0.6627,-31.0756,0,1,0,0,0.6627,0,0.7489,692.0047,0,0,0,1
1178.958,1178.95,0.01264,0.011252,1189.492,-31.20862,0,692.1553,1.86907,1.86907,5.128856,NaN,NaN,NaN,NaN,0,20.1,-13.30656,0,15.06471,0.7495,0,-0.662,-31.2086,0,1,0,0,0.662,0,0.7495,692.1553,0,0,0,1
1178.968,1178.96,0.010122,0.011026,1189.502,-31.34155,0,692.3061,1.876189,1.876189,5.128856,NaN,NaN,NaN,NaN,0,20.1,-13.29307,0,15.07662,0.7501,0,-0.6613,-31.3416,0,1,0,0,0.6613,0,0.7501,692.3061,0,0,0,1
1178.979,1178.97,0.011273,0.011075,1189.513,-31.47435,0,692.457,1.883528,1.883528,5.128856,NaN,NaN,NaN,NaN,0,20.1,-13.27957,0,15.08851,0.7507,0,-0.6607,-31.4744,0,1,0,0,0.6607,0,0.7507,692.457,0,0,0,1
1178.991,1178.99,0.011916,0.011243,1189.526,-31.73953,0,692.7591,1.898703,1.898703,5.128856,NaN,NaN,NaN,NaN,0,20.1,-13.25253,0,15.11226,0.7519,0,-0.6593,-31.7395,0,1,0,0,0.6593,0,0.7519,692.7591,0,0,0,1
1179.001,1179,0.010329,0.01106,1189.536,-31.87192,0,692.9103,1.906582,1.906582,5.128856,NaN,NaN,NaN,NaN,0,20.1,-13.239,0,15.12412,0.7524,0,-0.6587,-31.8719,0,1,0,0,0.6587,0,0.7524,692.9103,0,0,0,1
1179.011,1179.01,0.010339,0.010916,1189.546,-32.00418,0,693.0617,1.9146,1.9146,5.128856,NaN,NaN,NaN,NaN,0,20.1,-13.22546,0,15.13596,0.753,0,-0.658,-32.0042,0,1,0,0,0.658,0,0.753,693.0617,0,0,0,1
1179.023,1179.02,0.012009,0.011135,1189.558,-32.1363,0,693.2132,1.922837,1.922837,5.128856,NaN,NaN,NaN,NaN,0,20.1,-13.2119,0,15.14779,0.7536,0,-0.6573,-32.1363,0,1,0,0,0.6573,0,0.7536,693.2132,0,0,0,1
1179.035,1179.03,0.011179,0.011144,1189.569,-32.26828,0,693.3648,1.931256,1.931256,5.128856,NaN,NaN,NaN,NaN,0,20.1,-13.19834,0,15.15962,0.7542,0,-0.6566,-32.2683,0,1,0,0,0.6566,0,0.7542,693.3648,0,0,0,1
1179.046,1179.04,0.01099,0.011113,1189.58,-32.40013,0,693.5165,1.939856,1.939856,5.128856,NaN,NaN,NaN,NaN,0,20.1,-13.18476,0,15.17142,0.7548,0,-0.656,-32.4001,0,1,0,0,0.656,0,0.7548,693.5165,0,0,0,1
1179.056,1179.05,0.010816,0.011053,1189.591,-32.53184,0,693.6684,1.948594,1.948594,5.128856,NaN,NaN,NaN,NaN,0,20.1,-13.17118,0,15.18322,0.7554,0,-0.6553,-32.5318,0,1,0,0,0.6553,0,0.7554,693.6684,0,0,0,1
1179.068,1179.06,0.011226,0.011088,1189.602,-32.66341,0,693.8203,1.957533,1.957533,5.128856,NaN,NaN,NaN,NaN,0,20.1,-13.15758,0,15.195,0.756,0,-0.6546,-32.6634,0,1,0,0,0.6546,0,0.756,693.8203,0,0,0,1
1179.078,1179.07,0.010698,0.01101,1189.613,-32.79485,0,693.9724,1.966673,1.966673,5.147166,NaN,NaN,NaN,NaN,0,20.1,-13.14392,0,15.20682,0.7566,0,-0.6539,-32.7949,0,1,0,0,0.6539,0,0.7566,693.9724,0,0,0,1
1179.09,1179.08,0.011525,0.011113,1189.625,-32.92616,0,694.1246,1.975929,1.975929,5.161829,NaN,NaN,NaN,NaN,0,20.1,-13.13022,0,15.21865,0.7571,0,-0.6532,-32.9262,0,1,0,0,0.6532,0,0.7571,694.1246,0,0,0,1
1179.101,1179.1,0.010723,0.011035,1189.635,-33.18835,0,694.4293,1.995028,1.995028,5.183802,NaN,NaN,NaN,NaN,0,20.1,-13.10266,0,15.24239,0.7583,0,-0.6519,-33.1884,0,1,0,0,0.6519,0,0.7583,694.4293,0,0,0,1
1179.113,1179.11,0.012438,0.011316,1189.648,-33.31923,0,694.5818,2.004872,2.004872,5.235071,NaN,NaN,NaN,NaN,0,20.1,-13.08873,0,15.25435,0.7589,0,-0.6512,-33.3192,0,1,0,0,0.6512,0,0.7589,694.5818,0,0,0,1
1179.124,1179.12,0.01087,0.011226,1189.658,-33.44998,0,694.7344,2.014896,2.014896,5.315638,NaN,NaN,NaN,NaN,0,20.1,-13.07457,0,15.26649,0.7595,0,-0.6505,-33.45,0,1,0,0,0.6505,0,0.7595,694.7344,0,0,0,1
1179.134,1179.13,0.010373,0.011056,1189.669,-33.58058,0,694.8872,2.025107,2.025107,5.436487,NaN,NaN,NaN,NaN,0,20.1,-13.06008,0,15.27889,0.7601,0,-0.6498,-33.5806,0,1,0,0,0.6498,0,0.7601,694.8872,0,0,0,1
1179.146,1179.14,0.011844,0.011213,1189.681,-33.71103,0,695.0401,2.035499,2.035499,5.575647,NaN,NaN,NaN,NaN,0,20.1,-13.0452,0,15.29159,0.7608,0,-0.649,-33.711,0,1,0,0,0.649,0,0.7608,695.0401,0,0,0,1
1179.157,1179.15,0.010796,0.01113,1189.691,-33.84133,0,695.1932,2.046144,2.046144,5.766077,NaN,NaN,NaN,NaN,0,20.1,-13.02981,0,15.30471,0.7614,0,-0.6482,-33.8413,0,1,0,0,0.6482,0,0.7614,695.1932,0,0,0,1
1179.168,1179.16,0.010698,0.011043,1189.702,-33.97147,0,695.3464,2.056978,2.056978,5.934534,NaN,NaN,NaN,NaN,0,20.1,-13.01395,0,15.3182,0.7621,0,-0.6475,-33.9715,0,1,0,0,0.6475,0,0.7621,695.3464,0,0,0,1
1179.179,1179.17,0.011465,0.011128,1189.714,-34.10144,0,695.4997,2.068001,2.068001,6.143289,NaN,NaN,NaN,NaN,0,20.1,-12.99752,0,15.33214,0.7628,0,-0.6466,-34.1014,0,1,0,0,0.6466,0,0.7628,695.4997,0,0,0,1
1179.19,1179.18,0.010883,0.011079,1189.724,-34.23125,0,695.6531,2.079261,2.079261,6.315408,NaN,NaN,NaN,NaN,0,20.1,-12.98061,0,15.34646,0.7635,0,-0.6458,-34.2313,0,1,0,0,0.6458,0,0.7635,695.6531,0,0,0,1
1179.201,1179.2,0.010671,0.010997,1189.735,-34.49033,0,695.9605,2.102494,2.102494,6.520486,NaN,NaN,NaN,NaN,0,20.1,-12.94565,0,15.37596,0.765,0,-0.6441,-34.4903,0,1,0,0,0.6441,0,0.765,695.9605,0,0,0,1
1179.211,1179.21,0.010832,0.010964,1189.746,-34.61961,0,696.1144,2.114469,2.114469,6.688943,NaN,NaN,NaN,NaN,0,20.1,-12.92768,0,15.39107,0.7657,0,-0.6432,-34.6196,0,1,0,0,0.6432,0,0.7657,696.1144,0,0,0,1
1179.224,1179.22,0.012678,0.011307,1189.759,-34.7487,0,696.2686,2.126706,2.126706,6.846414,NaN,NaN,NaN,NaN,0,20.1,-12.90929,0,15.4065,0.7665,0,-0.6423,-34.7487,0,1,0,0,0.6423,0,0.7665,696.2686,0,0,0,1
1179.235,1179.23,0.010498,0.011145,1189.769,-34.87761,0,696.4227,2.139079,2.139079,7.084465,NaN,NaN,NaN,NaN,0,20.1,-12.89023,0,15.42245,0.7673,0,-0.6413,-34.8776,0,1,0,0,0.6413,0,0.7673,696.4227,0,0,0,1
1179.246,1179.24,0.010896,0.011095,1189.78,-35.00631,0,696.5771,2.151764,2.151764,7.227287,NaN,NaN,NaN,NaN,0,20.1,-12.87076,0,15.4387,0.7681,0,-0.6403,-35.0063,0,1,0,0,0.6403,0,0.7681,696.5771,0,0,0,1
1179.257,1179.25,0.011421,0.011161,1189.792,-35.13482,0,696.7316,2.164716,2.164716,7.362785,NaN,NaN,NaN,NaN,0,20.1,-12.85091,0,15.45523,0.7689,0,-0.6393,-35.1348,0,1,0,0,0.6393,0,0.7689,696.7316,0,0,0,1
1179.267,1179.26,0.010167,0.010962,1189.802,-35.26313,0,696.8864,2.177936,2.177936,7.520256,NaN,NaN,NaN,NaN,0,20.1,-12.83062,0,15.47208,0.7698,0,-0.6383,-35.2631,0,1,0,0,0.6383,0,0.7698,696.8864,0,0,0,1
1179.279,1179.27,0.01175,0.011119,1189.813,-35.39123,0,697.0413,2.191427,2.191427,7.615471,NaN,NaN,NaN,NaN,0,20.1,-12.81004,0,15.48912,0.7706,0,-0.6373,-35.3912,0,1,0,0,0.6373,0,0.7706,697.0413,0,0,0,1
1179.29,1179.28,0.011019,0.011099,1189.825,-35.51912,0,697.1964,2.205192,2.205192,7.71801,NaN,NaN,NaN,NaN,0,20.1,-12.78916,0,15.50636,0.7715,0,-0.6363,-35.5191,0,1,0,0,0.6363,0,0.7715,697.1964,0,0,0,1
1179.301,1179.3,0.011227,0.011125,1189.836,-35.77427,0,697.5069,2.233434,2.233434,7.820549,NaN,NaN,NaN,NaN,0,20.1,-12.74679,0,15.54122,0.7732,0,-0.6342,-35.7743,0,1,0,0,0.6342,0,0.7732,697.5069,0,0,0,1
1179.312,1179.31,0.011256,0.011151,1189.847,-35.90153,0,697.6625,2.248019,2.248019,7.893791,NaN,NaN,NaN,NaN,0,20.1,-12.72536,0,15.55877,0.7741,0,-0.6331,-35.9015,0,1,0,0,0.6331,0,0.7741,697.6625,0,0,0,1
1179.324,1179.32,0.011391,0.011199,1189.859,-36.02856,0,697.8182,2.262836,2.262836,7.963371,NaN,NaN,NaN,NaN,0,20.1,-12.70373,0,15.57644,0.7749,0,-0.632,-36.0286,0,1,0,0,0.632,0,0.7749,697.8182,0,0,0,1
1179.335,1179.33,0.011142,0.011188,1189.869,-36.15538,0,697.9742,2.278015,2.278015,7.992682,NaN,NaN,NaN,NaN,0,20.1,-12.68198,0,15.59414,0.7758,0,-0.6309,-36.1554,0,1,0,0,0.6309,0,0.7758,697.9742,0,0,0,1
1179.345,1179.34,0.010139,0.010978,1189.879,-36.28199,0,698.1304,2.293447,2.293447,8.000007,NaN,NaN,NaN,NaN,0,20.1,-12.6602,0,15.61184,0.7767,0,-0.6299,-36.282,0,1,0,0,0.6299,0,0.7767,698.1304,0,0,0,1
1179.356,1179.35,0.011389,0.01106,1189.891,-36.40837,0,698.2867,2.309157,2.309157,8.000007,NaN,NaN,NaN,NaN,0,20.1,-12.63838,0,15.6295,0.7776,0,-0.6288,-36.4084,0,1,0,0,0.6288,0,0.7776,698.2867,0,0,0,1
1179.367,1179.36,0.010858,0.01102,1189.902,-36.53454,0,698.4432,2.325139,2.325139,8.000007,NaN,NaN,NaN,NaN,0,20.1,-12.61655,0,15.64713,0.7785,0,-0.6277,-36.5345,0,1,0,0,0.6277,0,0.7785,698.4432,0,0,0,1
1179.378,1179.37,0.010855,0.010987,1189.913,-36.66048,0,698.5999,2.3414,2.3414,8.000007,NaN,NaN,NaN,NaN,0,20.1,-12.59469,0,15.66473,0.7793,0,-0.6266,-36.6605,0,1,0,0,0.6266,0,0.7793,698.5999,0,0,0,1
1179.39,1179.38,0.011662,0.011122,1189.924,-36.78621,0,698.7567,2.357912,2.357912,8.000007,NaN,NaN,NaN,NaN,0,20.1,-12.57281,0,15.6823,0.7802,0,-0.6255,-36.7862,0,1,0,0,0.6255,0,0.7802,698.7567,0,0,0,1
1179.401,1179.4,0.011014,0.0111,1189.936,-37.03701,0,699.0708,2.391812,2.391812,8.000007,NaN,NaN,NaN,NaN,0,20.1,-12.52897,0,15.71735,0.782,0,-0.6233,-37.037,0,1,0,0,0.6233,0,0.782,699.0708,0,0,0,1
1179.412,1179.41,0.010806,0.011041,1189.946,-37.16208,0,699.2281,2.409155,2.409155,8.000007,NaN,NaN,NaN,NaN,0,20.1,-12.50701,0,15.73483,0.7828,0,-0.6222,-37.1621,0,1,0,0,0.6222,0,0.7828,699.2281,0,0,0,1
1179.422,1179.42,0.010735,0.01098,1189.957,-37.28693,0,699.3856,2.426791,2.426791,8.000007,NaN,NaN,NaN,NaN,0,20.1,-12.48503,0,15.75227,0.7837,0,-0.6211,-37.2869,0,1,0,0,0.6211,0,0.7837,699.3856,0,0,0,1
1179.434,1179.43,0.012048,0.011194,1189.969,-37.41156,0,699.5434,2.444752,2.444752,8.000007,NaN,NaN,NaN,NaN,0,20.1,-12.46302,0,15.76969,0.7846,0,-0.6201,-37.4116,0,1,0,0,0.6201,0,0.7846,699.5434,0,0,0,1
1179.445,1179.44,0.01044,0.011043,1189.979,-37.53597,0,699.7013,2.463006,2.463006,8.000007,NaN,NaN,NaN,NaN,0,20.1,-12.44099,0,15.78708,0.7854,0,-0.619,-37.536,0,1,0,0,0.619,0,0.7854,699.7013,0,0,0,1
1179.456,1179.45,0.011074,0.011049,1189.99,-37.66016,0,699.8593,2.481477,2.481477,8.000007,NaN,NaN,NaN,NaN,0,20.1,-12.41893,0,15.80443,0.7863,0,-0.6179,-37.6602,0,1,0,0,0.6179,0,0.7863,699.8593,0,0,0,1
1179.467,1179.46,0.010682,0.010976,1190.001,-37.78413,0,700.0175,2.500265,2.500265,8.000007,NaN,NaN,NaN,NaN,0,20.1,-12.39686,0,15.82176,0.7872,0,-0.6168,-37.7841,0,1,0,0,0.6168,0,0.7872,700.0175,0,0,0,1
1179.479,1179.47,0.012716,0.011324,1190.014,-37.90788,0,700.1759,2.519284,2.519284,8.000007,NaN,NaN,NaN,NaN,0,20.1,-12.37475,0,15.83905,0.788,0,-0.6157,-37.9079,0,1,0,0,0.6157,0,0.788,700.1759,0,0,0,1
1179.49,1179.49,0.011012,0.011261,1190.026,-38.15471,0,700.4932,2.558246,2.558246,8.014655,NaN,NaN,NaN,NaN,0,20.1,-12.33039,0,15.87361,0.7897,0,-0.6135,-38.1547,0,1,0,0,0.6135,0,0.7897,700.4932,0,0,0,1
1179.5,1179.5,0.010169,0.011043,1190.035,-38.27779,0,700.6521,2.57812,2.57812,8.051276,NaN,NaN,NaN,NaN,0,20.1,-12.30807,0,15.89092,0.7906,0,-0.6123,-38.2778,0,1,0,0,0.6123,0,0.7906,700.6521,0,0,0,1
1179.511,1179.51,0.010969,0.011028,1190.046,-38.40064,0,700.8112,2.598296,2.598296,8.131843,NaN,NaN,NaN,NaN,0,20.1,-12.28551,0,15.90837,0.7915,0,-0.6112,-38.4006,0,1,0,0,0.6112,0,0.7915,700.8112,0,0,0,1
1179.524,1179.52,0.012498,0.011322,1190.059,-38.52327,0,700.9705,2.618729,2.618729,8.256354,NaN,NaN,NaN,NaN,0,20.1,-12.26257,0,15.92606,0.7923,0,-0.6101,-38.5233,0,1,0,0,0.6101,0,0.7923,700.9705,0,0,0,1
1179.535,1179.53,0.010509,0.011159,1190.069,-38.64566,0,701.1299,2.639484,2.639484,8.443122,NaN,NaN,NaN,NaN,0,20.1,-12.23909,0,15.94411,0.7932,0,-0.6089,-38.6457,0,1,0,0,0.6089,0,0.7932,701.1299,0,0,0,1
1179.546,1179.54,0.011136,0.011155,1190.08,-38.76781,0,701.2895,2.660524,2.660524,8.633552,NaN,NaN,NaN,NaN,0,20.1,-12.21505,0,15.96254,0.7942,0,-0.6077,-38.7678,0,1,0,0,0.6077,0,0.7942,701.2895,0,0,0,1
1179.557,1179.55,0.011277,0.011179,1190.091,-38.88971,0,701.4493,2.681895,2.681895,8.908224,NaN,NaN,NaN,NaN,0,20.1,-12.19022,0,15.98151,0.7951,0,-0.6065,-38.8897,0,1,0,0,0.6065,0,0.7951,701.4493,0,0,0,1
1179.567,1179.56,0.010495,0.011043,1190.102,-39.01136,0,701.6093,2.703577,2.703577,9.186544,NaN,NaN,NaN,NaN,0,20.1,-12.16458,0,16.00103,0.7961,0,-0.6052,-39.0114,0,1,0,0,0.6052,0,0.7961,701.6093,0,0,0,1
1179.578,1179.57,0.010688,0.010972,1190.113,-39.13274,0,701.7695,2.725596,2.725596,9.494162,NaN,NaN,NaN,NaN,0,20.1,-12.13805,0,16.02117,0.7971,0,-0.6039,-39.1327,0,1,0,0,0.6039,0,0.7971,701.7695,0,0,0,1
1179.59,1179.58,0.011464,0.01107,1190.124,-39.25385,0,701.9299,2.747955,2.747955,9.867711,NaN,NaN,NaN,NaN,0,20.1,-12.11044,0,16.04205,0.7981,0,-0.6025,-39.2539,0,1,0,0,0.6025,0,0.7981,701.9299,0,0,0,1
1179.601,1179.6,0.010979,0.011052,1190.135,-39.4952,0,702.2513,2.793685,2.793685,10.17533,NaN,NaN,NaN,NaN,0,20.1,-12.05338,0,16.08496,0.8002,0,-0.5997,-39.4952,0,1,0,0,0.5997,0,0.8002,702.2513,0,0,0,1
1179.612,1179.61,0.010985,0.011039,1190.146,-39.61543,0,702.4125,2.817145,2.817145,10.55985,NaN,NaN,NaN,NaN,0,20.1,-12.02372,0,16.10715,0.8014,0,-0.5982,-39.6154,0,1,0,0,0.5982,0,0.8014,702.4125,0,0,0,1
1179.623,1179.62,0.011939,0.011219,1190.158,-39.73536,0,702.5739,2.839958,2.839958,10.91143,NaN,NaN,NaN,NaN,0,20.1,-11.99302,0,16.13002,0.8025,0,-0.5967,-39.7354,0,1,0,0,0.5967,0,0.8025,702.5739,0,0,0,1
1179.634,1179.63,0.010782,0.011131,1190.169,-39.85498,0,702.7354,2.86196,2.86196,11.18608,NaN,NaN,NaN,NaN,0,20.1,-11.96151,0,16.1534,0.8037,0,-0.5951,-39.855,0,1,0,0,0.5951,0,0.8037,702.7354,0,0,0,1
1179.645,1179.64,0.010929,0.011091,1190.18,-39.97427,0,702.8972,2.88431,2.88431,11.50103,NaN,NaN,NaN,NaN,0,20.1,-11.92906,0,16.17738,0.8048,0,-0.5935,-39.9743,0,1,0,0,0.5935,0,0.8048,702.8972,0,0,0,1
1179.657,1179.65,0.011426,0.011158,1190.191,-40.09322,0,703.0592,2.907069,2.907069,11.77936,NaN,NaN,NaN,NaN,0,20.1,-11.89577,0,16.20187,0.8061,0,-0.5918,-40.0932,0,1,0,0,0.5918,0,0.8061,703.0592,0,0,0,1
1179.667,1179.66,0.010102,0.010947,1190.201,-40.21184,0,703.2215,2.930156,2.930156,12.08332,NaN,NaN,NaN,NaN,0,20.1,-11.86158,0,16.22692,0.8073,0,-0.5901,-40.2118,0,1,0,0,0.5901,0,0.8073,703.2215,0,0,0,1
1179.679,1179.67,0.012018,0.011161,1190.213,-40.3301,0,703.384,2.950688,2.950688,12.32868,NaN,NaN,NaN,NaN,0,20.1,-11.82663,0,16.25241,0.8086,0,-0.5884,-40.3301,0,1,0,0,0.5884,0,0.8086,703.384,0,0,0,1
1179.69,1179.69,0.011681,0.011265,1190.226,-40.56556,0,703.7099,2.990135,2.990135,12.63263,NaN,NaN,NaN,NaN,0,20.1,-11.75485,0,16.3044,0.8112,0,-0.5848,-40.5656,0,1,0,0,0.5848,0,0.8112,703.7099,0,0,0,1
1179.701,1179.7,0.010354,0.011083,1190.235,-40.68274,0,703.8732,3.010425,3.010425,12.92928,NaN,NaN,NaN,NaN,0,20.1,-11.71803,0,16.33088,0.8125,0,-0.583,-40.6827,0,1,0,0,0.583,0,0.8125,703.8732,0,0,0,1
1179.712,1179.71,0.010805,0.011027,1190.246,-40.79955,0,704.0367,3.031001,3.031001,13.18563,NaN,NaN,NaN,NaN,0,20.1,-11.68042,0,16.35781,0.8138,0,-0.5811,-40.7996,0,1,0,0,0.5811,0,0.8138,704.0367,0,0,0,1
1179.723,1179.72,0.011282,0.011078,1190.257,-40.91597,0,704.2006,3.04787,3.04787,13.50789,NaN,NaN,NaN,NaN,0,20.1,-11.64182,0,16.3853,0.8152,0,-0.5792,-40.916,0,1,0,0,0.5792,0,0.8152,704.2006,0,0,0,1
1179.734,1179.73,0.011702,0.011203,1190.269,-41.03199,0,704.3647,3.065076,3.065076,13.79721,NaN,NaN,NaN,NaN,0,20.1,-11.60233,0,16.41329,0.8166,0,-0.5772,-41.032,0,1,0,0,0.5772,0,0.8166,704.3647,0,0,0,1
1179.745,1179.74,0.010246,0.011012,1190.279,-41.14761,0,704.5292,3.082753,3.082753,14.15976,NaN,NaN,NaN,NaN,0,20.1,-11.56173,0,16.44191,0.818,0,-0.5752,-41.1476,0,1,0,0,0.5752,0,0.818,704.5292,0,0,0,1
1179.757,1179.75,0.011984,0.011206,1190.291,-41.26281,0,704.6939,3.100902,3.100902,14.4747,NaN,NaN,NaN,NaN,0,20.1,-11.52016,0,16.47107,0.8195,0,-0.5731,-41.2628,0,1,0,0,0.5731,0,0.8195,704.6939,0,0,0,1
1179.768,1179.76,0.011376,0.01124,1190.303,-41.37758,0,704.859,3.117923,3.117923,14.87022,NaN,NaN,NaN,NaN,0,20.1,-11.47737,0,16.50091,0.8209,0,-0.571,-41.3776,0,1,0,0,0.571,0,0.8209,704.859,0,0,0,1
1179.779,1179.77,0.010548,0.011102,1190.313,-41.49191,0,705.0243,3.132635,3.132635,15.31334,NaN,NaN,NaN,NaN,0,20.1,-11.43323,0,16.53152,0.8225,0,-0.5688,-41.4919,0,1,0,0,0.5688,0,0.8225,705.0243,0,0,0,1
1179.791,1179.79,0.011833,0.011248,1190.325,-41.71922,0,705.3559,3.163587,3.163587,15.67224,NaN,NaN,NaN,NaN,0,20.1,-11.34262,0,16.59382,0.8256,0,-0.5643,-41.7192,0,1,0,0,0.5643,0,0.8256,705.3559,0,0,0,1
1179.801,1179.8,0.010082,0.011015,1190.335,-41.83218,0,705.5222,3.179808,3.179808,16.11902,NaN,NaN,NaN,NaN,0,20.1,-11.29589,0,16.62567,0.8271,0,-0.562,-41.8322,0,1,0,0,0.562,0,0.8271,705.5222,0,0,0,1
1179.813,1179.81,0.011937,0.011199,1190.347,-41.94466,0,705.6887,3.193339,3.193339,16.49623,NaN,NaN,NaN,NaN,0,20.1,-11.24798,0,16.65812,0.8288,0,-0.5596,-41.9447,0,1,0,0,0.5596,0,0.8288,705.6887,0,0,0,1
1179.823,1179.82,0.010259,0.011011,1190.357,-42.05665,0,705.8557,3.206321,3.206321,16.93202,NaN,NaN,NaN,NaN,0,20.1,-11.1987,0,16.69129,0.8304,0,-0.5571,-42.0567,0,1,0,0,0.5571,0,0.8304,705.8557,0,0,0,1
1179.834,1179.83,0.010942,0.010997,1190.369,-42.16813,0,706.0229,3.219828,3.219828,17.29091,NaN,NaN,NaN,NaN,0,20.1,-11.14828,0,16.72501,0.8321,0,-0.5546,-42.1681,0,1,0,0,0.5546,0,0.8321,706.0229,0,0,0,1
1179.845,1179.84,0.011621,0.011122,1190.38,-42.2791,0,706.1905,3.233886,3.233886,17.71572,NaN,NaN,NaN,NaN,0,20.1,-11.09651,0,16.7594,0.8338,0,-0.5521,-42.2791,0,1,0,0,0.5521,0,0.8338,706.1905,0,0,0,1
1179.856,1179.85,0.010589,0.011015,1190.391,-42.38953,0,706.3585,3.248022,3.248022,18.05996,NaN,NaN,NaN,NaN,0,20.1,-11.04363,0,16.79429,0.8355,0,-0.5494,-42.3895,0,1,0,0,0.5494,0,0.8355,706.3585,0,0,0,1
1179.868,1179.86,0.011976,0.011207,1190.403,-42.49943,0,706.5267,3.25891,3.25891,18.4738,NaN,NaN,NaN,NaN,0,20.1,-10.98942,0,16.82981,0.8373,0,-0.5467,-42.4994,0,1,0,0,0.5467,0,0.8373,706.5267,0,0,0,1
1179.879,1179.87,0.010786,0.011123,1190.413,-42.60877,0,706.6954,3.270415,3.270415,18.86564,NaN,NaN,NaN,NaN,0,20.1,-10.93395,0,16.86591,0.8391,0,-0.544,-42.6088,0,1,0,0,0.544,0,0.8391,706.6954,0,0,0,1
1179.89,1179.88,0.01123,0.011145,1190.425,-42.71754,0,706.8644,3.282506,3.282506,19.18058,NaN,NaN,NaN,NaN,0,20.1,-10.87743,0,16.90241,0.8409,0,-0.5412,-42.7175,0,1,0,0,0.5412,0,0.8409,706.8644,0,0,0,1
1179.9,1179.9,0.010205,0.010957,1190.435,-42.93336,0,707.2035,3.306396,3.306396,19.53949,NaN,NaN,NaN,NaN,0,20.1,-10.76189,0,16.97621,0.8446,0,-0.5354,-42.9334,0,1,0,0,0.5354,0,0.8446,707.2035,0,0,0,1
1179.911,1179.91,0.011248,0.011015,1190.446,-43.04039,0,707.3737,3.316102,3.316102,19.83245,NaN,NaN,NaN,NaN,0,20.1,-10.70307,0,17.01336,0.8464,0,-0.5325,-43.0404,0,1,0,0,0.5325,0,0.8464,707.3737,0,0,0,1
1179.924,1179.92,0.01236,0.011284,1190.459,-43.14682,0,707.5441,3.326433,3.326433,20.11077,NaN,NaN,NaN,NaN,0,20.1,-10.64328,0,17.05082,0.8483,0,-0.5295,-43.1468,0,1,0,0,0.5295,0,0.8483,707.5441,0,0,0,1
1179.934,1179.93,0.010152,0.011057,1190.469,-43.25265,0,707.715,3.337398,3.337398,20.45503,NaN,NaN,NaN,NaN,0,20.1,-10.58234,0,17.08871,0.8502,0,-0.5265,-43.2527,0,1,0,0,0.5265,0,0.8502,707.715,0,0,0,1
1179.944,1179.94,0.010508,0.010947,1190.479,-43.35785,0,707.8863,3.349021,3.349021,20.67475,NaN,NaN,NaN,NaN,0,20.1,-10.52061,0,17.12678,0.8521,0,-0.5234,-43.3579,0,1,0,0,0.5234,0,0.8521,707.8863,0,0,0,1
1179.956,1179.95,0.011605,0.011079,1190.491,-43.46243,0,708.0579,3.357424,3.357424,20.87983,NaN,NaN,NaN,NaN,0,20.1,-10.45813,0,17.16501,0.854,0,-0.5203,-43.4624,0,1,0,0,0.5203,0,0.854,708.0579,0,0,0,1
1179.968,1179.96,0.01183,0.011229,1190.503,-43.56638,0,708.23,3.366152,3.366152,21.11788,NaN,NaN,NaN,NaN,0,20.1,-10.39479,0,17.20344,0.8559,0,-0.5172,-43.5664,0,1,0,0,0.5172,0,0.8559,708.23,0,0,0,1
1179.979,1179.97,0.010994,0.011182,1190.513,-43.66969,0,708.4024,3.375525,3.375525,21.35592,NaN,NaN,NaN,NaN,0,20.1,-10.3306,0,17.24206,0.8578,0,-0.514,-43.6697,0,1,0,0,0.514,0,0.8578,708.4024,0,0,0,1
1179.99,1179.99,0.011669,0.011279,1190.526,-43.87435,0,708.7484,3.39498,3.39498,21.5317,NaN,NaN,NaN,NaN,0,20.1,-10.20072,0,17.31922,0.8617,0,-0.5075,-43.8744,0,1,0,0,0.5075,0,0.8617,708.7484,0,0,0,1
1180.001,1180,0.010288,0.011081,1190.535,-43.9757,0,708.922,3.402148,3.402148,21.74044,NaN,NaN,NaN,NaN,0,20.1,-10.13493,0,17.3578,0.8636,0,-0.5042,-43.9757,0,1,0,0,0.5042,0,0.8636,708.922,0,0,0,1
1180.011,1180.01,0.010615,0.010988,1190.546,-44.07639,0,709.0959,3.409986,3.409986,21.9089,NaN,NaN,NaN,NaN,0,20.1,-10.06848,0,17.39643,0.8655,0,-0.5009,-44.0764,0,1,0,0,0.5009,0,0.8655,709.0959,0,0,0,1
1180.022,1180.02,0.010946,0.01098,1190.557,-44.1764,0,709.2703,3.41854,3.41854,22.09568,NaN,NaN,NaN,NaN,0,20.1,-10.00132,0,17.43513,0.8674,0,-0.4976,-44.1764,0,1,0,0,0.4976,0,0.8674,709.2703,0,0,0,1
1180.035,1180.03,0.01273,0.01133,1190.57,-44.27573,0,709.4451,3.427809,3.427809,22.33372,NaN,NaN,NaN,NaN,0,20.1,-9.933278,0,17.47398,0.8694,0,-0.4942,-44.2757,0,1,0,0,0.4942,0,0.8694,709.4451,0,0,0,1
1180.046,1180.04,0.010418,0.011147,1190.58,-44.37437,0,709.6202,3.434734,3.434734,22.57908,NaN,NaN,NaN,NaN,0,20.1,-9.86434,0,17.51299,0.8713,0,-0.4908,-44.3744,0,1,0,0,0.4908,0,0.8713,709.6202,0,0,0,1
1180.056,1180.05,0.010874,0.011093,1190.591,-44.47232,0,709.7957,3.441198,3.441198,22.78416,NaN,NaN,NaN,NaN,0,20.1,-9.794621,0,17.55208,0.8732,0,-0.4873,-44.4723,0,1,0,0,0.4873,0,0.8732,709.7957,0,0,0,1
1180.067,1180.06,0.010944,0.011063,1190.602,-44.56956,0,709.9717,3.448415,3.448415,23.02587,NaN,NaN,NaN,NaN,0,20.1,-9.724005,0,17.5913,0.8752,0,-0.4838,-44.5696,0,1,0,0,0.4838,0,0.8752,709.9717,0,0,0,1
1180.079,1180.07,0.011507,0.011152,1190.613,-44.66609,0,710.1479,3.456309,3.456309,23.2163,NaN,NaN,NaN,NaN,0,20.1,-9.652645,0,17.63055,0.8771,0,-0.4802,-44.6661,0,1,0,0,0.4802,0,0.8771,710.1479,0,0,0,1
1180.09,1180.08,0.010963,0.011114,1190.625,-44.76189,0,710.3246,3.464416,3.464416,23.46899,NaN,NaN,NaN,NaN,0,20.1,-9.580348,0,17.66994,0.8791,0,-0.4766,-44.7619,0,1,0,0,0.4766,0,0.8791,710.3246,0,0,0,1
1180.1,1180.1,0.010268,0.010945,1190.635,-44.9513,0,710.6793,3.475507,3.475507,23.69604,NaN,NaN,NaN,NaN,0,20.1,-9.433867,0,17.74858,0.883,0,-0.4693,-44.9513,0,1,0,0,0.4693,0,0.883,710.6793,0,0,0,1
1180.111,1180.11,0.011066,0.010969,1190.646,-45.0449,0,710.8571,3.482204,3.482204,23.86816,NaN,NaN,NaN,NaN,0,20.1,-9.359848,0,17.78773,0.885,0,-0.4657,-45.0449,0,1,0,0,0.4657,0,0.885,710.8571,0,0,0,1
1180.124,1180.12,0.012503,0.011276,1190.658,-45.13775,0,711.0354,3.489659,3.489659,24.02564,NaN,NaN,NaN,NaN,0,20.1,-9.285176,0,17.82682,0.8869,0,-0.4619,-45.1378,0,1,0,0,0.4619,0,0.8869,711.0354,0,0,0,1
1180.134,1180.13,0.010373,0.011095,1190.669,-45.22985,0,711.2141,3.495525,3.495525,24.22706,NaN,NaN,NaN,NaN,0,20.1,-9.209716,0,17.86592,0.8889,0,-0.4582,-45.2299,0,1,0,0,0.4582,0,0.8889,711.2141,0,0,0,1
1180.146,1180.14,0.011599,0.011196,1190.681,-45.32119,0,711.3931,3.500279,3.500279,24.31861,NaN,NaN,NaN,NaN,0,20.1,-9.133802,0,17.90485,0.8908,0,-0.4544,-45.3212,0,1,0,0,0.4544,0,0.8908,711.3931,0,0,0,1
1180.157,1180.15,0.011304,0.011218,1190.691,-45.41176,0,711.5726,3.50582,3.50582,24.43213,NaN,NaN,NaN,NaN,0,20.1,-9.05737,0,17.94364,0.8927,0,-0.4506,-45.4118,0,1,0,0,0.4506,0,0.8927,711.5726,0,0,0,1
1180.168,1180.16,0.010799,0.011134,1190.703,-45.50157,0,711.7524,3.512171,3.512171,24.52369,NaN,NaN,NaN,NaN,0,20.1,-8.980485,0,17.98224,0.8946,0,-0.4468,-45.5016,0,1,0,0,0.4468,0,0.8946,711.7524,0,0,0,1
1180.179,1180.17,0.011081,0.011123,1190.713,-45.5906,0,711.9326,3.519259,3.519259,24.62256,NaN,NaN,NaN,NaN,0,20.1,-8.903124,0,18.02067,0.8966,0,-0.4429,-45.5906,0,1,0,0,0.4429,0,0.8966,711.9326,0,0,0,1
1180.19,1180.18,0.011166,0.011132,1190.724,-45.67885,0,712.1132,3.523027,3.523027,24.6775,NaN,NaN,NaN,NaN,0,20.1,-8.825425,0,18.05884,0.8985,0,-0.4391,-45.6789,0,1,0,0,0.4391,0,0.8985,712.1132,0,0,0,1
1180.2,1180.2,0.010164,0.010938,1190.735,-45.85302,0,712.4755,3.532668,3.532668,24.72144,NaN,NaN,NaN,NaN,0,20.1,-8.669262,0,18.13433,0.9022,0,-0.4313,-45.853,0,1,0,0,0.4313,0,0.9022,712.4755,0,0,0,1
1180.212,1180.21,0.012164,0.011184,1190.747,-45.93893,0,712.6572,3.538693,3.538693,24.7251,NaN,NaN,NaN,NaN,0,20.1,-8.590926,0,18.17157,0.9041,0,-0.4274,-45.9389,0,1,0,0,0.4274,0,0.9041,712.6572,0,0,0,1
1180.223,1180.22,0.010665,0.01108,1190.757,-46.02406,0,712.8393,3.543795,3.543795,24.7251,NaN,NaN,NaN,NaN,0,20.1,-8.512429,0,18.20848,0.9059,0,-0.4235,-46.0241,0,1,0,0,0.4235,0,0.9059,712.8393,0,0,0,1
1180.234,1180.23,0.011075,0.011079,1190.769,-46.10839,0,713.0217,3.547133,3.547133,24.7251,NaN,NaN,NaN,NaN,0,20.1,-8.433775,0,18.24504,0.9077,0,-0.4196,-46.1084,0,1,0,0,0.4196,0,0.9077,713.0217,0,0,0,1
1180.246,1180.24,0.011571,0.011177,1190.78,-46.19194,0,713.2045,3.55126,3.55126,24.7251,NaN,NaN,NaN,NaN,0,20.1,-8.354962,0,18.28126,0.9095,0,-0.4157,-46.1919,0,1,0,0,0.4157,0,0.9095,713.2045,0,0,0,1
1180.257,1180.25,0.010946,0.011131,1190.791,-46.2747,0,713.3877,3.556183,3.556183,24.7251,NaN,NaN,NaN,NaN,0,20.1,-8.275995,0,18.31715,0.9113,0,-0.4117,-46.2747,0,1,0,0,0.4117,0,0.9113,713.3877,0,0,0,1
1180.268,1180.26,0.011133,0.011131,1190.802,-46.35667,0,713.5712,3.561916,3.561916,24.7251,NaN,NaN,NaN,NaN,0,20.1,-8.196874,0,18.35269,0.9131,0,-0.4078,-46.3567,0,1,0,0,0.4078,0,0.9131,713.5712,0,0,0,1
1180.278,1180.27,0.010466,0.010998,1190.813,-46.43785,0,713.7551,3.564888,3.564888,24.7251,NaN,NaN,NaN,NaN,0,20.1,-8.117599,0,18.38789,0.9148,0,-0.4039,-46.4379,0,1,0,0,0.4039,0,0.9148,713.7551,0,0,0,1
1180.29,1180.28,0.011359,0.01107,1190.824,-46.51823,0,713.9393,3.567928,3.567928,24.7251,NaN,NaN,NaN,NaN,0,20.1,-8.038174,0,18.42275,0.9166,0,-0.3999,-46.5182,0,1,0,0,0.3999,0,0.9166,713.9393,0,0,0,1
1180.3,1180.3,0.010636,0.010984,1190.835,-46.67661,0,714.3088,3.576395,3.576395,24.7251,NaN,NaN,NaN,NaN,0,20.1,-7.878875,0,18.49144,0.92,0,-0.392,-46.6766,0,1,0,0,0.392,0,0.92,714.3088,0,0,0,1
1180.311,1180.31,0.010569,0.010901,1190.845,-46.7546,0,714.4941,3.580723,3.580723,24.7251,NaN,NaN,NaN,NaN,0,20.1,-7.799006,0,18.52527,0.9217,0,-0.388,-46.7546,0,1,0,0,0.388,0,0.9217,714.4941,0,0,0,1
1180.323,1180.32,0.012685,0.011258,1190.858,-46.83179,0,714.6797,3.582698,3.582698,24.7251,NaN,NaN,NaN,NaN,0,20.1,-7.71899,0,18.55875,0.9233,0,-0.384,-46.8318,0,1,0,0,0.384,0,0.9233,714.6797,0,0,0,1
