time,fixedTime,deltaTime,smoothDeltaTime,realtimeSinceStartup,pos_x,pos_y,pos_z,distFromRoadCenter,signedDistFromRoadCenter,wheelAngle,obstacle_pos_x,obstacle_pos_y,obstacle_pos_z,distance_to_obstacle,brake_position,car_speed,car_vel_x,car_vel_y,car_vel_z,simplecar_4x4_R0C0,simplecar_4x4_R0C1,simplecar_4x4_R0C2,simplecar_4x4_R0C3,simplecar_4x4_R1C0,simplecar_4x4_R1C1,simplecar_4x4_R1C2,simplecar_4x4_R1C3,simplecar_4x4_R2C0,simplecar_4x4_R2C1,simplecar_4x4_R2C2,simplecar_4x4_R2C3,simplecar_4x4_R3C0,simplecar_4x4_R3C1,simplecar_4x4_R3C2,simplecar_4x4_R3C3
116.8562,116.85,0.021645,0.018452,127.3988,-240.1323,0,-26.66777,1.621801,1.621801,-0.071411,NaN,NaN,NaN,NaN,0,20.1,3.843377,0,-19.72913,-0.9815,0,0.1912,-240.1323,0,1,0,0,-0.1912,0,-0.9815,-26.6678,0,0,0,1
116.8829,116.88,0.026706,0.020103,127.4184,-240.017,0,-27.25964,1.638913,1.638913,-0.108032,NaN,NaN,NaN,NaN,0,20.1,3.844492,0,-19.72891,-0.9815,0,0.1913,-240.017,0,1,0,0,-0.1913,0,-0.9815,-27.2596,0,0,0,1
116.9034,116.9,0.0205,0.020183,127.4385,-239.9401,0,-27.65422,1.650298,1.650298,-0.108032,NaN,NaN,NaN,NaN,0,20.1,3.845236,0,-19.72877,-0.9815,0,0.1913,-239.9401,0,1,0,0,-0.1913,0,-0.9815,-27.6542,0,0,0,1
116.9255,116.92,0.022065,0.020559,127.4607,-239.8632,0,-28.04879,1.661637,1.661637,-0.108032,NaN,NaN,NaN,NaN,0,20.1,3.845979,0,-19.72862,-0.9815,0,0.1913,-239.8632,0,1,0,0,-0.1913,0,-0.9815,-28.0488,0,0,0,1
116.9461,116.94,0.020602,0.020568,127.4822,-239.7862,0,-28.44337,1.67299,1.67299,-0.075073,NaN,NaN,NaN,NaN,0,20.1,3.846496,0,-19.72852,-0.9815,0,0.1914,-239.7862,0,1,0,0,-0.1914,0,-0.9815,-28.4434,0,0,0,1
116.9635,116.96,0.017381,0.01993,127.4992,-239.7093,0,-28.83793,1.684343,1.684343,-0.001831,NaN,NaN,NaN,NaN,0,20.1,3.846509,0,-19.72852,-0.9815,0,0.1914,-239.7093,0,1,0,0,-0.1914,0,-0.9815,-28.8379,0,0,0,1
116.9798,116.97,0.016296,0.019203,127.5147,-239.6708,0,-29.03522,1.69002,1.69002,0.064087,NaN,NaN,NaN,NaN,0,20.1,3.846288,0,-19.72857,-0.9815,0,0.1914,-239.6708,0,1,0,0,-0.1914,0,-0.9815,-29.0352,0,0,0,1
117.0001,117,0.020385,0.01944,127.5355,-239.5555,0,-29.62708,1.707097,1.707097,0.111694,NaN,NaN,NaN,NaN,0,20.1,3.845134,0,-19.72879,-0.9815,0,0.1913,-239.5555,0,1,0,0,-0.1913,0,-0.9815,-29.6271,0,0,0,1
117.0227,117.02,0.022564,0.020065,127.5577,-239.4786,0,-30.02166,1.718498,1.718498,0.119019,NaN,NaN,NaN,NaN,0,20.1,3.844314,0,-19.72895,-0.9815,0,0.1913,-239.4786,0,1,0,0,-0.1913,0,-0.9815,-30.0217,0,0,0,1
117.0393,117.03,0.016574,0.019366,127.5738,-239.4401,0,-30.21895,1.724206,1.724206,0.119019,NaN,NaN,NaN,NaN,0,20.1,3.843904,0,-19.72903,-0.9815,0,0.1912,-239.4401,0,1,0,0,-0.1912,0,-0.9815,-30.219,0,0,0,1
117.0536,117.05,0.01429,0.018351,127.5885,-239.3633,0,-30.61353,1.735622,1.735622,0.119019,NaN,NaN,NaN,NaN,0,20.1,3.843084,0,-19.72919,-0.9816,0,0.1912,-239.3633,0,1,0,0,-0.1912,0,-0.9816,-30.6135,0,0,0,1
117.0686,117.06,0.015038,0.017688,127.6031,-239.3248,0,-30.81083,1.741345,1.741345,0.119019,NaN,NaN,NaN,NaN,0,20.1,3.842674,0,-19.72927,-0.9816,0,0.1912,-239.3248,0,1,0,0,-0.1912,0,-0.9816,-30.8108,0,0,0,1
117.0891,117.08,0.020446,0.01824,127.6241,-239.248,0,-31.20541,1.752793,1.752793,0.119019,NaN,NaN,NaN,NaN,0,20.1,3.841853,0,-19.72942,-0.9816,0,0.1911,-239.248,0,1,0,0,-0.1911,0,-0.9816,-31.2054,0,0,0,1
117.1092,117.1,0.020139,0.01862,127.644,-239.1712,0,-31.6,1.764256,1.764256,0.119019,NaN,NaN,NaN,NaN,0,20.1,3.841034,0,-19.72959,-0.9816,0,0.1911,-239.1712,0,1,0,0,-0.1911,0,-0.9816,-31.6,0,0,0,1
117.124,117.12,0.014834,0.017863,127.6589,-239.0944,0,-31.9946,1.775719,1.775719,0.119019,NaN,NaN,NaN,NaN,0,20.1,3.840214,0,-19.72975,-0.9816,0,0.1911,-239.0944,0,1,0,0,-0.1911,0,-0.9816,-31.9946,0,0,0,1
117.1411,117.14,0.017044,0.017699,127.6759,-239.0176,0,-32.3892,1.787245,1.787245,0.119019,NaN,NaN,NaN,NaN,0,20.1,3.839394,0,-19.72991,-0.9816,0,0.191,-239.0176,0,1,0,0,-0.191,0,-0.9816,-32.3892,0,0,0,1
117.1586,117.15,0.017561,0.017671,127.693,-238.9792,0,-32.5865,1.792984,1.792984,0.119019,NaN,NaN,NaN,NaN,0,20.1,3.838984,0,-19.72999,-0.9816,0,0.191,-238.9792,0,1,0,0,-0.191,0,-0.9816,-32.5865,0,0,0,1
117.1744,117.17,0.01576,0.017289,127.7092,-238.9024,0,-32.9811,1.80451,1.80451,0.119019,NaN,NaN,NaN,NaN,0,20.1,3.838163,0,-19.73014,-0.9816,0,0.191,-238.9024,0,1,0,0,-0.191,0,-0.9816,-32.9811,0,0,0,1
117.1904,117.19,0.015986,0.017029,127.7255,-238.8257,0,-33.37571,1.81602,1.81602,0.119019,NaN,NaN,NaN,NaN,0,20.1,3.837344,0,-19.7303,-0.9816,0,0.1909,-238.8257,0,1,0,0,-0.1909,0,-0.9816,-33.3757,0,0,0,1
117.21,117.21,0.019654,0.017554,127.745,-238.7489,0,-33.77031,1.827608,1.827608,0.111694,NaN,NaN,NaN,NaN,0,20.1,3.836575,0,-19.73046,-0.9816,0,0.1909,-238.7489,0,1,0,0,-0.1909,0,-0.9816,-33.7703,0,0,0,1
117.2267,117.22,0.016689,0.017381,127.7612,-238.7106,0,-33.96762,1.833379,1.833379,0.111694,NaN,NaN,NaN,NaN,0,20.1,3.836189,0,-19.73053,-0.9816,0,0.1909,-238.7106,0,1,0,0,-0.1909,0,-0.9816,-33.9676,0,0,0,1
117.2428,117.24,0.016024,0.01711,127.7779,-238.6339,0,-34.36223,1.844982,1.844982,0.130005,NaN,NaN,NaN,NaN,0,20.1,3.835294,0,-19.7307,-0.9816,0,0.1908,-238.6339,0,1,0,0,-0.1908,0,-0.9816,-34.3622,0,0,0,1
117.2605,117.26,0.017701,0.017228,127.7955,-238.5572,0,-34.75685,1.85657,1.85657,0.199585,NaN,NaN,NaN,NaN,0,20.1,3.833919,0,-19.73097,-0.9816,0,0.1907,-238.5572,0,1,0,0,-0.1907,0,-0.9816,-34.7569,0,0,0,1
117.2785,117.27,0.018012,0.017385,127.8131,-238.5189,0,-34.95416,1.862403,1.862403,0.316773,NaN,NaN,NaN,NaN,0,20.1,3.832829,0,-19.73118,-0.9817,0,0.1907,-238.5189,0,1,0,0,-0.1907,0,-0.9817,-34.9542,0,0,0,1
117.2999,117.29,0.021462,0.0182,127.8353,-238.4422,0,-35.3488,1.874069,1.874069,0.492568,NaN,NaN,NaN,NaN,0,20.1,3.829436,0,-19.73184,-0.9817,0,0.1905,-238.4422,0,1,0,0,-0.1905,0,-0.9817,-35.3488,0,0,0,1
117.3168,117.31,0.016905,0.017941,127.8524,-238.3657,0,-35.74345,1.88586,1.88586,0.763564,NaN,NaN,NaN,NaN,0,20.1,3.824177,0,-19.73286,-0.9817,0,0.1903,-238.3657,0,1,0,0,-0.1903,0,-0.9817,-35.7435,0,0,0,1
117.3354,117.33,0.01853,0.018059,127.8705,-238.2893,0,-36.13813,1.897762,1.897762,0.972304,NaN,NaN,NaN,NaN,0,20.1,3.81748,0,-19.73416,-0.9818,0,0.1899,-238.2893,0,1,0,0,-0.1899,0,-0.9818,-36.1381,0,0,0,1
117.3517,117.35,0.016327,0.017713,127.8868,-238.2131,0,-36.53283,1.909835,1.909835,1.232314,NaN,NaN,NaN,NaN,0,20.1,3.80899,0,-19.7358,-0.9819,0,0.1895,-238.2131,0,1,0,0,-0.1895,0,-0.9819,-36.5328,0,0,0,1
117.3677,117.36,0.016029,0.017376,127.9022,-238.1751,0,-36.7302,1.91595,1.91595,1.510649,NaN,NaN,NaN,NaN,0,20.1,3.803786,0,-19.7368,-0.9819,0,0.1892,-238.1751,0,1,0,0,-0.1892,0,-0.9819,-36.7302,0,0,0,1
117.3883,117.38,0.020562,0.018013,127.9233,-238.0992,0,-37.12497,1.928366,1.928366,1.726713,NaN,NaN,NaN,NaN,0,20.1,3.79189,0,-19.73909,-0.982,0,0.1887,-238.0992,0,1,0,0,-0.1887,0,-0.982,-37.125,0,0,0,1
117.4042,117.4,0.015932,0.017597,127.9395,-238.0236,0,-37.51979,1.94105,1.94105,2.056303,NaN,NaN,NaN,NaN,0,20.1,3.77772,0,-19.74181,-0.9822,0,0.1879,-238.0236,0,1,0,0,-0.1879,0,-0.9822,-37.5198,0,0,0,1
117.4209,117.42,0.016665,0.017411,127.9563,-237.9482,0,-37.91467,1.954045,1.954045,2.29434,NaN,NaN,NaN,NaN,0,20.1,3.761909,0,-19.74483,-0.9823,0,0.1872,-237.9482,0,1,0,0,-0.1872,0,-0.9823,-37.9147,0,0,0,1
117.4369,117.43,0.01605,0.017138,127.9715,-237.9107,0,-38.11214,1.960675,1.960675,2.503095,NaN,NaN,NaN,NaN,0,20.1,3.753283,0,-19.74647,-0.9824,0,0.1867,-237.9107,0,1,0,0,-0.1867,0,-0.9824,-38.1121,0,0,0,1
117.4539,117.45,0.01697,0.017105,127.9892,-237.8359,0,-38.50712,1.974203,1.974203,2.704511,NaN,NaN,NaN,NaN,0,20.1,3.734639,0,-19.75,-0.9826,0,0.1858,-237.8359,0,1,0,0,-0.1858,0,-0.9826,-38.5071,0,0,0,1
117.4712,117.47,0.017308,0.017145,128.0061,-237.7615,0,-38.90218,1.988167,1.988167,2.89494,NaN,NaN,NaN,NaN,0,20.1,3.71468,0,-19.75376,-0.9828,0,0.1848,-237.7615,0,1,0,0,-0.1848,0,-0.9828,-38.9022,0,0,0,1
117.4892,117.48,0.017968,0.01731,128.0238,-237.7245,0,-39.09974,1.995268,1.995268,3.06706,NaN,NaN,NaN,NaN,0,20.1,3.704105,0,-19.75575,-0.9829,0,0.1843,-237.7245,0,1,0,0,-0.1843,0,-0.9829,-39.0997,0,0,0,1
117.5052,117.5,0.01608,0.017064,128.0404,-237.6507,0,-39.49491,2.009873,2.009873,3.220868,NaN,NaN,NaN,NaN,0,20.1,3.681892,0,-19.7599,-0.9831,0,0.1832,-237.6507,0,1,0,0,-0.1832,0,-0.9831,-39.4949,0,0,0,1
117.52,117.51,0.01474,0.016599,128.0546,-237.614,0,-39.69253,2.017349,2.017349,3.323421,NaN,NaN,NaN,NaN,0,20.1,3.670429,0,-19.76204,-0.9832,0,0.1826,-237.614,0,1,0,0,-0.1826,0,-0.9832,-39.6925,0,0,0,1
117.5339,117.53,0.013908,0.016061,128.0689,-237.541,0,-40.08784,2.032629,2.032629,3.414974,NaN,NaN,NaN,NaN,0,20.1,3.646869,0,-19.7664,-0.9834,0,0.1814,-237.541,0,1,0,0,-0.1814,0,-0.9834,-40.0878,0,0,0,1
117.5538,117.55,0.019887,0.016826,128.0889,-237.4684,0,-40.48323,2.04844,2.04844,3.47723,NaN,NaN,NaN,NaN,0,20.1,3.622875,0,-19.77081,-0.9836,0,0.1802,-237.4684,0,1,0,0,-0.1802,0,-0.9836,-40.4832,0,0,0,1
117.5688,117.56,0.014978,0.016456,128.1032,-237.4323,0,-40.68096,2.056509,2.056509,3.5285,NaN,NaN,NaN,NaN,0,20.1,3.610698,0,-19.77304,-0.9837,0,0.1796,-237.4323,0,1,0,0,-0.1796,0,-0.9837,-40.681,0,0,0,1
117.5869,117.58,0.018176,0.0168,128.1218,-237.3605,0,-41.07649,2.073054,2.073054,3.54681,NaN,NaN,NaN,NaN,0,20.1,3.586216,0,-19.77749,-0.984,0,0.1784,-237.3605,0,1,0,0,-0.1784,0,-0.984,-41.0765,0,0,0,1
117.6017,117.6,0.01474,0.016388,128.1365,-237.2891,0,-41.47211,2.090069,2.090069,3.54681,NaN,NaN,NaN,NaN,0,20.1,3.561727,0,-19.78192,-0.9842,0,0.1772,-237.2891,0,1,0,0,-0.1772,0,-0.9842,-41.4721,0,0,0,1
117.6161,117.61,0.014405,0.015992,128.1505,-237.2536,0,-41.66995,2.098779,2.098779,3.54681,NaN,NaN,NaN,NaN,0,20.1,3.54948,0,-19.78412,-0.9843,0,0.1766,-237.2536,0,1,0,0,-0.1766,0,-0.9843,-41.67,0,0,0,1
117.6313,117.63,0.01519,0.015831,128.1661,-237.183,0,-42.0657,2.116545,2.116545,3.54681,NaN,NaN,NaN,NaN,0,20.1,3.524984,0,-19.7885,-0.9845,0,0.1754,-237.183,0,1,0,0,-0.1754,0,-0.9845,-42.0657,0,0,0,1
117.6462,117.64,0.014901,0.015645,128.1809,-237.1479,0,-42.2636,2.125615,2.125615,3.54681,NaN,NaN,NaN,NaN,0,20.1,3.512733,0,-19.79067,-0.9846,0,0.1748,-237.1479,0,1,0,0,-0.1748,0,-0.9846,-42.2636,0,0,0,1
117.6644,117.66,0.018228,0.016162,128.1991,-237.078,0,-42.65948,2.14413,2.14413,3.54681,NaN,NaN,NaN,NaN,0,20.1,3.488229,0,-19.79501,-0.9848,0,0.1735,-237.078,0,1,0,0,-0.1735,0,-0.9848,-42.6595,0,0,0,1
117.6782,117.67,0.013844,0.015698,128.2129,-237.0432,0,-42.85745,2.153592,2.153592,3.54681,NaN,NaN,NaN,NaN,0,20.1,3.475974,0,-19.79716,-0.9849,0,0.1729,-237.0432,0,1,0,0,-0.1729,0,-0.9849,-42.8575,0,0,0,1
117.6982,117.69,0.019949,0.016548,128.233,-236.9741,0,-43.25346,2.172859,2.172859,3.54681,NaN,NaN,NaN,NaN,0,20.1,3.451461,0,-19.80145,-0.9851,0,0.1717,-236.9741,0,1,0,0,-0.1717,0,-0.9851,-43.2535,0,0,0,1
117.7114,117.71,0.013164,0.015872,128.2461,-236.9054,0,-43.64955,2.192595,2.192595,3.54681,NaN,NaN,NaN,NaN,0,20.1,3.426942,0,-19.80571,-0.9854,0,0.1705,-236.9054,0,1,0,0,-0.1705,0,-0.9854,-43.6496,0,0,0,1
117.7272,117.72,0.015879,0.015873,128.2616,-236.8712,0,-43.84763,2.20265,2.20265,3.54681,NaN,NaN,NaN,NaN,0,20.1,3.414682,0,-19.80783,-0.9855,0,0.1699,-236.8712,0,1,0,0,-0.1699,0,-0.9855,-43.8476,0,0,0,1
117.7424,117.74,0.015206,0.01574,128.2773,-236.8033,0,-44.24385,2.223152,2.223152,3.54681,NaN,NaN,NaN,NaN,0,20.1,3.390156,0,-19.81204,-0.9857,0,0.1687,-236.8033,0,1,0,0,-0.1687,0,-0.9857,-44.2439,0,0,0,1
117.7571,117.75,0.014625,0.015517,128.2917,-236.7695,0,-44.44199,2.233568,2.233568,3.54681,NaN,NaN,NaN,NaN,0,20.1,3.377891,0,-19.81414,-0.9858,0,0.1681,-236.7695,0,1,0,0,-0.1681,0,-0.9858,-44.442,0,0,0,1
117.776,117.77,0.018936,0.0162,128.3109,-236.7024,0,-44.83834,2.254836,2.254836,3.54681,NaN,NaN,NaN,NaN,0,20.1,3.353357,0,-19.8183,-0.986,0,0.1668,-236.7024,0,1,0,0,-0.1668,0,-0.986,-44.8383,0,0,0,1
117.7904,117.79,0.014403,0.015841,128.3253,-236.6356,0,-45.23476,2.276559,2.276559,3.54681,NaN,NaN,NaN,NaN,0,20.1,3.328817,0,-19.82244,-0.9862,0,0.1656,-236.6356,0,1,0,0,-0.1656,0,-0.9862,-45.2348,0,0,0,1
117.8085,117.8,0.018079,0.016289,128.343,-236.6025,0,-45.43301,2.287614,2.287614,3.54681,NaN,NaN,NaN,NaN,0,20.1,3.316546,0,-19.8245,-0.9863,0,0.165,-236.6025,0,1,0,0,-0.165,0,-0.9863,-45.433,0,0,0,1
117.822,117.82,0.013492,0.015729,128.3569,-236.5365,0,-45.82956,2.310134,2.310134,3.54681,NaN,NaN,NaN,NaN,0,20.1,3.291999,0,-19.82858,-0.9865,0,0.1638,-236.5365,0,1,0,0,-0.1638,0,-0.9865,-45.8296,0,0,0,1
117.8357,117.83,0.013738,0.015331,128.3701,-236.5037,0,-46.02787,2.321565,2.321565,3.54681,NaN,NaN,NaN,NaN,0,20.1,3.279724,0,-19.83062,-0.9866,0,0.1632,-236.5037,0,1,0,0,-0.1632,0,-0.9866,-46.0279,0,0,0,1
117.8499,117.84,0.014176,0.0151,128.3842,-236.4711,0,-46.22619,2.333122,2.333122,3.54681,NaN,NaN,NaN,NaN,0,20.1,3.267448,0,-19.83265,-0.9867,0,0.1626,-236.4711,0,1,0,0,-0.1626,0,-0.9867,-46.2262,0,0,0,1
117.8634,117.86,0.013502,0.01478,128.3984,-236.4061,0,-46.62291,2.356642,2.356642,3.54681,NaN,NaN,NaN,NaN,0,20.1,3.242891,0,-19.83668,-0.9869,0,0.1613,-236.4061,0,1,0,0,-0.1613,0,-0.9869,-46.6229,0,0,0,1
117.8775,117.87,0.014112,0.014647,128.4122,-236.3738,0,-46.8213,2.368558,2.368558,3.54681,NaN,NaN,NaN,NaN,0,20.1,3.230611,0,-19.83868,-0.987,0,0.1607,-236.3738,0,1,0,0,-0.1607,0,-0.987,-46.8213,0,0,0,1
117.8996,117.89,0.02206,0.016129,128.4344,-236.3095,0,-47.21812,2.392798,2.392798,3.54681,NaN,NaN,NaN,NaN,0,20.1,3.206047,0,-19.84266,-0.9872,0,0.1595,-236.3095,0,1,0,0,-0.1595,0,-0.9872,-47.2181,0,0,0,1
117.9199,117.91,0.020314,0.016966,128.4548,-236.2458,0,-47.61504,2.417523,2.417523,3.54681,NaN,NaN,NaN,NaN,0,20.1,3.181478,0,-19.84662,-0.9874,0,0.1583,-236.2458,0,1,0,0,-0.1583,0,-0.9874,-47.615,0,0,0,1
117.9334,117.93,0.013533,0.016279,128.4683,-236.1825,0,-48.01203,2.442732,2.442732,3.54681,NaN,NaN,NaN,NaN,0,20.1,3.156904,0,-19.85054,-0.9876,0,0.1571,-236.1825,0,1,0,0,-0.1571,0,-0.9876,-48.012,0,0,0,1
117.948,117.94,0.014586,0.015941,128.4825,-236.1511,0,-48.21056,2.455525,2.455525,3.550472,NaN,NaN,NaN,NaN,0,20.1,3.144603,0,-19.8525,-0.9877,0,0.1564,-236.1511,0,1,0,0,-0.1564,0,-0.9877,-48.2106,0,0,0,1
117.9635,117.96,0.015486,0.01585,128.4985,-236.0885,0,-48.60766,2.481485,2.481485,3.565121,NaN,NaN,NaN,NaN,0,20.1,3.119895,0,-19.85639,-0.9879,0,0.1552,-236.0885,0,1,0,0,-0.1552,0,-0.9879,-48.6077,0,0,0,1
117.9806,117.98,0.017116,0.016103,128.5159,-236.0265,0,-49.00485,2.507976,2.507976,3.59808,NaN,NaN,NaN,NaN,0,20.1,3.094954,0,-19.86029,-0.9881,0,0.154,-236.0265,0,1,0,0,-0.154,0,-0.9881,-49.0049,0,0,0,1
117.9949,117.99,0.01429,0.01574,128.5294,-235.9957,0,-49.20347,2.52141,2.52141,3.634701,NaN,NaN,NaN,NaN,0,20.1,3.082355,0,-19.86226,-0.9882,0,0.1534,-235.9957,0,1,0,0,-0.1534,0,-0.9882,-49.2035,0,0,0,1
118.0093,118,0.014405,0.015473,128.5439,-235.965,0,-49.40211,2.534968,2.534968,3.682308,NaN,NaN,NaN,NaN,0,20.1,3.069589,0,-19.86423,-0.9883,0,0.1527,-235.965,0,1,0,0,-0.1527,0,-0.9883,-49.4021,0,0,0,1
118.0224,118.02,0.013114,0.015001,128.5575,-235.904,0,-49.79946,2.56246,2.56246,3.75555,NaN,NaN,NaN,NaN,0,20.1,3.043545,0,-19.86824,-0.9885,0,0.1514,-235.904,0,1,0,0,-0.1514,0,-0.9885,-49.7995,0,0,0,1
118.0423,118.04,0.019885,0.015978,128.5772,-235.8435,0,-50.19688,2.590516,2.590516,3.839779,NaN,NaN,NaN,NaN,0,20.1,3.016912,0,-19.8723,-0.9887,0,0.1501,-235.8435,0,1,0,0,-0.1501,0,-0.9887,-50.1969,0,0,0,1
118.0564,118.05,0.014074,0.015597,128.5911,-235.8135,0,-50.39563,2.604732,2.604732,3.964291,NaN,NaN,NaN,NaN,0,20.1,3.003162,0,-19.87438,-0.9888,0,0.1494,-235.8135,0,1,0,0,-0.1494,0,-0.9888,-50.3956,0,0,0,1
118.0705,118.07,0.014116,0.015301,128.6053,-235.7539,0,-50.79319,2.633616,2.633616,4.06683,NaN,NaN,NaN,NaN,0,20.1,2.974946,0,-19.87863,-0.989,0,0.148,-235.7539,0,1,0,0,-0.148,0,-0.989,-50.7932,0,0,0,1
118.0857,118.08,0.015258,0.015292,128.6204,-235.7242,0,-50.99199,2.648253,2.648253,4.20599,NaN,NaN,NaN,NaN,0,20.1,2.960352,0,-19.88081,-0.9891,0,0.1473,-235.7242,0,1,0,0,-0.1473,0,-0.9891,-50.992,0,0,0,1
118.1008,118.1,0.015096,0.015253,128.6358,-235.6655,0,-51.38967,2.678044,2.678044,4.38911,NaN,NaN,NaN,NaN,0,20.1,2.92989,0,-19.88532,-0.9893,0,0.1458,-235.6655,0,1,0,0,-0.1458,0,-0.9893,-51.3897,0,0,0,1
118.1164,118.11,0.015535,0.01531,128.6509,-235.6364,0,-51.58855,2.693182,2.693182,4.54658,NaN,NaN,NaN,NaN,0,20.1,2.914109,0,-19.88764,-0.9894,0,0.145,-235.6364,0,1,0,0,-0.145,0,-0.9894,-51.5886,0,0,0,1
118.1323,118.13,0.01593,0.015434,128.6673,-235.5786,0,-51.98637,2.723912,2.723912,4.73701,NaN,NaN,NaN,NaN,0,20.1,2.881221,0,-19.89243,-0.9897,0,0.1433,-235.5786,0,1,0,0,-0.1433,0,-0.9897,-51.9864,0,0,0,1
118.1549,118.15,0.022601,0.016867,128.6899,-235.5215,0,-52.3843,2.755362,2.755362,4.920115,NaN,NaN,NaN,NaN,0,20.1,2.847052,0,-19.89735,-0.9899,0,0.1416,-235.5215,0,1,0,0,-0.1416,0,-0.9899,-52.3843,0,0,0,1
118.1694,118.16,0.014484,0.01639,128.7042,-235.4932,0,-52.58329,2.771328,2.771328,5.147166,NaN,NaN,NaN,NaN,0,20.1,2.829176,0,-19.8999,-0.99,0,0.1408,-235.4932,0,1,0,0,-0.1408,0,-0.99,-52.5833,0,0,0,1
118.1853,118.18,0.01596,0.016304,128.7205,-235.4371,0,-52.98137,2.803841,2.803841,5.26803,NaN,NaN,NaN,NaN,0,20.1,2.792578,0,-19.90507,-0.9903,0,0.1389,-235.4371,0,1,0,0,-0.1389,0,-0.9903,-52.9814,0,0,0,1
118.2011,118.2,0.015775,0.016198,128.7365,-235.3819,0,-53.37955,2.837103,2.837103,5.403528,NaN,NaN,NaN,NaN,0,20.1,2.755028,0,-19.9103,-0.9906,0,0.1371,-235.3819,0,1,0,0,-0.1371,0,-0.9906,-53.3796,0,0,0,1
118.2162,118.21,0.015121,0.015983,128.751,-235.3545,0,-53.57868,2.854024,2.854024,5.524378,NaN,NaN,NaN,NaN,0,20.1,2.73583,0,-19.91294,-0.9907,0,0.1361,-235.3545,0,1,0,0,-0.1361,0,-0.9907,-53.5787,0,0,0,1
118.2323,118.23,0.016097,0.016006,128.7673,-235.3004,0,-53.97702,2.88846,2.88846,5.630579,NaN,NaN,NaN,NaN,0,20.1,2.696687,0,-19.91828,-0.991,0,0.1342,-235.3004,0,1,0,0,-0.1342,0,-0.991,-53.977,0,0,0,1
118.2552,118.25,0.022845,0.017374,128.7912,-235.247,0,-54.37547,2.923694,2.923694,5.729456,NaN,NaN,NaN,NaN,0,20.1,2.656846,0,-19.92364,-0.9912,0,0.1322,-235.247,0,1,0,0,-0.1322,0,-0.9912,-54.3755,0,0,0,1
118.2732,118.27,0.017979,0.017495,128.8083,-235.1945,0,-54.77403,2.959741,2.959741,5.850306,NaN,NaN,NaN,NaN,0,20.1,2.616154,0,-19.92902,-0.9915,0,0.1302,-235.1945,0,1,0,0,-0.1302,0,-0.9915,-54.774,0,0,0,1
118.2883,118.28,0.015154,0.017027,128.8231,-235.1685,0,-54.97335,2.978054,2.978054,5.934534,NaN,NaN,NaN,NaN,0,20.1,2.59551,0,-19.93172,-0.9916,0,0.1291,-235.1685,0,1,0,0,-0.1291,0,-0.9916,-54.9734,0,0,0,1
118.3021,118.3,0.013782,0.016378,128.837,-235.1173,0,-55.37206,3.015351,3.015351,6.007776,NaN,NaN,NaN,NaN,0,20.1,2.553705,0,-19.93712,-0.9919,0,0.1271,-235.1173,0,1,0,0,-0.1271,0,-0.9919,-55.3721,0,0,0,1
118.3202,118.32,0.018142,0.016731,128.8554,-235.0668,0,-55.77089,3.05043,3.05043,6.077356,NaN,NaN,NaN,NaN,0,20.1,2.511405,0,-19.94249,-0.9922,0,0.1249,-235.0668,0,1,0,0,-0.1249,0,-0.9922,-55.7709,0,0,0,1
118.336,118.33,0.015771,0.016539,128.8707,-235.0419,0,-55.97034,3.068196,3.068196,6.194558,NaN,NaN,NaN,NaN,0,20.1,2.489843,0,-19.94519,-0.9923,0,0.1239,-235.0419,0,1,0,0,-0.1239,0,-0.9923,-55.9703,0,0,0,1
118.354,118.35,0.018001,0.016831,128.8893,-234.9928,0,-56.36932,3.104059,3.104059,6.308084,NaN,NaN,NaN,NaN,0,20.1,2.445918,0,-19.95063,-0.9926,0,0.1217,-234.9928,0,1,0,0,-0.1217,0,-0.9926,-56.3693,0,0,0,1
118.369,118.36,0.014964,0.016458,128.9036,-234.9686,0,-56.56886,3.119409,3.119409,6.450906,NaN,NaN,NaN,NaN,0,20.1,2.423455,0,-19.95337,-0.9927,0,0.1206,-234.9686,0,1,0,0,-0.1206,0,-0.9927,-56.5689,0,0,0,1
118.3838,118.38,0.014797,0.016125,128.9189,-234.9208,0,-56.96801,3.150717,3.150717,6.590066,NaN,NaN,NaN,NaN,0,20.1,2.377548,0,-19.95889,-0.993,0,0.1183,-234.9208,0,1,0,0,-0.1183,0,-0.993,-56.968,0,0,0,1
118.3989,118.39,0.015118,0.015924,128.9334,-234.8972,0,-57.16762,3.166672,3.166672,6.780496,NaN,NaN,NaN,NaN,0,20.1,2.353927,0,-19.96169,-0.9931,0,0.1171,-234.8972,0,1,0,0,-0.1171,0,-0.9931,-57.1676,0,0,0,1
118.4127,118.41,0.013805,0.0155,128.9476,-234.8509,0,-57.56694,3.195063,3.195063,6.959939,NaN,NaN,NaN,NaN,0,20.1,2.305423,0,-19.96735,-0.9934,0,0.1147,-234.8509,0,1,0,0,-0.1147,0,-0.9934,-57.5669,0,0,0,1
118.4312,118.43,0.018469,0.016094,128.9663,-234.8055,0,-57.96637,3.222427,3.222427,7.143059,NaN,NaN,NaN,NaN,0,20.1,2.25563,0,-19.97304,-0.9937,0,0.1122,-234.8055,0,1,0,0,-0.1122,0,-0.9937,-57.9664,0,0,0,1
118.4454,118.44,0.014273,0.01573,128.9805,-234.7832,0,-58.16613,3.236448,3.236448,7.395744,NaN,NaN,NaN,NaN,0,20.1,2.229847,0,-19.97593,-0.9938,0,0.1109,-234.7832,0,1,0,0,-0.1109,0,-0.9938,-58.1661,0,0,0,1
118.4692,118.46,0.023742,0.017332,129.0044,-234.7394,0,-58.56573,3.260227,3.260227,7.582512,NaN,NaN,NaN,NaN,0,20.1,2.176966,0,-19.98176,-0.9941,0,0.1083,-234.7394,0,1,0,0,-0.1083,0,-0.9941,-58.5657,0,0,0,1
118.4831,118.48,0.013931,0.016652,129.018,-234.6967,0,-58.96547,3.283879,3.283879,7.930412,NaN,NaN,NaN,NaN,0,20.1,2.121644,0,-19.98772,-0.9944,0,0.1056,-234.6967,0,1,0,0,-0.1056,0,-0.9944,-58.9655,0,0,0,1
118.4968,118.49,0.01368,0.016058,129.0315,-234.6758,0,-59.16537,3.296071,3.296071,8.135505,NaN,NaN,NaN,NaN,0,20.1,2.093261,0,-19.99071,-0.9946,0,0.1041,-234.6758,0,1,0,0,-0.1041,0,-0.9946,-59.1654,0,0,0,1
118.5112,118.51,0.014397,0.015725,129.0469,-234.6348,0,-59.56527,3.315468,3.315468,8.340583,NaN,NaN,NaN,NaN,0,20.1,2.035051,0,-19.99672,-0.9949,0,0.1012,-234.6348,0,1,0,0,-0.1012,0,-0.9949,-59.5653,0,0,0,1
118.5329,118.53,0.0217,0.01692,129.0679,-234.595,0,-59.9653,3.335661,3.335661,8.531013,NaN,NaN,NaN,NaN,0,20.1,1.975494,0,-20.00269,-0.9952,0,0.0983,-234.595,0,1,0,0,-0.0983,0,-0.9952,-59.9653,0,0,0,1
118.5529,118.55,0.019967,0.01753,129.0879,-234.5564,0,-60.36544,3.353341,3.353341,8.849616,NaN,NaN,NaN,NaN,0,20.1,1.913694,0,-20.00869,-0.9955,0,0.0952,-234.5564,0,1,0,0,-0.0952,0,-0.9955,-60.3654,0,0,0,1
118.5678,118.56,0.014897,0.017003,129.1024,-234.5376,0,-60.56556,3.361384,3.361384,9.186544,NaN,NaN,NaN,NaN,0,20.1,1.881611,0,-20.01174,-0.9956,0,0.0936,-234.5376,0,1,0,0,-0.0936,0,-0.9956,-60.5656,0,0,0,1
118.5808,118.58,0.013097,0.016222,129.1161,-234.5009,0,-60.96589,3.378386,3.378386,9.453878,NaN,NaN,NaN,NaN,0,20.1,1.815562,0,-20.01784,-0.9959,0,0.0903,-234.5009,0,1,0,0,-0.0903,0,-0.9959,-60.9659,0,0,0,1
118.5953,118.59,0.01444,0.015865,129.1305,-234.4831,0,-61.1661,3.385885,3.385885,9.64797,NaN,NaN,NaN,NaN,0,20.1,1.781851,0,-20.02087,-0.9961,0,0.0886,-234.4831,0,1,0,0,-0.0886,0,-0.9961,-61.1661,0,0,0,1
118.6105,118.61,0.015253,0.015743,129.1456,-234.4485,0,-61.5666,3.398638,3.398638,9.871373,NaN,NaN,NaN,NaN,0,20.1,1.712854,0,-20.02689,-0.9964,0,0.0852,-234.4485,0,1,0,0,-0.0852,0,-0.9964,-61.5666,0,0,0,1
118.6325,118.63,0.021953,0.016985,129.1674,-234.4153,0,-61.96723,3.412726,3.412726,10.12772,NaN,NaN,NaN,NaN,0,20.1,1.642043,0,-20.03282,-0.9967,0,0.0817,-234.4153,0,1,0,0,-0.0817,0,-0.9967,-61.9672,0,0,0,1
118.6551,118.65,0.022568,0.018102,129.1906,-234.3836,0,-62.36798,3.422758,3.422758,10.50126,NaN,NaN,NaN,NaN,0,20.1,1.568599,0,-20.0387,-0.997,0,0.078,-234.3836,0,1,0,0,-0.078,0,-0.997,-62.368,0,0,0,1
118.6696,118.66,0.014579,0.017397,129.2043,-234.3683,0,-62.56839,3.427945,3.427945,10.84551,NaN,NaN,NaN,NaN,0,20.1,1.530665,0,-20.04163,-0.9971,0,0.0762,-234.3683,0,1,0,0,-0.0762,0,-0.9971,-62.5684,0,0,0,1
118.6846,118.68,0.01496,0.01691,129.2194,-234.3388,0,-62.96931,3.439168,3.439168,11.0396,NaN,NaN,NaN,NaN,0,20.1,1.453423,0,-20.04738,-0.9974,0,0.0723,-234.3388,0,1,0,0,-0.0723,0,-0.9974,-62.9693,0,0,0,1
118.6982,118.69,0.013607,0.016249,129.233,-234.3247,0,-63.16982,3.4424,3.4424,11.22637,NaN,NaN,NaN,NaN,0,20.1,1.41414,0,-20.0502,-0.9975,0,0.0704,-234.3247,0,1,0,0,-0.0704,0,-0.9975,-63.1698,0,0,0,1
118.7132,118.71,0.014973,0.015994,129.2486,-234.2976,0,-63.57091,3.449956,3.449956,11.40215,NaN,NaN,NaN,NaN,0,20.1,1.334327,0,-20.05567,-0.9978,0,0.0664,-234.2976,0,1,0,0,-0.0664,0,-0.9978,-63.5709,0,0,0,1
118.7322,118.73,0.018974,0.01659,129.2672,-234.2721,0,-63.97209,3.457913,3.457913,11.58892,NaN,NaN,NaN,NaN,0,20.1,1.253186,0,-20.0609,-0.9981,0,0.0623,-234.2721,0,1,0,0,-0.0623,0,-0.9981,-63.9721,0,0,0,1
118.7537,118.75,0.02157,0.017586,129.2888,-234.2483,0,-64.37339,3.462418,3.462418,11.87824,NaN,NaN,NaN,NaN,0,20.1,1.169997,0,-20.06592,-0.9983,0,0.0582,-234.2483,0,1,0,0,-0.0582,0,-0.9983,-64.3734,0,0,0,1
118.7683,118.76,0.014529,0.016974,129.3028,-234.237,0,-64.57407,3.465261,3.465261,12.24079,NaN,NaN,NaN,NaN,0,20.1,1.127125,0,-20.06837,-0.9984,0,0.0561,-234.237,0,1,0,0,-0.0561,0,-0.9984,-64.5741,0,0,0,1
118.7817,118.78,0.013457,0.016271,129.3166,-234.2158,0,-64.97551,3.470159,3.470159,12.51178,NaN,NaN,NaN,NaN,0,20.1,1.039467,0,-20.07311,-0.9987,0,0.0517,-234.2158,0,1,0,0,-0.0517,0,-0.9987,-64.9755,0,0,0,1
118.7963,118.79,0.014604,0.015937,129.3309,-234.2058,0,-65.17626,3.471209,3.471209,12.82308,NaN,NaN,NaN,NaN,0,20.1,0.99454,0,-20.07538,-0.9988,0,0.0495,-234.2058,0,1,0,0,-0.0495,0,-0.9988,-65.1763,0,0,0,1
118.8095,118.8,0.013166,0.015383,129.3442,-234.1964,0,-65.37704,3.472668,3.472668,13.17098,NaN,NaN,NaN,NaN,0,20.1,0.948389,0,-20.07761,-0.9989,0,0.0472,-234.1964,0,1,0,0,-0.0472,0,-0.9989,-65.377,0,0,0,1
118.8314,118.83,0.021935,0.016694,129.367,-234.1707,0,-65.97949,3.476822,3.476822,13.48226,NaN,NaN,NaN,NaN,0,20.1,0.806632,0,-20.08381,-0.9992,0,0.0401,-234.1707,0,1,0,0,-0.0401,0,-0.9992,-65.9795,0,0,0,1
118.8462,118.84,0.014758,0.016306,129.3809,-234.1631,0,-66.18035,3.477052,3.477052,14.20004,NaN,NaN,NaN,NaN,0,20.1,0.756855,0,-20.08575,-0.9993,0,0.0377,-234.1631,0,1,0,0,-0.0377,0,-0.9993,-66.1804,0,0,0,1
118.8647,118.86,0.018534,0.016752,129.3996,-234.1496,0,-66.58212,3.478948,3.478948,14.62486,NaN,NaN,NaN,NaN,0,20.1,0.654307,0,-20.08935,-0.9995,0,0.0326,-234.1496,0,1,0,0,-0.0326,0,-0.9995,-66.5821,0,0,0,1
118.8788,118.87,0.014099,0.016221,129.4135,-234.1435,0,-66.78304,3.479863,3.479863,15.17784,NaN,NaN,NaN,NaN,0,20.1,0.601087,0,-20.09101,-0.9996,0,0.0299,-234.1435,0,1,0,0,-0.0299,0,-0.9996,-66.783,0,0,0,1
118.8924,118.89,0.013604,0.015698,129.4272,-234.1332,0,-67.18491,3.47875,3.47875,15.60266,NaN,NaN,NaN,NaN,0,20.1,0.491656,0,-20.09399,-0.9997,0,0.0245,-234.1332,0,1,0,0,-0.0245,0,-0.9997,-67.1849,0,0,0,1
118.9071,118.9,0.014648,0.015488,129.4417,-234.1288,0,-67.38586,3.478964,3.478964,15.98352,NaN,NaN,NaN,NaN,0,20.1,0.435599,0,-20.09528,-0.9998,0,0.0217,-234.1288,0,1,0,0,-0.0217,0,-0.9998,-67.3859,0,0,0,1
118.9209,118.92,0.01384,0.015158,129.4561,-234.1218,0,-67.7878,3.479337,3.479337,16.34973,NaN,NaN,NaN,NaN,0,20.1,0.320906,0,-20.09744,-0.9999,0,0.016,-234.1218,0,1,0,0,-0.016,0,-0.9999,-67.7878,0,0,0,1
118.9343,118.93,0.013449,0.014816,129.4689,-234.1192,0,-67.98878,3.478147,3.478147,16.67567,NaN,NaN,NaN,NaN,0,20.1,0.262412,0,-20.09829,-0.9999,0,0.0131,-234.1192,0,1,0,0,-0.0131,0,-0.9999,-67.9888,0,0,0,1
118.9536,118.95,0.019281,0.015709,129.4889,-234.1157,0,-68.39076,3.477476,3.477476,16.94301,NaN,NaN,NaN,NaN,0,20.1,0.143543,0,-20.09949,-1,0,0.0071,-234.1157,0,1,0,0,-0.0071,0,-1,-68.3908,0,0,0,1
118.9681,118.96,0.014448,0.015457,129.5027,-234.1149,0,-68.59176,3.477981,3.477981,17.18837,NaN,NaN,NaN,NaN,0,20.1,0.083245,0,-20.09983,-1,0,0.0041,-234.1149,0,1,0,0,-0.0041,0,-1,-68.5918,0,0,0,1
118.9875,118.98,0.01942,0.01625,129.5225,-234.1151,0,-68.99375,3.475123,3.475123,17.30556,NaN,NaN,NaN,NaN,0,20.1,-0.038175,0,-20.09997,-1,0,-0.0019,-234.1151,0,1,0,0,0.0019,0,-1,-68.9938,0,0,0,1
119.0025,119,0.014985,0.015997,129.5374,-234.1176,0,-69.39574,3.474111,3.474111,17.37515,NaN,NaN,NaN,NaN,0,20.1,-0.160081,0,-20.09937,-1,0,-0.008,-234.1176,0,1,0,0,0.008,0,-1,-69.3957,0,0,0,1
119.0184,119.01,0.015954,0.015988,129.553,-234.1199,0,-69.59673,3.474013,3.474013,17.37515,NaN,NaN,NaN,NaN,0,20.1,-0.221032,0,-20.09879,-0.9999,0,-0.011,-234.1199,0,1,0,0,0.011,0,-0.9999,-69.5967,0,0,0,1
119.0323,119.03,0.013854,0.015561,129.5676,-234.1261,0,-69.99869,3.470434,3.470434,17.35684,NaN,NaN,NaN,NaN,0,20.1,-0.342799,0,-20.09708,-0.9999,0,-0.0171,-234.1261,0,1,0,0,0.0171,0,-0.9999,-69.9987,0,0,0,1
119.0468,119.04,0.014493,0.015348,129.5814,-234.1301,0,-70.19965,3.469477,3.469477,17.29091,NaN,NaN,NaN,NaN,0,20.1,-0.403447,0,-20.09595,-0.9998,0,-0.0201,-234.1301,0,1,0,0,0.0201,0,-0.9998,-70.1997,0,0,0,1
119.0643,119.06,0.01753,0.015784,129.5993,-234.14,0,-70.60152,3.467935,3.467935,17.20668,NaN,NaN,NaN,NaN,0,20.1,-0.524141,0,-20.09317,-0.9997,0,-0.0261,-234.14,0,1,0,0,0.0261,0,-0.9997,-70.6015,0,0,0,1
119.079,119.07,0.014688,0.015565,129.6136,-234.1459,0,-70.80244,3.465678,3.465678,17.09682,NaN,NaN,NaN,NaN,0,20.1,-0.584096,0,-20.09151,-0.9996,0,-0.0291,-234.1459,0,1,0,0,0.0291,0,-0.9996,-70.8024,0,0,0,1
119.099,119.09,0.019977,0.016447,129.6345,-234.1593,0,-71.20421,3.462861,3.462861,17.01625,NaN,NaN,NaN,NaN,0,20.1,-0.703424,0,-20.08769,-0.9994,0,-0.035,-234.1593,0,1,0,0,0.035,0,-0.9994,-71.2042,0,0,0,1
119.1122,119.11,0.013198,0.015797,129.6471,-234.1752,0,-71.60589,3.460013,3.460013,16.91371,NaN,NaN,NaN,NaN,0,20.1,-0.822009,0,-20.08319,-0.9992,0,-0.0409,-234.1752,0,1,0,0,0.0409,0,-0.9992,-71.6059,0,0,0,1
119.1262,119.12,0.013993,0.015437,129.6606,-234.184,0,-71.80669,3.4575,3.4575,16.87709,NaN,NaN,NaN,NaN,0,20.1,-0.881162,0,-20.08068,-0.999,0,-0.0438,-234.184,0,1,0,0,0.0438,0,-0.999,-71.8067,0,0,0,1
119.1383,119.13,0.012079,0.014765,129.6726,-234.1934,0,-72.00748,3.455593,3.455593,16.87709,NaN,NaN,NaN,NaN,0,20.1,-0.940308,0,-20.078,-0.9989,0,-0.0468,-234.1934,0,1,0,0,0.0468,0,-0.9989,-72.0075,0,0,0,1
119.1508,119.15,0.012592,0.01433,129.6857,-234.214,0,-72.40895,3.453275,3.453275,16.87709,NaN,NaN,NaN,NaN,0,20.1,-1.058575,0,-20.07211,-0.9986,0,-0.0527,-234.214,0,1,0,0,0.0527,0,-0.9986,-72.409,0,0,0,1
119.1651,119.16,0.014232,0.014311,129.6994,-234.2252,0,-72.60964,3.450003,3.450003,16.87709,NaN,NaN,NaN,NaN,0,20.1,-1.117695,0,-20.06891,-0.9985,0,-0.0556,-234.2252,0,1,0,0,0.0556,0,-0.9985,-72.6096,0,0,0,1
119.177,119.17,0.011974,0.013843,129.7118,-234.2369,0,-72.8103,3.447278,3.447278,16.87709,NaN,NaN,NaN,NaN,0,20.1,-1.176805,0,-20.06553,-0.9983,0,-0.0585,-234.2369,0,1,0,0,0.0585,0,-0.9983,-72.8103,0,0,0,1
119.1976,119.19,0.020526,0.01518,129.7326,-234.2622,0,-73.2115,3.443542,3.443542,16.89174,NaN,NaN,NaN,NaN,0,20.1,-1.295097,0,-20.05823,-0.9979,0,-0.0644,-234.2622,0,1,0,0,0.0644,0,-0.9979,-73.2115,0,0,0,1
119.2127,119.21,0.015111,0.015166,129.7476,-234.2899,0,-73.61255,3.437973,3.437973,16.93202,NaN,NaN,NaN,NaN,0,20.1,-1.413625,0,-20.05023,-0.9975,0,-0.0703,-234.2899,0,1,0,0,0.0703,0,-0.9975,-73.6126,0,0,0,1
119.2303,119.23,0.017566,0.015646,129.7653,-234.32,0,-74.01343,3.432643,3.432643,16.97963,NaN,NaN,NaN,NaN,0,20.1,-1.532438,0,-20.0415,-0.9971,0,-0.0762,-234.32,0,1,0,0,0.0762,0,-0.9971,-74.0134,0,0,0,1
119.244,119.24,0.013743,0.015266,129.779,-234.3359,0,-74.2138,3.430814,3.430814,17.03456,NaN,NaN,NaN,NaN,0,20.1,-1.592016,0,-20.03685,-0.9969,0,-0.0792,-234.3359,0,1,0,0,0.0792,0,-0.9969,-74.2138,0,0,0,1
119.259,119.25,0.015033,0.015219,129.7934,-234.3524,0,-74.41412,3.427644,3.427644,17.09682,NaN,NaN,NaN,NaN,0,20.1,-1.651798,0,-20.03201,-0.9966,0,-0.0822,-234.3524,0,1,0,0,0.0822,0,-0.9966,-74.4141,0,0,0,1
119.2722,119.27,0.013182,0.014811,129.8071,-234.3872,0,-74.81461,3.420805,3.420805,17.15541,NaN,NaN,NaN,NaN,0,20.1,-1.771727,0,-20.02177,-0.9961,0,-0.0881,-234.3872,0,1,0,0,0.0881,0,-0.9961,-74.8146,0,0,0,1
119.2865,119.28,0.014312,0.014712,129.8211,-234.4055,0,-75.01477,3.418231,3.418231,17.23231,NaN,NaN,NaN,NaN,0,20.1,-1.831936,0,-20.01635,-0.9958,0,-0.0911,-234.4055,0,1,0,0,0.0911,0,-0.9958,-75.0148,0,0,0,1
119.2993,119.29,0.012822,0.014334,129.8339,-234.4245,0,-75.21487,3.416251,3.416251,17.33851,NaN,NaN,NaN,NaN,0,20.1,-1.8925,0,-20.01071,-0.9956,0,-0.0942,-234.4245,0,1,0,0,0.0942,0,-0.9956,-75.2149,0,0,0,1
119.3205,119.32,0.021123,0.015691,129.8558,-234.4849,0,-75.81484,3.404867,3.404867,17.44839,NaN,NaN,NaN,NaN,0,20.1,-2.075235,0,-19.99258,-0.9947,0,-0.1032,-234.4849,0,1,0,0,0.1032,0,-0.9947,-75.8148,0,0,0,1
119.3418,119.34,0.021352,0.016824,129.8768,-234.5283,0,-76.21449,3.399374,3.399374,17.63882,NaN,NaN,NaN,NaN,0,20.1,-2.198292,0,-19.97943,-0.994,0,-0.1094,-234.5283,0,1,0,0,0.1094,0,-0.994,-76.2145,0,0,0,1
119.3552,119.35,0.01341,0.016141,129.8898,-234.5509,0,-76.41422,3.394824,3.394824,17.83657,NaN,NaN,NaN,NaN,0,20.1,-2.260479,0,-19.97249,-0.9937,0,-0.1125,-234.5509,0,1,0,0,0.1125,0,-0.9937,-76.4142,0,0,0,1
119.3695,119.36,0.014289,0.01577,129.9043,-234.5741,0,-76.61387,3.390874,3.390874,17.91348,NaN,NaN,NaN,NaN,0,20.1,-2.322912,0,-19.96533,-0.9933,0,-0.1156,-234.5741,0,1,0,0,0.1156,0,-0.9933,-76.6139,0,0,0,1
119.3833,119.38,0.01377,0.01537,129.9185,-234.6224,0,-77.01295,3.384762,3.384762,17.97207,NaN,NaN,NaN,NaN,0,20.1,-2.448116,0,-19.95036,-0.9926,0,-0.1218,-234.6224,0,1,0,0,0.1218,0,-0.9926,-77.013,0,0,0,1
119.3964,119.39,0.013089,0.014914,129.9309,-234.6475,0,-77.21237,3.381052,3.381052,18.01236,NaN,NaN,NaN,NaN,0,20.1,-2.510823,0,-19.94256,-0.9922,0,-0.1249,-234.6475,0,1,0,0,0.1249,0,-0.9922,-77.2124,0,0,0,1
119.4084,119.4,0.012031,0.014338,129.943,-234.6732,0,-77.41172,3.376452,3.376452,18.027,NaN,NaN,NaN,NaN,0,20.1,-2.573556,0,-19.93457,-0.9918,0,-0.128,-234.6732,0,1,0,0,0.128,0,-0.9918,-77.4117,0,0,0,1
119.4302,119.43,0.021755,0.015821,129.9654,-234.7542,0,-78.00926,3.366305,3.366305,18.027,NaN,NaN,NaN,NaN,0,20.1,-2.761599,0,-19.90939,-0.9905,0,-0.1374,-234.7542,0,1,0,0,0.1374,0,-0.9905,-78.0093,0,0,0,1
119.4431,119.44,0.01297,0.015251,129.9775,-234.7825,0,-78.20827,3.361678,3.361678,18.027,NaN,NaN,NaN,NaN,0,20.1,-2.824226,0,-19.9006,-0.9901,0,-0.1405,-234.7825,0,1,0,0,0.1405,0,-0.9901,-78.2083,0,0,0,1
119.4648,119.46,0.021686,0.016538,129.9996,-234.8408,0,-78.606,3.353049,3.353049,18.027,NaN,NaN,NaN,NaN,0,20.1,-2.949396,0,-19.88243,-0.9892,0,-0.1467,-234.8408,0,1,0,0,0.1467,0,-0.9892,-78.606,0,0,0,1
119.4804,119.48,0.015562,0.016343,130.0153,-234.9017,0,-79.00336,3.346536,3.346536,18.07461,NaN,NaN,NaN,NaN,0,20.1,-3.07478,0,-19.86343,-0.9882,0,-0.153,-234.9017,0,1,0,0,0.153,0,-0.9882,-79.0034,0,0,0,1
119.496,119.49,0.015631,0.0162,130.0309,-234.9331,0,-79.2019,3.341288,3.341288,18.14785,NaN,NaN,NaN,NaN,0,20.1,-3.13768,0,-19.85359,-0.9877,0,-0.1561,-234.9331,0,1,0,0,0.1561,0,-0.9877,-79.2019,0,0,0,1
119.5113,119.51,0.015249,0.01601,130.0464,-234.9977,0,-79.59867,3.332631,3.332631,18.24673,NaN,NaN,NaN,NaN,0,20.1,-3.264068,0,-19.8332,-0.9867,0,-0.1624,-234.9977,0,1,0,0,0.1624,0,-0.9867,-79.5987,0,0,0,1
119.5251,119.52,0.013794,0.015567,130.0595,-235.031,0,-79.7969,3.329223,3.329223,18.35295,NaN,NaN,NaN,NaN,0,20.1,-3.327581,0,-19.82265,-0.9862,0,-0.1656,-235.031,0,1,0,0,0.1656,0,-0.9862,-79.7969,0,0,0,1
119.5429,119.54,0.017859,0.016025,130.0786,-235.0995,0,-80.19302,3.320075,3.320075,18.51042,NaN,NaN,NaN,NaN,0,20.1,-3.455592,0,-19.80073,-0.9851,0,-0.1719,-235.0995,0,1,0,0,0.1719,0,-0.9851,-80.193,0,0,0,1
119.5572,119.55,0.014303,0.015681,130.0922,-235.1347,0,-80.39091,3.315468,3.315468,18.78141,NaN,NaN,NaN,NaN,0,20.1,-3.52048,0,-19.7893,-0.9845,0,-0.1751,-235.1347,0,1,0,0,0.1751,0,-0.9845,-80.3909,0,0,0,1
119.5751,119.57,0.017905,0.016126,130.1103,-235.2071,0,-80.78635,3.308208,3.308208,19.02311,NaN,NaN,NaN,NaN,0,20.1,-3.651808,0,-19.76548,-0.9834,0,-0.1817,-235.2071,0,1,0,0,0.1817,0,-0.9834,-80.7864,0,0,0,1
119.5906,119.59,0.015516,0.016004,130.1257,-235.2821,0,-81.18128,3.298481,3.298481,19.34906,NaN,NaN,NaN,NaN,0,20.1,-3.785222,0,-19.74037,-0.9821,0,-0.1883,-235.2821,0,1,0,0,0.1883,0,-0.9821,-81.1813,0,0,0,1
119.6053,119.6,0.014662,0.015735,130.1398,-235.3206,0,-81.37856,3.294084,3.294084,19.64202,NaN,NaN,NaN,NaN,0,20.1,-3.852873,0,-19.72728,-0.9815,0,-0.1917,-235.3206,0,1,0,0,0.1917,0,-0.9815,-81.3786,0,0,0,1
119.6197,119.61,0.014369,0.015462,130.1543,-235.3598,0,-81.57569,3.290356,3.290356,19.89837,NaN,NaN,NaN,NaN,0,20.1,-3.921361,0,-19.71378,-0.9808,0,-0.1951,-235.3598,0,1,0,0,0.1951,0,-0.9808,-81.5757,0,0,0,1
119.6327,119.63,0.013048,0.014979,130.1677,-235.4404,0,-81.96954,3.282048,3.282048,20.14007,NaN,NaN,NaN,NaN,0,20.1,-4.059855,0,-19.68572,-0.9794,0,-0.202,-235.4404,0,1,0,0,0.202,0,-0.9794,-81.9695,0,0,0,1
119.6529,119.65,0.020208,0.016025,130.1881,-235.5236,0,-82.36282,3.273251,3.273251,20.32685,NaN,NaN,NaN,NaN,0,20.1,-4.19943,0,-19.65642,-0.9779,0,-0.2089,-235.5236,0,1,0,0,0.2089,0,-0.9779,-82.3628,0,0,0,1
119.668,119.66,0.015122,0.015844,130.2028,-235.5663,0,-82.55923,3.269876,3.269876,20.53193,NaN,NaN,NaN,NaN,0,20.1,-4.269842,0,-19.64124,-0.9772,0,-0.2124,-235.5663,0,1,0,0,0.2124,0,-0.9772,-82.5592,0,0,0,1
119.6862,119.68,0.018115,0.016299,130.221,-235.6539,0,-82.95158,3.261513,3.261513,20.61616,NaN,NaN,NaN,NaN,0,20.1,-4.411076,0,-19.61001,-0.9756,0,-0.2195,-235.6539,0,1,0,0,0.2195,0,-0.9756,-82.9516,0,0,0,1
119.6999,119.69,0.013769,0.015793,130.2344,-235.6987,0,-83.14752,3.257174,3.257174,20.61982,NaN,NaN,NaN,NaN,0,20.1,-4.481621,0,-19.59401,-0.9748,0,-0.223,-235.6987,0,1,0,0,0.223,0,-0.9748,-83.1475,0,0,0,1
119.7121,119.71,0.012217,0.015078,130.2471,-235.7904,0,-83.53891,3.250571,3.250571,20.61982,NaN,NaN,NaN,NaN,0,20.1,-4.622535,0,-19.56124,-0.9732,0,-0.23,-235.7904,0,1,0,0,0.23,0,-0.9732,-83.5389,0,0,0,1
119.7247,119.72,0.012567,0.014575,130.2592,-235.8373,0,-83.73435,3.246785,3.246785,20.61982,NaN,NaN,NaN,NaN,0,20.1,-4.692903,0,-19.54449,-0.9724,0,-0.2335,-235.8373,0,1,0,0,0.2335,0,-0.9724,-83.7344,0,0,0,1
119.7391,119.73,0.014375,0.014535,130.2735,-235.885,0,-83.92963,3.242216,3.242216,20.61982,NaN,NaN,NaN,NaN,0,20.1,-4.763209,0,-19.52747,-0.9715,0,-0.237,-235.885,0,1,0,0,0.237,0,-0.9715,-83.9296,0,0,0,1
119.753,119.75,0.01393,0.014414,130.2878,-235.9824,0,-84.31965,3.235115,3.235115,20.61982,NaN,NaN,NaN,NaN,0,20.1,-4.903637,0,-19.49268,-0.9698,0,-0.244,-235.9824,0,1,0,0,0.244,0,-0.9698,-84.3197,0,0,0,1
119.7658,119.76,0.01279,0.014089,130.3004,-236.0321,0,-84.5144,3.23261,3.23261,20.62348,NaN,NaN,NaN,NaN,0,20.1,-4.973769,0,-19.4749,-0.9689,0,-0.2475,-236.0321,0,1,0,0,0.2475,0,-0.9689,-84.5144,0,0,0,1
119.7869,119.78,0.021137,0.015499,130.3218,-236.1337,0,-84.90335,3.224231,3.224231,20.63813,NaN,NaN,NaN,NaN,0,20.1,-5.113937,0,-19.43856,-0.9671,0,-0.2544,-236.1337,0,1,0,0,0.2544,0,-0.9671,-84.9034,0,0,0,1
119.8011,119.8,0.014149,0.015229,130.3362,-236.2381,0,-85.29156,3.217984,3.217984,20.67109,NaN,NaN,NaN,NaN,0,20.1,-5.254064,0,-19.40116,-0.9652,0,-0.2614,-236.2381,0,1,0,0,0.2614,0,-0.9652,-85.2916,0,0,0,1
119.8203,119.82,0.019214,0.016026,130.3553,-236.3452,0,-85.679,3.211242,3.211242,20.70771,NaN,NaN,NaN,NaN,0,20.1,-5.394164,0,-19.36267,-0.9633,0,-0.2684,-236.3452,0,1,0,0,0.2684,0,-0.9633,-85.679,0,0,0,1
119.8336,119.83,0.013261,0.015473,130.3683,-236.3999,0,-85.87243,3.207522,3.207522,20.7956,NaN,NaN,NaN,NaN,0,20.1,-5.464405,0,-19.34296,-0.9623,0,-0.2719,-236.3999,0,1,0,0,0.2719,0,-0.9623,-85.8724,0,0,0,1
119.8481,119.84,0.014521,0.015282,130.3829,-236.4552,0,-86.06566,3.204486,3.204486,20.91279,NaN,NaN,NaN,NaN,0,20.1,-5.534969,0,-19.32289,-0.9613,0,-0.2754,-236.4552,0,1,0,0,0.2754,0,-0.9613,-86.0657,0,0,0,1
119.8635,119.86,0.01545,0.015316,130.3986,-236.5681,0,-86.4515,3.199524,3.199524,21.10323,NaN,NaN,NaN,NaN,0,20.1,-5.677159,0,-19.2816,-0.9593,0,-0.2824,-236.5681,0,1,0,0,0.2824,0,-0.9593,-86.4515,0,0,0,1
119.8807,119.88,0.017116,0.015676,130.4158,-236.6837,0,-86.83649,3.192395,3.192395,21.31197,NaN,NaN,NaN,NaN,0,20.1,-5.820442,0,-19.23883,-0.9572,0,-0.2896,-236.6837,0,1,0,0,0.2896,0,-0.9572,-86.8365,0,0,0,1
119.8988,119.89,0.018118,0.016164,130.4334,-236.7427,0,-87.02866,3.189914,3.189914,21.51705,NaN,NaN,NaN,NaN,0,20.1,-5.892652,0,-19.21684,-0.9561,0,-0.2932,-236.7427,0,1,0,0,0.2932,0,-0.9561,-87.0287,0,0,0,1
119.9221,119.92,0.023276,0.017587,130.4584,-236.9238,0,-87.60381,3.181922,3.181922,21.74044,NaN,NaN,NaN,NaN,0,20.1,-6.111015,0,-19.14852,-0.9527,0,-0.304,-236.9238,0,1,0,0,0.304,0,-0.9527,-87.6038,0,0,0,1
119.9367,119.93,0.014605,0.01699,130.4713,-236.9857,0,-87.79506,3.179351,3.179351,21.92721,NaN,NaN,NaN,NaN,0,20.1,-6.184252,0,-19.12499,-0.9515,0,-0.3077,-236.9857,0,1,0,0,0.3077,0,-0.9515,-87.7951,0,0,0,1
119.9518,119.95,0.015104,0.016613,130.4866,-237.1116,0,-88.17684,3.176389,3.176389,21.96017,NaN,NaN,NaN,NaN,0,20.1,-6.330673,0,-19.07702,-0.9491,0,-0.315,-237.1116,0,1,0,0,0.315,0,-0.9491,-88.1768,0,0,0,1
119.9664,119.96,0.014653,0.016221,130.5009,-237.1756,0,-88.36737,3.17328,3.17328,21.96017,NaN,NaN,NaN,NaN,0,20.1,-6.403745,0,-19.05262,-0.9479,0,-0.3186,-237.1756,0,1,0,0,0.3186,0,-0.9479,-88.3674,0,0,0,1
119.9816,119.98,0.015236,0.016024,130.5166,-237.3059,0,-88.74768,3.168676,3.168676,21.96017,NaN,NaN,NaN,NaN,0,20.1,-6.549603,0,-19.00297,-0.9454,0,-0.3259,-237.3059,0,1,0,0,0.3259,0,-0.9454,-88.7477,0,0,0,1
