time,fixedTime,deltaTime,smoothDeltaTime,realtimeSinceStartup,pos_x,pos_y,pos_z,distFromRoadCenter,signedDistFromRoadCenter,wheelAngle,obstacle_pos_x,obstacle_pos_y,obstacle_pos_z,distance_to_obstacle,brake_position,car_speed,car_vel_x,car_vel_y,car_vel_z,simplecar_4x4_R0C0,simplecar_4x4_R0C1,simplecar_4x4_R0C2,simplecar_4x4_R0C3,simplecar_4x4_R1C0,simplecar_4x4_R1C1,simplecar_4x4_R1C2,simplecar_4x4_R1C3,simplecar_4x4_R2C0,simplecar_4x4_R2C1,simplecar_4x4_R2C2,simplecar_4x4_R2C3,simplecar_4x4_R3C0,simplecar_4x4_R3C1,simplecar_4x4_R3C2,simplecar_4x4_R3C3
783.5002,783.5,0.017918,0.015652,794.0412,357.2718,0,391.538,2.609584,2.609584,-0.210571,NaN,NaN,NaN,NaN,0,20.1,19.58877,0,-4.504456,-0.2241,0,0.9746,357.2718,0,1,0,0,-0.9746,0,-0.2241,391.538,0,0,0,1
783.5192,783.51,0.018972,0.016316,794.0535,357.4677,0,391.4929,2.613053,2.613053,-0.210571,NaN,NaN,NaN,NaN,0,20.1,19.58894,0,-4.503734,-0.2241,0,0.9746,357.4677,0,1,0,0,-0.9746,0,-0.2241,391.4929,0,0,0,1
783.5323,783.53,0.013134,0.01568,794.0672,357.8595,0,391.4029,2.619978,2.619978,-0.210571,NaN,NaN,NaN,NaN,0,20.1,19.58927,0,-4.502294,-0.224,0,0.9746,357.8595,0,1,0,0,-0.9746,0,-0.224,391.4029,0,0,0,1
783.5465,783.54,0.014174,0.015378,794.0815,358.0554,0,391.3578,2.623414,2.623414,-0.210571,NaN,NaN,NaN,NaN,0,20.1,19.58943,0,-4.501575,-0.224,0,0.9746,358.0554,0,1,0,0,-0.9746,0,-0.224,391.3578,0,0,0,1
783.5676,783.56,0.021092,0.016521,794.1028,358.4471,0,391.2678,2.630309,2.630309,-0.210571,NaN,NaN,NaN,NaN,0,20.1,19.58976,0,-4.500135,-0.2239,0,0.9746,358.4471,0,1,0,0,-0.9746,0,-0.2239,391.2678,0,0,0,1
783.5904,783.59,0.022804,0.017778,794.1259,359.0348,0,391.1329,2.640538,2.640538,-0.232544,NaN,NaN,NaN,NaN,0,20.1,19.59031,0,-4.497756,-0.2238,0,0.9746,359.0348,0,1,0,0,-0.9746,0,-0.2238,391.1329,0,0,0,1
783.6053,783.6,0.01494,0.01721,794.14,359.2307,0,391.0879,2.643908,2.643908,-0.353401,NaN,NaN,NaN,NaN,0,20.1,19.59059,0,-4.496543,-0.2237,0,0.9747,359.2307,0,1,0,0,-0.9747,0,-0.2237,391.0879,0,0,0,1
783.6213,783.62,0.015963,0.016961,794.1563,359.6226,0,390.998,2.650641,2.650641,-0.47425,NaN,NaN,NaN,NaN,0,20.1,19.59133,0,-4.493299,-0.2235,0,0.9747,359.6226,0,1,0,0,-0.9747,0,-0.2235,390.998,0,0,0,1
783.6348,783.63,0.01356,0.016281,794.1694,359.8185,0,390.9531,2.653981,2.653981,-0.657356,NaN,NaN,NaN,NaN,0,20.1,19.59185,0,-4.491049,-0.2234,0,0.9747,359.8185,0,1,0,0,-0.9747,0,-0.2234,390.9531,0,0,0,1
783.649,783.64,0.01417,0.015859,794.1837,360.0144,0,390.9082,2.657321,2.657321,-0.847793,NaN,NaN,NaN,NaN,0,20.1,19.59251,0,-4.488153,-0.2233,0,0.9748,360.0144,0,1,0,0,-0.9748,0,-0.2233,390.9082,0,0,0,1
783.6669,783.66,0.017833,0.016254,794.2018,360.4063,0,390.8186,2.663779,2.663779,-1.071181,NaN,NaN,NaN,NaN,0,20.1,19.59419,0,-4.48083,-0.2229,0,0.9748,360.4063,0,1,0,0,-0.9748,0,-0.2229,390.8186,0,0,0,1
783.6812,783.68,0.014328,0.015868,794.2164,360.7982,0,390.7291,2.670111,2.670111,-1.397116,NaN,NaN,NaN,NaN,0,20.1,19.59637,0,-4.471272,-0.2225,0,0.9749,360.7982,0,1,0,0,-0.9749,0,-0.2225,390.7291,0,0,0,1
783.7012,783.7,0.020039,0.016702,794.2361,361.1902,0,390.6399,2.676163,2.676163,-1.671782,NaN,NaN,NaN,NaN,0,20.1,19.59898,0,-4.459833,-0.2219,0,0.9751,361.1902,0,1,0,0,-0.9751,0,-0.2219,390.6399,0,0,0,1
783.7162,783.71,0.01499,0.01636,794.2552,361.3862,0,390.5954,2.679125,2.679125,-2.052641,NaN,NaN,NaN,NaN,0,20.1,19.60058,0,-4.452812,-0.2215,0,0.9752,361.3862,0,1,0,0,-0.9752,0,-0.2215,390.5954,0,0,0,1
783.7362,783.73,0.020011,0.01709,794.2717,361.7782,0,390.5066,2.684769,2.684769,-2.323644,NaN,NaN,NaN,NaN,0,20.1,19.60418,0,-4.436912,-0.2207,0,0.9753,361.7782,0,1,0,0,-0.9753,0,-0.2207,390.5066,0,0,0,1
783.7543,783.75,0.018032,0.017278,794.2894,362.1704,0,390.4181,2.690073,2.690073,-2.700849,NaN,NaN,NaN,NaN,0,20.1,19.60835,0,-4.418423,-0.2198,0,0.9755,362.1704,0,1,0,0,-0.9755,0,-0.2198,390.4181,0,0,0,1
783.7703,783.77,0.016024,0.017028,794.3055,362.5626,0,390.33,2.694909,2.694909,-2.975507,NaN,NaN,NaN,NaN,0,20.1,19.61293,0,-4.398054,-0.2188,0,0.9758,362.5626,0,1,0,0,-0.9758,0,-0.2188,390.33,0,0,0,1
783.7881,783.78,0.017847,0.017192,794.3228,362.7588,0,390.2862,2.697189,2.697189,-3.169606,NaN,NaN,NaN,NaN,0,20.1,19.61536,0,-4.387202,-0.2183,0,0.9759,362.7588,0,1,0,0,-0.9759,0,-0.2183,390.2862,0,0,0,1
783.8,783.8,0.011933,0.01614,794.335,363.1512,0,390.1988,2.701367,2.701367,-3.341725,NaN,NaN,NaN,NaN,0,20.1,19.62047,0,-4.364317,-0.2171,0,0.9761,363.1512,0,1,0,0,-0.9761,0,-0.2171,390.1988,0,0,0,1
783.8125,783.81,0.012479,0.015408,794.3473,363.3474,0,390.1552,2.70327,2.70327,-3.447926,NaN,NaN,NaN,NaN,0,20.1,19.62309,0,-4.352509,-0.2165,0,0.9763,363.3474,0,1,0,0,-0.9763,0,-0.2165,390.1552,0,0,0,1
783.8245,783.82,0.011941,0.014714,794.3592,363.5436,0,390.1118,2.705078,2.705078,-3.543148,NaN,NaN,NaN,NaN,0,20.1,19.62578,0,-4.340375,-0.2159,0,0.9764,363.5436,0,1,0,0,-0.9764,0,-0.2159,390.1118,0,0,0,1
783.8375,783.83,0.012973,0.014366,794.3722,363.7399,0,390.0686,2.70673,2.70673,-3.609066,NaN,NaN,NaN,NaN,0,20.1,19.62851,0,-4.328011,-0.2153,0,0.9765,363.7399,0,1,0,0,-0.9765,0,-0.2153,390.0686,0,0,0,1
783.8499,783.84,0.012497,0.013992,794.3845,363.9362,0,390.0254,2.708262,2.708262,-3.649349,NaN,NaN,NaN,NaN,0,20.1,19.63126,0,-4.31551,-0.2147,0,0.9767,363.9362,0,1,0,0,-0.9767,0,-0.2147,390.0254,0,0,0,1
783.8616,783.86,0.011678,0.01353,794.3965,364.329,0,389.9395,2.710944,2.710944,-3.66766,NaN,NaN,NaN,NaN,0,20.1,19.63677,0,-4.290375,-0.2135,0,0.977,364.329,0,1,0,0,-0.977,0,-0.2135,389.9395,0,0,0,1
783.8737,783.87,0.012023,0.013228,794.4081,364.5254,0,389.8967,2.712129,2.712129,-3.678646,NaN,NaN,NaN,NaN,0,20.1,19.63952,0,-4.277767,-0.2128,0,0.9771,364.5254,0,1,0,0,-0.9771,0,-0.2128,389.8967,0,0,0,1
783.8864,783.88,0.012698,0.013122,794.4208,364.7218,0,389.854,2.713158,2.713158,-3.678646,NaN,NaN,NaN,NaN,0,20.1,19.64226,0,-4.265154,-0.2122,0,0.9772,364.7218,0,1,0,0,-0.9772,0,-0.2122,389.854,0,0,0,1
783.8989,783.89,0.012606,0.013019,794.4333,364.9182,0,389.8115,2.714032,2.714032,-3.678646,NaN,NaN,NaN,NaN,0,20.1,19.645,0,-4.252543,-0.2116,0,0.9774,364.9182,0,1,0,0,-0.9774,0,-0.2116,389.8115,0,0,0,1
783.9113,783.91,0.012323,0.01288,794.446,365.3112,0,389.7269,2.715403,2.715403,-3.678646,NaN,NaN,NaN,NaN,0,20.1,19.65044,0,-4.227317,-0.2103,0,0.9776,365.3112,0,1,0,0,-0.9776,0,-0.2103,389.7269,0,0,0,1
783.9329,783.93,0.021638,0.014631,794.4678,365.7043,0,389.6427,2.716342,2.716342,-3.678646,NaN,NaN,NaN,NaN,0,20.1,19.65586,0,-4.202081,-0.2091,0,0.9779,365.7043,0,1,0,0,-0.9779,0,-0.2091,389.6427,0,0,0,1
783.9459,783.94,0.012943,0.014294,794.4803,365.9009,0,389.6008,2.716558,2.716558,-3.678646,NaN,NaN,NaN,NaN,0,20.1,19.65855,0,-4.189458,-0.2084,0,0.978,365.9009,0,1,0,0,-0.978,0,-0.2084,389.6008,0,0,0,1
783.9664,783.96,0.020612,0.015557,794.5013,366.2941,0,389.5174,2.716713,2.716713,-3.678646,NaN,NaN,NaN,NaN,0,20.1,19.66391,0,-4.164213,-0.2072,0,0.9783,366.2941,0,1,0,0,-0.9783,0,-0.2072,389.5174,0,0,0,1
783.9795,783.97,0.013031,0.015052,794.514,366.4908,0,389.4759,2.716558,2.716558,-3.678646,NaN,NaN,NaN,NaN,0,20.1,19.66658,0,-4.151586,-0.2065,0,0.9784,366.4908,0,1,0,0,-0.9784,0,-0.2065,389.4759,0,0,0,1
783.9918,783.99,0.01224,0.01449,794.5266,366.8842,0,389.3932,2.715869,2.715869,-3.678646,NaN,NaN,NaN,NaN,0,20.1,19.6719,0,-4.126326,-0.2053,0,0.9787,366.8842,0,1,0,0,-0.9787,0,-0.2053,389.3932,0,0,0,1
784.0036,784,0.011855,0.013963,794.5381,367.0809,0,389.3521,2.715307,2.715307,-3.678646,NaN,NaN,NaN,NaN,0,20.1,19.67454,0,-4.113696,-0.2047,0,0.9788,367.0809,0,1,0,0,-0.9788,0,-0.2047,389.3521,0,0,0,1
784.0162,784.01,0.012673,0.013705,794.5507,367.2777,0,389.3111,2.714684,2.714684,-3.678646,NaN,NaN,NaN,NaN,0,20.1,19.67718,0,-4.101061,-0.204,0,0.979,367.2777,0,1,0,0,-0.979,0,-0.204,389.3111,0,0,0,1
784.028,784.02,0.011698,0.013303,794.5624,367.4745,0,389.2702,2.713906,2.713906,-3.678646,NaN,NaN,NaN,NaN,0,20.1,19.67981,0,-4.088429,-0.2034,0,0.9791,367.4745,0,1,0,0,-0.9791,0,-0.2034,389.2702,0,0,0,1
784.0431,784.04,0.015133,0.013669,794.5779,367.8682,0,389.1888,2.711973,2.711973,-3.678646,NaN,NaN,NaN,NaN,0,20.1,19.68504,0,-4.063155,-0.2021,0,0.9794,367.8682,0,1,0,0,-0.9794,0,-0.2021,389.1888,0,0,0,1
784.0554,784.05,0.012293,0.013394,794.5898,368.0651,0,389.1483,2.710788,2.710788,-3.678646,NaN,NaN,NaN,NaN,0,20.1,19.68765,0,-4.050516,-0.2015,0,0.9795,368.0651,0,1,0,0,-0.9795,0,-0.2015,389.1483,0,0,0,1
784.0685,784.06,0.013111,0.013337,794.603,368.262,0,389.1079,2.709477,2.709477,-3.678646,NaN,NaN,NaN,NaN,0,20.1,19.69024,0,-4.037874,-0.2009,0,0.9796,368.262,0,1,0,0,-0.9796,0,-0.2009,389.1079,0,0,0,1
784.0889,784.08,0.020416,0.014753,794.6238,368.6559,0,389.0275,2.706485,2.706485,-3.678646,NaN,NaN,NaN,NaN,0,20.1,19.69541,0,-4.012585,-0.1996,0,0.9799,368.6559,0,1,0,0,-0.9799,0,-0.1996,389.0275,0,0,0,1
784.1011,784.1,0.01225,0.014252,794.6361,369.0498,0,388.9476,2.703019,2.703019,-3.678646,NaN,NaN,NaN,NaN,0,20.1,19.70055,0,-3.987292,-0.1984,0,0.9801,369.0498,0,1,0,0,-0.9801,0,-0.1984,388.9476,0,0,0,1
784.1129,784.11,0.011727,0.013747,794.6474,369.2469,0,388.9079,2.701056,2.701056,-3.678646,NaN,NaN,NaN,NaN,0,20.1,19.7031,0,-3.97464,-0.1977,0,0.9803,369.2469,0,1,0,0,-0.9803,0,-0.1977,388.9079,0,0,0,1
784.1246,784.12,0.011659,0.01333,794.6592,369.4439,0,388.8683,2.698997,2.698997,-3.678646,NaN,NaN,NaN,NaN,0,20.1,19.70565,0,-3.961991,-0.1971,0,0.9804,369.4439,0,1,0,0,-0.9804,0,-0.1971,388.8683,0,0,0,1
784.1363,784.13,0.011748,0.013013,794.6709,369.641,0,388.8288,2.696782,2.696782,-3.678646,NaN,NaN,NaN,NaN,0,20.1,19.70819,0,-3.94934,-0.1965,0,0.9805,369.641,0,1,0,0,-0.9805,0,-0.1965,388.8288,0,0,0,1
784.1484,784.14,0.012055,0.012822,794.6827,369.8381,0,388.7894,2.694442,2.694442,-3.678646,NaN,NaN,NaN,NaN,0,20.1,19.71072,0,-3.936684,-0.1959,0,0.9806,369.8381,0,1,0,0,-0.9806,0,-0.1959,388.7894,0,0,0,1
784.1614,784.16,0.013008,0.012859,794.6968,370.2324,0,388.7111,2.68942,2.68942,-3.678646,NaN,NaN,NaN,NaN,0,20.1,19.71576,0,-3.911369,-0.1946,0,0.9809,370.2324,0,1,0,0,-0.9809,0,-0.1946,388.7111,0,0,0,1
784.1754,784.17,0.014044,0.013096,794.7099,370.4296,0,388.6721,2.686709,2.686709,-3.678646,NaN,NaN,NaN,NaN,0,20.1,19.71827,0,-3.898708,-0.194,0,0.981,370.4296,0,1,0,0,-0.981,0,-0.194,388.6721,0,0,0,1
784.1908,784.19,0.015419,0.013561,794.7258,370.824,0,388.5945,2.680843,2.680843,-3.678646,NaN,NaN,NaN,NaN,0,20.1,19.72326,0,-3.873383,-0.1927,0,0.9813,370.824,0,1,0,0,-0.9813,0,-0.1927,388.5945,0,0,0,1
784.205,784.2,0.014109,0.01367,794.7395,371.0213,0,388.5559,2.677689,2.677689,-3.678646,NaN,NaN,NaN,NaN,0,20.1,19.72574,0,-3.860718,-0.1921,0,0.9814,371.0213,0,1,0,0,-0.9814,0,-0.1921,388.5559,0,0,0,1
784.2224,784.22,0.017429,0.014422,794.7571,371.4159,0,388.479,2.671141,2.671141,-3.678646,NaN,NaN,NaN,NaN,0,20.1,19.73068,0,-3.835388,-0.1908,0,0.9816,371.4159,0,1,0,0,-0.9816,0,-0.1908,388.479,0,0,0,1
784.2354,784.23,0.013067,0.014151,794.7698,371.6132,0,388.4408,2.667645,2.667645,-3.678646,NaN,NaN,NaN,NaN,0,20.1,19.73314,0,-3.822718,-0.1902,0,0.9817,371.6132,0,1,0,0,-0.9817,0,-0.1902,388.4408,0,0,0,1
784.2563,784.25,0.020927,0.015506,794.7911,372.0079,0,388.3647,2.660254,2.660254,-3.678646,NaN,NaN,NaN,NaN,0,20.1,19.73803,0,-3.797376,-0.1889,0,0.982,372.0079,0,1,0,0,-0.982,0,-0.1889,388.3647,0,0,0,1
784.2687,784.26,0.012377,0.01488,794.8033,372.2054,0,388.3269,2.656381,2.656381,-3.678646,NaN,NaN,NaN,NaN,0,20.1,19.74047,0,-3.784701,-0.1883,0,0.9821,372.2054,0,1,0,0,-0.9821,0,-0.1883,388.3269,0,0,0,1
784.2834,784.28,0.014699,0.014844,794.8188,372.6002,0,388.2516,2.648241,2.648241,-3.678646,NaN,NaN,NaN,NaN,0,20.1,19.74531,0,-3.759352,-0.187,0,0.9824,372.6002,0,1,0,0,-0.9824,0,-0.187,388.2516,0,0,0,1
784.2982,784.29,0.0148,0.014835,794.8328,372.7977,0,388.2141,2.643967,2.643967,-3.68597,NaN,NaN,NaN,NaN,0,20.1,19.74773,0,-3.746646,-0.1864,0,0.9825,372.7977,0,1,0,0,-0.9825,0,-0.1864,388.2141,0,0,0,1
784.3112,784.31,0.01294,0.014456,794.8468,373.1927,0,388.1396,2.635049,2.635049,-3.715267,NaN,NaN,NaN,NaN,0,20.1,19.75257,0,-3.721034,-0.1851,0,0.9827,373.1927,0,1,0,0,-0.9827,0,-0.1851,388.1396,0,0,0,1
784.324,784.32,0.012807,0.014126,794.8587,373.3903,0,388.1025,2.630398,2.630398,-3.751888,NaN,NaN,NaN,NaN,0,20.1,19.755,0,-3.7081,-0.1845,0,0.9828,373.3903,0,1,0,0,-0.9828,0,-0.1845,388.1025,0,0,0,1
784.3438,784.34,0.019787,0.015258,794.8787,373.7855,0,388.0287,2.620666,2.620666,-3.799496,NaN,NaN,NaN,NaN,0,20.1,19.7599,0,-3.681896,-0.1832,0,0.9831,373.7855,0,1,0,0,-0.9831,0,-0.1832,388.0287,0,0,0,1
784.356,784.35,0.012172,0.014641,794.8904,373.9831,0,387.992,2.615615,2.615615,-3.905697,NaN,NaN,NaN,NaN,0,20.1,19.76241,0,-3.668425,-0.1825,0,0.9832,373.9831,0,1,0,0,-0.9832,0,-0.1825,387.992,0,0,0,1
784.3687,784.36,0.012732,0.014259,794.9032,374.1808,0,387.9555,2.610408,2.610408,-3.975277,NaN,NaN,NaN,NaN,0,20.1,19.76495,0,-3.654712,-0.1818,0,0.9833,374.1808,0,1,0,0,-0.9833,0,-0.1818,387.9555,0,0,0,1
784.3881,784.38,0.019418,0.015291,794.9231,374.5761,0,387.8828,2.59955,2.59955,-4.081485,NaN,NaN,NaN,NaN,0,20.1,19.77013,0,-3.626544,-0.1804,0,0.9836,374.5761,0,1,0,0,-0.9836,0,-0.1804,387.8828,0,0,0,1
784.4003,784.4,0.012249,0.014683,794.9354,374.9716,0,387.8107,2.58813,2.58813,-4.231632,NaN,NaN,NaN,NaN,0,20.1,19.77547,0,-3.597335,-0.179,0,0.9839,374.9716,0,1,0,0,-0.9839,0,-0.179,387.8107,0,0,0,1
784.4126,784.41,0.012286,0.014203,794.9472,375.1694,0,387.7749,2.582204,2.582204,-4.319522,NaN,NaN,NaN,NaN,0,20.1,19.77818,0,-3.582426,-0.1782,0,0.984,375.1694,0,1,0,0,-0.984,0,-0.1782,387.7749,0,0,0,1
784.4247,784.42,0.012084,0.013779,794.9593,375.3672,0,387.7392,2.576117,2.576117,-4.418399,NaN,NaN,NaN,NaN,0,20.1,19.78094,0,-3.567175,-0.1775,0,0.9841,375.3672,0,1,0,0,-0.9841,0,-0.1775,387.7392,0,0,0,1
784.4376,784.43,0.012847,0.013593,794.972,375.565,0,387.7037,2.56988,2.56988,-4.509959,NaN,NaN,NaN,NaN,0,20.1,19.78374,0,-3.5516,-0.1767,0,0.9843,375.565,0,1,0,0,-0.9843,0,-0.1767,387.7037,0,0,0,1
784.45,784.45,0.012456,0.013366,794.9852,375.9608,0,387.6331,2.556874,2.556874,-4.590526,NaN,NaN,NaN,NaN,0,20.1,19.7894,0,-3.519893,-0.1751,0,0.9845,375.9608,0,1,0,0,-0.9845,0,-0.1751,387.6331,0,0,0,1
784.4625,784.46,0.012522,0.013197,794.9973,376.1588,0,387.5981,2.550105,2.550105,-4.678416,NaN,NaN,NaN,NaN,0,20.1,19.79227,0,-3.503733,-0.1743,0,0.9847,376.1588,0,1,0,0,-0.9847,0,-0.1743,387.5981,0,0,0,1
784.4745,784.47,0.011978,0.012953,795.0092,376.3567,0,387.5632,2.543246,2.543246,-4.744334,NaN,NaN,NaN,NaN,0,20.1,19.79517,0,-3.487344,-0.1735,0,0.9848,376.3567,0,1,0,0,-0.9848,0,-0.1735,387.5632,0,0,0,1
784.4877,784.48,0.01322,0.013007,795.0223,376.5547,0,387.5285,2.536189,2.536189,-4.799266,NaN,NaN,NaN,NaN,0,20.1,19.79808,0,-3.470761,-0.1727,0,0.985,376.5547,0,1,0,0,-0.985,0,-0.1727,387.5285,0,0,0,1
784.5012,784.5,0.013514,0.013108,795.036,376.9507,0,387.4596,2.52153,2.52153,-4.835887,NaN,NaN,NaN,NaN,0,20.1,19.80391,0,-3.437333,-0.171,0,0.9853,376.9507,0,1,0,0,-0.9853,0,-0.171,387.4596,0,0,0,1
784.5215,784.52,0.020243,0.014535,795.0563,377.3468,0,387.3914,2.506184,2.506184,-4.872508,NaN,NaN,NaN,NaN,0,20.1,19.80973,0,-3.403646,-0.1693,0,0.9856,377.3468,0,1,0,0,-0.9856,0,-0.1693,387.3914,0,0,0,1
784.5341,784.53,0.012574,0.014143,795.0685,377.545,0,387.3575,2.498289,2.498289,-4.879832,NaN,NaN,NaN,NaN,0,20.1,19.81262,0,-3.386772,-0.1685,0,0.9857,377.545,0,1,0,0,-0.9857,0,-0.1685,387.3575,0,0,0,1
784.5455,784.54,0.011428,0.0136,795.0799,377.7431,0,387.3238,2.490179,2.490179,-4.879832,NaN,NaN,NaN,NaN,0,20.1,19.81549,0,-3.369897,-0.1677,0,0.9858,377.7431,0,1,0,0,-0.9858,0,-0.1677,387.3238,0,0,0,1
784.5569,784.55,0.011384,0.013157,795.0914,377.9413,0,387.2903,2.481943,2.481943,-4.879832,NaN,NaN,NaN,NaN,0,20.1,19.81836,0,-3.353018,-0.1668,0,0.986,377.9413,0,1,0,0,-0.986,0,-0.1668,387.2903,0,0,0,1
784.5787,784.57,0.021823,0.01489,795.1136,378.3377,0,387.2237,2.464879,2.464879,-4.879832,NaN,NaN,NaN,NaN,0,20.1,19.82404,0,-3.319252,-0.1651,0,0.9863,378.3377,0,1,0,0,-0.9863,0,-0.1651,387.2237,0,0,0,1
784.5908,784.59,0.012065,0.014325,795.1255,378.7343,0,387.1578,2.447162,2.447162,-4.879832,NaN,NaN,NaN,NaN,0,20.1,19.82967,0,-3.285479,-0.1635,0,0.9866,378.7343,0,1,0,0,-0.9866,0,-0.1635,387.1578,0,0,0,1
784.6027,784.6,0.011987,0.013857,795.1373,378.9326,0,387.1251,2.438023,2.438023,-4.879832,NaN,NaN,NaN,NaN,0,20.1,19.83246,0,-3.268589,-0.1626,0,0.9867,378.9326,0,1,0,0,-0.9867,0,-0.1626,387.1251,0,0,0,1
784.6146,784.61,0.011827,0.013451,795.149,379.131,0,387.0926,2.428727,2.428727,-4.879832,NaN,NaN,NaN,NaN,0,20.1,19.83523,0,-3.251697,-0.1618,0,0.9868,379.131,0,1,0,0,-0.9868,0,-0.1618,387.0926,0,0,0,1
784.6263,784.62,0.011754,0.013112,795.1608,379.3294,0,387.0602,2.41927,2.41927,-4.879832,NaN,NaN,NaN,NaN,0,20.1,19.838,0,-3.234804,-0.1609,0,0.987,379.3294,0,1,0,0,-0.987,0,-0.1609,387.0602,0,0,0,1
784.6384,784.63,0.012135,0.012916,795.1729,379.5278,0,387.0281,2.409634,2.409634,-4.879832,NaN,NaN,NaN,NaN,0,20.1,19.84075,0,-3.217904,-0.1601,0,0.9871,379.5278,0,1,0,0,-0.9871,0,-0.1601,387.0281,0,0,0,1
784.6506,784.65,0.012162,0.012766,795.1855,379.9247,0,386.9642,2.389858,2.389858,-4.879832,NaN,NaN,NaN,NaN,0,20.1,19.8462,0,-3.184103,-0.1584,0,0.9874,379.9247,0,1,0,0,-0.9874,0,-0.1584,386.9642,0,0,0,1
784.6631,784.66,0.012519,0.012716,795.1977,380.1232,0,386.9326,2.379719,2.379719,-4.883494,NaN,NaN,NaN,NaN,0,20.1,19.8489,0,-3.167186,-0.1576,0,0.9875,380.1232,0,1,0,0,-0.9875,0,-0.1576,386.9326,0,0,0,1
784.6754,784.67,0.012214,0.012616,795.2099,380.3217,0,386.9011,2.369394,2.369394,-4.905467,NaN,NaN,NaN,NaN,0,20.1,19.85161,0,-3.150193,-0.1567,0,0.9876,380.3217,0,1,0,0,-0.9876,0,-0.1567,386.9011,0,0,0,1
784.6882,784.68,0.012789,0.01265,795.2226,380.5202,0,386.8697,2.358914,2.358914,-4.953082,NaN,NaN,NaN,NaN,0,20.1,19.85433,0,-3.133029,-0.1559,0,0.9878,380.5202,0,1,0,0,-0.9878,0,-0.1559,386.8697,0,0,0,1
784.7,784.7,0.011886,0.012498,795.235,380.9174,0,386.8076,2.337391,2.337391,-5.019,NaN,NaN,NaN,NaN,0,20.1,19.85978,0,-3.09824,-0.1541,0,0.988,380.9174,0,1,0,0,-0.988,0,-0.1541,386.8076,0,0,0,1
784.7127,784.71,0.012688,0.012536,795.2476,381.1161,0,386.7768,2.326377,2.326377,-5.10689,NaN,NaN,NaN,NaN,0,20.1,19.86254,0,-3.080535,-0.1533,0,0.9882,381.1161,0,1,0,0,-0.9882,0,-0.1533,386.7768,0,0,0,1
784.7321,784.73,0.019414,0.013911,795.2672,381.5134,0,386.7157,2.303759,2.303759,-5.22774,NaN,NaN,NaN,NaN,0,20.1,19.86812,0,-3.044285,-0.1515,0,0.9885,381.5134,0,1,0,0,-0.9885,0,-0.1515,386.7157,0,0,0,1
784.7448,784.74,0.012665,0.013662,795.2797,381.7121,0,386.6855,2.292189,2.292189,-5.454798,NaN,NaN,NaN,NaN,0,20.1,19.87101,0,-3.02537,-0.1505,0,0.9886,381.7121,0,1,0,0,-0.9886,0,-0.1505,386.6855,0,0,0,1
784.7565,784.75,0.011761,0.013282,795.2911,381.9108,0,386.6554,2.280398,2.280398,-5.619593,NaN,NaN,NaN,NaN,0,20.1,19.87397,0,-3.005877,-0.1495,0,0.9888,381.9108,0,1,0,0,-0.9888,0,-0.1495,386.6554,0,0,0,1
784.7692,784.76,0.012604,0.013146,795.3038,382.1096,0,386.6256,2.268415,2.268415,-5.799036,NaN,NaN,NaN,NaN,0,20.1,19.877,0,-2.98576,-0.1485,0,0.9889,382.1096,0,1,0,0,-0.9889,0,-0.1485,386.6256,0,0,0,1
784.782,784.78,0.012832,0.013083,795.3171,382.5071,0,386.5665,2.243833,2.243833,-6.004121,NaN,NaN,NaN,NaN,0,20.1,19.88322,0,-2.944096,-0.1465,0,0.9892,382.5071,0,1,0,0,-0.9892,0,-0.1465,386.5665,0,0,0,1
784.7946,784.79,0.012609,0.012988,795.3295,382.7061,0,386.5372,2.231234,2.231234,-6.223848,NaN,NaN,NaN,NaN,0,20.1,19.88641,0,-2.922498,-0.1454,0,0.9894,382.7061,0,1,0,0,-0.9894,0,-0.1454,386.5372,0,0,0,1
784.8082,784.8,0.013631,0.013117,795.3428,382.9049,0,386.5082,2.218377,2.218377,-6.494851,NaN,NaN,NaN,NaN,0,20.1,19.88971,0,-2.899953,-0.1443,0,0.9895,382.9049,0,1,0,0,-0.9895,0,-0.1443,386.5082,0,0,0,1
784.8201,784.82,0.011924,0.012878,795.3552,383.3029,0,386.4509,2.191988,2.191988,-6.73655,NaN,NaN,NaN,NaN,0,20.1,19.89647,0,-2.853174,-0.1419,0,0.9899,383.3029,0,1,0,0,-0.9899,0,-0.1419,386.4509,0,0,0,1
784.8322,784.83,0.012015,0.012706,795.3669,383.5018,0,386.4226,2.178419,2.178419,-7.029526,NaN,NaN,NaN,NaN,0,20.1,19.89996,0,-2.828762,-0.1407,0,0.99,383.5018,0,1,0,0,-0.99,0,-0.1407,386.4226,0,0,0,1
784.8444,784.84,0.012273,0.012619,795.3792,383.7009,0,386.3946,2.164629,2.164629,-7.252915,NaN,NaN,NaN,NaN,0,20.1,19.90352,0,-2.80357,-0.1395,0,0.9902,383.7009,0,1,0,0,-0.9902,0,-0.1395,386.3946,0,0,0,1
784.8655,784.86,0.021078,0.014311,795.401,384.099,0,386.3393,2.136216,2.136216,-7.531242,NaN,NaN,NaN,NaN,0,20.1,19.91082,0,-2.751234,-0.1369,0,0.9906,384.099,0,1,0,0,-0.9906,0,-0.1369,386.3393,0,0,0,1
784.8794,784.87,0.013848,0.014218,795.4142,384.2982,0,386.3121,2.121582,2.121582,-7.959716,NaN,NaN,NaN,NaN,0,20.1,19.91462,0,-2.723568,-0.1355,0,0.9908,384.2982,0,1,0,0,-0.9908,0,-0.1355,386.3121,0,0,0,1
784.8989,784.89,0.019528,0.01528,795.4339,384.6966,0,386.2585,2.091481,2.091481,-8.267341,NaN,NaN,NaN,NaN,0,20.1,19.9224,0,-2.666086,-0.1326,0,0.9912,384.6966,0,1,0,0,-0.9912,0,-0.1326,386.2585,0,0,0,1
784.9119,784.91,0.013058,0.014836,795.4471,385.0952,0,386.206,2.06016,2.06016,-8.714125,NaN,NaN,NaN,NaN,0,20.1,19.93042,0,-2.605476,-0.1296,0,0.9916,385.0952,0,1,0,0,-0.9916,0,-0.1296,386.206,0,0,0,1
784.9246,784.92,0.01267,0.014403,795.4595,385.2945,0,386.1803,2.044035,2.044035,-9.040052,NaN,NaN,NaN,NaN,0,20.1,19.93451,0,-2.574023,-0.1281,0,0.9918,385.2945,0,1,0,0,-0.9918,0,-0.1281,386.1803,0,0,0,1
784.9393,784.93,0.014721,0.014466,795.474,385.4939,0,386.1549,2.027564,2.027564,-9.31838,NaN,NaN,NaN,NaN,0,20.1,19.93866,0,-2.541596,-0.1264,0,0.992,385.4939,0,1,0,0,-0.992,0,-0.1264,386.1549,0,0,0,1
784.9517,784.95,0.012357,0.014044,795.4868,385.8928,0,386.105,1.993657,1.993657,-9.655302,NaN,NaN,NaN,NaN,0,20.1,19.94711,0,-2.474383,-0.1231,0,0.9924,385.8928,0,1,0,0,-0.9924,0,-0.1231,386.105,0,0,0,1
784.9644,784.96,0.0127,0.013776,795.499,386.0923,0,386.0807,1.977684,1.977684,-9.922636,NaN,NaN,NaN,NaN,0,20.1,19.95137,0,-2.439833,-0.1214,0,0.9926,386.0923,0,1,0,0,-0.9926,0,-0.1214,386.0807,0,0,0,1
784.9763,784.97,0.011863,0.013393,795.5108,386.2919,0,386.0566,1.96184,1.96184,-10.23026,NaN,NaN,NaN,NaN,0,20.1,19.9557,0,-2.404206,-0.1196,0,0.9928,386.2919,0,1,0,0,-0.9928,0,-0.1196,386.0566,0,0,0,1
784.9886,784.98,0.012377,0.01319,795.5234,386.4915,0,386.0329,1.945561,1.945561,-10.43534,NaN,NaN,NaN,NaN,0,20.1,19.96004,0,-2.367854,-0.1178,0,0.993,386.4915,0,1,0,0,-0.993,0,-0.1178,386.0329,0,0,0,1
784.9997,784.99,0.011057,0.012763,795.5341,386.6911,0,386.0096,1.928852,1.928852,-10.70268,NaN,NaN,NaN,NaN,0,20.1,19.96443,0,-2.330569,-0.1159,0,0.9933,386.6911,0,1,0,0,-0.9933,0,-0.1159,386.0096,0,0,0,1
785.0123,785.01,0.012563,0.012723,795.5477,387.0906,0,385.9642,1.897017,1.897017,-10.8748,NaN,NaN,NaN,NaN,0,20.1,19.97313,0,-2.254765,-0.1122,0,0.9937,387.0906,0,1,0,0,-0.9937,0,-0.1122,385.9642,0,0,0,1
785.0327,785.03,0.020441,0.014267,795.5677,387.4901,0,385.9202,1.868686,1.868686,-11.0689,NaN,NaN,NaN,NaN,0,20.1,19.9817,0,-2.177577,-0.1083,0,0.9941,387.4901,0,1,0,0,-0.9941,0,-0.1083,385.9202,0,0,0,1
785.0451,785.04,0.012395,0.013892,795.5798,387.69,0,385.8988,1.853902,1.853902,-11.32524,NaN,NaN,NaN,NaN,0,20.1,19.98596,0,-2.138077,-0.1064,0,0.9943,387.69,0,1,0,0,-0.9943,0,-0.1064,385.8988,0,0,0,1
785.0574,785.05,0.012344,0.013583,795.592,387.8899,0,385.8778,1.838691,1.838691,-11.46441,NaN,NaN,NaN,NaN,0,20.1,19.9902,0,-2.098084,-0.1044,0,0.9945,387.8899,0,1,0,0,-0.9945,0,-0.1044,385.8778,0,0,0,1
785.0696,785.06,0.012134,0.013293,795.6043,388.0898,0,385.8572,1.825165,1.825165,-11.61456,NaN,NaN,NaN,NaN,0,20.1,19.99441,0,-2.057556,-0.1024,0,0.9947,388.0898,0,1,0,0,-0.9947,0,-0.1024,385.8572,0,0,0,1
785.0826,785.08,0.013058,0.013246,795.6183,388.4899,0,385.8173,1.800395,1.800395,-11.77203,NaN,NaN,NaN,NaN,0,20.1,20.0027,0,-1.975379,-0.0983,0,0.9952,388.4899,0,1,0,0,-0.9952,0,-0.0983,385.8173,0,0,0,1
785.0956,785.09,0.012939,0.013185,795.6302,388.6899,0,385.798,1.787364,1.787364,-11.97711,NaN,NaN,NaN,NaN,0,20.1,20.00679,0,-1.933562,-0.0962,0,0.9954,388.6899,0,1,0,0,-0.9954,0,-0.0962,385.798,0,0,0,1
785.1075,785.1,0.011967,0.012941,795.6421,388.89,0,385.7791,1.773876,1.773876,-12.14923,NaN,NaN,NaN,NaN,0,20.1,20.01084,0,-1.891132,-0.0941,0,0.9956,388.89,0,1,0,0,-0.9956,0,-0.0941,385.7791,0,0,0,1
785.1188,785.11,0.011297,0.012612,795.6534,389.0901,0,385.7606,1.761444,1.761444,-12.31769,NaN,NaN,NaN,NaN,0,20.1,20.01486,0,-1.848105,-0.0919,0,0.9958,389.0901,0,1,0,0,-0.9958,0,-0.0919,385.7606,0,0,0,1
785.1304,785.13,0.011523,0.012394,795.6656,389.4906,0,385.7249,1.740046,1.740046,-12.50813,NaN,NaN,NaN,NaN,0,20.1,20.02274,0,-1.7607,-0.0876,0,0.9962,389.4906,0,1,0,0,-0.9962,0,-0.0876,385.7249,0,0,0,1
785.1425,785.14,0.012121,0.01234,795.6771,389.6909,0,385.7078,1.728601,1.728601,-12.69856,NaN,NaN,NaN,NaN,0,20.1,20.02659,0,-1.716319,-0.0854,0,0.9963,389.6909,0,1,0,0,-0.9963,0,-0.0854,385.7078,0,0,0,1
785.1547,785.15,0.012178,0.012307,795.6893,389.8912,0,385.691,1.71673,1.71673,-12.9073,NaN,NaN,NaN,NaN,0,20.1,20.03041,0,-1.671203,-0.0831,0,0.9965,389.8912,0,1,0,0,-0.9965,0,-0.0831,385.691,0,0,0,1
785.1664,785.16,0.011803,0.012206,795.7011,390.0915,0,385.6748,1.705343,1.705343,-13.14534,NaN,NaN,NaN,NaN,0,20.1,20.03419,0,-1.625243,-0.0809,0,0.9967,390.0915,0,1,0,0,-0.9967,0,-0.0809,385.6748,0,0,0,1
785.1779,785.17,0.011447,0.012054,795.7125,390.2919,0,385.659,1.69641,1.69641,-13.38339,NaN,NaN,NaN,NaN,0,20.1,20.03793,0,-1.57844,-0.0785,0,0.9969,390.2919,0,1,0,0,-0.9969,0,-0.0785,385.659,0,0,0,1
785.1896,785.18,0.011642,0.011972,795.7241,390.4923,0,385.6437,1.68699,1.68699,-13.58846,NaN,NaN,NaN,NaN,0,20.1,20.04161,0,-1.530913,-0.0762,0,0.9971,390.4923,0,1,0,0,-0.9971,0,-0.0762,385.6437,0,0,0,1
785.2021,785.2,0.012556,0.012089,795.7371,390.8932,0,385.6145,1.666631,1.666631,-13.83383,NaN,NaN,NaN,NaN,0,20.1,20.04877,0,-1.43412,-0.0713,0,0.9975,390.8932,0,1,0,0,-0.9975,0,-0.0713,385.6145,0,0,0,1
785.2213,785.22,0.019212,0.013513,795.7562,391.2943,0,385.5873,1.648541,1.648541,-14.12314,NaN,NaN,NaN,NaN,0,20.1,20.0556,0,-1.335264,-0.0664,0,0.9978,391.2943,0,1,0,0,-0.9978,0,-0.0664,385.5873,0,0,0,1
785.2339,785.23,0.01254,0.013319,795.7685,391.4949,0,385.5745,1.640432,1.640432,-14.51865,NaN,NaN,NaN,NaN,0,20.1,20.05892,0,-1.284438,-0.0639,0,0.998,391.4949,0,1,0,0,-0.998,0,-0.0639,385.5745,0,0,0,1
785.246,785.24,0.012125,0.01308,795.7806,391.6955,0,385.5621,1.631841,1.631841,-14.78233,NaN,NaN,NaN,NaN,0,20.1,20.06216,0,-1.232682,-0.0613,0,0.9981,391.6955,0,1,0,0,-0.9981,0,-0.0613,385.5621,0,0,0,1
785.2575,785.25,0.011551,0.012774,795.792,391.8962,0,385.5503,1.622704,1.622704,-15.04967,NaN,NaN,NaN,NaN,0,20.1,20.06533,0,-1.179982,-0.0587,0,0.9983,391.8962,0,1,0,0,-0.9983,0,-0.0587,385.5503,0,0,0,1
785.2685,785.26,0.010967,0.012413,795.8033,392.0969,0,385.539,1.613044,1.613044,-15.31335,NaN,NaN,NaN,NaN,0,20.1,20.06842,0,-1.12635,-0.056,0,0.9984,392.0969,0,1,0,0,-0.9984,0,-0.056,385.539,0,0,0,1
785.2808,785.28,0.012272,0.012385,795.8157,392.4983,0,385.5182,1.599494,1.599494,-15.58434,NaN,NaN,NaN,NaN,0,20.1,20.07425,0,-1.017162,-0.0506,0,0.9987,392.4983,0,1,0,0,-0.9987,0,-0.0506,385.5182,0,0,0,1
785.2999,785.29,0.019128,0.013733,795.835,392.6991,0,385.5085,1.591995,1.591995,-15.8407,NaN,NaN,NaN,NaN,0,20.1,20.07698,0,-0.961658,-0.0478,0,0.9989,392.6991,0,1,0,0,-0.9989,0,-0.0478,385.5085,0,0,0,1
785.3117,785.31,0.01181,0.013349,795.8472,393.1007,0,385.491,1.575206,1.575206,-16.2179,NaN,NaN,NaN,NaN,0,20.1,20.08211,0,-0.847985,-0.0422,0,0.9991,393.1007,0,1,0,0,-0.9991,0,-0.0422,385.491,0,0,0,1
785.3236,785.32,0.011867,0.013052,795.8582,393.3016,0,385.4831,1.569176,1.569176,-16.4596,NaN,NaN,NaN,NaN,0,20.1,20.08446,0,-0.790291,-0.0393,0,0.9992,393.3016,0,1,0,0,-0.9992,0,-0.0393,385.4831,0,0,0,1
785.3435,785.34,0.01992,0.014426,795.8784,393.7033,0,385.4691,1.556639,1.556639,-16.68666,NaN,NaN,NaN,NaN,0,20.1,20.08872,0,-0.673294,-0.0335,0,0.9994,393.7033,0,1,0,0,-0.9994,0,-0.0335,385.4691,0,0,0,1
785.356,785.35,0.012496,0.01404,795.8905,393.9042,0,385.4629,1.549433,1.549433,-17.02724,NaN,NaN,NaN,NaN,0,20.1,20.09063,0,-0.613588,-0.0305,0,0.9995,393.9042,0,1,0,0,-0.9995,0,-0.0305,385.4629,0,0,0,1
785.3679,785.36,0.011896,0.013611,795.9024,394.1052,0,385.4574,1.541625,1.541625,-17.19936,NaN,NaN,NaN,NaN,0,20.1,20.09239,0,-0.553278,-0.0275,0,0.9996,394.1052,0,1,0,0,-0.9996,0,-0.0275,385.4574,0,0,0,1
785.381,785.38,0.013168,0.013522,795.9161,394.507,0,385.4482,1.530785,1.530785,-17.34951,NaN,NaN,NaN,NaN,0,20.1,20.09537,0,-0.431584,-0.0215,0,0.9998,394.507,0,1,0,0,-0.9998,0,-0.0215,385.4482,0,0,0,1
785.4004,785.4,0.019321,0.014682,795.9353,394.909,0,385.4414,1.518557,1.518557,-17.49233,NaN,NaN,NaN,NaN,0,20.1,20.09763,0,-0.308875,-0.0154,0,0.9999,394.909,0,1,0,0,-0.9999,0,-0.0154,385.4414,0,0,0,1
785.4122,785.41,0.011797,0.014105,795.9467,395.11,0,385.4389,1.511494,1.511494,-17.66446,NaN,NaN,NaN,NaN,0,20.1,20.09848,0,-0.246912,-0.0123,0,0.9999,395.11,0,1,0,0,-0.9999,0,-0.0123,385.4389,0,0,0,1
785.4236,785.42,0.011452,0.013575,795.9583,395.311,0,385.4371,1.506113,1.506113,-17.73404,NaN,NaN,NaN,NaN,0,20.1,20.09915,0,-0.184702,-0.0092,0,1,395.311,0,1,0,0,-1,0,-0.0092,385.4371,0,0,0,1
785.4367,785.43,0.013065,0.013473,795.9715,395.512,0,385.4359,1.501688,1.501688,-17.8146,NaN,NaN,NaN,NaN,0,20.1,20.09963,0,-0.122209,-0.0061,0,1,395.512,0,1,0,0,-1,0,-0.0061,385.4359,0,0,0,1
785.4495,785.44,0.012761,0.01333,795.984,395.713,0,385.4353,1.4966,1.4966,-17.90615,NaN,NaN,NaN,NaN,0,20.1,20.09991,0,-0.059395,-0.003,0,1,395.713,0,1,0,0,-1,0,-0.003,385.4353,0,0,0,1
785.4615,785.46,0.012113,0.013087,795.9971,396.1149,0,385.436,1.484496,1.484496,-17.98672,NaN,NaN,NaN,NaN,0,20.1,20.09989,0,0.066806,0.0033,0,1,396.1149,0,1,0,0,-1,0,0.0033,385.436,0,0,0,1
785.4749,785.47,0.013261,0.013122,796.0093,396.3159,0,385.4373,1.479264,1.479264,-18.05631,NaN,NaN,NaN,NaN,0,20.1,20.09958,0,0.130149,0.0065,0,1,396.3159,0,1,0,0,-1,0,0.0065,385.4373,0,0,0,1
785.4859,785.48,0.011062,0.01271,796.0204,396.5169,0,385.4392,1.475545,1.475545,-18.12955,NaN,NaN,NaN,NaN,0,20.1,20.09907,0,0.193746,0.0096,0,1,396.5169,0,1,0,0,-1,0,0.0096,385.4392,0,0,0,1
785.4979,785.49,0.011969,0.012562,796.0323,396.7179,0,385.4418,1.471133,1.471133,-18.17716,NaN,NaN,NaN,NaN,0,20.1,20.09835,0,0.257508,0.0128,0,0.9999,396.7179,0,1,0,0,-0.9999,0,0.0128,385.4418,0,0,0,1
785.5099,785.5,0.012111,0.012472,796.0445,396.9189,0,385.445,1.466057,1.466057,-18.22843,NaN,NaN,NaN,NaN,0,20.1,20.09743,0,0.32145,0.016,0,0.9999,396.9189,0,1,0,0,-0.9999,0,0.016,385.445,0,0,0,1
785.5222,785.52,0.012274,0.012432,796.0572,397.3208,0,385.4533,1.455309,1.455309,-18.29801,NaN,NaN,NaN,NaN,0,20.1,20.09497,0,0.449808,0.0224,0,0.9997,397.3208,0,1,0,0,-0.9997,0,0.0224,385.4533,0,0,0,1
785.534,785.53,0.011734,0.012293,796.0685,397.5217,0,385.4585,1.452171,1.452171,-18.41153,NaN,NaN,NaN,NaN,0,20.1,20.09342,0,0.514378,0.0256,0,0.9997,397.5217,0,1,0,0,-0.9997,0,0.0256,385.4585,0,0,0,1
785.5458,785.54,0.011828,0.0122,796.0803,397.7227,0,385.4643,1.448341,1.448341,-18.50309,NaN,NaN,NaN,NaN,0,20.1,20.09165,0,0.579267,0.0288,0,0.9996,397.7227,0,1,0,0,-0.9996,0,0.0288,385.4643,0,0,0,1
785.5659,785.56,0.020109,0.013781,796.1011,398.1244,0,385.4778,1.438663,1.438663,-18.60929,NaN,NaN,NaN,NaN,0,20.1,20.08747,0,0.709766,0.0353,0,0.9994,398.1244,0,1,0,0,-0.9994,0,0.0353,385.4778,0,0,0,1
785.5789,785.57,0.012961,0.013617,796.1135,398.3253,0,385.4856,1.433764,1.433764,-18.81804,NaN,NaN,NaN,NaN,0,20.1,20.08503,0,0.775736,0.0386,0,0.9993,398.3253,0,1,0,0,-0.9993,0,0.0386,385.4856,0,0,0,1
785.5905,785.59,0.011613,0.013216,796.1257,398.7269,0,385.5031,1.427865,1.427865,-18.97184,NaN,NaN,NaN,NaN,0,20.1,20.07945,0,0.908732,0.0452,0,0.999,398.7269,0,1,0,0,-0.999,0,0.0452,385.5031,0,0,0,1
785.6028,785.6,0.012348,0.013043,796.1375,398.9277,0,385.5128,1.423861,1.423861,-19.10369,NaN,NaN,NaN,NaN,0,20.1,20.07631,0,0.975673,0.0485,0,0.9988,398.9277,0,1,0,0,-0.9988,0,0.0485,385.5128,0,0,0,1
785.6143,785.61,0.011412,0.012717,796.1489,399.1284,0,385.5233,1.419166,1.419166,-19.22454,NaN,NaN,NaN,NaN,0,20.1,20.07292,0,1.04303,0.0519,0,0.9987,399.1284,0,1,0,0,-0.9987,0,0.0519,385.5233,0,0,0,1
785.6256,785.62,0.01136,0.012445,796.16,399.3291,0,385.5344,1.4143,1.4143,-19.29778,NaN,NaN,NaN,NaN,0,20.1,20.06929,0,1.110633,0.0553,0,0.9985,399.3291,0,1,0,0,-0.9985,0,0.0553,385.5344,0,0,0,1
785.6384,785.63,0.012774,0.012511,796.1729,399.5297,0,385.5462,1.412139,1.412139,-19.35637,NaN,NaN,NaN,NaN,0,20.1,20.06543,0,1.178428,0.0586,0,0.9983,399.5297,0,1,0,0,-0.9983,0,0.0586,385.5462,0,0,0,1
785.6495,785.64,0.011121,0.012233,796.1839,399.7303,0,385.5586,1.409287,1.409287,-19.3637,NaN,NaN,NaN,NaN,0,20.1,20.06133,0,1.246233,0.062,0,0.9981,399.7303,0,1,0,0,-0.9981,0,0.062,385.5586,0,0,0,1
785.6605,785.66,0.010932,0.011973,796.1956,400.1314,0,385.5856,1.401441,1.401441,-19.3637,NaN,NaN,NaN,NaN,0,20.1,20.05245,0,1.381802,0.0687,0,0.9976,400.1314,0,1,0,0,-0.9976,0,0.0687,385.5856,0,0,0,1
785.6723,785.67,0.011879,0.011954,796.2067,400.3319,0,385.6001,1.396669,1.396669,-19.3637,NaN,NaN,NaN,NaN,0,20.1,20.04766,0,1.449566,0.0721,0,0.9974,400.3319,0,1,0,0,-0.9974,0,0.0721,385.6001,0,0,0,1
785.6841,785.68,0.011793,0.011922,796.2185,400.5323,0,385.6153,1.394864,1.394864,-19.3637,NaN,NaN,NaN,NaN,0,20.1,20.04265,0,1.517309,0.0755,0,0.9971,400.5323,0,1,0,0,-0.9971,0,0.0755,385.6153,0,0,0,1
785.6962,785.69,0.012144,0.011966,796.2308,400.7327,0,385.6311,1.392439,1.392439,-19.3637,NaN,NaN,NaN,NaN,0,20.1,20.03741,0,1.585038,0.0789,0,0.9969,400.7327,0,1,0,0,-0.9969,0,0.0789,385.6311,0,0,0,1
785.7078,785.7,0.011509,0.011875,796.2422,400.933,0,385.6476,1.389289,1.389289,-19.3637,NaN,NaN,NaN,NaN,0,20.1,20.03194,0,1.652747,0.0822,0,0.9966,400.933,0,1,0,0,-0.9966,0,0.0822,385.6476,0,0,0,1
785.7194,785.71,0.011628,0.011825,796.2539,401.1333,0,385.6649,1.385447,1.385447,-19.3637,NaN,NaN,NaN,NaN,0,20.1,20.02624,0,1.720438,0.0856,0,0.9963,401.1333,0,1,0,0,-0.9963,0,0.0856,385.6649,0,0,0,1
785.7315,785.73,0.012116,0.011883,796.2662,401.5336,0,385.7013,1.379243,1.379243,-19.3637,NaN,NaN,NaN,NaN,0,20.1,20.01415,0,1.855757,0.0923,0,0.9957,401.5336,0,1,0,0,-0.9957,0,0.0923,385.7013,0,0,0,1
785.7428,785.74,0.011303,0.011767,796.2772,401.7337,0,385.7205,1.377246,1.377246,-19.3637,NaN,NaN,NaN,NaN,0,20.1,20.00776,0,1.923387,0.0957,0,0.9954,401.7337,0,1,0,0,-0.9954,0,0.0957,385.7205,0,0,0,1
785.7542,785.75,0.011429,0.0117,796.2886,401.9337,0,385.7404,1.374552,1.374552,-19.3637,NaN,NaN,NaN,NaN,0,20.1,20.00115,0,1.990995,0.0991,0,0.9951,401.9337,0,1,0,0,-0.9951,0,0.0991,385.7404,0,0,0,1
785.7656,785.76,0.01134,0.011628,796.3,402.1337,0,385.761,1.371136,1.371136,-19.3637,NaN,NaN,NaN,NaN,0,20.1,19.99431,0,2.058579,0.1024,0,0.9947,402.1337,0,1,0,0,-0.9947,0,0.1024,385.761,0,0,0,1
785.7766,785.77,0.010964,0.011495,796.311,402.3335,0,385.7823,1.366993,1.366993,-19.3637,NaN,NaN,NaN,NaN,0,20.1,19.98723,0,2.12614,0.1058,0,0.9944,402.3335,0,1,0,0,-0.9944,0,0.1058,385.7823,0,0,0,1
785.7875,785.78,0.01099,0.011394,796.322,402.5333,0,385.8043,1.365358,1.365358,-19.3637,NaN,NaN,NaN,NaN,0,20.1,19.97993,0,2.193675,0.1091,0,0.994,402.5333,0,1,0,0,-0.994,0,0.1091,385.8043,0,0,0,1
785.7988,785.79,0.011283,0.011372,796.3333,402.7331,0,385.8268,1.363788,1.363788,-19.3637,NaN,NaN,NaN,NaN,0,20.1,19.97241,0,2.261187,0.1125,0,0.9937,402.7331,0,1,0,0,-0.9937,0,0.1125,385.8268,0,0,0,1
785.8099,785.8,0.011084,0.011314,796.3443,402.9327,0,385.8501,1.361491,1.361491,-19.3637,NaN,NaN,NaN,NaN,0,20.1,19.96465,0,2.328672,0.1159,0,0.9933,402.9327,0,1,0,0,-0.9933,0,0.1159,385.8501,0,0,0,1
785.8206,785.82,0.010653,0.011182,796.3553,403.3318,0,385.8987,1.354842,1.354842,-19.3637,NaN,NaN,NaN,NaN,0,20.1,19.94846,0,2.463564,0.1226,0,0.9925,403.3318,0,1,0,0,-0.9925,0,0.1226,385.8987,0,0,0,1
785.8331,785.83,0.012567,0.011459,796.3676,403.5312,0,385.924,1.353232,1.353232,-19.3637,NaN,NaN,NaN,NaN,0,20.1,19.94002,0,2.530967,0.1259,0,0.992,403.5312,0,1,0,0,-0.992,0,0.1259,385.924,0,0,0,1
785.8446,785.84,0.011462,0.011459,796.3792,403.7305,0,385.95,1.352123,1.352123,-19.3637,NaN,NaN,NaN,NaN,0,20.1,19.93135,0,2.598341,0.1293,0,0.9916,403.7305,0,1,0,0,-0.9916,0,0.1293,385.95,0,0,0,1
785.8561,785.85,0.011549,0.011477,796.3907,403.9297,0,385.9766,1.350252,1.350252,-19.3637,NaN,NaN,NaN,NaN,0,20.1,19.92245,0,2.665687,0.1326,0,0.9912,403.9297,0,1,0,0,-0.9912,0,0.1326,385.9766,0,0,0,1
785.8666,785.86,0.01047,0.011276,796.4011,404.1288,0,386.004,1.347657,1.347657,-19.3637,NaN,NaN,NaN,NaN,0,20.1,19.91333,0,2.733001,0.136,0,0.9907,404.1288,0,1,0,0,-0.9907,0,0.136,386.004,0,0,0,1
785.8786,785.87,0.011982,0.011417,796.4131,404.3278,0,386.032,1.344396,1.344396,-19.3637,NaN,NaN,NaN,NaN,0,20.1,19.90398,0,2.800284,0.1393,0,0.9902,404.3278,0,1,0,0,-0.9902,0,0.1393,386.032,0,0,0,1
785.8977,785.89,0.019146,0.012963,796.4326,404.7256,0,386.09,1.342032,1.342032,-19.3637,NaN,NaN,NaN,NaN,0,20.1,19.8846,0,2.934755,0.146,0,0.9893,404.7256,0,1,0,0,-0.9893,0,0.146,386.09,0,0,0,1
785.9097,785.9,0.01198,0.012766,796.4441,404.9244,0,386.1201,1.34059,1.34059,-19.3637,NaN,NaN,NaN,NaN,0,20.1,19.87457,0,3.001937,0.1494,0,0.9888,404.9244,0,1,0,0,-0.9888,0,0.1494,386.1201,0,0,0,1
785.9208,785.92,0.011142,0.012441,796.4557,405.3216,0,386.1821,1.335616,1.335616,-19.3637,NaN,NaN,NaN,NaN,0,20.1,19.85382,0,3.136203,0.156,0,0.9878,405.3216,0,1,0,0,-0.9878,0,0.156,386.1821,0,0,0,1
785.9324,785.93,0.011578,0.012269,796.4668,405.52,0,386.2142,1.334043,1.334043,-19.3637,NaN,NaN,NaN,NaN,0,20.1,19.84311,0,3.203285,0.1594,0,0.9872,405.52,0,1,0,0,-0.9872,0,0.1594,386.2142,0,0,0,1
785.9435,785.94,0.011077,0.01203,796.4778,405.7183,0,386.2469,1.333702,1.333702,-19.3637,NaN,NaN,NaN,NaN,0,20.1,19.83217,0,3.270326,0.1627,0,0.9867,405.7183,0,1,0,0,-0.9867,0,0.1627,386.2469,0,0,0,1
785.9544,785.95,0.010931,0.01181,796.489,405.9165,0,386.2803,1.332664,1.332664,-19.3637,NaN,NaN,NaN,NaN,0,20.1,19.82101,0,3.337331,0.166,0,0.9861,405.9165,0,1,0,0,-0.9861,0,0.166,386.2803,0,0,0,1
785.9657,785.96,0.011248,0.011698,796.5001,406.1146,0,386.3143,1.33095,1.33095,-19.3637,NaN,NaN,NaN,NaN,0,20.1,19.80961,0,3.404299,0.1694,0,0.9856,406.1146,0,1,0,0,-0.9856,0,0.1694,386.3143,0,0,0,1
785.9767,785.97,0.011082,0.011575,796.5113,406.3126,0,386.349,1.328543,1.328543,-19.3637,NaN,NaN,NaN,NaN,0,20.1,19.79799,0,3.471229,0.1727,0,0.985,406.3126,0,1,0,0,-0.985,0,0.1727,386.349,0,0,0,1
785.988,785.98,0.011303,0.01152,796.5226,406.5105,0,386.3844,1.327012,1.327012,-19.3637,NaN,NaN,NaN,NaN,0,20.1,19.78615,0,3.538115,0.176,0,0.9844,406.5105,0,1,0,0,-0.9844,0,0.176,386.3844,0,0,0,1
785.9991,785.99,0.011006,0.011418,796.5334,406.7082,0,386.4204,1.32714,1.32714,-19.3637,NaN,NaN,NaN,NaN,0,20.1,19.77408,0,3.604965,0.1794,0,0.9838,406.7082,0,1,0,0,-0.9838,0,0.1794,386.4204,0,0,0,1
786.0092,786,0.010128,0.01116,796.5436,406.9059,0,386.4572,1.32653,1.32653,-19.3637,NaN,NaN,NaN,NaN,0,20.1,19.76178,0,3.671775,0.1827,0,0.9832,406.9059,0,1,0,0,-0.9832,0,0.1827,386.4572,0,0,0,1
786.0216,786.02,0.012423,0.011412,796.5564,407.3007,0,386.5326,1.323241,1.323241,-19.3637,NaN,NaN,NaN,NaN,0,20.1,19.73652,0,3.805264,0.1893,0,0.9819,407.3007,0,1,0,0,-0.9819,0,0.1893,386.5326,0,0,0,1
786.0331,786.03,0.011535,0.011437,796.5677,407.4979,0,386.5713,1.321752,1.321752,-19.3637,NaN,NaN,NaN,NaN,0,20.1,19.72354,0,3.871943,0.1926,0,0.9813,407.4979,0,1,0,0,-0.9813,0,0.1926,386.5713,0,0,0,1
786.0447,786.04,0.011527,0.011455,796.5793,407.6951,0,386.6107,1.322282,1.322282,-19.3637,NaN,NaN,NaN,NaN,0,20.1,19.71034,0,3.938579,0.1959,0,0.9806,407.6951,0,1,0,0,-0.9806,0,0.1959,386.6107,0,0,0,1
786.056,786.05,0.011377,0.011439,796.5905,407.892,0,386.6508,1.322111,1.322111,-19.3637,NaN,NaN,NaN,NaN,0,20.1,19.69692,0,4.00517,0.1993,0,0.9799,407.892,0,1,0,0,-0.9799,0,0.1993,386.6508,0,0,0,1
786.0666,786.06,0.010559,0.011263,796.601,408.0888,0,386.6915,1.321232,1.321232,-19.3637,NaN,NaN,NaN,NaN,0,20.1,19.68327,0,4.071714,0.2026,0,0.9793,408.0888,0,1,0,0,-0.9793,0,0.2026,386.6915,0,0,0,1
786.0772,786.07,0.010614,0.011133,796.6118,408.2855,0,386.7328,1.319682,1.319682,-19.3637,NaN,NaN,NaN,NaN,0,20.1,19.6694,0,4.138213,0.2059,0,0.9786,408.2855,0,1,0,0,-0.9786,0,0.2059,386.7328,0,0,0,1
786.088,786.08,0.010785,0.011064,796.6224,408.4821,0,386.7749,1.318206,1.318206,-19.3637,NaN,NaN,NaN,NaN,0,20.1,19.6553,0,4.204665,0.2092,0,0.9779,408.4821,0,1,0,0,-0.9779,0,0.2092,386.7749,0,0,0,1
786.099,786.09,0.010995,0.01105,796.6335,408.6785,0,386.8176,1.319145,1.319145,-19.3637,NaN,NaN,NaN,NaN,0,20.1,19.64098,0,4.271069,0.2125,0,0.9772,408.6785,0,1,0,0,-0.9772,0,0.2125,386.8176,0,0,0,1
